0.000000000000000000e+00 0.000000000000000000e+00
-1.080688883021116311e+02 -1.079847752775853422e+02
-1.042623107205511417e+02 -1.043214034355430471e+02
-1.001573768321670599e+02 -9.992606541953470867e+01
-1.081785703076954519e+02 -1.081217710444062874e+02
-1.080473284483122853e+02 -1.080472625414182488e+02
-1.052550554429867873e+02 -1.052516344697262412e+02
-1.079720820682064044e+02 -1.079982734675253511e+02
-1.027805562002409090e+02 -1.027104368195013109e+02
-1.052346421803414671e+02 -1.052825189182153167e+02
-9.998575671641124529e+01 -9.994373909796070166e+01
-9.714264163818585018e+01 -9.711672313481233232e+01
-1.081000018039749335e+02 -1.080639840561226492e+02
-9.698740134983692940e+01 -9.693328331292990185e+01
-9.984657861530988043e+01 -9.977773752249096617e+01
-1.013723364717951654e+02 -1.014080876844357704e+02
-1.025797177386750718e+02 -1.025861997559022711e+02
-1.013257366216595443e+02 -1.013660669238076935e+02
-1.107530200425884175e+02 -1.107677266966713177e+02
-1.054462467138903605e+02 -1.053429695524208114e+02
-1.043051300398361576e+02 -1.043323811122969715e+02
-1.080960654055703287e+02 -1.080489796025692470e+02
-1.079669503456495789e+02 -1.079797564113051891e+02
-1.026308265306965950e+02 -1.026207724299678716e+02
-1.045503123317479464e+02 -1.045294190610751741e+02
-1.053264126384948298e+02 -1.053012077506872970e+02
-1.054254987640082817e+02 -1.053880071383921120e+02
-1.053645137714268003e+02 -1.053080650836010363e+02
-1.055198791809199292e+02 -1.054568234259327824e+02
-1.025442686793294769e+02 -1.025238572592652417e+02
-1.053933413527181386e+02 -1.053759606660796351e+02
-1.052767867255233227e+02 -1.052717722955429167e+02
-1.024743619480758383e+02 -1.024991513106954386e+02
-1.080499770747054527e+02 -1.080361145598453021e+02
-1.079739567485176224e+02 -1.079995921505125551e+02
-9.604787237573084724e+01 -9.594195261052928458e+01
-1.026059593037750091e+02 -1.026001868732901841e+02
-1.079162084222807465e+02 -1.079395068467656671e+02
-1.052934491629697078e+02 -1.053051255189492679e+02
-9.815630255256243686e+01 -9.814951709510248179e+01
-1.107136277883853381e+02 -1.107246930914045180e+02
-9.695463185577899878e+01 -9.694258635845112337e+01
-1.025616909863040007e+02 -1.025700357976177202e+02
-1.006022929537302986e+02 -1.005250718126992382e+02
-1.080016617168246142e+02 -1.080127747305074166e+02
-1.054518846273667663e+02 -1.054108361726807459e+02
-1.068426923080701982e+02 -1.069100227152559910e+02
-9.705979217428919981e+01 -9.705420588799655945e+01
-9.898526890110042586e+01 -9.902953294939382545e+01
-1.052410532745988121e+02 -1.052481336357147512e+02
-9.982489813268391288e+01 -9.982349035598446108e+01
-1.053428441915734055e+02 -1.053339615035544057e+02
-1.054164496975250813e+02 -1.053975693047553506e+02
-1.026619852940766577e+02 -1.026646857976422211e+02
-1.043984590824729253e+02 -1.043436361531898768e+02
-9.370217309966045605e+01 -9.368834449412614163e+01
-1.079770988567964451e+02 -1.079742185340603555e+02
-1.079946864367346677e+02 -1.079893689785916848e+02
-9.992009165919715485e+01 -9.993350488122756303e+01
-1.029202155019288369e+02 -1.029123340705318554e+02
-1.056374367891321100e+02 -1.055929585517820470e+02
-1.080734718384684925e+02 -1.080600880562546138e+02
-1.107527737183368970e+02 -1.107395100554446685e+02
-1.079813951996098069e+02 -1.079813393257255711e+02
-1.025604927519979981e+02 -1.025604523287397711e+02
-1.079505021131424627e+02 -1.079664258549674969e+02
-9.869845793698108594e+01 -9.874519129142828433e+01
-1.009428172085443123e+02 -1.010051981033703612e+02
-1.053402035496104219e+02 -1.053504514867974109e+02
-1.080569159055886104e+02 -1.080428012014407813e+02
-1.024825740482863523e+02 -1.024487448753614416e+02
-1.107683925366408317e+02 -1.107655368082419045e+02
-9.710941753209517913e+01 -9.709670265927955768e+01
-1.053989467335686072e+02 -1.054066782438817711e+02
-1.080970438541638714e+02 -1.080989935287881138e+02
-9.970663048460120592e+01 -9.970973817226260394e+01
-1.042298852998395802e+02 -1.042619240980639148e+02
-9.920719357078320400e+01 -9.918997256142220920e+01
-1.047092910164878390e+02 -1.045906941364728198e+02
-1.053578440699191390e+02 -1.053428556255201016e+02
-1.052878211636259635e+02 -1.052966599455214549e+02
-1.079993884942285547e+02 -1.080166982211459157e+02
-1.053339761262038792e+02 -1.053405893719978934e+02
-1.026342913989799968e+02 -1.026342634050068341e+02
-1.080030279915401366e+02 -1.080123787268938713e+02
-1.107617918841763185e+02 -1.107751167702362380e+02
-1.079885661597036517e+02 -1.079922750337784407e+02
-9.704281833946291158e+01 -9.704611131699881810e+01
-1.053174072489115360e+02 -1.053033569545775663e+02
-9.986133270993896360e+01 -9.987963413103477706e+01
-1.026136214102953517e+02 -1.026055024353293703e+02
-1.027218451646242130e+02 -1.027293681794812414e+02
-9.981423364993813152e+01 -9.980350123605093415e+01
-1.052699206510422982e+02 -1.052757893142828465e+02
-1.055830676850755907e+02 -1.055760480535572867e+02
-1.080578802627721586e+02 -1.080568059783236379e+02
-1.080150379187344925e+02 -1.080259567061575012e+02
-1.080570921688081825e+02 -1.080441183023943950e+02
-1.067511553226362082e+02 -1.068058610136521480e+02
-1.026400479161064681e+02 -1.026418419417515508e+02
-1.052921252491156991e+02 -1.053062589935801157e+02
-1.080498580707736522e+02 -1.080548624047463164e+02
-9.661503776146059863e+01 -9.659003906631231473e+01
-1.026976514570750396e+02 -1.026994582114159016e+02
-1.107695253774361817e+02 -1.107661848159773399e+02
-1.079848760095369897e+02 -1.079964474150389293e+02
-1.026287711214208116e+02 -1.026239749294294370e+02
-1.042549650878001160e+02 -1.042299008694042044e+02
-1.032299004680913583e+02 -1.031786168224031854e+02
-1.107685630465959576e+02 -1.107662043697309429e+02
-1.080547324684809212e+02 -1.080667517122087418e+02
-1.053879256680973526e+02 -1.053798924307667022e+02
-1.107126968850317610e+02 -1.107197923295416757e+02
-1.025622942540720430e+02 -1.025502475071776018e+02
-9.983719917228098950e+01 -9.982749856659333432e+01
-9.983971816169908209e+01 -9.982345363934946647e+01
-1.107094125668662343e+02 -1.107183323344585375e+02
-1.000682825281561179e+02 -1.000314476277781210e+02
-1.053259470048354700e+02 -1.053290756661612591e+02
-1.026480775184663514e+02 -1.025797564505907076e+02
-1.025401157260130276e+02 -1.025298541431254762e+02
-1.079852205381047554e+02 -1.079826659637502217e+02
-1.051966150088700260e+02 -1.051962684351841091e+02
-1.107752761677569140e+02 -1.107663890347375002e+02
-1.106441317750935553e+02 -1.106628000030334249e+02
-9.426035176401020976e+01 -9.427132796493762612e+01
-9.993521175078505792e+01 -9.994904373873906422e+01
-9.451102435692109793e+01 -9.447857104723559019e+01
-1.025479073340957399e+02 -1.025167743692807676e+02
-1.024860600910469088e+02 -1.024883634834816633e+02
-1.024766731562051518e+02 -1.024760101351989903e+02
-1.019301403569748885e+02 -1.019214762741203089e+02
-1.107693609794527987e+02 -1.107764141963183135e+02
-1.068038838024847479e+02 -1.068338377733978746e+02
-1.052777191041405871e+02 -1.052778321082413839e+02
-1.053419564534461017e+02 -1.053359085498123591e+02
-1.068063540055501903e+02 -1.068621156134007464e+02
-1.081260718742420295e+02 -1.081238965116700541e+02
-9.703558676736803079e+01 -9.702231351000506265e+01
-9.906852576761284013e+01 -9.905725141104041143e+01
-9.982981192082566224e+01 -9.983358307115690877e+01
-1.027093095127686837e+02 -1.027073537633015832e+02
-1.052307786714051616e+02 -1.052460896995026474e+02
-9.983965200751160296e+01 -9.984175876314934328e+01
-1.041842794834012409e+02 -1.042048759656672132e+02
-1.052048802308096498e+02 -1.052181353825369854e+02
-1.080623217815945623e+02 -1.080571281640243484e+02
-9.992799304035300167e+01 -9.993327170449209973e+01
-1.079896930704304481e+02 -1.079965313439267902e+02
-1.079909035075842922e+02 -1.079963585512569892e+02
-1.080766426114783627e+02 -1.080750162048799012e+02
-1.053198743370967634e+02 -1.053123701844645694e+02
-1.026211172138712442e+02 -1.026195314005698833e+02
-1.080932175052358275e+02 -1.080875417371218532e+02
-9.867493034197005386e+01 -9.871805033543186880e+01
-1.107184322451733323e+02 -1.107264157987277144e+02
-9.882150340558591495e+01 -9.876649920451282583e+01
-1.025802760081215155e+02 -1.025820425589618594e+02
-1.051820624648868971e+02 -1.051820310594000745e+02
-1.079936787810640624e+02 -1.079948162627139538e+02
-1.014779266601823480e+02 -1.014566128296949046e+02
-1.025370071842312711e+02 -1.025335481239522721e+02
-1.018264347975184876e+02 -1.018318720037167822e+02
-1.052828585754203488e+02 -1.052768260730636314e+02
-1.035879053651887887e+02 -1.035558708205035998e+02
-9.646519665821801937e+01 -9.646510087465750871e+01
-9.927587592798735727e+01 -9.926372921803950078e+01
-9.357866923394223591e+01 -9.356242620380153596e+01
-1.008947427597735782e+02 -1.008333894101258466e+02
-1.107185216950992270e+02 -1.107269151716173639e+02
-1.026385157789015210e+02 -1.026433786101503216e+02
-1.044475788224335702e+02 -1.044398226199933930e+02
-1.080933411979821130e+02 -1.080700240703513089e+02
-1.052027065996147002e+02 -1.052001389632262942e+02
-1.080702743056949942e+02 -1.080632704244805637e+02
-1.081114892334656048e+02 -1.081075900371218665e+02
-1.002075360958284023e+02 -1.002031786113633558e+02
-1.079065167470937610e+02 -1.079180527940851420e+02
-1.026031719119637557e+02 -1.025977091127214322e+02
-1.080567519768425768e+02 -1.080533388816490401e+02
-1.080203094426461234e+02 -1.080273634166636469e+02
-1.080279717073467225e+02 -1.080256633272670115e+02
-1.053265195759005195e+02 -1.053152286289182911e+02
-1.052815446012600802e+02 -1.052853923773703855e+02
-9.982963103149243977e+01 -9.980764242120704921e+01
-1.017933104840549134e+02 -1.018162461720120859e+02
-1.080957379660919457e+02 -1.081005389868487754e+02
-9.964884401702438765e+01 -9.964445934210505129e+01
-9.899986940259748280e+01 -9.903474885645546522e+01
-1.025994811415271215e+02 -1.025953007536452191e+02
-1.081117718047146923e+02 -1.080993667273169763e+02
-1.079913355157244581e+02 -1.079960975687317699e+02
-1.026349513619116607e+02 -1.026160524431782903e+02
-1.107148993839677189e+02 -1.107205559231990577e+02
-9.445610000454934152e+01 -9.444264444667427938e+01
-1.025750644762000974e+02 -1.025767649939731996e+02
-1.079954261731434713e+02 -1.079881953281217193e+02
-1.026352778153059404e+02 -1.026336914483828053e+02
-9.981651896814101121e+01 -9.982757334363338941e+01
-9.889973935158414520e+01 -9.890213308252029378e+01
-1.027047919210431530e+02 -1.026936830378959939e+02
-1.036329397866591364e+02 -1.036188145280697341e+02
-1.080135674770885288e+02 -1.080224833780923461e+02
-1.107451249679905345e+02 -1.107519747681046027e+02
-1.054228815637537622e+02 -1.053819622836749375e+02
-1.054107909673441981e+02 -1.054061978558919179e+02
-1.079987546153378304e+02 -1.080011236079699586e+02
-9.996838371946536483e+01 -9.996706354563644936e+01
-1.053839147911452585e+02 -1.053847521000342340e+02
-1.051966028610985688e+02 -1.051999762899255870e+02
-1.052560101939324113e+02 -1.052573411734187232e+02
-1.053370453623035132e+02 -1.053367189850021504e+02
-1.081113197494407814e+02 -1.081087562536962281e+02
-1.080320770976280613e+02 -1.080149699739901337e+02
-1.107710332149306964e+02 -1.107767660650699639e+02
-1.053002546930754164e+02 -1.053049387626093250e+02
-1.053371064063191085e+02 -1.053358327005725670e+02
-1.053820827411637850e+02 -1.053844924725330543e+02
-9.987478620414336206e+01 -9.996341289763037707e+01
-9.609648829216524746e+01 -9.612671170151183730e+01
-9.998036334358978650e+01 -9.998491464843728238e+01
-1.054044503904968337e+02 -1.054025629427550967e+02
-9.984329814324975416e+01 -9.984273485654804858e+01
-1.026438898200472920e+02 -1.026444217190826578e+02
-1.079645583127726951e+02 -1.079642263016809380e+02
-1.081100937868779965e+02 -1.081081680466700590e+02
-1.080781120954137577e+02 -1.080789545378207777e+02
-1.080419745684632318e+02 -1.080451444256022313e+02
-9.992743818897241681e+01 -9.992571323358023960e+01
-1.053185384743845816e+02 -1.053168480454247486e+02
-1.080158068524375494e+02 -1.080215569401822080e+02
-9.977418656439556344e+01 -9.977611050180293262e+01
-1.041213842709236985e+02 -1.041296784807980060e+02
-1.026166076376678120e+02 -1.026164266509376972e+02
-9.993736136740518816e+01 -9.994242919163998806e+01
-1.053024808858672401e+02 -1.053085715105472104e+02
-9.727035255216028986e+01 -9.728395632527325176e+01
-1.024994925513739190e+02 -1.025017664710541396e+02
-1.053375461136567992e+02 -1.053266904162691020e+02
-9.425683449574887618e+01 -9.424475827239568559e+01
-1.079923571542573910e+02 -1.079975400255741391e+02
-1.080569698521194368e+02 -1.080517138886066419e+02
-1.080421707480455211e+02 -1.080450809791712032e+02
-1.053435532537274639e+02 -1.053264231658227175e+02
-1.042621779399956807e+02 -1.042846398765489369e+02
-1.081047930769565824e+02 -1.081048363729306772e+02
-1.053228168671077185e+02 -1.053142148467163821e+02
-1.025375617702832329e+02 -1.025359563208905627e+02
-9.597868477845948121e+01 -9.599166602166853579e+01
-1.026169896957452323e+02 -1.026135232735232847e+02
-1.053397985922670159e+02 -1.053360938969161111e+02
-1.053109879206006241e+02 -1.052903269197418439e+02
-9.987133997367517679e+01 -9.987388533788197265e+01
-1.080531442263641253e+02 -1.080550551034180700e+02
-1.053381267686546749e+02 -1.053228416794178344e+02
-9.992333113304641756e+01 -9.992285289698484974e+01
-1.054226934111560610e+02 -1.054238090609835723e+02
-9.743840452612572278e+01 -9.743067333157260634e+01
-1.044542449358582843e+02 -1.044848134246655604e+02
-1.080514452085920283e+02 -1.080495542269573122e+02
-1.053847554439699792e+02 -1.053847608620190783e+02
-1.052820662641513394e+02 -1.052861846402514487e+02
-9.975110163428715282e+01 -9.974595158236097348e+01
-1.054164161579873280e+02 -1.054130623492271752e+02
-9.890590895823109463e+01 -9.893328169417578977e+01
-1.053208050602044068e+02 -1.053195315554002889e+02
-1.026545743339689096e+02 -1.026523392479748509e+02
-1.080711890489110658e+02 -1.080755649903390889e+02
-1.018366360265495132e+02 -1.018286804879887200e+02
-1.068050802778601422e+02 -1.068294227604234266e+02
-1.025484845863615107e+02 -1.025467592703341069e+02
-1.026755805543892137e+02 -1.026731804462569073e+02
-1.052497548051332643e+02 -1.052505402642015042e+02
-1.079854214486950639e+02 -1.079847990608245283e+02
-1.026211825548067509e+02 -1.026060162175844965e+02
-1.052068231231109650e+02 -1.052117223257082514e+02
-1.081096921108044455e+02 -1.081076105814068029e+02
-9.604668604030214851e+01 -9.602237705870372508e+01
-9.979163478921022090e+01 -9.979898418712934927e+01
-1.035874741723816186e+02 -1.035632611724690264e+02
-1.052055064759556586e+02 -1.052103060808523338e+02
-1.053038741062772488e+02 -1.053028743053379372e+02
-1.080739713031055800e+02 -1.080688828153932235e+02
-1.013932117261490191e+02 -1.014073927366681005e+02
-1.053024056141650675e+02 -1.053059733114197769e+02
-1.053197214600572664e+02 -1.053163849077875227e+02
-1.053138050711142029e+02 -1.053216180509716509e+02
-1.080526374790697162e+02 -1.080455416294698949e+02
-1.052495426287308504e+02 -1.052458052603432179e+02
-1.053969031492187156e+02 -1.053961122952755005e+02
-1.079921712364294137e+02 -1.079969806376414567e+02
-1.080584971322090126e+02 -1.080676526552003622e+02
-1.025096485434188480e+02 -1.025126756538873707e+02
-1.053316327409786339e+02 -1.053265075188787421e+02
-1.041542692022300116e+02 -1.042101066298186112e+02
-1.013933735748296527e+02 -1.014175785946188739e+02
-1.107140485426691896e+02 -1.107207406164849317e+02
-1.080571543049378391e+02 -1.080592940181419550e+02
-9.982023266657088811e+01 -9.982065329650104957e+01
-1.052964242958826304e+02 -1.052895600990703429e+02
-1.080567574106481317e+02 -1.080535721846922002e+02
-1.053292515336983968e+02 -1.053159995310137163e+02
-1.012440460602212937e+02 -1.012652097385770418e+02
-1.107742371551296827e+02 -1.107688520615399312e+02
-1.014721707461366407e+02 -1.014885167052999435e+02
-1.054318655674890550e+02 -1.054330560221989543e+02
-1.026469604307494023e+02 -1.026467754118397835e+02
-1.018484192623976412e+02 -1.018482024124929524e+02
-1.025715360666262086e+02 -1.025606362088440449e+02
-1.080787646082270754e+02 -1.080801015414236304e+02
-1.080300606636146767e+02 -1.080309220968727431e+02
-1.025647192861964641e+02 -1.025639763865884788e+02
-1.054111306884579591e+02 -1.054115171112199079e+02
-1.053198673929594662e+02 -1.053164313461127364e+02
-1.080567780875830266e+02 -1.080568372520579459e+02
-1.016729744346317119e+02 -1.017016741874973320e+02
-9.720372514935667141e+01 -9.721634173208968832e+01
-1.027257998493336402e+02 -1.026670572954369476e+02
-1.080547067609050771e+02 -1.080434770736568026e+02
-9.702803601635768871e+01 -9.702594761863662143e+01
-9.920749020091706427e+01 -9.920983866244192484e+01
-9.984459886480176749e+01 -9.984021823572373933e+01
-1.008313367297159289e+02 -1.007744223167814539e+02
-1.025037379029345033e+02 -1.025004108188755225e+02
-1.080167261343059977e+02 -1.080167069570578349e+02
-1.024888646334168669e+02 -1.024901482783948552e+02
-1.017619519162921904e+02 -1.017762988466060676e+02
-1.054265005427726152e+02 -1.054295173720034882e+02
-9.733964258454800245e+01 -9.732945373142074175e+01
-1.043089604152540062e+02 -1.043338864167140372e+02
-1.053474437057174242e+02 -1.053514549631635333e+02
-9.863761802441720761e+01 -9.866584217334353468e+01
-9.975328569881359897e+01 -9.975994625831465612e+01
-9.974848986662040318e+01 -9.975581364036266052e+01
-1.081282346391928684e+02 -1.081223296576701642e+02
-1.068255192440033596e+02 -1.068241185504072064e+02
-1.053600607460566607e+02 -1.053596565136737837e+02
-9.974868550252841715e+01 -9.974453915478049737e+01
-1.052568527786697814e+02 -1.052578138485832113e+02
-1.079717316184301836e+02 -1.079770684639394318e+02
-1.069301754832611948e+02 -1.069607132462746364e+02
-1.052474765729695463e+02 -1.052466629624694150e+02
-1.025740395968690279e+02 -1.025724111276695112e+02
-1.023286016614409561e+02 -1.022919691402548210e+02
-9.665938109515467147e+01 -9.660952296570711439e+01
-1.026679550359030912e+02 -1.026397387172491449e+02
-9.991586046187627801e+01 -9.992323954474105108e+01
-1.107572511225387899e+02 -1.107449351228656838e+02
-1.053520286764586444e+02 -1.053552104118973887e+02
-1.016915587538009760e+02 -1.017076840549975003e+02
-1.026380696257232756e+02 -1.026396726152603520e+02
-1.041210584111830570e+02 -1.041588900182310908e+02
-9.729614040791359741e+01 -9.729752679072305455e+01
-1.079866951462075235e+02 -1.079890349886924525e+02
-1.052778476933304717e+02 -1.052785143692531165e+02
-9.984430659975910771e+01 -9.984303900639298490e+01
-1.059462513504759187e+02 -1.059347580010018532e+02
-1.107708397722238942e+02 -1.107761185759526228e+02
-1.026455820103828671e+02 -1.026487376683187165e+02
-1.107708720222339309e+02 -1.107768391454718682e+02
-9.988183190573511183e+01 -9.989030063393109060e+01
-1.042046076254597153e+02 -1.042100014861418202e+02
-1.080727236788596173e+02 -1.080756826604860379e+02
-9.712180077934399947e+01 -9.712647314537466059e+01
-1.040459304916038263e+02 -1.040521007404239811e+02
-1.000434786345224865e+02 -1.000242062940000949e+02
-1.025076546197649066e+02 -1.024805408564256055e+02
-1.053398104725057038e+02 -1.053366056337097234e+02
-9.685570484371878308e+01 -9.684545174518984822e+01
-1.052750593008562845e+02 -1.052764835607008536e+02
-1.079842860128871820e+02 -1.079828708951796159e+02
-1.054028438042892333e+02 -1.054037446895611509e+02
-1.052773387822501689e+02 -1.052790894480436776e+02
-1.054033522508354395e+02 -1.054019707724489905e+02
-1.107481124590668458e+02 -1.107494682447094192e+02
-1.053391976394740794e+02 -1.053334612151846983e+02
-1.107157814020750664e+02 -1.107115332337499041e+02
-1.053578933369697523e+02 -1.053571041429398463e+02
-9.977146313309557968e+01 -9.976753335906469999e+01
-9.934280102257638134e+01 -9.931030342729600591e+01
-9.455651767130733276e+01 -9.453000061373573715e+01
-1.026102714565354148e+02 -1.026106335491181056e+02
-1.053378500607157093e+02 -1.053346318688976169e+02
-1.079972319289690006e+02 -1.079917385300658594e+02
-9.993010962794976138e+01 -9.992680998328205533e+01
-1.026532931595427129e+02 -1.026509348259875338e+02
-9.989585396212621049e+01 -9.989234777607494209e+01
-9.459842416594399594e+01 -9.454790606128972286e+01
-1.045345593548106393e+02 -1.045365170896187408e+02
-1.052096371420507950e+02 -1.052162321324868373e+02
-1.025742298068222311e+02 -1.025719312980928919e+02
-1.079724370146442709e+02 -1.079772533031104587e+02
-1.053006961693459402e+02 -1.053022692305814587e+02
-1.019040741367879264e+02 -1.018809333579508234e+02
-1.052928659766585611e+02 -1.052879014224814682e+02
-1.026676706673693218e+02 -1.026698452580778849e+02
-1.079936986659895553e+02 -1.079948463360645263e+02
-1.079935576698829749e+02 -1.079958124603161167e+02
-1.080353877740379147e+02 -1.080353999572011929e+02
-9.718232074535733034e+01 -9.720025263971642460e+01
