0.000000000000000000e+00 0.000000000000000000e+00
-1.079373446488714592e+02 -1.079277583658931263e+02
-1.080114178341340789e+02 -1.079070161642718944e+02
-9.707801680205810158e+01 -9.697059992413092289e+01
-1.079341339076745925e+02 -1.079147498239749581e+02
-9.894702310174494642e+01 -9.914405355617877547e+01
-1.055440250826759723e+02 -1.054137933076919467e+02
-1.080470596675957324e+02 -1.080027470725716086e+02
-9.768081780928999081e+01 -9.741816312411157242e+01
-1.052275933290399337e+02 -1.053170405292775484e+02
-1.025664578821671142e+02 -1.025612909218354929e+02
-9.717424185150954941e+01 -9.716670238752348610e+01
-1.041018399574220297e+02 -1.040410111529305652e+02
-1.106390265150544820e+02 -1.107108468260482397e+02
-1.053419857722049073e+02 -1.053385740561084134e+02
-1.026722226915505729e+02 -1.026641001536037550e+02
-1.080346988075511376e+02 -1.080201251453690077e+02
-1.024636978576136528e+02 -1.025229544812751357e+02
-1.068375447194778758e+02 -1.067731883021341730e+02
-1.052987801784027937e+02 -1.053317159669442589e+02
-1.080147672591045307e+02 -1.080518801780665683e+02
-1.053534534893113914e+02 -1.053412537225646872e+02
-9.975029158330417545e+01 -9.981153466805754704e+01
-1.080782022208772872e+02 -1.080885425670521869e+02
-1.080497307593653176e+02 -1.080415322606268802e+02
-9.979507921310280949e+01 -9.982549241908982651e+01
-1.027221781438614983e+02 -1.026930920047539075e+02
-1.052776259390227551e+02 -1.052654242065648020e+02
-1.053132991587257408e+02 -1.053289072432208116e+02
-1.106417680012397682e+02 -1.106631152441033805e+02
-9.380161096107364926e+01 -9.361108085843905258e+01
-1.052965971347094580e+02 -1.053108093660376596e+02
-1.006099223675690695e+02 -1.005724493723626125e+02
-1.025435192856096620e+02 -1.024873203532908263e+02
-1.079703386830109082e+02 -1.079700588211263579e+02
-1.106920468530850457e+02 -1.107103967984163404e+02
-1.079875554792281491e+02 -1.079840859066579242e+02
-9.999265765520495108e+01 -9.991862056093368949e+01
-1.054553218098182725e+02 -1.054508797832936011e+02
-1.080227680791780500e+02 -1.080150603553363595e+02
-9.989330529341624754e+01 -9.995673628175299541e+01
-1.081322204986391426e+02 -1.081052633706003547e+02
-1.080786742946785921e+02 -1.080887029785632478e+02
-1.014011971783937156e+02 -1.014542380987617776e+02
-1.080044242918767736e+02 -1.080121751324700625e+02
-1.080927085353881267e+02 -1.080541363753768991e+02
-1.026314934590726438e+02 -1.025981140227575708e+02
-1.025986724839700344e+02 -1.026126412443394003e+02
-1.025662447949456038e+02 -1.025868261871195983e+02
-1.080220084266258738e+02 -1.080213256048328248e+02
-1.107030346594341239e+02 -1.107099233091420984e+02
-1.053796992871477585e+02 -1.053715035642740077e+02
-1.024920479353564389e+02 -1.024589951584960374e+02
-1.025629052125201497e+02 -1.026113614786081030e+02
-1.027036560303011470e+02 -1.027147080052539110e+02
-1.025276870074122400e+02 -1.025152489514201477e+02
-1.019600783970586662e+02 -1.019113176993096488e+02
-1.080722506757204542e+02 -1.080782712132240277e+02
-1.067042091181225345e+02 -1.067906313837034844e+02
-8.900419236225339148e+01 -8.897023693345029471e+01
-1.041667119980894682e+02 -1.043326116332027738e+02
-1.053169337989174892e+02 -1.052852139194404373e+02
-1.067947656086043366e+02 -1.067955330845112201e+02
-1.052666057570516216e+02 -1.052677392570295893e+02
-1.080949785156728922e+02 -1.081014669386737239e+02
-1.107136498373262725e+02 -1.107162795313248438e+02
-1.026280487800810306e+02 -1.026302374307791183e+02
-1.053755092375365621e+02 -1.053782411024657080e+02
-9.709930190886940693e+01 -9.708501973179073730e+01
-1.053256997376635979e+02 -1.053339075847605670e+02
-1.041486622254382013e+02 -1.041255994980663786e+02
-1.052334642394165201e+02 -1.052078587300111820e+02
-9.991435852994582945e+01 -9.989835872153823004e+01
-9.718670058963212455e+01 -9.714698868976867629e+01
-1.053508127088053925e+02 -1.053423172868939304e+02
-1.027019887904263271e+02 -1.026970718253320740e+02
-1.054245931352857752e+02 -1.054288861198868403e+02
-9.971721536316363199e+01 -9.973641902857761465e+01
-1.025775122771496655e+02 -1.025689920723355613e+02
-9.917633291817203656e+01 -9.913079871150215183e+01
-1.019812325037751606e+02 -1.019176441534986566e+02
-9.508109670663817781e+01 -9.521494073745928688e+01
-1.053298924148037372e+02 -1.053339440700718512e+02
-1.079707833269999497e+02 -1.079722592003332267e+02
-1.053336314965178673e+02 -1.053325766124395102e+02
-1.107599766260609329e+02 -1.107708144922019784e+02
-9.865067900488089947e+01 -9.868820823015659016e+01
-1.025999041546510426e+02 -1.026056276907378049e+02
-1.089480022702083915e+02 -1.089026646135394856e+02
-1.027212054171913707e+02 -1.026913871330068702e+02
-9.972890040520317712e+01 -9.973358753000445631e+01
-1.080270446389882295e+02 -1.080302165933771619e+02
-1.031964867681294606e+02 -1.031737247517763478e+02
-1.053394007798340084e+02 -1.053151948912378373e+02
-1.079933055807508140e+02 -1.079977087821478250e+02
-9.908247766169861848e+01 -9.914105302614632365e+01
-1.026700195827426683e+02 -1.026665304722724414e+02
-1.080256405919949287e+02 -1.080227227639635856e+02
-1.080184439707296491e+02 -1.080350282630825092e+02
-1.080560428925111296e+02 -1.080513362056928486e+02
-1.053290474888313639e+02 -1.053420428462900560e+02
-1.107278726453289295e+02 -1.107213814628141648e+02
-9.983449204809051025e+01 -9.984757647830939220e+01
-1.080751436273888686e+02 -1.080707297811178762e+02
-9.982467163009110322e+01 -9.977402233894825656e+01
-1.054018483881601185e+02 -1.053967946172144821e+02
-1.024786613802758382e+02 -1.024789310820847135e+02
-1.026108668225657823e+02 -1.026190148454123658e+02
-1.014207789947529790e+02 -1.014378745489972999e+02
-1.080760235394714925e+02 -1.080795326574325230e+02
-1.053322709121007676e+02 -1.053275921621518592e+02
-1.081007131601082847e+02 -1.081077098716656906e+02
-1.079187872755237549e+02 -1.079215356235974923e+02
-1.068302334648579546e+02 -1.068350003056460764e+02
-1.068161725266486286e+02 -1.068028495839871113e+02
-1.079989877483544092e+02 -1.080057172053667500e+02
-1.053300732913842666e+02 -1.053277337576252108e+02
-1.006288163817318235e+02 -1.006192569685460825e+02
-1.053769613355396757e+02 -1.053762838936607409e+02
-1.043227543089387552e+02 -1.042900896654946052e+02
-1.079687992456897234e+02 -1.079704978531516133e+02
-1.025599943611670284e+02 -1.025624699603828418e+02
-1.080528039128050040e+02 -1.080577449910853005e+02
-1.080251051013973154e+02 -1.080224449747867794e+02
-9.711393573628835441e+01 -9.710700667574866429e+01
-1.026051718922054192e+02 -1.026096595570360535e+02
-1.053352671955579893e+02 -1.053428517589367317e+02
-1.080645521377762606e+02 -1.080413148984198131e+02
-9.351092814341606640e+01 -9.349743952781697942e+01
-1.053601299732034278e+02 -1.053629777326909220e+02
-1.080561875358917234e+02 -1.080565569014705005e+02
-1.080525103499439581e+02 -1.080533442889969393e+02
-1.041579475003063209e+02 -1.041902720309625039e+02
-1.054284047528933570e+02 -1.054235661323655222e+02
-1.080541113848451289e+02 -1.080510404564250138e+02
-1.026759867485777988e+02 -1.026667896670096525e+02
-1.054126060870097206e+02 -1.054124480553722094e+02
-9.990743786359178102e+01 -9.993193622665604892e+01
-1.025176422656175390e+02 -1.025193145358678208e+02
-1.107101546234689948e+02 -1.107156763989006834e+02
-1.052382228952416483e+02 -1.052412046913346302e+02
-1.054124573827725868e+02 -1.054098527910417715e+02
-1.079954885822443487e+02 -1.079968813284660598e+02
-1.078845174301894616e+02 -1.078818493973130899e+02
-1.080780182596517420e+02 -1.080783495990052359e+02
-1.107669191046294372e+02 -1.107761607452661536e+02
-1.064521589867890157e+02 -1.063750885613202115e+02
-1.025603976354706361e+02 -1.025616636553393306e+02
-1.081211433247228939e+02 -1.081195541415739143e+02
-1.031501585244048869e+02 -1.031678684084507580e+02
-1.080535000084487081e+02 -1.080557682566660134e+02
-1.054068089803422481e+02 -1.054029880173417268e+02
-1.052003172642967996e+02 -1.051961552677233414e+02
-1.054376423414528006e+02 -1.054309103761936512e+02
-1.081923719874556014e+02 -1.081633119333145601e+02
-1.000222279043100002e+02 -1.000839233819266667e+02
-1.080785655840572161e+02 -1.080748520091918436e+02
-1.080271203963010294e+02 -1.080297911099165873e+02
-1.000115729719200601e+02 -9.997785424675964805e+01
-1.080536106388565543e+02 -1.080539953062430101e+02
-9.993337956533666500e+01 -9.993740795484833939e+01
-1.027143184260337563e+02 -1.027035891111920591e+02
-1.053051570652086468e+02 -1.053070070341218525e+02
-1.024407769618303092e+02 -1.024441802482671449e+02
-1.107149872844182283e+02 -1.107269640381395561e+02
-9.597878456076858811e+01 -9.594520680062925067e+01
-1.080017930530427464e+02 -1.080058312017055613e+02
-9.998688730136758807e+01 -9.999016189476913041e+01
-1.042803681841616879e+02 -1.042602986741470232e+02
-9.983707620657384041e+01 -9.983904253535679629e+01
-1.107157798880963924e+02 -1.107268489333245896e+02
-1.053525119540758510e+02 -1.053442808570425200e+02
-9.992789594605355319e+01 -9.991016813756768045e+01
-1.081203663829005279e+02 -1.081194915866170589e+02
-1.079733289335119935e+02 -1.079757961898165917e+02
-1.080034621442499230e+02 -1.080080612611670148e+02
-1.080513052433500576e+02 -1.080505227809631634e+02
-1.053076992670741134e+02 -1.053059937626198632e+02
-1.079366683576443222e+02 -1.079157499299000449e+02
-1.052525073979310690e+02 -1.052499715936177438e+02
-1.053396882907068743e+02 -1.053436792538121693e+02
-9.719509559156001899e+01 -9.719498335881877438e+01
-9.972336213362818569e+01 -9.962899068028498561e+01
-1.052778751316429293e+02 -1.052751117241476635e+02
-9.719166710594672054e+01 -9.717051904088393144e+01
-9.904477228522263488e+01 -9.906033594165685940e+01
-1.107078306620735333e+02 -1.106852783747389850e+02
-1.014366670511137016e+02 -1.014094487180732500e+02
-1.040976758553345149e+02 -1.041531640573029733e+02
-1.045043673505469854e+02 -1.044031161994088137e+02
-1.053014862363565953e+02 -1.053006982339384763e+02
-1.024396550116673552e+02 -1.024407638032485011e+02
-1.041513773307339648e+02 -1.041713842895458839e+02
-1.052942594322546910e+02 -1.052896060475171538e+02
-1.107693841510919128e+02 -1.107765655915850544e+02
-1.025845752458347562e+02 -1.025910064394000898e+02
-9.991033524269350607e+01 -9.991685179741892853e+01
-1.107254993405579455e+02 -1.107172791264023033e+02
-1.080208199452550275e+02 -1.080244988986804628e+02
-1.041009892382578386e+02 -1.041189611818546581e+02
-1.052862437714656494e+02 -1.052799314574949676e+02
-1.040997165595156275e+02 -1.040884309759858013e+02
-1.026440756365275320e+02 -1.026444566567543148e+02
-1.052679623502850745e+02 -1.052630200325298233e+02
-1.026597638799518251e+02 -1.026650318046634993e+02
-1.052794999844155086e+02 -1.052776478593083738e+02
-1.052704968601317290e+02 -1.052580753737987322e+02
-1.053431799933703417e+02 -1.053395552430646660e+02
-9.984979654784875436e+01 -9.985142332166121548e+01
-1.025353438002694872e+02 -1.025213022127178419e+02
-1.053655676751137662e+02 -1.053604678118532121e+02
-9.987346612114470190e+01 -9.987654342499133975e+01
-1.080862672534952509e+02 -1.080883092866187098e+02
-1.080864049827013531e+02 -1.080883009085169277e+02
-1.052279606849129578e+02 -1.052259079361057701e+02
-1.081235259846281309e+02 -1.081238411878736656e+02
-1.080634104139824530e+02 -1.080419469984545486e+02
-1.080525056741314387e+02 -1.080546825910502520e+02
-1.025841205537338681e+02 -1.025836874231181213e+02
-1.053855835874647937e+02 -1.053870933042062745e+02
-1.053577442705101106e+02 -1.053596174529563427e+02
-1.041637670560725297e+02 -1.041729282182361800e+02
-9.935508186571918543e+01 -9.932971653561601499e+01
-1.026614463448518251e+02 -1.026539247477657710e+02
-9.979715989040812474e+01 -9.980902853473455139e+01
-9.440480896890474583e+01 -9.444792196269419549e+01
-1.107466067057473396e+02 -1.107524158082424179e+02
-1.052510267071374699e+02 -1.052485631819967011e+02
-1.079928771000232501e+02 -1.079956745189253695e+02
-1.006947094519357933e+02 -1.006885835454272069e+02
-1.081255016935123052e+02 -1.081255311357235058e+02
-1.025339872389714913e+02 -1.025318995932599080e+02
-1.052881942239818613e+02 -1.052854941604415302e+02
-1.026481631533746821e+02 -1.026458483913401949e+02
-1.080216415574268609e+02 -1.080238956664975802e+02
-1.080826467063124596e+02 -1.080680007361995507e+02
-1.031668877444334669e+02 -1.031209356777703050e+02
-1.015360622031033415e+02 -1.015572103917553193e+02
-1.054133095178837038e+02 -1.054017472914643747e+02
-1.053108211816849149e+02 -1.053098927484585090e+02
-1.026808064192100858e+02 -1.026808142282711600e+02
-1.079789067719075604e+02 -1.079779636277518051e+02
-9.730022154252138478e+01 -9.729437717108288552e+01
-1.080001542058049608e+02 -1.080012637361335237e+02
-1.053564471344588185e+02 -1.053571670308898973e+02
-1.080825660369414152e+02 -1.080806247156058362e+02
-1.053366040891263964e+02 -1.053357804400749984e+02
-9.998988394574332972e+01 -9.999164846857316036e+01
-1.080479823013422020e+02 -1.080486630090753977e+02
-9.707407554448563758e+01 -9.705245147071410372e+01
-1.053600430990708929e+02 -1.053599711047178999e+02
-1.025068215066212929e+02 -1.025024699257785414e+02
-1.026417949053803937e+02 -1.026426384217822232e+02
-1.053690549143320538e+02 -1.053712991064121809e+02
-9.814003793181254309e+01 -9.812932495912197339e+01
-1.006204761259867837e+02 -1.006537530686361066e+02
-1.025143424269768246e+02 -1.025167139203887814e+02
-9.861855505684016521e+01 -9.863822674529752987e+01
-1.029570090766121666e+02 -1.030177863461257033e+02
-1.026434643527721988e+02 -1.026438849018665280e+02
-1.079739657010411378e+02 -1.079749668409580892e+02
-1.026166426105219500e+02 -1.026174677198135043e+02
-9.717657041111654337e+01 -9.718217450722524120e+01
-1.025735734944066593e+02 -1.025667839602400875e+02
-1.052531614981858752e+02 -1.052544520524295990e+02
-1.080724360275145557e+02 -1.080747871856297451e+02
-1.027052612026942029e+02 -1.027052109224056977e+02
-1.080250663104185094e+02 -1.080217767830129247e+02
-1.052713609706326565e+02 -1.052504512503708156e+02
-9.441259582769046688e+01 -9.438427414158691420e+01
-1.080570958583805776e+02 -1.080561296913375742e+02
-1.024197712203717714e+02 -1.024124621739886294e+02
-9.861202941524878440e+01 -9.860365542435926045e+01
-1.080535450134119628e+02 -1.080532938036234611e+02
-1.017685551929354233e+02 -1.017898339142083302e+02
-1.025542379539339208e+02 -1.025544138221237915e+02
-9.976916079408528049e+01 -9.977255142510757935e+01
-9.968177570872363447e+01 -9.969518588890906585e+01
-1.025683518830916796e+02 -1.025680190343769596e+02
-1.107173719137581145e+02 -1.107180645894318900e+02
-1.042961753369288829e+02 -1.043825929669463051e+02
-9.921520484008287610e+01 -9.921173009512007468e+01
-1.025974213163043061e+02 -1.025994382368275240e+02
-9.437352631129542146e+01 -9.436322585329695301e+01
-1.053804377736957321e+02 -1.053798034222429436e+02
-1.052827102026920869e+02 -1.052802987473499172e+02
-1.080467614385674153e+02 -1.080470385800647364e+02
-9.719836445757805166e+01 -9.721093069665930386e+01
-9.981627129034069412e+01 -9.981407285271639296e+01
-1.107300978513415401e+02 -1.107272635078298464e+02
-9.990036759407901457e+01 -9.990842523369416028e+01
-1.053637969758957098e+02 -1.053639758430332307e+02
-1.081075248618588631e+02 -1.081086249313599836e+02
-9.996394612035066984e+01 -9.997402069985312778e+01
-1.081070653920687903e+02 -1.081075194961579484e+02
-1.026324780710569939e+02 -1.026331285692439934e+02
-9.976937047269710490e+01 -9.977300050780785057e+01
-1.052630928204633420e+02 -1.052611084746155825e+02
-1.025618351875102263e+02 -1.025434822028439044e+02
-1.035791782382090389e+02 -1.035740743458110131e+02
-1.033519819761085046e+02 -1.033554058399222413e+02
-1.025660988209157978e+02 -1.025648522480486378e+02
-9.723766654946481935e+01 -9.725267543464383380e+01
-1.053142961282929093e+02 -1.053121978532871594e+02
-1.053380603366254320e+02 -1.053356068906885241e+02
-1.081277797173143256e+02 -1.081297736498168121e+02
-1.052129512231710322e+02 -1.052087101610988924e+02
-1.025289756873485203e+02 -1.025286905732115912e+02
-1.080553411224698266e+02 -1.080575749653464044e+02
-1.026302170343453639e+02 -1.026302604287697022e+02
-1.013152340178662172e+02 -1.013413617421641675e+02
-1.106790931257261121e+02 -1.106595348973271911e+02
-1.079744193029540043e+02 -1.079739357474062871e+02
-1.017309298792912529e+02 -1.017565265684718412e+02
-1.026322900976259689e+02 -1.026319311258477995e+02
-1.024794377022135876e+02 -1.024790446581042431e+02
-1.026724391436324879e+02 -1.026560940206126560e+02
-1.052761920574427421e+02 -1.052779114891067564e+02
-9.978966775952572732e+01 -9.978697651369454036e+01
-1.053245634196948544e+02 -1.053251934337085487e+02
-1.024379231536876347e+02 -1.024253041930004287e+02
-1.079968604098166480e+02 -1.079980983836905608e+02
-1.053563403353715984e+02 -1.053567455181495944e+02
-9.976771837205654947e+01 -9.976562316161256661e+01
-1.026928783552382498e+02 -1.026929088928430218e+02
-1.052876896487985192e+02 -1.052858618209687052e+02
-1.027581665982070831e+02 -1.027574893815899202e+02
-1.056636966441715799e+02 -1.056695827994664256e+02
-1.052828106812513482e+02 -1.052801942797617158e+02
-1.053062146093918301e+02 -1.053019919983050272e+02
-1.025744228892243086e+02 -1.025727058158193188e+02
-1.026684405388867134e+02 -1.026669315174195845e+02
-1.080052822270576769e+02 -1.080019179962276752e+02
-1.054335414969436471e+02 -1.054326483703296589e+02
-1.026587816526943868e+02 -1.026557775259332743e+02
-1.025351764788775171e+02 -1.025377096223656821e+02
-1.079437392032670147e+02 -1.079447601741382812e+02
-1.079992733750609375e+02 -1.079976312846056743e+02
-1.045093277751372653e+02 -1.045254153574846043e+02
-1.081019417695282669e+02 -1.081003847879465667e+02
-1.026276769262089346e+02 -1.026302942987010738e+02
-1.024535201046333128e+02 -1.024504617213523403e+02
-1.080823012877143867e+02 -1.080821713575100063e+02
-1.054035772471667229e+02 -1.054018200122808793e+02
-1.052519101506891843e+02 -1.052467926130638745e+02
-1.010748130663480993e+02 -1.010232050332633094e+02
-1.053371945085780794e+02 -1.053366153749952900e+02
-1.022767132753160126e+02 -1.022026835417305932e+02
-1.079708880485470530e+02 -1.079696513786749534e+02
-1.025731122380329481e+02 -1.025496452627600092e+02
-1.052884581572122613e+02 -1.052866571155962276e+02
-1.106660532561337931e+02 -1.106649764225362418e+02
-1.051810447046432984e+02 -1.051775701563794883e+02
-1.014253072459742100e+02 -1.014618240764143735e+02
-1.022715023359390329e+02 -1.022540491628698192e+02
-1.106590026900062895e+02 -1.106680029145359185e+02
-1.107143386504857432e+02 -1.107164177400089500e+02
-1.079951529544727293e+02 -1.079937172662980771e+02
-1.025435584869068322e+02 -1.025436526279421514e+02
-1.054140811653541192e+02 -1.054127795235222322e+02
-1.080754977564530606e+02 -1.080743012177253490e+02
-1.080575398238652411e+02 -1.080556195184706922e+02
-1.053342418080212326e+02 -1.053330167767283143e+02
-1.053436594501107209e+02 -1.053407140496364320e+02
-1.053312309604461348e+02 -1.053292815101710005e+02
-9.706809489916587097e+01 -9.708421068010400745e+01
-9.442808254810140056e+01 -9.442650239137626045e+01
-1.081291014495194958e+02 -1.081128370605157727e+02
-1.052432202985647649e+02 -1.052409775251023092e+02
-1.107702974659774640e+02 -1.107748635007664433e+02
-1.054116176192886201e+02 -1.054109762121008913e+02
-1.080057915043562531e+02 -1.080086107833393214e+02
-1.026045601310275543e+02 -1.026082820369507544e+02
-1.081285557230270626e+02 -1.081298955332221396e+02
-1.052858366216551786e+02 -1.052842558339985857e+02
-1.081015157713439550e+02 -1.081025848202284863e+02
-1.107171954779183949e+02 -1.107239367907695851e+02
-1.030460572362247120e+02 -1.030095612640606646e+02
-1.107200488281209232e+02 -1.107272056648615006e+02
-1.026330802008566678e+02 -1.026322051692633295e+02
-1.053843287689435613e+02 -1.053814098425032313e+02
-1.080747726251044298e+02 -1.080729828845838512e+02
-1.040295532830818104e+02 -1.040509597013374616e+02
-1.035690513728155793e+02 -1.035588079720799612e+02
-1.107202832439141815e+02 -1.107271855232781661e+02
-1.052848276586017562e+02 -1.052819734070259443e+02
-1.026767087747258671e+02 -1.026770469790873079e+02
-1.026418137312892327e+02 -1.026440264711477681e+02
-1.052785138346218332e+02 -1.052769632007593117e+02
-1.053576642003488075e+02 -1.053566013190047101e+02
-1.080756002527369333e+02 -1.080755194979020359e+02
-9.978577242616800902e+01 -9.977653147589383309e+01
-1.106878930503407190e+02 -1.106922378864947376e+02
-1.081324828147099737e+02 -1.081186314898194922e+02
-1.107346238353316892e+02 -1.107228407076575678e+02
-9.650318368940517644e+01 -9.645166068793703573e+01
-1.106953782226687224e+02 -1.106976188551125091e+02
-1.053171716202409698e+02 -1.053144425030423719e+02
-9.980008361442872911e+01 -9.980602765687829958e+01
-9.993707462712218614e+01 -9.994169887533409735e+01
