0.000000000000000000e+00 0.000000000000000000e+00
-1.081593291553804050e+02 -1.080657462261738999e+02
-1.053522340771911416e+02 -1.053260714616461939e+02
-1.027527601977437826e+02 -1.026881553252253525e+02
-1.053923837689657717e+02 -1.053574182639971184e+02
-1.027436159232302515e+02 -1.026489819147979006e+02
-1.031654221533860465e+02 -1.032150822626585551e+02
-9.994081399093963114e+01 -9.989747419091015956e+01
-1.079099110594045925e+02 -1.080024044602218254e+02
-1.014242077098374182e+02 -1.014607359818792531e+02
-1.052115113309381513e+02 -1.051810578814421433e+02
-1.080554701369754582e+02 -1.080798805998623635e+02
-1.024591670528340330e+02 -1.024564103342093659e+02
-1.000840564153244827e+02 -1.000205058241514422e+02
-9.988081254627525141e+01 -9.984416557533151604e+01
-1.016388178624428633e+02 -1.017828538436283594e+02
-1.051699410257554774e+02 -1.051763720909360842e+02
-1.054013937775325189e+02 -1.054058982382935028e+02
-1.106517259150983534e+02 -1.106916535253575091e+02
-1.052059120031440358e+02 -1.052100391936678534e+02
-1.080313303720564875e+02 -1.079946170035907187e+02
-9.631072325109154519e+01 -9.641915690315636311e+01
-1.053289787401610482e+02 -1.053293548276131446e+02
-1.026127711443239434e+02 -1.025983856121764006e+02
-1.027291497014392547e+02 -1.026859331112718934e+02
-9.993076198681062294e+01 -9.992425823561625009e+01
-1.026230135502554361e+02 -1.026186049064905887e+02
-1.052767913728223022e+02 -1.052712369220325854e+02
-1.080094391522432886e+02 -1.079871570639040499e+02
-1.080971276475864755e+02 -1.080773311728083002e+02
-1.052475721812689500e+02 -1.052366946647905053e+02
-1.051715743356849515e+02 -1.051583540997007589e+02
-1.079972642075979365e+02 -1.079842024161813612e+02
-1.089425830057081868e+02 -1.088916578862385478e+02
-9.984387670431415529e+01 -9.980703374497889513e+01
-1.026728873558203361e+02 -1.026718376491670313e+02
-1.054392051838060809e+02 -1.054144599964912743e+02
-1.107369894129788435e+02 -1.107346568377189016e+02
-9.723752313608838449e+01 -9.721826568568484106e+01
-1.056510146349404948e+02 -1.055125589123358907e+02
-1.106341158931613080e+02 -1.106639610944967558e+02
-1.080661558045294299e+02 -1.080730871866781513e+02
-1.080764275441724465e+02 -1.080498867011612703e+02
-9.971285407916279553e+01 -9.969514303895049068e+01
-1.052204853979198589e+02 -1.051938299240738957e+02
-9.984610006459337228e+01 -9.984803165486535192e+01
-1.052578300203825563e+02 -1.052426413544024371e+02
-1.043094749042551683e+02 -1.043676886722505657e+02
-1.026283547975251196e+02 -1.026081738418300660e+02
-1.053268036361877051e+02 -1.053250643225849643e+02
-9.723996965825632799e+01 -9.724219853269138980e+01
-1.052055960855494163e+02 -1.051965307793032167e+02
-1.053574060027985269e+02 -1.053442941725451902e+02
-1.054149337478038007e+02 -1.053926883412425042e+02
-1.051961646936135395e+02 -1.052047419460367053e+02
-1.009341091376813466e+02 -1.009426297331791034e+02
-1.053613152030363267e+02 -1.053530248290418996e+02
-1.013398375413019892e+02 -1.013772382702615431e+02
-1.080421697351102495e+02 -1.080512042309239291e+02
-1.008859472789630587e+02 -1.008229889940741515e+02
-1.041594649216872170e+02 -1.041941334762230724e+02
-9.986940058235381912e+01 -9.987745380842457621e+01
-1.107003963247949798e+02 -1.107043333320453087e+02
-1.025723881837814417e+02 -1.025521431929123537e+02
-1.026470210440791249e+02 -1.026314858813269950e+02
-9.453247563273774290e+01 -9.449762235840414348e+01
-9.663671666995239207e+01 -9.659359680701014383e+01
-1.107530880162362905e+02 -1.107711848607401919e+02
-1.080915305676084017e+02 -1.080993120543582791e+02
-1.081185443560279538e+02 -1.081242784634247300e+02
-1.081184913509546419e+02 -1.081226001819403848e+02
-9.991491730910783531e+01 -9.991918641189464267e+01
-1.011320919263430653e+02 -1.011193311765145069e+02
-1.054103924916287127e+02 -1.054060164509693891e+02
-1.053435433903015621e+02 -1.053478755527587225e+02
-1.107703038561011226e+02 -1.107736540040475290e+02
-1.107667266081872270e+02 -1.107763171076812085e+02
-9.418148998501780511e+01 -9.420582893115054901e+01
-1.026452847174569598e+02 -1.026131207107931260e+02
-1.053986608697452709e+02 -1.054006778579330330e+02
-1.079910346944876522e+02 -1.079863521781686728e+02
-1.080551079723105516e+02 -1.080395342197247999e+02
-1.081028275129741729e+02 -1.080898901057581014e+02
-1.053458547222209774e+02 -1.053319757551899158e+02
-1.080570519892445276e+02 -1.080544171656627412e+02
-1.081320851037409909e+02 -1.081170857437258803e+02
-1.015379419308596169e+02 -1.015604150351154686e+02
-1.014029796086551585e+02 -1.014064388349348178e+02
-9.450859458654923628e+01 -9.449946331771890584e+01
-1.107638495148691646e+02 -1.107758681699837382e+02
-1.053994779441872822e+02 -1.054011903161330252e+02
-1.053385770438371480e+02 -1.053168773753167500e+02
-1.013699930377817680e+02 -1.013787395752962652e+02
-1.025657440998500789e+02 -1.025734831558559108e+02
-1.107682689612881859e+02 -1.107739190900411614e+02
-9.719715038964429255e+01 -9.722037648396211296e+01
-1.052898723708244546e+02 -1.052812082155925424e+02
-1.080909909622126008e+02 -1.080965246693911865e+02
-1.053876337496453885e+02 -1.053832551573189846e+02
-1.032313679342482970e+02 -1.032217185525900760e+02
-1.079937000856714633e+02 -1.079974323313757054e+02
-1.041100745887866594e+02 -1.041332282656209998e+02
-9.722942483407216230e+01 -9.723455413834562933e+01
-1.080270492535475455e+02 -1.080229529907861377e+02
-1.031615500383742443e+02 -1.031829071146125472e+02
-1.053129277669824972e+02 -1.052977594742310714e+02
-9.705076625952347058e+01 -9.707180216260415762e+01
-1.024954683496239625e+02 -1.025001535980814396e+02
-1.107702159174235135e+02 -1.107707616656085179e+02
-1.025848840886086606e+02 -1.025853904379823263e+02
-1.052872411050190209e+02 -1.052713523527302897e+02
-1.053485302366726870e+02 -1.053486693717855474e+02
-1.054200645357473007e+02 -1.054108506315627096e+02
-1.079758818075811462e+02 -1.079741720443950470e+02
-1.025369563180889685e+02 -1.025320956143339401e+02
-1.068776497351509533e+02 -1.068721655109514899e+02
-1.053391770368313729e+02 -1.053353675800592129e+02
-1.026222760065004707e+02 -1.026195501527571849e+02
-1.107639872459672432e+02 -1.107743376356112464e+02
-1.107212028093101424e+02 -1.107175519462646491e+02
-1.054375690798363365e+02 -1.054308575927423561e+02
-9.898762942203536852e+01 -9.900524916643207973e+01
-1.079742749288012647e+02 -1.079632293712471807e+02
-1.079783670036983807e+02 -1.079772624754118340e+02
-9.713239378701611315e+01 -9.713005000442207404e+01
-1.026281249274791492e+02 -1.026067344144197904e+02
-1.024625175907082877e+02 -1.024568559614672409e+02
-1.080572641389346984e+02 -1.080494316609758272e+02
-1.041169947217286023e+02 -1.041335255347880491e+02
-1.107272348549510923e+02 -1.107274036398377177e+02
-1.080003713041291320e+02 -1.079918311722084070e+02
-1.041412725574609937e+02 -1.041683149853552663e+02
-1.052733100685278771e+02 -1.052654831032520661e+02
-1.051887658289580827e+02 -1.051909951288835146e+02
-1.052919313595609196e+02 -1.052979450148869489e+02
-1.053352994184942304e+02 -1.053357063981111423e+02
-1.025585968391212788e+02 -1.025553828893218622e+02
-1.107725144890864186e+02 -1.107740748173868184e+02
-1.053290474106299115e+02 -1.053207490699242044e+02
-1.079952989002768078e+02 -1.079871895096997889e+02
-1.079625284737297903e+02 -1.079671432351867537e+02
-1.025722750418709808e+02 -1.025604466516109028e+02
-1.025865791680331256e+02 -1.025878724269449265e+02
-1.026082519924257781e+02 -1.026145420127311638e+02
-9.711156612386206177e+01 -9.712937126836078505e+01
-1.052463833157554092e+02 -1.052518122050071838e+02
-1.053647040936791228e+02 -1.053631415107390552e+02
-1.042694728989176838e+02 -1.042658696374299012e+02
-1.052368913518420044e+02 -1.052249187465115483e+02
-1.053271173204248186e+02 -1.053249788457804641e+02
-1.107180304834184739e+02 -1.107236209091241506e+02
-1.016124628072386145e+02 -1.016133619002618076e+02
-1.018138331482853545e+02 -1.018132149320296520e+02
-1.053638034928557090e+02 -1.053520445053424197e+02
-1.081080811890487610e+02 -1.081006902348133849e+02
-1.026564414290765939e+02 -1.026518889176045235e+02
-1.068327664854572703e+02 -1.068398995428538711e+02
-1.053078350909138265e+02 -1.052985312628136541e+02
-1.016213668849110121e+02 -1.016515340635824742e+02
-1.032302508217338044e+02 -1.032214884843274803e+02
-1.027150926056903444e+02 -1.027183599691253875e+02
-9.978750570068487491e+01 -9.979366788839837454e+01
-1.018526559177020374e+02 -1.018428357350708779e+02
-1.053697605176895991e+02 -1.053596105475288169e+02
-1.080176559876198468e+02 -1.080216901457449268e+02
-1.026101109270057918e+02 -1.025995739137666476e+02
-1.027693744376693701e+02 -1.027408942495200961e+02
-1.080833456982278875e+02 -1.080799817382820720e+02
-1.053691003737121719e+02 -1.053628717082520723e+02
-1.053578339933739869e+02 -1.053469878666521566e+02
-1.080796310262723381e+02 -1.080802616813366512e+02
-1.080907964276159703e+02 -1.081000383631138675e+02
-1.080060957146986311e+02 -1.080135529034045163e+02
-1.080523641078304280e+02 -1.080420751455299353e+02
-1.079671256053275954e+02 -1.079704584518802619e+02
-1.025225357025952349e+02 -1.025043934158790648e+02
-1.080093982775464525e+02 -1.080062980061181719e+02
-9.996413252665222160e+01 -9.996377401723256639e+01
-9.980781777795449727e+01 -9.980733246350929733e+01
-1.107709142728759133e+02 -1.107691301249389824e+02
-1.024969084949320148e+02 -1.024834247030613028e+02
-1.080306270979244090e+02 -1.080279623706811662e+02
-1.041678326496837883e+02 -1.041883137342600634e+02
-1.026469829698557845e+02 -1.026362625837676177e+02
-9.997545212317734808e+01 -9.994504715324448796e+01
-1.053689777388074589e+02 -1.053608624723692913e+02
-1.080693261796973843e+02 -1.080753999121628368e+02
-1.053810579741246585e+02 -1.053792478643601385e+02
-1.079658196263975896e+02 -1.079674351018118017e+02
-1.042579942182891131e+02 -1.042530186100232754e+02
-1.026485526158786712e+02 -1.026380481522029129e+02
-1.053595763909866037e+02 -1.053464957091689058e+02
-1.016927577399052609e+02 -1.017064713078833620e+02
-1.107255067030778974e+02 -1.107173741182574247e+02
-1.080295025096149004e+02 -1.080293354530278265e+02
-1.053692755835980677e+02 -1.053663654720206466e+02
-1.080576256372175266e+02 -1.080541389667065317e+02
-1.052914808407702623e+02 -1.052779811052505607e+02
-1.079957566409425311e+02 -1.079963642765728196e+02
-9.724009717873795466e+01 -9.723561363510006572e+01
-1.025714570103755108e+02 -1.025556724085714677e+02
-1.053370794500143433e+02 -1.053272678423651030e+02
-1.080605349127235968e+02 -1.080571324218530549e+02
-1.080408054556244650e+02 -1.080459810206990880e+02
-1.080619161183934409e+02 -1.080584826497124311e+02
-1.025665057137049843e+02 -1.025521427192607007e+02
-1.025950221717771313e+02 -1.025705792695975731e+02
-1.052974638865956365e+02 -1.052857046596465267e+02
-1.081049859728106100e+02 -1.080959731864839313e+02
-9.921175905124496808e+01 -9.917710351316658546e+01
-1.080721477528248755e+02 -1.080748584645729977e+02
-1.025153512256066080e+02 -1.025136872344403258e+02
-1.053271712410651588e+02 -1.053248924848510910e+02
-1.080012355185811259e+02 -1.080027329343517692e+02
-1.014278794488031679e+02 -1.014491031459004233e+02
-9.702086873705282244e+01 -9.703638919899773896e+01
-1.024960329446878120e+02 -1.024817573660668018e+02
-1.080595806483681685e+02 -1.080545849547413439e+02
-1.025751758974755035e+02 -1.025670697707521271e+02
-1.079980310193733430e+02 -1.080007783965164236e+02
-1.025540375176145318e+02 -1.025596614538967373e+02
-9.994419064250932649e+01 -9.993756030581189975e+01
-1.080854143319219673e+02 -1.080760994285153487e+02
-1.080250245262386812e+02 -1.080268084727632498e+02
-1.079864253732384896e+02 -1.079918590926769326e+02
-1.052931031622149192e+02 -1.052954595803127944e+02
-1.025700972272063609e+02 -1.025421001306174702e+02
-9.999730514046846963e+01 -9.998245820109373483e+01
-9.914890410094930928e+01 -9.914887413986666331e+01
-1.051828474833686329e+02 -1.051812803328490133e+02
-9.977093882986143569e+01 -9.976327013179979986e+01
-1.025727035067901056e+02 -1.025709684404181417e+02
-1.037795774741029931e+02 -1.037920672467745646e+02
-1.014604901063061533e+02 -1.014677535655057454e+02
-1.107174502605451636e+02 -1.107167217201276941e+02
-1.025418047102409673e+02 -1.025279207724863966e+02
-1.026392918452966114e+02 -1.026364866676279348e+02
-9.701211591948785440e+01 -9.702518309984587574e+01
-1.041572237548891309e+02 -1.041609551693008342e+02
-1.053396629414649226e+02 -1.053345634912063957e+02
-1.019137480400371487e+02 -1.019160768144277824e+02
-9.727881602571854103e+01 -9.727252279091112541e+01
-1.018915801608425511e+02 -1.018901080221752977e+02
-1.079364388833088242e+02 -1.079424455289763074e+02
-9.747247088901190182e+01 -9.743878655358675189e+01
-1.017806477741472690e+02 -1.017972709995135006e+02
-1.053305267997676964e+02 -1.053313836106673023e+02
-1.079807824703993617e+02 -1.079774434421686209e+02
-1.041596581718420396e+02 -1.041490837597498427e+02
-1.052486001437757608e+02 -1.052402094506138894e+02
-1.080568014810496607e+02 -1.080565022994933031e+02
-1.024711250305575163e+02 -1.024616285237605808e+02
-9.971510474496655263e+01 -9.971450971178019529e+01
-1.053548148112126199e+02 -1.053467756917247584e+02
-1.053214968299473355e+02 -1.053200976162233218e+02
-1.053060420944603379e+02 -1.053019113925624737e+02
-9.920385218878520561e+01 -9.918847448344601503e+01
-1.080063267925144004e+02 -1.080011493811602321e+02
-1.026854318929683956e+02 -1.026864332169551943e+02
-1.027052500139783149e+02 -1.027066997105291080e+02
-1.042796186433726007e+02 -1.042910375098731777e+02
-1.080451991342828961e+02 -1.080357180259808274e+02
-1.081184106412153199e+02 -1.081239059058983401e+02
-1.053951717197287081e+02 -1.053891231689683536e+02
-1.053217298348340023e+02 -1.053219803672508164e+02
-1.053085735406169192e+02 -1.053095560514896221e+02
-1.053049494731220648e+02 -1.053041803511869290e+02
-1.053622704313968086e+02 -1.053603348735367149e+02
-1.052943454882994700e+02 -1.052896496204691346e+02
-1.026451543513326783e+02 -1.026430613967679619e+02
-1.052641584594967270e+02 -1.052640346625781262e+02
-9.991848869601705019e+01 -9.992120877806961232e+01
-1.036972945979386083e+02 -1.036874878260853876e+02
-1.054091749777985854e+02 -1.054081373810971627e+02
-9.976907568761248513e+01 -9.976228480517137598e+01
-9.981606934290843469e+01 -9.980905751357767031e+01
-9.980354215904856119e+01 -9.979109474323712448e+01
-1.080237621379147157e+02 -1.080225772590475799e+02
-1.080792308417594114e+02 -1.080803388983439675e+02
-1.107694232268770094e+02 -1.107742340883711591e+02
-1.080610536355758740e+02 -1.080588412409042149e+02
-1.079698509102343706e+02 -1.079715800143951583e+02
-1.053875495916139755e+02 -1.053854106855141453e+02
-1.026165354314502025e+02 -1.026037224124840606e+02
-1.053413599594136514e+02 -1.053286410461084017e+02
-9.708349544121924168e+01 -9.709653504057742168e+01
-1.052776026151457387e+02 -1.052755343247247168e+02
-9.870163344225177582e+01 -9.872437913400045773e+01
-1.053180442868692523e+02 -1.053004758269139529e+02
-1.080486864057431404e+02 -1.080498159219505681e+02
-9.699681516113166424e+01 -9.700059952612194536e+01
-1.107069728703692419e+02 -1.107170192120929642e+02
-1.053643448876981950e+02 -1.053576843203102840e+02
-1.026370843834535265e+02 -1.026366814359952144e+02
-1.016571387608295964e+02 -1.016596382891220856e+02
-1.054106115002737738e+02 -1.054197877872930036e+02
-1.053243544329490931e+02 -1.053125217294956713e+02
-9.979788505548398803e+01 -9.979820016040665109e+01
-1.106860430015787244e+02 -1.106928733405046188e+02
-1.052793657790531228e+02 -1.052705602935456000e+02
-9.999389406598315588e+01 -9.998880067112146719e+01
-1.022751158274220842e+02 -1.021709873510600914e+02
-1.052772686664879842e+02 -1.052726327542094822e+02
-1.025971648633543083e+02 -1.025911679627416504e+02
-1.079758298829832768e+02 -1.079638522700051482e+02
-1.080618776543403499e+02 -1.080589901790726231e+02
-1.025267865215348735e+02 -1.025281803605844715e+02
-1.026981187218726461e+02 -1.026856724190290464e+02
-1.080712370512346610e+02 -1.080765701192180472e+02
-1.080007227265799514e+02 -1.080030882801147527e+02
-1.025520197725906257e+02 -1.025443294643540781e+02
-9.989173677254144934e+01 -9.989170001878517269e+01
-1.026170873560678416e+02 -1.026074836586986549e+02
-1.054009672354877694e+02 -1.053972058903701878e+02
-1.080576056735237671e+02 -1.080547186978920706e+02
-1.025111843177358679e+02 -1.024961586009452219e+02
-1.053383480848949603e+02 -1.053277784934169148e+02
-1.080210610569031786e+02 -1.080229055296259588e+02
-1.080131551305792925e+02 -1.080191294985139763e+02
-1.053918831352969221e+02 -1.053774118380262195e+02
-1.106984918664267639e+02 -1.106924008051192203e+02
-1.053475471290472854e+02 -1.053409663686622935e+02
-1.027106858520669448e+02 -1.027053942912582869e+02
-1.107253822243380768e+02 -1.107194911500080110e+02
-9.870054241012229568e+01 -9.873372849574514021e+01
-1.053657701121489794e+02 -1.053591089160777301e+02
-1.068324168562718341e+02 -1.068384489889119351e+02
-1.080372786237233669e+02 -1.080363629546030495e+02
-1.053229519071086600e+02 -1.053146334082582456e+02
-1.026646294877885026e+02 -1.026665380645639090e+02
-1.080767865900338904e+02 -1.080773467873090681e+02
-1.080786246578234540e+02 -1.080804860464009067e+02
-1.053317870483689376e+02 -1.053319694382196303e+02
-1.079676373576952528e+02 -1.079717230552041087e+02
-1.000419684314435784e+02 -1.000226612359555247e+02
-1.052870790117490429e+02 -1.052762651394109241e+02
-9.726842243380306741e+01 -9.728230390236647906e+01
-1.107076886683084496e+02 -1.107171400326850801e+02
-1.080035803327964175e+02 -1.080029236586990180e+02
-1.079919581381508635e+02 -1.079919128369992052e+02
-1.053489272338973990e+02 -1.053490489333710087e+02
-1.053191526527492385e+02 -1.053129052693019503e+02
-1.054194930182993346e+02 -1.054144079169686847e+02
-1.017767702358626423e+02 -1.017472521038275630e+02
-1.026615746390628772e+02 -1.026630162566518010e+02
-1.052725046552273938e+02 -1.052654435718744992e+02
-1.080510066922430639e+02 -1.080413797410350014e+02
-1.052507989324901843e+02 -1.052411153995541326e+02
-9.977210807251866242e+01 -9.976582232127064742e+01
-1.054060706664186000e+02 -1.054067167468329558e+02
-1.107716896322980062e+02 -1.107772163978953444e+02
-1.054132337151781513e+02 -1.054049549943335222e+02
-1.027041155728025643e+02 -1.026942378997484155e+02
-9.968161282177901228e+01 -9.967926912925096872e+01
-1.053292648283840975e+02 -1.053186611288569594e+02
-1.081026827223450937e+02 -1.081052967829095621e+02
-1.025711841367452450e+02 -1.025706095477212472e+02
-1.054029872173560847e+02 -1.053966388361614435e+02
-1.107691773605676389e+02 -1.107753515073804351e+02
-1.053331828251180440e+02 -1.053338807768583933e+02
-1.134335427316982532e+02 -1.134471239577734565e+02
-1.042692930190577556e+02 -1.042560941863942929e+02
-1.080732071094265052e+02 -1.080720499174003209e+02
-1.080457137531179939e+02 -1.080512175058959059e+02
-9.658870820921686118e+01 -9.656607066617549151e+01
-1.024743115212051947e+02 -1.024715791416253694e+02
-9.997635577717274202e+01 -9.995568569907661072e+01
-1.080053042558223666e+02 -1.080034917680699067e+02
-1.036813545372552881e+02 -1.036903139139774481e+02
-9.702814038381642092e+01 -9.702078562115069360e+01
-1.080580619689259123e+02 -1.080499386915449662e+02
-1.106958503750891367e+02 -1.106980737177348004e+02
-1.053644382228062284e+02 -1.053583855170466848e+02
-1.106680051253945010e+02 -1.106635516181516294e+02
-1.107213629275040461e+02 -1.107190682569656133e+02
-1.027110205385113204e+02 -1.027048110829771872e+02
-1.026449147827545829e+02 -1.026433610101005485e+02
-1.106994145599935990e+02 -1.106927611998868883e+02
-1.052898266828310199e+02 -1.052877559743587597e+02
-1.052498070113483948e+02 -1.052435182170054873e+02
-1.044503701494872843e+02 -1.044654581064710186e+02
-1.052905984570299580e+02 -1.052896378108807625e+02
-9.987104606556155773e+01 -9.985585741008907235e+01
-1.081202009620871394e+02 -1.081259961550136097e+02
-1.054052449571288150e+02 -1.054057545572043892e+02
-1.019289543244639731e+02 -1.018964195439648250e+02
-1.036339076404221231e+02 -1.036571352434074527e+02
-9.705338583381806927e+01 -9.706926978242144344e+01
-1.080232470823315936e+02 -1.080235708592447139e+02
-1.080988430122291106e+02 -1.080927564646047472e+02
-1.080592904799900538e+02 -1.080579586653745281e+02
-1.031947140117897561e+02 -1.031896226282370606e+02
-1.024920905052299815e+02 -1.024864798406057815e+02
-1.025785543659475962e+02 -1.025732581755472950e+02
-9.452016045072626582e+01 -9.452474336521204634e+01
-1.009988899191867944e+02 -1.009817969673833034e+02
-9.985229221080015805e+01 -9.983564055132258375e+01
-1.079806603944341674e+02 -1.079724079091751747e+02
-1.080613587872590386e+02 -1.080590625624253249e+02
-1.134504054222867921e+02 -1.134470664893319167e+02
