-1.059742947359245164e+02 -1.053274216238082914e+02
-9.462422735677957064e+01 -9.427788633085451409e+01
-1.030055950720214497e+02 -1.025396034140782575e+02
-1.108857805430208998e+02 -1.107428017497021671e+02
-1.000429405017691522e+02 -9.977559043253171467e+01
-9.425131901665241685e+01 -9.411952774165737878e+01
-1.023588274474877551e+02 -1.024943845579490613e+02
-8.365475078158591771e+01 -8.365819882194152513e+01
-1.002191530452289925e+02 -1.002737556836884352e+02
-9.969392236686698539e+01 -9.973041300416393540e+01
-1.107233500463248674e+02 -1.107178032584364473e+02
-1.021929052295146363e+02 -1.020543183332560631e+02
-1.068855472198589496e+02 -1.067751213605791207e+02
-1.025052351719419477e+02 -1.024646585091503113e+02
-1.107568629768107655e+02 -1.107730873123709330e+02
-1.053729073778297192e+02 -1.054069897541045435e+02
-1.000668291152115899e+02 -1.000099102080938138e+02
-1.080618552341435077e+02 -1.080752696303115954e+02
-1.043015303386951302e+02 -1.042862856340125433e+02
-1.134163474098585880e+02 -1.134453430138303105e+02
-1.079990201564350372e+02 -1.079899693973530219e+02
-1.027328728143156553e+02 -1.027118812368380247e+02
-1.024749122918886286e+02 -1.024881608939508624e+02
-9.414530670975247517e+01 -9.415418564695700354e+01
-9.981551916451689976e+01 -9.985250477167058136e+01
-1.053479978972581677e+02 -1.053595668050144951e+02
-9.986431131451729470e+01 -9.988339090713688506e+01
-1.053190654994479729e+02 -1.053246286477146612e+02
-9.139650936992333641e+01 -9.139879790768124224e+01
-9.702061068150268852e+01 -9.691734602531312248e+01
-1.013720210510071098e+02 -1.014540601448939583e+02
-1.013669925688385547e+02 -1.013734102620078801e+02
-1.026462861903840036e+02 -1.026295043818667523e+02
-1.053355445741181029e+02 -1.053250069832183158e+02
-1.035417750320243755e+02 -1.035818935829314427e+02
-1.054277371250246063e+02 -1.054048563829764191e+02
-1.080902236622887074e+02 -1.080560192723857966e+02
-1.024376197940731288e+02 -1.024362536551529530e+02
-9.988862373319801691e+01 -9.988535865101617617e+01
-1.080495077013970899e+02 -1.080463538701820028e+02
-9.985641146022719283e+01 -9.982061878776350738e+01
-1.025845828469659295e+02 -1.025804659685598921e+02
-1.024917787609419833e+02 -1.025003303205891285e+02
-9.713893126762212660e+01 -9.710199995847303001e+01
-1.013801818605216454e+02 -1.013694299540560877e+02
-9.979696535003914448e+01 -9.978994791046338264e+01
-1.026722335446085879e+02 -1.026849641550138585e+02
-1.107614151669077103e+02 -1.107457893557318584e+02
-1.017036326653376221e+02 -1.017409837042870180e+02
-1.054024877711235177e+02 -1.054277335831403946e+02
-1.052624826526673019e+02 -1.052535574327912542e+02
-1.026412076449697253e+02 -1.026476985143379466e+02
-1.053856856928506858e+02 -1.053561109435142811e+02
-9.859976273447732353e+01 -9.866580041848058613e+01
-9.988953582551425825e+01 -9.989450653288315607e+01
-1.026187833854030629e+02 -1.026472924223131429e+02
-1.080575347742014714e+02 -1.080435205548674276e+02
-9.699644965119644269e+01 -9.704017411584396768e+01
-1.080285470781691828e+02 -1.080216404194501791e+02
-1.019596846809962756e+02 -1.019080707120981231e+02
-1.053634948323735330e+02 -1.053480072175842110e+02
-9.361648378894480516e+01 -9.360826621577299989e+01
-1.026399919810152568e+02 -1.026213581306400613e+02
-1.053844081514073281e+02 -1.053825571487956552e+02
-1.079779033892279188e+02 -1.079673067813668155e+02
-1.052761300889608549e+02 -1.052793044756728591e+02
-9.451868984879642710e+01 -9.437375461519692976e+01
-1.052568554158751795e+02 -1.052229513310941655e+02
-1.081389329515067885e+02 -1.081168768495299162e+02
-1.053032935337655971e+02 -1.052792969424463791e+02
-9.719292994381932260e+01 -9.718668209172869865e+01
-9.997647019900314547e+01 -9.991384988149825119e+01
-1.026068413683147611e+02 -1.026026872793523665e+02
-1.053360691549307404e+02 -1.053330770255590210e+02
-9.990201772220439125e+01 -9.992796701809376714e+01
-1.080073009044512418e+02 -1.080047886098365808e+02
-1.080538264293442694e+02 -1.080569154878112954e+02
-1.041367980221992298e+02 -1.041831731195703981e+02
-1.026388108127491421e+02 -1.026419047684859436e+02
-1.025407050757449241e+02 -1.025589531930062748e+02
-1.053281630479845319e+02 -1.053229663238635965e+02
-1.079716386528561998e+02 -1.079804636083402727e+02
-1.025242466976903302e+02 -1.025295765362234590e+02
-1.107831528857214494e+02 -1.107719223318758424e+02
-1.080742301611140448e+02 -1.080719846549078227e+02
-1.080018138618199259e+02 -1.079997435317855263e+02
-9.984455970821863957e+01 -9.985051939498460172e+01
-1.026992396636931204e+02 -1.027018506345604010e+02
-9.990821596554771133e+01 -9.989135025851919636e+01
-9.715657190982761904e+01 -9.718571985508390298e+01
-1.025560588778295852e+02 -1.025570412365974988e+02
-1.080629935592728259e+02 -1.080377935510318252e+02
-1.080030975290479773e+02 -1.080018149558630682e+02
-1.054027574001679000e+02 -1.054027129814354140e+02
-1.080463764134979101e+02 -1.080477583241538468e+02
-1.081417824369273148e+02 -1.081225993307869828e+02
-9.710784223738966148e+01 -9.713577325675036889e+01
-1.106636447523524964e+02 -1.106682517066432467e+02
-1.080541725255625352e+02 -1.080470124761002069e+02
-1.107192443431195130e+02 -1.107255697002253214e+02
-1.027379352273814987e+02 -1.027204695580560667e+02
-1.081017159718772973e+02 -1.081059784317394019e+02
-9.611874147579814576e+01 -9.605812941717725550e+01
-1.053328978713498572e+02 -1.053339205315104863e+02
-1.106952150271118001e+02 -1.106917165772422891e+02
-1.080816900889266492e+02 -1.080705041764516494e+02
-1.053534796176067232e+02 -1.053519913303500886e+02
-1.014259915743628397e+02 -1.013935210424506579e+02
-9.995242536170074743e+01 -9.991655228807111655e+01
-1.080747381320039864e+02 -1.080786966991024372e+02
-9.452818483645773995e+01 -9.444463381617792663e+01
-1.028628159676675153e+02 -1.028234034270170127e+02
-1.081004803979391653e+02 -1.080994110483491539e+02
-1.026828684613894893e+02 -1.026936514355031420e+02
-1.026177906569019740e+02 -1.026298948604042494e+02
-9.163799998885824039e+01 -9.155286109513495774e+01
-1.025283037783913613e+02 -1.025209158774022313e+02
-1.068329010789861400e+02 -1.068327165430838477e+02
-9.992343071956565836e+01 -9.993119902029008017e+01
-9.980984707933812672e+01 -9.981649560081319805e+01
-1.053486046324577785e+02 -1.053285005610237874e+02
-1.080477112315800809e+02 -1.080467365226825507e+02
-1.053230545997691934e+02 -1.053257788163869861e+02
-1.080540773147970697e+02 -1.080494427792699383e+02
-1.054115250991200980e+02 -1.054112936818007427e+02
-1.080738136196688970e+02 -1.080740201530931159e+02
-1.107812854958480244e+02 -1.107768268379214618e+02
-1.052522454587375051e+02 -1.052567030131093020e+02
-1.025898334036714061e+02 -1.025880443586150790e+02
-1.107268611758410941e+02 -1.107203466898406106e+02
-1.052207129755560686e+02 -1.052270641207236679e+02
-1.080132848304809841e+02 -1.080062325215275933e+02
-9.983467183534368417e+01 -9.984698691031310602e+01
-1.079533401398705053e+02 -1.079433186469216963e+02
-1.081186931246804477e+02 -1.081222872506923522e+02
-1.080272206016629326e+02 -1.080213187040014873e+02
-1.042189786285661199e+02 -1.042391050789831155e+02
-1.014595217932338045e+02 -1.014764072881230277e+02
-9.931499289890996351e+01 -9.925135966496512196e+01
-1.107160230061598156e+02 -1.107165935282959595e+02
-1.081154023058430766e+02 -1.081193088157259723e+02
-1.053063640312218325e+02 -1.053001651070198648e+02
-1.025373341514855525e+02 -1.025330822508927042e+02
-1.012823755045068168e+02 -1.013498594058147546e+02
-9.909109771469242389e+01 -9.906345982358764957e+01
-1.026513024678588550e+02 -1.026373577447998002e+02
-1.080116020429245225e+02 -1.079974105141878624e+02
-1.080304318369591670e+02 -1.080304795181831992e+02
-1.052654198206259508e+02 -1.052514345527973063e+02
-1.079755035036011037e+02 -1.079687452259405234e+02
-1.080512933035317360e+02 -1.080414852086114905e+02
-9.728643266013592950e+01 -9.728668362665204938e+01
-1.053547715377366529e+02 -1.053522239706991570e+02
-1.080029339472109484e+02 -1.080019723357618915e+02
-9.713487575640441207e+01 -9.716358338556180740e+01
-1.052273589732438381e+02 -1.052244938948506388e+02
-1.046097774243445286e+02 -1.045546084471671406e+02
-1.053157063732582799e+02 -1.053099465361112408e+02
-1.081027186854118725e+02 -1.081058235764320585e+02
-1.081143860464210036e+02 -1.081088388905659912e+02
-1.012678330623186724e+02 -1.012853436943543528e+02
-1.081259943318711549e+02 -1.081248838591036616e+02
-1.107719901103703961e+02 -1.107735354703003168e+02
-1.080578785836060689e+02 -1.080571227815853206e+02
-1.053094659840893854e+02 -1.053073934412866635e+02
-1.080823155275458447e+02 -1.080740314813229617e+02
-1.052536025852991912e+02 -1.052527910232319215e+02
-9.427246866448533069e+01 -9.428794190502166828e+01
-1.079700084203712578e+02 -1.079657050216912637e+02
-1.026100861413128627e+02 -1.025816854012939530e+02
-9.991175734936079778e+01 -9.991085838189268031e+01
-1.026447898036173285e+02 -1.026069714494629608e+02
-1.027042928406626316e+02 -1.026952451446366155e+02
-1.080739953539140572e+02 -1.080731870771141132e+02
-1.080311298727203848e+02 -1.080179348564901716e+02
-1.107192887378565302e+02 -1.107227884721681761e+02
-1.079731337510259408e+02 -1.079699995531819638e+02
-1.079974298805727528e+02 -1.079944830416919501e+02
-9.985995039584348376e+01 -9.986067672807716633e+01
-1.054040467159502015e+02 -1.053917543825487542e+02
-1.079234550060250086e+02 -1.079224142956017545e+02
-1.052756603306884386e+02 -1.052719601716327276e+02
-1.026390103201511863e+02 -1.026416264139402443e+02
-1.080738669954316578e+02 -1.080688648661330689e+02
-1.025618812446737849e+02 -1.025656368877703244e+02
-1.053956581404958683e+02 -1.054000186575685376e+02
-1.010759458329199845e+02 -1.011112295936569296e+02
-1.026259548172832865e+02 -1.026199927582862443e+02
-1.080936725056959915e+02 -1.080826597833551972e+02
-1.025897742981847358e+02 -1.025843898886094792e+02
-1.080962659174051765e+02 -1.080895601328981002e+02
-1.080554696783546262e+02 -1.080534788076509756e+02
-1.054221721892487977e+02 -1.054127749757678600e+02
-1.080730907263850042e+02 -1.080773376472682230e+02
-1.080934355225953283e+02 -1.080969947138404876e+02
-1.079736053601055943e+02 -1.079726655358291794e+02
-1.107196766856495884e+02 -1.107205766425767024e+02
-1.106947164053763970e+02 -1.106968758397452746e+02
-1.107625553400922485e+02 -1.107701933999303350e+02
-9.996695873312728509e+01 -9.997589178183002900e+01
-9.974796789551859888e+01 -9.975253828253056554e+01
-1.054097329459239205e+02 -1.054093443229604787e+02
-1.080532450703561693e+02 -1.080523267084178087e+02
-1.107227383876611810e+02 -1.107240399113851197e+02
-1.053645061098348350e+02 -1.053617725877533360e+02
-1.053021820833107682e+02 -1.052964904441758307e+02
-1.079485640732578844e+02 -1.079435843660310326e+02
-1.041596884391853735e+02 -1.041816956706334594e+02
-9.998140849236584415e+01 -9.998861052180916431e+01
-1.037084570709885014e+02 -1.036725480455437207e+02
-1.080092319653141573e+02 -1.080047109619993364e+02
-1.107229130371625700e+02 -1.107267924149053897e+02
-1.006874843968379025e+02 -1.006817309485133762e+02
-1.053015665684392701e+02 -1.053036100386487846e+02
-1.054102056692154008e+02 -1.054095026747631323e+02
-1.025570397845626758e+02 -1.025476638531583973e+02
-9.607898111307807199e+01 -9.604545046352025395e+01
-1.018654767367875280e+02 -1.019418395810207727e+02
-1.031273642158047608e+02 -1.031556062480382678e+02
-1.053302260028834780e+02 -1.053227548864868766e+02
-9.972787872370857087e+01 -9.969864525154056878e+01
-1.026505295323764244e+02 -1.026523371117223036e+02
-1.080237694870209850e+02 -1.080215541818300267e+02
-1.052984524649055800e+02 -1.052937282775607315e+02
-1.053360751166484874e+02 -1.053387216309723158e+02
-9.993302364368615542e+01 -9.993632518045801305e+01
-9.929752972688170587e+01 -9.924679627200598020e+01
-1.081048392352376339e+02 -1.081047837692749596e+02
-1.052862392407342185e+02 -1.052828472060782730e+02
-1.053983272483956313e+02 -1.053976966330086071e+02
-1.052506930891537991e+02 -1.052437887561918473e+02
-1.053385007129905517e+02 -1.053279997008305315e+02
-1.025956824091664998e+02 -1.025999251930652321e+02
-1.079794087516783918e+02 -1.079807548879550012e+02
-9.430810946251517635e+01 -9.429454659549483608e+01
-1.016523138648117026e+02 -1.016943368421850522e+02
-1.041345276547513379e+02 -1.041395311094995577e+02
-1.026342733517649748e+02 -1.026402261717895783e+02
-1.080314918445043588e+02 -1.080278698680957916e+02
-1.053061972945100990e+02 -1.052995254095291102e+02
-9.909127231987132234e+01 -9.910782705933642944e+01
-1.026339935818486566e+02 -1.026416195898510466e+02
-1.107720431580182066e+02 -1.107742912515720661e+02
-9.991593681436832242e+01 -9.992550666092721201e+01
-1.080753651917476361e+02 -1.080738366087907991e+02
-1.080095524504819480e+02 -1.080048296287964291e+02
-1.037313653484261096e+02 -1.037323378720417679e+02
-1.081221178218559658e+02 -1.081173012651236576e+02
-9.661584463096353659e+01 -9.652854059410464060e+01
-1.107722858924483802e+02 -1.107734426802424821e+02
-1.043797787574078342e+02 -1.043991848062633210e+02
-9.767711299898131472e+01 -9.773853935513051283e+01
-1.052619669075142639e+02 -1.052534657806195781e+02
-1.080367098100129652e+02 -1.080234529567814405e+02
-1.000283338492690604e+02 -1.000140704234788416e+02
-9.440308194517162121e+01 -9.436825263884747983e+01
-1.011634914293521632e+02 -1.011651222834232016e+02
-9.992218931296194739e+01 -9.990385226685275200e+01
-9.978913880299698747e+01 -9.981114523296356822e+01
-1.026730204240883495e+02 -1.026816626641419674e+02
-1.052520218498768259e+02 -1.052476126992319649e+02
-1.107466838207703290e+02 -1.107506161124680517e+02
-1.107718839097765908e+02 -1.107732333374076887e+02
-1.053544555958812055e+02 -1.053546483466819552e+02
-1.081153931851787462e+02 -1.081203042186827759e+02
-1.052936437142992361e+02 -1.052868571530759851e+02
-1.080243758410067869e+02 -1.080262831350174650e+02
-1.024304015119931393e+02 -1.024277074400019245e+02
-1.106572455064338669e+02 -1.106671419538891712e+02
-9.721901716161639229e+01 -9.723620497238466953e+01
-1.079998649658681842e+02 -1.079927243170113513e+02
-1.025634717361710244e+02 -1.025582999058684521e+02
-1.053546609919895332e+02 -1.053569051126516456e+02
-1.107678373311706395e+02 -1.107671632312560064e+02
-1.080276393839186113e+02 -1.080252600083898216e+02
-1.037559110528047910e+02 -1.037504228554265922e+02
-1.080794987410410926e+02 -1.080702484020231822e+02
-1.052240742545265135e+02 -1.052145056404709038e+02
-1.107274042397331186e+02 -1.107251146176637917e+02
-1.080102595549228113e+02 -1.079948701595307199e+02
-1.025732480951190979e+02 -1.025428104469222745e+02
-1.043282018595215135e+02 -1.043283786532152959e+02
-1.080530351542134184e+02 -1.080483769297808010e+02
-1.052544548663389463e+02 -1.052507513390425800e+02
-1.053298487385507656e+02 -1.053353564283249000e+02
-1.053794864658270853e+02 -1.053770524285078523e+02
-1.080446662559440085e+02 -1.080469705641175153e+02
-1.107270241397228006e+02 -1.107250768187360137e+02
-1.107674961328977759e+02 -1.107673703306584088e+02
-9.718683768611110452e+01 -9.715687600469296115e+01
-1.025854169930207007e+02 -1.025815886631433926e+02
-1.080632185487730084e+02 -1.080541169633435175e+02
-1.054163701403101214e+02 -1.054209449013474824e+02
-1.080036943575188957e+02 -1.080006721788450648e+02
-1.079485170154433149e+02 -1.079432453931087679e+02
-1.025954155303741544e+02 -1.025999537732516274e+02
-9.984395152677869589e+01 -9.985430953831684064e+01
-1.079964606106798755e+02 -1.079939875235589994e+02
-9.956844060283169995e+01 -9.957987503381268368e+01
-1.080227419347439337e+02 -1.080212166011266675e+02
-1.107205199469529902e+02 -1.107208906809551081e+02
-1.041051753425055466e+02 -1.041289576144791909e+02
-1.053632880958441120e+02 -1.053586334512334020e+02
-9.990414765115504281e+01 -9.988076890712130762e+01
-9.876595340548236379e+01 -9.873757960204794415e+01
-1.080586158720753218e+02 -1.080555789582116688e+02
-1.107249296029812484e+02 -1.107140447622493014e+02
-9.712873744670663712e+01 -9.710321257378242876e+01
-1.080983716997363615e+02 -1.080937028377220201e+02
-9.728976936982326151e+01 -9.725941817582959459e+01
-1.053390058157819595e+02 -1.053386765163443357e+02
-1.081066894125235365e+02 -1.081059055158250999e+02
-1.020492050925276288e+02 -1.019468317779671196e+02
-1.026329044321551436e+02 -1.026396429573296984e+02
-1.053548604017621244e+02 -1.053567926070386420e+02
-1.053152939634907455e+02 -1.053123306806423898e+02
-1.025706717409871231e+02 -1.025748355483016780e+02
-1.079758976848660268e+02 -1.079749332896774945e+02
-9.984263668781315459e+01 -9.984957119476023024e+01
-9.998634493648678756e+01 -9.995409561340370885e+01
-1.052853472219228763e+02 -1.052840532561349676e+02
-1.053979188072905515e+02 -1.054002118146875375e+02
-1.107213313551022509e+02 -1.107208817848852789e+02
-9.660601296694015616e+01 -9.657835301098012337e+01
-9.453288317649652583e+01 -9.454454913905691171e+01
-1.026106616301866978e+02 -1.026077387468929203e+02
-1.052372382474905095e+02 -1.052343933270473713e+02
-1.053760910595569413e+02 -1.053807190489090004e+02
-1.107629544132054491e+02 -1.107698101085289437e+02
-1.107245520064371362e+02 -1.107179769974758017e+02
-9.870176041648359444e+01 -9.872683414756596676e+01
-1.025497257246551328e+02 -1.025587578084896734e+02
-1.025191732768130066e+02 -1.025192578744235874e+02
-1.052211443580742554e+02 -1.052157517924876657e+02
-1.080540561954887551e+02 -1.080534454380956078e+02
-1.055862183741793388e+02 -1.055825572193194120e+02
-1.018503878019892142e+02 -1.017509279157268764e+02
-1.003293338073227687e+02 -1.002793426370906502e+02
-1.081216348297909633e+02 -1.081272045959144634e+02
-9.157629680906894976e+01 -9.159587839511816298e+01
-1.054115793661463840e+02 -1.054099744206477567e+02
-1.079689760410683306e+02 -1.079670630523547601e+02
-1.025409283179075288e+02 -1.025436717557206094e+02
-9.453467844286562638e+01 -9.453646246264212039e+01
-1.080474962649939812e+02 -1.080472652094858006e+02
-1.081171468988595876e+02 -1.081191391448642491e+02
-1.081163195601169207e+02 -1.081228976734403489e+02
-1.024994014680670062e+02 -1.025043495968937890e+02
-1.026811252344894854e+02 -1.026895588876458163e+02
-9.973566223018963228e+01 -9.973447459103326196e+01
-1.080221688153187216e+02 -1.080214679514102016e+02
-1.025284252057537628e+02 -1.025213929751523807e+02
-9.713928259856540137e+01 -9.713606979626892723e+01
-1.009831856951178395e+02 -1.010159506400883913e+02
-1.080594726928086118e+02 -1.080552390359123081e+02
-1.053556287238873068e+02 -1.053570734432606031e+02
-1.107254539738045338e+02 -1.107143036573831125e+02
-1.053314174114923674e+02 -1.053297374522349230e+02
-1.025586242981718357e+02 -1.025615331216127686e+02
-1.025694036153322770e+02 -1.025717417158916618e+02
-1.052816926401800401e+02 -1.052808690557093030e+02
-1.016010486471706287e+02 -1.016266029991414541e+02
-1.053533487178609107e+02 -1.053573389182198383e+02
-1.040773024289972000e+02 -1.040664087251971210e+02
-1.025814503352971769e+02 -1.025751157784303018e+02
-1.026449940149413180e+02 -1.026707261649346066e+02
-1.026914917011881414e+02 -1.026787380529390390e+02
-1.043030505484999679e+02 -1.043688886599125425e+02
-1.080438016810047372e+02 -1.080437954882630152e+02
-1.107763801253582301e+02 -1.107722925525887803e+02
-1.055798045316970644e+02 -1.056094869312553470e+02
-1.053106977431700244e+02 -1.053098060858403642e+02
-1.025702020409592450e+02 -1.025426932045914015e+02
-9.905146259027961264e+01 -9.906205490578385309e+01
-9.697363479078858006e+01 -9.698675685583960160e+01
-1.026114904577926552e+02 -1.026113016714373600e+02
-1.052663918554386839e+02 -1.052652767953351827e+02
-1.052348681377667958e+02 -1.052358018465130272e+02
-9.872697278799627441e+01 -9.874449353420548903e+01
-1.025984161405775836e+02 -1.026026177895259224e+02
-9.911545444053790277e+01 -9.907792089049564765e+01
-1.041527868596972155e+02 -1.041862888184794400e+02
-9.445477074382337435e+01 -9.447848729786191768e+01
-1.066303435241223241e+02 -1.066632280797916792e+02
-1.043431904094613429e+02 -1.043584497187534907e+02
-9.727752095481278616e+01 -9.727151779502553097e+01
-1.025288348493990327e+02 -1.025291870507799672e+02
-1.053286478440211056e+02 -1.053271559932720294e+02
-1.080711573500323368e+02 -1.080745097640226220e+02
-1.054084686225881597e+02 -1.053979895128294686e+02
-1.080693568090054981e+02 -1.080696664672660887e+02
-9.986882618999712236e+01 -9.987502987208939942e+01
-1.107141778871876028e+02 -1.107168559077466057e+02
-1.052689644314797732e+02 -1.052647412248143866e+02
-1.026897505905771339e+02 -1.026955715215800637e+02
-1.007308635758510889e+02 -1.007211636930175445e+02
-1.080806087647401057e+02 -1.080748825071154471e+02
-1.080544589867574246e+02 -1.080534945236017847e+02
-9.984629608897918729e+01 -9.985516007037958275e+01
-1.079740624315292337e+02 -1.079728790313923099e+02
