0.000000000000000000e+00 0.000000000000000000e+00
-1.084077865996543011e+02 -1.080366495342298094e+02
-1.052943708995683352e+02 -1.053081619549269732e+02
-1.053824467012111370e+02 -1.053054128227932154e+02
-1.106977523939145698e+02 -1.107060930134527297e+02
-1.106664698406174097e+02 -1.106486517126192695e+02
-1.080958024597867677e+02 -1.080580563632953215e+02
-1.027260289162720142e+02 -1.024714532915516685e+02
-1.000190669192333957e+02 -9.986279245332922017e+01
-1.052204108263654518e+02 -1.051958030495185170e+02
-1.080946416534863630e+02 -1.080372762610380448e+02
-1.079943068502203261e+02 -1.079851872930789511e+02
-1.106682868539322158e+02 -1.106662246045919176e+02
-1.080473718512268562e+02 -1.080481693331212227e+02
-1.026527462660868935e+02 -1.026183746746792025e+02
-1.025151840368444880e+02 -1.025421502567227634e+02
-1.080769648008201216e+02 -1.080590013859196574e+02
-1.052480820376747488e+02 -1.052666522843676091e+02
-1.043298363761092133e+02 -1.041492277393029440e+02
-1.080328758712417994e+02 -1.080307188216346361e+02
-9.989093537883323393e+01 -9.981833946031457572e+01
-9.175575041199569171e+01 -9.164297586841773580e+01
-1.079917302128089887e+02 -1.079904660977324227e+02
-1.026364583363948526e+02 -1.025980646030565424e+02
-1.026121006800897959e+02 -1.025824560612598617e+02
-1.080087009833906961e+02 -1.080064073736990053e+02
-1.106954902302197326e+02 -1.107187338446033067e+02
-1.107793611803892162e+02 -1.107670068627827362e+02
-1.081606967466275364e+02 -1.081117785489105785e+02
-9.973539771704218992e+01 -9.976402441621556250e+01
-1.042774087556475564e+02 -1.041818174387921232e+02
-1.025390616196650910e+02 -1.025023961463056850e+02
-1.043670794923125413e+02 -1.042866997839727503e+02
-1.025954663624992662e+02 -1.025799499997207391e+02
-1.052753807854748089e+02 -1.052740705824141969e+02
-1.026444842345001547e+02 -1.025559069857966961e+02
-1.080485515154805256e+02 -1.080532662920840323e+02
-1.053326785414446505e+02 -1.053280824131541920e+02
-1.053471186445692638e+02 -1.053192331239798136e+02
-1.080178013454524546e+02 -1.080069658959734085e+02
-9.930036362158728025e+01 -9.921069206059863177e+01
-9.985032903332937337e+01 -9.988895960578688005e+01
-1.025577079334842381e+02 -1.025546346951512504e+02
-1.081216894188921742e+02 -1.080922138817143434e+02
-1.052514933493814908e+02 -1.052388546951078325e+02
-9.984567466144342518e+01 -9.986115925949938799e+01
-1.107027696670154313e+02 -1.107188089952251886e+02
-1.081130346305148038e+02 -1.080904853569285251e+02
-1.053801451404406464e+02 -1.053726469908368699e+02
-1.106327172967219497e+02 -1.106629074201037781e+02
-1.025646862267802959e+02 -1.025483517605111388e+02
-1.025560662097980753e+02 -1.025562757478349170e+02
-1.052674375035468159e+02 -1.052802921063230173e+02
-9.969025131390650074e+01 -9.970599713481455240e+01
-1.080772472961807296e+02 -1.080749254932704559e+02
-1.025540556087583326e+02 -1.025539062618593675e+02
-1.053571305386602290e+02 -1.053519346907890650e+02
-9.419607546248298036e+01 -9.420906365169413732e+01
-1.013523122331658897e+02 -1.014650871331046744e+02
-1.052670605860484585e+02 -1.052397410416401726e+02
-1.024622116184709881e+02 -1.024704423792465207e+02
-1.052865958835677844e+02 -1.052816986812384386e+02
-1.053369314878149936e+02 -1.053350075303802384e+02
-1.053410375991979748e+02 -1.053389859479044759e+02
-1.107144751063514860e+02 -1.107167105534825708e+02
-1.053964690892281624e+02 -1.053781481364272992e+02
-9.733057690508910298e+01 -9.727988827252004000e+01
-1.040536932537620913e+02 -1.041713859081482099e+02
-1.079971862230286348e+02 -1.079935010137298121e+02
-1.053418258085743560e+02 -1.053327650767578376e+02
-1.081239486904019316e+02 -1.081254167492351854e+02
-9.975722116935392592e+01 -9.975082490496015453e+01
-1.079321527057590799e+02 -1.079339039218615142e+02
-1.053575772995371977e+02 -1.053499446884116679e+02
-1.053396116206062771e+02 -1.053109273919742463e+02
-1.017509735501014205e+02 -1.017563638265818184e+02
-9.468466335800691525e+01 -9.459521103600827985e+01
-1.025039955933023492e+02 -1.024986942020466216e+02
-1.052933041430573127e+02 -1.053014672884917076e+02
-1.026548758062831155e+02 -1.026531475726328182e+02
-1.024733106326143144e+02 -1.024788050427058153e+02
-9.990586252192387917e+01 -9.989024375836821434e+01
-1.052779801703717482e+02 -1.052608981594053859e+02
-1.054168942873762944e+02 -1.053934622945225499e+02
-1.079993026743898241e+02 -1.079975352157691759e+02
-1.039727742805220885e+02 -1.040671344811522943e+02
-1.036888159211269880e+02 -1.037342635405678948e+02
-1.053584792373917196e+02 -1.053567735393914404e+02
-9.975656815647444375e+01 -9.977269933323439943e+01
-1.054192932844762822e+02 -1.053935271075632727e+02
-1.052447190254750353e+02 -1.052256925818362845e+02
-1.053417367929874757e+02 -1.053329790716553873e+02
-1.079956298267101431e+02 -1.079934490859060077e+02
-1.067685925579284429e+02 -1.068275153743150838e+02
-1.036155594903618464e+02 -1.037015457250983275e+02
-1.025378663787772808e+02 -1.025643139888276352e+02
-1.018855235518723674e+02 -1.018289264105302294e+02
-1.052691565907543350e+02 -1.052519336365785563e+02
-1.025483795159571088e+02 -1.025628042017814749e+02
-1.054024755080303066e+02 -1.053921921242752262e+02
-1.053567943533675617e+02 -1.053508399632789576e+02
-1.052806674291760203e+02 -1.052714081833886866e+02
-1.080707606552334852e+02 -1.080484826566301422e+02
-1.080331771345881009e+02 -1.080215687645878404e+02
-1.026363994132911159e+02 -1.026167715655238624e+02
-1.053563847657089099e+02 -1.053468606933553957e+02
-1.080300578868124006e+02 -1.080248210219906042e+02
-1.053225308166628338e+02 -1.053062968513815463e+02
-1.001617008753194114e+02 -1.002480174016360195e+02
-1.080570054053695657e+02 -1.080548319927772241e+02
-1.053714550518070752e+02 -1.053751861086112172e+02
-1.081051207828587906e+02 -1.081065568739130214e+02
-1.052775859262260383e+02 -1.052737211214985393e+02
-1.067150839900421175e+02 -1.067757555682590009e+02
-1.018927601636696210e+02 -1.018239439828823691e+02
-1.051990401989816206e+02 -1.051818078689278337e+02
-1.080254041923784030e+02 -1.080190119579221033e+02
-1.026604848011317443e+02 -1.026630671967097896e+02
-9.974549177871409711e+01 -9.974311492102883392e+01
-1.052145968716685758e+02 -1.052346714474152520e+02
-1.079214211125389653e+02 -1.079088447330962595e+02
-1.026422332770764143e+02 -1.026532724733808379e+02
-1.054258470505700558e+02 -1.054210416192302944e+02
-1.080739055771970527e+02 -1.080683121210826556e+02
-9.991781975131418392e+01 -9.994286380504806289e+01
-9.603134142740947254e+01 -9.605126700277405405e+01
-1.080601056506927335e+02 -1.080579900438837768e+02
-1.023987879244255623e+02 -1.023964652596411611e+02
-9.987455644398620791e+01 -9.988229997990369213e+01
-1.017928087155622734e+02 -1.018033503550151408e+02
-1.019301259849588064e+02 -1.018723217102511001e+02
-1.024911462877470854e+02 -1.024966045978625715e+02
-1.053512271799549893e+02 -1.053483015008791028e+02
-1.107251453293822721e+02 -1.107213192919682996e+02
-1.052099901270208591e+02 -1.052073025182297243e+02
-1.025331127524005268e+02 -1.025367292821398735e+02
-1.053409132917444708e+02 -1.053215313129211808e+02
-1.056151496785149675e+02 -1.055961527647528726e+02
-1.053560923254277810e+02 -1.053525600923714194e+02
-1.079811674961221115e+02 -1.079685752233261695e+02
-1.080942033893534386e+02 -1.080791604128145451e+02
-9.982117248365570106e+01 -9.983198720553752992e+01
-1.025942913603796853e+02 -1.025824165088257161e+02
-1.080830579729997822e+02 -1.080753321872174268e+02
-1.080316317082772457e+02 -1.080218056010329093e+02
-1.080013583751128294e+02 -1.079945119686156829e+02
-1.080767858334397289e+02 -1.080742931396626290e+02
-1.107310412342776118e+02 -1.107249898001479238e+02
-1.080354836205874278e+02 -1.080265444569358380e+02
-9.179603643742605357e+01 -9.177039466081305363e+01
-1.080321001311945111e+02 -1.080220619441055163e+02
-1.052986561182815990e+02 -1.053135222633967061e+02
-1.080042352175868672e+02 -1.079942577212067647e+02
-1.080497272463833127e+02 -1.080529752126540615e+02
-1.026923046104838733e+02 -1.026618158903737452e+02
-1.027190716973827591e+02 -1.027194308018518569e+02
-1.053391753269395394e+02 -1.053378416923641652e+02
-1.025535730173564986e+02 -1.025925480608603095e+02
-1.107737688477979248e+02 -1.107754290535737027e+02
-1.081258258045615435e+02 -1.081228941640297307e+02
-1.080779270357092372e+02 -1.080722440584579402e+02
-1.052296713818369795e+02 -1.052294007198395036e+02
-1.040525305470613944e+02 -1.041099611151012425e+02
-1.052245743433630878e+02 -1.052174032227716083e+02
-9.978135716986686532e+01 -9.977856983998889007e+01
-9.827955822213232295e+01 -9.831876574434200222e+01
-1.080241912997703935e+02 -1.080218603263424058e+02
-1.053706582985750799e+02 -1.053738223820864874e+02
-1.107293021570664564e+02 -1.107197038644425078e+02
-1.010132475694869783e+02 -1.009254963889747643e+02
-1.053386786168459821e+02 -1.053362164087128150e+02
-1.107261268016774238e+02 -1.107222620957163599e+02
-1.055496488837649736e+02 -1.056056449134555351e+02
-1.026508613662309699e+02 -1.026516930584472220e+02
-1.080555577776669622e+02 -1.080487560219957146e+02
-1.013408022721896629e+02 -1.013696202905362043e+02
-1.079791221006003354e+02 -1.079770205426964935e+02
-9.990018087628004650e+01 -9.992023446933421837e+01
-1.053346758038839397e+02 -1.053347836539664542e+02
-1.080552637452551323e+02 -1.080570989365508865e+02
-1.001091127967454639e+02 -1.000862989886756083e+02
-1.020499813969802574e+02 -1.019856306308788163e+02
-9.918877903153925502e+01 -9.914447682859881184e+01
-1.053593198249303811e+02 -1.053570046006053786e+02
-1.026581456759971900e+02 -1.026565832237931062e+02
-9.919517920525180443e+01 -9.913468089498138625e+01
-1.080348947209249815e+02 -1.080272964522899599e+02
-1.079991154079464621e+02 -1.079987513292625891e+02
-1.107799860018329525e+02 -1.107759596722583098e+02
-1.106772863705075451e+02 -1.106638785586348632e+02
-1.026072651918103986e+02 -1.026082030570301526e+02
-1.023939802649568804e+02 -1.023982277611950877e+02
-1.026110403312940775e+02 -1.026173779278506544e+02
-1.026058164253062017e+02 -1.026085310984806966e+02
-1.079727496336811328e+02 -1.079773016330857018e+02
-1.080549140635707062e+02 -1.080388105521536630e+02
-1.026879888668640746e+02 -1.026634679634775296e+02
-1.026277537273667377e+02 -1.026345647028805388e+02
-9.974318803373044773e+01 -9.974841031197603058e+01
-1.079850876986372583e+02 -1.079810504049995927e+02
-1.044003430916952055e+02 -1.044055800657427113e+02
-1.052788239343905019e+02 -1.052646408427890066e+02
-1.052573481473172166e+02 -1.052457326852093757e+02
-1.023940019582737619e+02 -1.024041658642107677e+02
-9.920633785386972647e+01 -9.916424099440833118e+01
-1.043584087371458224e+02 -1.044048563321502598e+02
-1.025711720807686760e+02 -1.025827301416382369e+02
-1.080357502216013472e+02 -1.080349744268227852e+02
-1.080990220150386136e+02 -1.080988149801031710e+02
-1.025517290411417122e+02 -1.025688987523791269e+02
-1.054036211687819389e+02 -1.054024234577551340e+02
-1.053267594231409134e+02 -1.053170811769878412e+02
-1.134481457079134543e+02 -1.134441801803541807e+02
-1.107757075791774071e+02 -1.107752263470659955e+02
-1.026325351743723644e+02 -1.026461067574035582e+02
-1.054162211080736995e+02 -1.054166581350377641e+02
-1.017858249400927377e+02 -1.017801488001730377e+02
-1.026194715706237020e+02 -1.026289641816109821e+02
-1.080770453542653797e+02 -1.080756149755693798e+02
-1.080010845475801347e+02 -1.080068765525394241e+02
-1.053729061076968492e+02 -1.053745807051814012e+02
-1.026276740960945375e+02 -1.026348725378024085e+02
-1.106740268566531853e+02 -1.106675101326594159e+02
-1.041392033290253210e+02 -1.041663918651815095e+02
-1.052503617101188382e+02 -1.052490612422473930e+02
-1.053871490545485159e+02 -1.053863297855930057e+02
-1.052988667040530402e+02 -1.053043715063216581e+02
-9.414708496969750229e+01 -9.418150134846050037e+01
-1.107290142387440000e+02 -1.107155577665338626e+02
-1.081040277516398902e+02 -1.081042063632283998e+02
-1.052550625780660027e+02 -1.052505793079669587e+02
-1.027042897783587705e+02 -1.026970065528479097e+02
-1.063697427606831525e+02 -1.063699142692775581e+02
-9.981243312484572527e+01 -9.980897590666278063e+01
-9.877637223974909375e+01 -9.880188456449266710e+01
-9.725351953475964706e+01 -9.725117960683746787e+01
-1.026085030463673178e+02 -1.026273067612606269e+02
-1.054099703666457373e+02 -1.054090821873149366e+02
-1.080519424556899395e+02 -1.080539654133118148e+02
-1.053525496811827082e+02 -1.053583262900487938e+02
-1.025792700028193707e+02 -1.025938132017046343e+02
-1.052406405001152478e+02 -1.052364700051559794e+02
-1.107280796226818467e+02 -1.107156338953259223e+02
-9.742669230915963396e+01 -9.735511476153452293e+01
-1.052781889698349858e+02 -1.052750338785440363e+02
-1.026832856477026326e+02 -1.026833778615341402e+02
-9.425487704854923265e+01 -9.424875398597471587e+01
-1.053626981631171589e+02 -1.053564025427009909e+02
-1.026489631167180647e+02 -1.026446329445030727e+02
-1.025569033477288770e+02 -1.025601543866415852e+02
-1.025612566194224371e+02 -1.025621886747857161e+02
-1.080812512085149564e+02 -1.080791411226443017e+02
-1.019063592977772572e+02 -1.019857159367175967e+02
-1.053468084994209732e+02 -1.053442004046280829e+02
-1.053039174103714970e+02 -1.052978536240795222e+02
-1.025518876596524365e+02 -1.025607540840993721e+02
-1.052787336771402664e+02 -1.052767907862735655e+02
-1.079793154245670195e+02 -1.079678216595726781e+02
-1.041292952164958763e+02 -1.041297060138431334e+02
-9.982038312148358727e+01 -9.983300875294048637e+01
-9.976463053218681409e+01 -9.977166051582527473e+01
-1.107811761864612095e+02 -1.107761005937740606e+02
-1.052012874391655117e+02 -1.052011861845807488e+02
-1.067999939737014614e+02 -1.068457390034786556e+02
-1.079811880532542148e+02 -1.079775663631381235e+02
-1.042308269664294471e+02 -1.042318204426741488e+02
-1.080106243342500250e+02 -1.080069443223667491e+02
-1.054789247396423235e+02 -1.054773764785308430e+02
-1.053492165201445374e+02 -1.053482723396392373e+02
-1.080601896256353740e+02 -1.080562468904461184e+02
-1.080765372959405681e+02 -1.080735315180736933e+02
-1.080760360266790201e+02 -1.080722434373325598e+02
-1.107049986804009762e+02 -1.106914819655147824e+02
-1.052745055395302671e+02 -1.052739701270443788e+02
-9.971918503277274226e+01 -9.972638923992832360e+01
-1.014962175572540559e+02 -1.014799888403999830e+02
-1.052267356689202984e+02 -1.052246170042472357e+02
-9.619948273545514894e+01 -9.623120771649431049e+01
-1.053062499799821836e+02 -1.053010860987095754e+02
-9.985080545976958888e+01 -9.981961180240392650e+01
-1.052266146392057209e+02 -1.052246743788936385e+02
-9.985394967149673562e+01 -9.985872240078631989e+01
-1.080826922010814428e+02 -1.080778967535120927e+02
-1.080007484394881629e+02 -1.079952567668295842e+02
-1.080015850164527080e+02 -1.079966352826521927e+02
-1.009268292856122997e+02 -1.008926964881638071e+02
-1.052974116549647619e+02 -1.052957659297232311e+02
-1.026204279771942964e+02 -1.026232228760132728e+02
-1.025515231869952260e+02 -1.025503493018336059e+02
-1.080074213154930476e+02 -1.080059317722207339e+02
-9.433599873930536717e+01 -9.435820634423195941e+01
-9.983947418565981025e+01 -9.984533551981763821e+01
-1.025340637441635039e+02 -1.025346875975860854e+02
-1.027128000174084832e+02 -1.027094863741528599e+02
-1.080092940052396813e+02 -1.080055140262294771e+02
-1.052200082831351722e+02 -1.052155923785862086e+02
-1.024839139604005709e+02 -1.024878478454190116e+02
-1.053077453957698424e+02 -1.053086870459331124e+02
-1.107287662063022822e+02 -1.107177986472940034e+02
-9.712524035391763277e+01 -9.712140648077549088e+01
-9.864881496666974670e+01 -9.871057698114421441e+01
-1.026956492207238512e+02 -1.026969955578574485e+02
-1.053020163560757254e+02 -1.053007399494490954e+02
-1.053353468162518425e+02 -1.053357498343693948e+02
-1.053154680054225594e+02 -1.053146840384029446e+02
-1.053043511773427952e+02 -1.053040857469509604e+02
-1.080517858659098209e+02 -1.080495571436198361e+02
-1.054004447500073525e+02 -1.054079935623841777e+02
-1.052054244416630837e+02 -1.052002712866619021e+02
-1.032882488101159737e+02 -1.033020316515757173e+02
-1.046092302793803128e+02 -1.046003482982667947e+02
-1.052566364334988691e+02 -1.052515831627257512e+02
-1.052488507774746296e+02 -1.052436531889479170e+02
-1.080567328169772878e+02 -1.080542013228487406e+02
-1.044258837739413792e+02 -1.044139611668622223e+02
-1.107761604299854525e+02 -1.107749317662571968e+02
-1.053515399004624271e+02 -1.053555544221810578e+02
-1.026335301223804208e+02 -1.026369114768291837e+02
-1.081002290882138936e+02 -1.081004306040042877e+02
-1.107812433442067572e+02 -1.107763789236110199e+02
-1.024839786475989030e+02 -1.024905463386375999e+02
-1.053297307098657853e+02 -1.053307831907741985e+02
-9.601227597483564580e+01 -9.604236388649138689e+01
-1.054150647582188469e+02 -1.054122924988947432e+02
-1.080005520651021413e+02 -1.079930969476222060e+02
-1.080770463761894860e+02 -1.080734779600500701e+02
-9.996660923302287927e+01 -9.996841160786382829e+01
-1.025553780806458377e+02 -1.025627490866863809e+02
-1.107212387488829961e+02 -1.107175786513837181e+02
-1.042884213592460441e+02 -1.042626950361281359e+02
-9.712562902207872639e+01 -9.713691671518643034e+01
-1.053234974771686723e+02 -1.053222046607683922e+02
-1.040767338664744557e+02 -1.041095953258036531e+02
-1.068632661895483409e+02 -1.068916574565124336e+02
-1.053044529341488840e+02 -1.053010418228864751e+02
-1.051547198467336841e+02 -1.051462477346344997e+02
-1.025795746030137252e+02 -1.025834521133475477e+02
-1.025758327890705885e+02 -1.025858318050687643e+02
-1.026062864741490017e+02 -1.025881152526768716e+02
-9.710252272794060957e+01 -9.710774751817331207e+01
-1.026241897101587881e+02 -1.026250280768604171e+02
-1.052927062302225494e+02 -1.052893513619942354e+02
-1.080062158818598732e+02 -1.080068807365249057e+02
-1.079493871390840383e+02 -1.079381022086066366e+02
-1.106711899758574305e+02 -1.106648975296590436e+02
-1.052791448835020134e+02 -1.052807190944668321e+02
-1.041731150397801713e+02 -1.041810759613649822e+02
-1.019144378055804481e+02 -1.018979560314945871e+02
-9.660617021795863479e+01 -9.655991630408095716e+01
-9.996970906642926025e+01 -9.997513842010157248e+01
-1.107280246060587103e+02 -1.107180937079692882e+02
-1.080839535270760052e+02 -1.080791997845515624e+02
-9.995669040293036289e+01 -9.996306622082845195e+01
-1.025257180447114251e+02 -1.025267553774249052e+02
-1.027014448881753310e+02 -1.027107644933073942e+02
-1.054089619864610512e+02 -1.054083533273438746e+02
-1.052456052693458588e+02 -1.052430118024706331e+02
-1.025495651466682290e+02 -1.025507058183560076e+02
-1.025372781083667917e+02 -1.025416889069898048e+02
-9.980331218206750066e+01 -9.980593151638372262e+01
-1.053308572244750820e+02 -1.053287179387623098e+02
-1.024306691693164879e+02 -1.024309165083934232e+02
-9.586680818054315978e+01 -9.591887170308461918e+01
-1.053130473442738975e+02 -1.053093246548641986e+02
-1.080571988868794335e+02 -1.080540730811037662e+02
-1.014336457654330985e+02 -1.014597270182036510e+02
-1.026550019040158190e+02 -1.026396345601509665e+02
-1.052469517353075190e+02 -1.052492824550665489e+02
-1.053298662706285000e+02 -1.053293318165381152e+02
-1.107783064357460887e+02 -1.107749059998921268e+02
-1.026001083106135354e+02 -1.026008445837289571e+02
-1.107777595617179571e+02 -1.107773076656535522e+02
-1.080691388733629168e+02 -1.080667796766971378e+02
-1.107266452374047532e+02 -1.107225625675024645e+02
-1.053080551204941600e+02 -1.053068546896926136e+02
-1.025375051844851129e+02 -1.025359396950901782e+02
-9.982027360257809789e+01 -9.981935190018516835e+01
-1.080594120655057111e+02 -1.080595666910079871e+02
-9.699892532600036077e+01 -9.700630595651973920e+01
-1.052050277916813883e+02 -1.052028312403723191e+02
-1.107777121385407639e+02 -1.107773121407257122e+02
-1.008014008247317719e+02 -1.008135263476993231e+02
-1.079905243983067180e+02 -1.079908489400386031e+02
-1.025039113757617031e+02 -1.025085179875149635e+02
-1.053488192797487386e+02 -1.053493700298203919e+02
-1.068916268384241448e+02 -1.068650707846569645e+02
-1.107324741062880804e+02 -1.107273190712963640e+02
-1.080006241481935660e+02 -1.079978094165278009e+02
-1.081258278466189608e+02 -1.081242002512447442e+02
-1.056104841081547505e+02 -1.055974811382850191e+02
-1.053412413097151017e+02 -1.053392131689082447e+02
-1.026481632933668067e+02 -1.026464499099409977e+02
-1.017949134717641613e+02 -1.018121867603583866e+02
-1.053527546271926667e+02 -1.053521624696054175e+02
-1.080574507036740783e+02 -1.080590820415071960e+02
-1.080562071539414148e+02 -1.080543891685050113e+02
-1.080596535112246812e+02 -1.080585179538252447e+02
-1.080553292232576439e+02 -1.080515290167359410e+02
-1.053029014569753201e+02 -1.053016858617312153e+02
-1.025543626708068956e+02 -1.025624415632374280e+02
