0.000000000000000000e+00 0.000000000000000000e+00 0.000000000000000000e+00 0.000000000000000000e+00 0.000000000000000000e+00
-1.079364851737506541e+02 -1.078640984143979864e+02 9.188020293947146699e-02 1.239792976479145873e+05 0.000000000000000000e+00
-9.727084587819167893e+01 -9.700713315480813037e+01 4.099068928254064881e-01 2.931296563939517455e+03 0.000000000000000000e+00
-1.053942424897208383e+02 -1.052564695717998973e+02 8.251151955521981995e-02 1.195131710995174071e+05 0.000000000000000000e+00
-1.053057588887403853e+02 -1.052511588601186787e+02 8.325035419975809758e-02 1.195098432437007577e+05 0.000000000000000000e+00
-1.027193678760983033e+02 -1.026149899466045667e+02 6.274016213334605852e-02 1.171589580314292834e+05 0.000000000000000000e+00
-1.025847887461190027e+02 -1.024954442081992028e+02 5.829278114272078842e-02 1.163404292580099282e+05 0.000000000000000000e+00
-1.079897573790787675e+02 -1.080002655009483732e+02 5.392112888925162939e-02 1.151288344997551758e+05 0.000000000000000000e+00
-1.015098658351632537e+02 -1.014947031261585408e+02 6.862076604164089877e-02 2.537900788573791215e+04 0.000000000000000000e+00
-1.052120554615389523e+02 -1.052558146475146117e+02 6.654164501666712250e-02 2.485579062927734412e+04 0.000000000000000000e+00
-1.008787858774239794e+02 -1.010343199873257163e+02 9.381313960898035598e-02 1.103597838055584580e+05 0.000000000000000000e+00
-1.080247208715970118e+02 -1.079967405386268240e+02 5.510417734082802277e-02 1.108212049589433882e+05 0.000000000000000000e+00
-1.106906644585069870e+02 -1.106963788244820392e+02 6.039175337305469071e-02 1.087199907856099308e+05 0.000000000000000000e+00
-1.053013593510297596e+02 -1.053024884686822560e+02 3.734299870482266775e-02 2.306576469254037147e+04 0.000000000000000000e+00
-1.027765957714113796e+02 -1.026846640495875960e+02 5.759939072355874795e-02 1.047155229618330777e+05 0.000000000000000000e+00
-9.607342310976966360e+01 -9.600856420124374324e+01 4.205237441057824155e-02 2.241078503201606873e+04 0.000000000000000000e+00
-1.026394505026789972e+02 -1.026193765233950472e+02 3.678050877532527962e-02 2.245230531575793066e+04 0.000000000000000000e+00
-1.025807278572567327e+02 -1.025330809128760450e+02 5.545363441599494847e-02 1.011239796829688275e+05 0.000000000000000000e+00
-9.713918508054936751e+01 -9.706940325725810226e+01 3.833576504051772887e-02 2.186724291870204252e+04 0.000000000000000000e+00
-9.945270711485511583e+01 -9.935799930060417751e+01 6.284102095227203644e-02 9.821679469454445643e+04 0.000000000000000000e+00
-1.053196937574622893e+02 -1.053260158660924901e+02 2.081214401171950154e-02 2.160626712037117250e+04 0.000000000000000000e+00
-1.080138940528490679e+02 -1.080485019105836102e+02 2.445700871115879735e-02 2.124644133002852323e+04 0.000000000000000000e+00
-1.080117943850294466e+02 -1.079978227527378465e+02 3.256938199210650947e-02 9.447936148368989234e+04 0.000000000000000000e+00
-1.025851523015348334e+02 -1.025515530139464460e+02 2.789230006431646369e-02 2.071268509135241038e+04 0.000000000000000000e+00
-1.053122145395226568e+02 -1.052981766088986433e+02 4.487458310551362822e-02 9.169320556376597960e+04 0.000000000000000000e+00
-1.063257632365530299e+02 -1.063050227702298827e+02 5.287711494725139127e-02 2.020749088440084597e+04 0.000000000000000000e+00
-1.079566303062315455e+02 -1.079904896499459852e+02 3.191378857008349973e-02 1.991662859784415923e+04 0.000000000000000000e+00
-1.045293529889386690e+02 -1.045373351347009674e+02 5.205419837155528945e-02 8.865235000474413391e+04 0.000000000000000000e+00
-1.017417923305931566e+02 -1.017164716898796826e+02 4.383871270651625018e-02 1.944524800670664990e+04 0.000000000000000000e+00
-1.081131056107688124e+02 -1.080786421848907821e+02 4.848134392451186603e-02 8.610786588707496412e+04 0.000000000000000000e+00
-9.193562651295688681e+01 3.021498339304530560e+17 1.375860345592279259e+02 1.892991690573305823e+04 0.000000000000000000e+00
-1.080453026183734835e+02 -1.080338544847965352e+02 2.811467796653977641e-02 8.497550527144371881e+04 0.000000000000000000e+00
-1.025482346806616789e+02 -1.025137393153234058e+02 4.174608180932071894e-02 8.376037057233440282e+04 0.000000000000000000e+00
-1.026818949214330559e+02 -1.025948487143259911e+02 4.069577612315287279e-02 8.270162168111892242e+04 0.000000000000000000e+00
-9.994019819935920168e+01 -9.994867869508831859e+01 3.222318590819879536e-02 1.831980258883105489e+04 0.000000000000000000e+00
-1.079805563649024975e+02 -1.079712857952220872e+02 3.020553120513020870e-02 8.128986697757983347e+04 0.000000000000000000e+00
-1.025506128882575609e+02 -1.025212123283028518e+02 2.848805307436845513e-02 8.018649256482777128e+04 0.000000000000000000e+00
-9.995737490231856270e+01 -9.988256423952771001e+01 3.340296784908289990e-02 7.921043380430541583e+04 0.000000000000000000e+00
-1.019459371112477299e+02 -1.018493103962241833e+02 4.306075170888296749e-02 1.777115867060780511e+04 0.000000000000000000e+00
-9.978612016527137030e+01 -9.976710799249045181e+01 2.128091906842174280e-02 1.810323887449708855e+04 0.000000000000000000e+00
-1.053371143574990327e+02 -1.053686467676956369e+02 1.816818569354684831e-02 2.433327742029398905e+03 0.000000000000000000e+00
-1.052653679159742666e+02 -1.052651185030621974e+02 3.626086519361322591e-02 7.595182425996488018e+04 0.000000000000000000e+00
-1.040752708676528187e+02 -1.041575174821711443e+02 4.096496895142666406e-02 7.499034508564605494e+04 0.000000000000000000e+00
-9.730849773011004800e+01 -9.723336382152344015e+01 3.236283561511185680e-02 7.474408319165483408e+04 0.000000000000000000e+00
-1.026141566003883838e+02 -1.025961125878681059e+02 2.486538317658775615e-02 7.444256577118871792e+04 0.000000000000000000e+00
-1.014483396385520138e+02 -1.014793121918799841e+02 3.286794719982695512e-02 7.357233286229998339e+04 0.000000000000000000e+00
-1.025955020404394844e+02 -1.026001693337123299e+02 1.511714493158016620e-02 1.697377435137462089e+04 0.000000000000000000e+00
-1.025395469716326744e+02 -1.025271690097294481e+02 2.421073342112065041e-02 7.192565263690214488e+04 0.000000000000000000e+00
-1.052372026925804107e+02 -1.052452421443226740e+02 1.441561606605898209e-02 1.657902785873443645e+04 0.000000000000000000e+00
-9.459185522346848529e+01 -9.454606974568285693e+01 3.006697892901153552e-02 1.639253220718471857e+04 0.000000000000000000e+00
-9.972900832447903952e+01 -9.972522684508976454e+01 4.310387202115843752e-02 6.974840913222653035e+04 0.000000000000000000e+00
-1.018846049363212956e+02 -1.018353847324234920e+02 4.218759218395722738e-02 6.895689411992894020e+04 0.000000000000000000e+00
-1.025799573746643603e+02 -1.025833625171347876e+02 1.184734511410841414e-02 1.604291119126494232e+04 0.000000000000000000e+00
-9.971252106289087180e+01 -9.970181102218390379e+01 3.889681837375343065e-02 6.767196211640180263e+04 0.000000000000000000e+00
-9.668860347444505976e+01 -9.659951498601373032e+01 5.070886825236703421e-02 6.693800444409587362e+04 0.000000000000000000e+00
-9.984778631168936158e+01 -9.985086936663221024e+01 1.712381285475846754e-02 1.589047031994479767e+04 0.000000000000000000e+00
-1.032438717199971876e+02 -1.032448321412926333e+02 2.861763514305656203e-02 1.572055584729982183e+04 0.000000000000000000e+00
-1.053049591087582684e+02 -1.053000548400551537e+02 1.715364346099651494e-02 1.555327501015680900e+04 0.000000000000000000e+00
-1.080591536249127387e+02 -1.080722470350091271e+02 1.533408723208703160e-02 1.539121676766183191e+04 0.000000000000000000e+00
-1.037409890964456736e+02 -1.037976811605267784e+02 4.389929464576253215e-02 6.433597597346268594e+04 0.000000000000000000e+00
-9.650276227011038088e+01 -9.647725839714298957e+01 5.594491959602339998e-02 6.391817906134537043e+04 0.000000000000000000e+00
-1.000408195283298056e+02 -9.998461775521816719e+01 2.463034466967080685e-02 6.330987978308353195e+04 0.000000000000000000e+00
-1.052644382011853565e+02 -1.052734673351041579e+02 2.166149243237770056e-02 6.296020099608148303e+04 0.000000000000000000e+00
-1.027492530016870234e+02 -1.027044000986703196e+02 4.315851012280171040e-02 6.233838278413980879e+04 0.000000000000000000e+00
-1.019397290039166677e+02 -1.019012005262808032e+02 3.893441849595782878e-02 6.187295831363360776e+04 0.000000000000000000e+00
-1.006560633698622382e+02 -1.006762649141315507e+02 2.764855881817897959e-02 1.450087430588774987e+04 0.000000000000000000e+00
-1.054018468949052760e+02 -1.053902917509976760e+02 2.190016240154233143e-02 6.078471855343521747e+04 0.000000000000000000e+00
-1.053975126731366601e+02 -1.054112973188505578e+02 1.461580301772007380e-02 1.425377692789287175e+04 0.000000000000000000e+00
-9.704525158971472365e+01 -9.702781147968305220e+01 2.761550712630791646e-02 1.970974674809214093e+03 0.000000000000000000e+00
-1.025106811311565735e+02 -1.025060390590177377e+02 1.089565185942597582e-02 1.957219184884296283e+03 0.000000000000000000e+00
-1.062288045331026893e+02 -1.061923572823278334e+02 2.308476510910275128e-02 1.939959434364787512e+03 0.000000000000000000e+00
-1.080563952564424284e+02 -1.080726800534150982e+02 1.277890453946258983e-02 1.406379213685942523e+04 0.000000000000000000e+00
-9.991935561283271738e+01 -9.991947856146978779e+01 1.182762775767473053e-02 1.395748076643148852e+04 0.000000000000000000e+00
-1.052670831058538283e+02 -1.052778912088380565e+02 9.869627608792223838e-03 1.383058578798081362e+04 0.000000000000000000e+00
-1.026289203135248158e+02 -1.026206388918164265e+02 1.904861209322251253e-02 5.684266032441575953e+04 0.000000000000000000e+00
-1.026504777466048779e+02 -1.026521549332689602e+02 1.099549081023776242e-02 1.359302999108710537e+04 0.000000000000000000e+00
-9.997742378776167982e+01 -9.995124212358716420e+01 2.422439132067610856e-02 5.584435992256811733e+04 0.000000000000000000e+00
-1.053502883658688063e+02 -1.053455979442453412e+02 1.751241211536285619e-02 5.541069511568101734e+04 0.000000000000000000e+00
-1.079890660344925948e+02 -1.079924541906260629e+02 2.087537962860032056e-02 5.493040422333835886e+04 0.000000000000000000e+00
-9.986310367593678450e+01 -9.984537745511502749e+01 1.819437420182448348e-02 5.445795622495386488e+04 0.000000000000000000e+00
-9.635604642782668350e+01 1.192976661687467041e+12 4.243215600270819010e+01 1.800487863038164960e+03 0.000000000000000000e+00
-1.025855484111324074e+02 -1.025727804981420803e+02 1.848392945374754265e-02 5.401893271697166347e+04 0.000000000000000000e+00
-1.015448066128903122e+02 -1.015625622074325349e+02 2.190296689254191131e-02 1.294297967163892463e+04 0.000000000000000000e+00
-1.026026354566988914e+02 -1.026097857189936917e+02 1.037372916553762174e-02 1.285188441003841763e+04 0.000000000000000000e+00
-1.080418382256259662e+02 -1.080457097987088559e+02 2.038989052865137694e-02 5.300992688618427928e+04 0.000000000000000000e+00
-1.026499974620927844e+02 -1.026581496724516143e+02 9.250777753705070536e-03 1.264581733089109002e+04 0.000000000000000000e+00
-1.021303066918606532e+02 -1.021596671024668410e+02 3.765321262629633264e-02 1.254755234553485570e+04 0.000000000000000000e+00
-9.977088136037744448e+01 -9.974538955375965088e+01 3.455164156739219672e-02 5.241711822624553315e+04 0.000000000000000000e+00
-9.999164210746133108e+01 -9.996446412289257921e+01 2.282679689142310536e-02 5.203696882115445624e+04 0.000000000000000000e+00
-1.052743033993595247e+02 -1.052852208864121195e+02 9.747300419907204902e-03 1.229644998776174361e+04 0.000000000000000000e+00
-1.106816299228304388e+02 -1.106767164749890213e+02 1.880325221329992927e-02 5.131639334568783670e+04 0.000000000000000000e+00
-1.080169786831976211e+02 -1.080216547958984989e+02 1.175569905769307220e-02 1.211832783197038043e+04 0.000000000000000000e+00
-1.053102726273203729e+02 -1.053311334334097040e+02 1.175761754705263035e-02 1.202532822918880265e+04 0.000000000000000000e+00
-1.036596484784824383e+02 -1.036878178840143079e+02 2.942694918332445717e-02 5.016529757972602965e+04 0.000000000000000000e+00
-1.080385586997437599e+02 -1.080539464491394455e+02 9.866424244856304010e-03 1.186927117470400117e+04 0.000000000000000000e+00
-1.106533401231919385e+02 -1.106490683836966156e+02 2.081068484659113343e-02 4.947620593255798303e+04 0.000000000000000000e+00
-1.080223323769812396e+02 -1.080255118981736331e+02 1.326498982288526821e-02 1.170732827900096891e+04 0.000000000000000000e+00
-1.027056569146479887e+02 -1.026580509359632174e+02 2.702762914941707686e-02 4.877049303118769603e+04 0.000000000000000000e+00
-9.425834863933813779e+01 -9.426812315057775038e+01 3.722351321472975455e-02 4.855461910523107508e+04 0.000000000000000000e+00
-1.080057442042603952e+02 -1.080169484432687881e+02 9.689754873234217650e-03 1.152191758919777749e+04 0.000000000000000000e+00
-1.080402344946270574e+02 -1.080540274719609499e+02 9.221699239678679549e-03 1.144561856107441236e+04 0.000000000000000000e+00
-1.026287650501775488e+02 -1.026135102129806000e+02 1.721299523697287365e-02 4.753440619239386433e+04 0.000000000000000000e+00
-1.053233498836035693e+02 -1.053131453555435826e+02 1.293965609875655579e-02 4.720661787144507980e+04 0.000000000000000000e+00
-1.008644978696174093e+02 -1.008529045054370812e+02 1.985257273744859066e-02 1.587814678132675681e+03 0.000000000000000000e+00
-1.053837538106648424e+02 -1.053737629331242687e+02 1.575621052932841062e-02 4.664152222228662140e+04 0.000000000000000000e+00
-1.080189129067353946e+02 -1.080130024881616180e+02 1.564007580048167728e-02 4.631715995738164929e+04 0.000000000000000000e+00
-1.107124367530342255e+02 -1.107138293330080927e+02 1.724404410935339443e-02 4.599315195216256689e+04 0.000000000000000000e+00
-1.080658963984166689e+02 -1.080752531704275015e+02 8.934387755362458577e-03 1.100122474667584356e+04 0.000000000000000000e+00
-9.927408987225445003e+01 -9.926607714737029653e+01 1.329728763712181849e-02 1.093082701079744038e+04 0.000000000000000000e+00
-1.052155497621869529e+02 -1.052028663810791613e+02 1.650126125021857126e-02 4.506326806006481638e+04 0.000000000000000000e+00
-1.080966041601105445e+02 -1.080875204545262847e+02 1.898961235741905215e-02 4.476526943153197499e+04 0.000000000000000000e+00
-1.052958519350275992e+02 -1.052932261766831772e+02 1.047895181925996393e-02 4.446567313956839644e+04 0.000000000000000000e+00
-1.025513757576104439e+02 -1.025462393528464844e+02 1.148998369902546127e-02 4.416571228243134829e+04 0.000000000000000000e+00
-1.107088884005187168e+02 -1.107229470416567949e+02 1.061057270984142216e-02 1.057224229672903857e+04 0.000000000000000000e+00
-9.983687100642464429e+01 -9.984181300590212516e+01 8.399061706622716270e-03 1.051358134387331665e+04 0.000000000000000000e+00
-1.079558932323091938e+02 -1.079723713818675890e+02 8.343496112481724181e-03 1.044518641791551272e+04 0.000000000000000000e+00
-1.080548526613220019e+02 -1.080578712006705757e+02 9.143864273209912838e-03 1.039326243326324038e+04 0.000000000000000000e+00
-1.025561952146423295e+02 -1.025576040797870547e+02 1.414518559167084535e-02 4.281754141985018941e+04 0.000000000000000000e+00
-1.080676831513007556e+02 -1.080755102979218520e+02 7.777210394169607223e-03 1.025887771269052610e+04 0.000000000000000000e+00
-1.024742527003876376e+02 -1.024683100760632897e+02 1.331205479613492039e-02 4.227933188230433734e+04 0.000000000000000000e+00
-1.081184128173881334e+02 -1.081105980727098768e+02 1.501287643484985890e-02 4.201047834533633431e+04 0.000000000000000000e+00
-1.024409159731408607e+02 -1.024429853621704183e+02 1.448872192781856978e-02 1.006754472189597618e+04 0.000000000000000000e+00
-1.080461112526751322e+02 -1.080401425346293109e+02 1.299280253809167833e-02 4.149480552980799257e+04 0.000000000000000000e+00
-1.079836075300633240e+02 -1.079983384052925288e+02 6.887932186022934292e-03 9.941475981628766021e+03 0.000000000000000000e+00
-1.027221521901658861e+02 -1.027292528071310471e+02 1.109524651731111713e-02 9.891943894906527930e+03 0.000000000000000000e+00
-1.107667203170729096e+02 -1.107646104773974827e+02 1.464888652154178010e-02 4.073873522631834203e+04 0.000000000000000000e+00
-1.080414949381513026e+02 -1.080511923384736974e+02 6.920012855617815005e-03 9.774636744320139769e+03 0.000000000000000000e+00
-1.026347512191499050e+02 -1.026399591675784961e+02 7.727157961632843790e-03 9.720271732865403465e+03 0.000000000000000000e+00
-1.080974431886341591e+02 -1.080922832305613923e+02 1.487796164751651815e-02 4.002658967975417909e+04 0.000000000000000000e+00
-1.053366896999069837e+02 -1.053435891964314237e+02 5.073598862986877615e-03 1.356562603689840216e+03 0.000000000000000000e+00
-1.052495218965389370e+02 -1.052532022778374738e+02 9.862911163930980149e-03 9.547040665798436748e+03 0.000000000000000000e+00
-1.068187006871487199e+02 -1.068434176503706965e+02 1.482328225216106646e-02 9.490714154093555408e+03 0.000000000000000000e+00
-1.016855280520523905e+02 -1.016654271303175818e+02 3.321172310957140605e-02 3.929448049893367715e+04 0.000000000000000000e+00
-1.053293701221315928e+02 -1.053290679294254630e+02 7.041418885336007440e-03 9.444379303017994971e+03 0.000000000000000000e+00
-1.018217551115305781e+02 -1.018105329110954784e+02 1.906977983411745417e-02 3.885895357238198631e+04 0.000000000000000000e+00
-1.052770895891888330e+02 -1.052763966784498990e+02 1.150325653860076978e-02 3.863790925781091937e+04 0.000000000000000000e+00
-1.080531369410326619e+02 -1.080591140772982044e+02 8.051999658200427110e-03 9.286918722335958591e+03 0.000000000000000000e+00
-1.052957158926273422e+02 -1.052937706479613951e+02 1.185322336077421213e-02 3.821476846755830775e+04 0.000000000000000000e+00
-1.052764899287949163e+02 -1.052701701951911986e+02 1.100694189282119990e-02 3.799535190334243089e+04 0.000000000000000000e+00
-1.079931069443035625e+02 -1.079906604939163657e+02 8.999483081370270726e-03 3.778052762572454230e+04 0.000000000000000000e+00
-1.025153112575285803e+02 -1.025235624737174192e+02 1.021801553049397036e-02 9.078782108431512825e+03 0.000000000000000000e+00
-1.080469810475245822e+02 -1.080433142120632795e+02 9.158809426525285971e-03 3.738619421615546162e+04 0.000000000000000000e+00
-1.080526213651308467e+02 -1.080586194099050488e+02 7.229702033180305035e-03 8.981182075832306509e+03 0.000000000000000000e+00
-9.882944480163266121e+01 -9.884956222022643146e+01 1.281620182869274566e-02 8.933005603470299320e+03 0.000000000000000000e+00
-1.053432540821233658e+02 -1.053465823051990640e+02 9.071975698932335103e-03 8.900271523447438085e+03 0.000000000000000000e+00
-1.054196573227619211e+02 -1.054115090760151787e+02 1.365748144318262511e-02 3.669456132738277665e+04 0.000000000000000000e+00
-1.026263505915311782e+02 -1.026192101802070908e+02 1.082221511481663324e-02 3.649623035337116744e+04 0.000000000000000000e+00
-1.079953725263490725e+02 -1.079957618471018321e+02 9.471948247541286947e-03 3.629966567187436885e+04 0.000000000000000000e+00
-1.026097836148617546e+02 -1.026138902988041224e+02 7.265575187417396517e-03 8.708807090490130577e+03 0.000000000000000000e+00
-1.042817413757510110e+02 -1.042577003550703836e+02 1.624663971212229885e-02 8.662441479495606472e+03 0.000000000000000000e+00
-1.080243698210804126e+02 -1.080188654191800026e+02 9.863846247037183143e-03 3.584709747184260050e+04 0.000000000000000000e+00
-1.107678847025033946e+02 -1.107659151588021302e+02 1.215054950808372967e-02 3.565692698175962869e+04 0.000000000000000000e+00
-1.080433644382295029e+02 -1.080500165116546043e+02 5.210693315757509297e-03 8.548077446139313906e+03 0.000000000000000000e+00
-9.716007849428146415e+01 -9.716161534003411759e+01 1.130855826974216591e-02 8.505089019473933149e+03 0.000000000000000000e+00
-1.054118672076025831e+02 -1.054148675111459852e+02 9.412339943839892129e-03 8.460421901457264539e+03 0.000000000000000000e+00
-1.054274920372750870e+02 -1.054174207751407266e+02 1.151104637625513516e-02 3.494827193405086291e+04 0.000000000000000000e+00
-1.080681506657243602e+02 -1.080765274249899477e+02 6.596332918047839895e-03 8.373906294038830310e+03 0.000000000000000000e+00
-1.026325815842251927e+02 -1.026302121934278802e+02 1.148867415283381585e-02 3.459791658537799231e+04 0.000000000000000000e+00
-1.000022890938499387e+02 -9.996958526550244528e+01 1.433850620275073200e-02 3.441989425921290240e+04 0.000000000000000000e+00
-1.053944318255393000e+02 -1.053821457887937783e+02 1.350108547484354937e-02 3.429577407215829589e+04 0.000000000000000000e+00
-1.054169790852375428e+02 -1.054151202394973410e+02 5.865269961323953812e-03 1.196524895693232565e+03 0.000000000000000000e+00
-9.711310325362737217e+01 -9.709524782161194878e+01 1.416965389237642703e-02 3.398851908352447208e+04 0.000000000000000000e+00
-1.081172530416214670e+02 -1.081238202248440956e+02 7.534262044403141657e-03 8.152940888827995877e+03 0.000000000000000000e+00
-1.052590737233099674e+02 -1.052627627301164495e+02 6.935367993310985121e-03 8.114360845776915994e+03 0.000000000000000000e+00
-1.007440155822715866e+02 -1.007282924180585582e+02 2.076188286843639111e-02 8.074387543752135571e+03 0.000000000000000000e+00
-1.068292288893221098e+02 -1.068572284365119174e+02 2.404982149199504440e-02 3.344161207899814326e+04 0.000000000000000000e+00
-1.052592840260645772e+02 -1.052628031195193898e+02 6.704063082724128451e-03 8.001048830656722203e+03 0.000000000000000000e+00
-1.052923699327833589e+02 -1.052859893654568708e+02 1.043490373942320901e-02 3.315919081788669428e+04 0.000000000000000000e+00
-1.054037901753796973e+02 -1.054088366677463711e+02 5.484540472130094990e-03 7.925463198247082801e+03 0.000000000000000000e+00
-1.079913097998654763e+02 -1.079876139951869476e+02 8.113594990038632687e-03 3.284409649011748843e+04 0.000000000000000000e+00
-9.478085541109615519e+01 -9.469854366600851847e+01 3.310372243879337179e-02 3.268528961130590687e+04 0.000000000000000000e+00
-1.018271354016736723e+02 -1.018360256614195407e+02 1.488637441768179796e-02 7.890664389193076204e+03 0.000000000000000000e+00
-1.107145962775639703e+02 -1.107237497346458781e+02 7.274143918804546610e-03 7.855634037929085935e+03 0.000000000000000000e+00
-1.079338744552176621e+02 -1.079275302417805023e+02 1.210743593278594370e-02 3.248874287675142841e+04 0.000000000000000000e+00
-9.927724742585695594e+01 -9.926597993556389099e+01 1.568705649625938212e-02 7.784497030576817451e+03 0.000000000000000000e+00
-9.436220123235997903e+01 -9.435948264205514135e+01 2.288497423090565808e-02 7.751883660960439556e+03 0.000000000000000000e+00
-1.001069248400999356e+02 -1.000766367801511052e+02 1.306355936104710083e-02 7.714878757961249903e+03 0.000000000000000000e+00
-1.107710692938605064e+02 -1.107662723983245030e+02 1.070893692073478232e-02 3.196771202361496398e+04 0.000000000000000000e+00
-1.080995890906158934e+02 -1.080906825841339156e+02 1.276991932946141758e-02 3.181919684291105659e+04 0.000000000000000000e+00
-1.080990600886572963e+02 -1.081040585913261936e+02 6.739970480553642528e-03 7.643798779197383737e+03 0.000000000000000000e+00
-1.054045989160589727e+02 -1.054080390449759790e+02 5.479615560821179607e-03 7.609658350941767821e+03 0.000000000000000000e+00
-1.107654022850101683e+02 -1.107615727153303027e+02 1.012151680699188011e-02 3.139682908855799178e+04 0.000000000000000000e+00
-1.079820611535986927e+02 -1.079846824887905683e+02 6.236666882180225656e-03 7.540791315370863231e+03 0.000000000000000000e+00
-1.052159394459167174e+02 -1.052136024454948284e+02 9.379623523383414860e-03 3.112384888853355733e+04 0.000000000000000000e+00
-1.080175519386991283e+02 -1.080167203718337419e+02 1.120876001043479876e-02 3.098262894593904639e+04 0.000000000000000000e+00
-9.998250940717967694e+01 -9.998106371106297274e+01 8.073608444478472604e-03 7.441778326954745353e+03 0.000000000000000000e+00
-9.925270863619219597e+01 -9.923000910640455174e+01 1.351799699957512493e-02 3.070668547354672410e+04 0.000000000000000000e+00
-1.054025762282316094e+02 -1.053940724384562486e+02 9.333922653916080711e-03 3.059074191676260671e+04 0.000000000000000000e+00
-1.049576051353060677e+02 -1.048098744536417399e+02 2.915504970649926419e-02 7.347586543343429184e+03 0.000000000000000000e+00
-1.053361658469586644e+02 -1.053353891585390016e+02 4.948993473535299135e-03 7.736868845127688473e+03 0.000000000000000000e+00
-1.053768398037203156e+02 -1.053719677064106435e+02 8.451531517978437894e-03 3.019448842189546849e+04 0.000000000000000000e+00
-1.053994618243075791e+02 -1.054062657454334300e+02 6.419288078508112762e-03 7.668767642151085056e+03 0.000000000000000000e+00
-9.859371304242516487e+01 -9.863451807521748549e+01 2.490177183134559269e-02 2.993494327722420348e+04 0.000000000000000000e+00
-1.079970486731334347e+02 -1.080081485269348462e+02 6.431722456144144118e-03 7.639538227681086937e+03 0.000000000000000000e+00
-1.053870191081260685e+02 -1.053786882594379648e+02 1.007094854336797358e-02 2.974901465450543037e+04 0.000000000000000000e+00
-1.052913406096133002e+02 -1.052942346041912032e+02 6.361028824774253576e-03 7.578678065201204845e+03 0.000000000000000000e+00
-1.026950447010785439e+02 -1.026866032745257939e+02 9.374404808301694050e-03 2.950710040865692281e+04 0.000000000000000000e+00
-1.080276043628923759e+02 -1.080304796732806238e+02 5.768873606467408294e-03 7.513996424563888468e+03 0.000000000000000000e+00
-1.053044116831211028e+02 -1.053119891503523036e+02 5.246621383082855292e-03 7.482174419518712966e+03 0.000000000000000000e+00
-9.718437829512411952e+01 -9.716206713797545547e+01 1.344612569679854742e-02 2.914459506699682970e+04 0.000000000000000000e+00
-1.036501477986257953e+02 -1.036217834465898733e+02 1.400635113512932635e-02 7.433777270098516965e+03 0.000000000000000000e+00
-9.831887666724972519e+01 -9.833223227592993965e+01 1.227221843036564036e-02 7.430012591924550179e+03 0.000000000000000000e+00
-1.080977811066514391e+02 -1.080918263633409708e+02 1.164442152960610058e-02 2.890789178973214075e+04 0.000000000000000000e+00
-1.080736855770315827e+02 -1.080659825033562385e+02 8.487826434044179469e-03 2.878830168897537078e+04 0.000000000000000000e+00
-1.081493890235970241e+02 -1.081439213795722338e+02 1.517452047405670572e-02 2.867073907131763917e+04 0.000000000000000000e+00
-1.107733155227199688e+02 -1.107755763354226275e+02 3.932890318034316414e-03 1.131449551456251811e+03 0.000000000000000000e+00
-9.993782825535487291e+01 -9.991924785859119140e+01 9.462260836613464385e-03 2.844066816817811559e+04 0.000000000000000000e+00
-1.026403779493371218e+02 -1.026423856236991696e+02 4.971213824060286522e-03 7.254204416781926739e+03 0.000000000000000000e+00
-1.080499655435520054e+02 -1.080454747199482597e+02 6.462242979090480552e-03 2.822462680258176624e+04 0.000000000000000000e+00
-1.107187690595055329e+02 -1.107150181177674000e+02 9.762592452782506425e-03 2.811022887915403044e+04 0.000000000000000000e+00
-1.026817898448673390e+02 -1.026849937688931931e+02 3.528051528739810112e-03 1.110121231864769697e+03 0.000000000000000000e+00
-1.107714175311795799e+02 -1.107666348967272683e+02 8.701079283659495650e-03 2.788766257631310873e+04 0.000000000000000000e+00
-1.053013139068973629e+02 -1.052937477250187470e+02 8.726532651336082677e-03 2.777602213204658983e+04 0.000000000000000000e+00
-1.026411020953700159e+02 -1.026454510357037435e+02 4.949232879929940133e-03 7.086264563797946721e+03 0.000000000000000000e+00
-1.036959959913368721e+02 -1.036832796821989007e+02 1.630654631496241888e-02 2.756164725940498101e+04 0.000000000000000000e+00
-1.052978084649225821e+02 -1.052870578530821604e+02 1.043419532408938755e-02 2.745825191169427126e+04 0.000000000000000000e+00
-1.018149654295940536e+02 -1.017614605161677304e+02 1.753226001803643783e-02 2.735375974446078908e+04 0.000000000000000000e+00
-1.025502963406916024e+02 -1.025483098971949403e+02 7.257579843137866062e-03 2.734511430414244751e+04 0.000000000000000000e+00
-9.925786023467723851e+01 -9.924696655060182593e+01 9.472727324844545591e-03 6.962995375398076249e+03 0.000000000000000000e+00
-1.053077094048766469e+02 -1.053079231977312986e+02 5.829322529389749548e-03 6.940202080632293473e+03 0.000000000000000000e+00
-1.079921964621597681e+02 -1.079976780093014099e+02 4.724788367155561761e-03 6.913095423942315392e+03 0.000000000000000000e+00
-9.990372383215537866e+01 -9.990692821864752204e+01 5.106171070064829433e-03 6.887216364738615084e+03 0.000000000000000000e+00
-1.107175360522677181e+02 -1.107128390661570307e+02 8.459555620259852707e-03 2.683160078149611218e+04 0.000000000000000000e+00
-1.080666709896879638e+02 -1.080610820545628457e+02 7.098716019479375285e-03 2.672877656770175599e+04 0.000000000000000000e+00
-1.080939810898821349e+02 -1.081001707713478766e+02 6.931167439489726093e-03 6.808365328340635642e+03 0.000000000000000000e+00
-9.991653209251774115e+01 -9.991433866765689231e+01 1.030434432668937868e-02 2.652805058447847478e+04 0.000000000000000000e+00
-1.052528996879644154e+02 -1.052463679985729925e+02 1.047568378021391730e-02 2.642700473962938850e+04 0.000000000000000000e+00
-1.053037709074870349e+02 -1.052981020467780127e+02 7.583001678630363514e-03 2.632814817077550470e+04 0.000000000000000000e+00
-1.107657475640506277e+02 -1.107628400106892030e+02 8.121102132438412502e-03 2.622962275670247982e+04 0.000000000000000000e+00
-1.019496175395096600e+02 -1.019295801301150846e+02 1.322990887366813466e-02 2.613089587425331047e+04 0.000000000000000000e+00
-1.025420513273685259e+02 -1.025365435774889278e+02 1.195561405512654898e-02 2.604626343968716537e+04 0.000000000000000000e+00
-1.025354428942712985e+02 -1.025287359591961689e+02 1.293024815159307152e-02 2.594984326517826776e+04 0.000000000000000000e+00
-9.989384117813675346e+01 -9.989509969500822706e+01 6.352709914108437168e-03 6.613695577969770966e+03 0.000000000000000000e+00
-1.052603754455237919e+02 -1.052495292357521777e+02 7.038971228987887449e-03 2.576323014370065721e+04 0.000000000000000000e+00
-9.858442754787401441e+01 -9.858416591965638531e+01 1.496218970942321189e-02 2.567203891265055063e+04 0.000000000000000000e+00
-1.080672844229485037e+02 -1.080623800183921901e+02 6.068907859912831167e-03 2.557731450154176127e+04 0.000000000000000000e+00
-1.080697808919676959e+02 -1.080664491871779234e+02 5.555544161057419938e-03 2.548412585673031936e+04 0.000000000000000000e+00
-1.080441851882294628e+02 -1.080395712168126892e+02 6.345304358380682297e-03 2.539115679357870977e+04 0.000000000000000000e+00
-1.107641181982121878e+02 -1.107738011282723249e+02 6.847512030537826651e-03 6.469669538318750710e+03 0.000000000000000000e+00
-1.052509822840855236e+02 -1.052475451913111755e+02 9.725934822823238679e-03 2.521474299340204016e+04 0.000000000000000000e+00
-1.026869629456555231e+02 -1.026786520651962746e+02 8.757679827727800348e-03 2.512380667046484450e+04 0.000000000000000000e+00
-1.080576511600929734e+02 -1.080576517052578822e+02 4.724591304920987105e-03 6.403273395648937367e+03 0.000000000000000000e+00
-1.053141395322931970e+02 -1.053057243696541434e+02 8.626723872147563574e-03 2.495051184728130102e+04 0.000000000000000000e+00
-1.080241885106027269e+02 -1.080264318031553756e+02 5.891750377424998658e-03 6.357594679287001782e+03 0.000000000000000000e+00
-1.052583463241128925e+02 -1.052630457722666364e+02 4.796397107513914425e-03 6.335061611461980647e+03 0.000000000000000000e+00
-1.019852978402219037e+02 -1.019807331986592800e+02 9.638192282884512976e-03 6.313236389930872065e+03 0.000000000000000000e+00
-9.633991431284053419e+01 -9.635022623174319278e+01 1.954741671666040265e-02 2.462325675409835458e+04 0.000000000000000000e+00
-1.053017758318423347e+02 -1.053069275216727902e+02 4.763193241319600355e-03 6.275870979315163822e+03 0.000000000000000000e+00
-1.013891640888234633e+02 2.559241112211394068e+20 7.908605620191235630e+01 6.254604285572038862e+03 0.000000000000000000e+00
-1.107217943326306795e+02 -1.107194328784397044e+02 7.891148956977614079e-03 2.445557991565645352e+04 0.000000000000000000e+00
-1.054296771497708249e+02 -1.054240294656099053e+02 8.960894307706863959e-03 2.436993148770152402e+04 0.000000000000000000e+00
-1.107705373278894854e+02 -1.107672010805491709e+02 7.456517232548763412e-03 2.428578241559834350e+04 0.000000000000000000e+00
-9.982717389024384147e+01 -9.980877442997237381e+01 1.124615322308471568e-02 2.420149567631281025e+04 0.000000000000000000e+00
-1.053308296088611229e+02 -1.053323578434643224e+02 3.565993754975675667e-03 6.168209788406991720e+03 0.000000000000000000e+00
-1.031692847149685548e+02 -1.031779774361612425e+02 1.415862788284530209e-02 6.146922936048607880e+03 0.000000000000000000e+00
-1.053162893481864160e+02 -1.053191949673766317e+02 4.866956243320365999e-03 6.128390418103379488e+03 0.000000000000000000e+00
-1.053316482566031453e+02 -1.053272821754690654e+02 6.971412988857171242e-03 2.388702561602626156e+04 0.000000000000000000e+00
-1.053771444512693449e+02 -1.053776477493188111e+02 5.064436336846068684e-03 6.086711064628013446e+03 0.000000000000000000e+00
-9.934501910944037206e+01 -9.933712611030729533e+01 7.490995649785009078e-03 6.065953662889313819e+03 0.000000000000000000e+00
-1.079967091230522982e+02 -1.079939460348271467e+02 5.387862599144760054e-03 2.364596103281847172e+04 0.000000000000000000e+00
-1.044293957048643620e+02 -1.043722797246384602e+02 1.784041641196871392e-02 6.027059200593806054e+03 0.000000000000000000e+00
-9.928323736150407797e+01 -9.926869806469964885e+01 1.561568790978691730e-02 2.351407662306753627e+04 0.000000000000000000e+00
-1.025362947383417378e+02 -1.025338046241296013e+02 6.538565534618896551e-03 2.344138722982769468e+04 0.000000000000000000e+00
-1.107184198417831169e+02 -1.107154746137529173e+02 7.060042571039443042e-03 2.336293536767227488e+04 0.000000000000000000e+00
-1.080452833914439736e+02 -1.080414457183181014e+02 4.930103170181996015e-03 2.328505364793535409e+04 0.000000000000000000e+00
-1.025247638584433503e+02 -1.025191602257903298e+02 6.788288997495574816e-03 2.320791834073835707e+04 0.000000000000000000e+00
-9.972923904741477941e+01 -9.973674370366546782e+01 7.933991047851241679e-03 5.978287628223351021e+03 0.000000000000000000e+00
-1.025898468290382937e+02 -1.025886153318381560e+02 5.259991018428019846e-03 5.960455528316208074e+03 0.000000000000000000e+00
-9.991189953190766460e+01 -9.990776821809591013e+01 6.362795285588424520e-03 2.298897717036007816e+04 0.000000000000000000e+00
-1.025874387756557553e+02 -1.025784946896113325e+02 1.054590324603995634e-02 2.291395624427869916e+04 0.000000000000000000e+00
-1.024507684581545135e+02 -1.024591960865733853e+02 6.570350629121537826e-03 5.902912017521279267e+03 0.000000000000000000e+00
-9.338314409601517241e+01 -9.343277576196176426e+01 2.192976212234165612e-02 5.886055362905305628e+03 0.000000000000000000e+00
-1.041226429551598898e+02 -1.041429116914031283e+02 1.209324403067401146e-02 2.278626678232625272e+04 0.000000000000000000e+00
-1.068552371714382758e+02 -1.068553022634874026e+02 1.256683803852359435e-02 9.345522154781350537e+02 0.000000000000000000e+00
-1.080763938740592920e+02 -1.080802509234618611e+02 4.342997950899527004e-03 5.898965657882597043e+03 0.000000000000000000e+00
-1.052775323283223656e+02 -1.052754821175100233e+02 5.319835958471427415e-03 2.258319032935509676e+04 0.000000000000000000e+00
-1.053090448852851608e+02 -1.053132070260175226e+02 5.220106834655842236e-03 5.861580238005732099e+03 0.000000000000000000e+00
-1.079654838839484370e+02 -1.079583323195960674e+02 7.140780417564816275e-03 2.244029001857923504e+04 0.000000000000000000e+00
-1.026138705341040520e+02 -1.026167859321771942e+02 3.335424846206313382e-03 5.825184865139834983e+03 0.000000000000000000e+00
-1.107141564887164265e+02 -1.107102499265575091e+02 7.218777057863727704e-03 2.230078457518767755e+04 0.000000000000000000e+00
-1.079615387947527267e+02 -1.079704155759679196e+02 4.540646291173291819e-03 5.788627543930021602e+03 0.000000000000000000e+00
-1.052699059074608527e+02 -1.052744276359266564e+02 3.768159254060030484e-03 5.772811204344393445e+03 0.000000000000000000e+00
-1.018676765879656472e+02 -1.018521820174123036e+02 7.930860032854144398e-03 5.755204568865338842e+03 0.000000000000000000e+00
-1.079383507257591361e+02 -1.079351566935988274e+02 7.996146478154936635e-03 2.202490725865163404e+04 0.000000000000000000e+00
-1.052568969941739567e+02 -1.052526649731222932e+02 6.040649084796170451e-03 2.195616318919203695e+04 0.000000000000000000e+00
-1.018366531768152470e+02 -1.018449835518328968e+02 8.030640371871077682e-03 5.708396240579522782e+03 0.000000000000000000e+00
-1.052749398292378515e+02 -1.052860239108287885e+02 4.494579902092146056e-03 5.692457996491130871e+03 0.000000000000000000e+00
-1.027017999267293789e+02 -1.026994934328937461e+02 7.770525270372770528e-03 2.179153167075433157e+04 0.000000000000000000e+00
-1.107721340455945125e+02 -1.107691765712086465e+02 6.727568046545274322e-03 2.172423352241373141e+04 0.000000000000000000e+00
-1.026234546785875210e+02 -1.026223856744887968e+02 4.944721072985133574e-03 5.643929540444893064e+03 0.000000000000000000e+00
-1.067903954051566586e+02 -1.068150157821685298e+02 1.147918403581218647e-02 2.159099218306051989e+04 0.000000000000000000e+00
-1.053772185309333622e+02 -1.053793499370011091e+02 4.092996828064202064e-03 5.620831567491307396e+03 0.000000000000000000e+00
-1.080504393617081718e+02 -1.080474030768680507e+02 4.556765766188839752e-03 2.148087380755117556e+04 0.000000000000000000e+00
-1.018629333674164599e+02 -1.018732606403067678e+02 7.683752215751147273e-03 5.586810889227453117e+03 0.000000000000000000e+00
-1.052514419054869848e+02 -1.052585227346129528e+02 6.039880682984294195e-03 5.572863139807096559e+03 0.000000000000000000e+00
-1.052713389709667240e+02 -1.052808131539822085e+02 4.333288179191451851e-03 5.557649829033646711e+03 0.000000000000000000e+00
-1.026047156176197319e+02 -1.025820166262092812e+02 6.556668282574772480e-03 2.122873532938136850e+04 0.000000000000000000e+00
-1.080453733046399236e+02 -1.080500866994413514e+02 2.976899390767833754e-03 5.528720606589689851e+03 0.000000000000000000e+00
-1.041289257674704203e+02 -1.041562253363195651e+02 1.065174376938800120e-02 2.111824731688571774e+04 0.000000000000000000e+00
-9.992789043802417837e+01 -9.992935810510911665e+01 6.090538819768072376e-03 5.503932558561468795e+03 0.000000000000000000e+00
-1.026142087192014003e+02 -1.026133180417320006e+02 6.288475821330257245e-03 5.487558064803869456e+03 0.000000000000000000e+00
-9.989011285478521529e+01 -9.989758322155385883e+01 5.098252861234872646e-03 5.471239942262925069e+03 0.000000000000000000e+00
-1.080219993153036029e+02 -1.080238083558804760e+02 4.188880770128608315e-03 5.456537050027049190e+03 0.000000000000000000e+00
-9.988331508941001857e+01 -9.986886446110447935e+01 1.447009949171403596e-02 2.082998336722440581e+04 0.000000000000000000e+00
-1.053247788179189115e+02 -1.053192017800781599e+02 6.493558318368561517e-03 2.077423874960788089e+04 0.000000000000000000e+00
-9.715203622957496066e+01 -9.714514058471289104e+01 1.044774043118477935e-02 2.071405186784851321e+04 0.000000000000000000e+00
-1.045688108663163547e+02 -1.045751601483946303e+02 7.272162819344648969e-03 5.398717687667989594e+03 0.000000000000000000e+00
-1.019023130382301190e+02 -1.018701989061303976e+02 1.095653546059596056e-02 2.060503944608067104e+04 0.000000000000000000e+00
-1.107172839386336420e+02 -1.107215540867453285e+02 4.408828944863432339e-03 5.368267468867792559e+03 0.000000000000000000e+00
-1.080469600120987792e+02 -1.080431282467240521e+02 4.696020680830920689e-03 2.051528108982172853e+04 0.000000000000000000e+00
-1.079945231768789853e+02 -1.079970738918248827e+02 4.042895060309098336e-03 5.337703921914203420e+03 0.000000000000000000e+00
-1.015326487363697225e+02 -1.015402226586647174e+02 1.008256451607313607e-02 5.322431401244809422e+03 0.000000000000000000e+00
-1.017867550540794355e+02 -1.017731935884648635e+02 1.156624920605383439e-02 2.034122508420843587e+04 0.000000000000000000e+00
-9.446106749972875605e+01 -9.444518526936644776e+01 1.491535072207100625e-02 2.028758798130168725e+04 0.000000000000000000e+00
-1.107480639328808962e+02 -1.107426326381150972e+02 6.762704955169973955e-03 2.023580173597491739e+04 0.000000000000000000e+00
-1.052647855371716332e+02 -1.052703125375204110e+02 3.623387309764160985e-03 5.270336417077555780e+03 0.000000000000000000e+00
-1.079401863233479304e+02 -1.079445065211324106e+02 5.623286680328145291e-03 5.256104753418044311e+03 0.000000000000000000e+00
-1.080537021570964384e+02 -1.080556420806958613e+02 2.965080814994712488e-03 5.241815214810215366e+03 0.000000000000000000e+00
-1.107195197778367088e+02 -1.107161003393100174e+02 5.996853014243488239e-03 2.001206065048141681e+04 0.000000000000000000e+00
-1.079888320365582075e+02 -1.079986405603010553e+02 3.249739631615205637e-03 5.212746839516063119e+03 0.000000000000000000e+00
-1.107721335491019659e+02 -1.107681812406886053e+02 6.082799461842156377e-03 1.990251615076831149e+04 0.000000000000000000e+00
-1.052463841849851889e+02 -1.052477436710685907e+02 7.116244608070129707e-03 1.984700562538073063e+04 0.000000000000000000e+00
-1.080241739063870057e+02 -1.080276157742844703e+02 4.114960336416506603e-03 5.171820375648255322e+03 0.000000000000000000e+00
-1.052811058034318563e+02 -1.052811979904625019e+02 2.003817164606897308e-03 8.357857303457079752e+02 0.000000000000000000e+00
-1.024768866078628662e+02 -1.024665644592826794e+02 6.601942851086390132e-03 1.968885520392621402e+04 0.000000000000000000e+00
-1.008897891805343932e+02 -1.008745030939916205e+02 6.746300733930959623e-03 5.130409353072093836e+03 0.000000000000000000e+00
-1.025498193450036268e+02 -1.025857698373323217e+02 2.504306406863375523e-02 1.958289516862917662e+04 0.000000000000000000e+00
-1.079946860120664383e+02 -1.080012242501064605e+02 2.978269580735174761e-03 5.112158933050359337e+03 0.000000000000000000e+00
-1.080669787489778173e+02 -1.080627931688118366e+02 5.098535866235636566e-03 1.950549698236610857e+04 0.000000000000000000e+00
-1.025693333852053115e+02 -1.025731116597705608e+02 3.898627457043175870e-03 5.085250048378899919e+03 0.000000000000000000e+00
-9.987056489366430867e+01 -9.986940655593821248e+01 4.945869789192375819e-03 5.071707039521745173e+03 0.000000000000000000e+00
-9.988682966212573433e+01 -9.988441678879588892e+01 4.161869205308903023e-03 5.057906188231512715e+03 0.000000000000000000e+00
-1.052941657286299346e+02 -1.052976944160280937e+02 3.700760970473181838e-03 5.044343916297494616e+03 0.000000000000000000e+00
-1.107669756866552575e+02 -1.107646078413922339e+02 5.851171483351299586e-03 1.924772860672130628e+04 0.000000000000000000e+00
-1.040561587705501836e+02 -1.040921752279415671e+02 9.102720707661850902e-03 5.017409621239278749e+03 0.000000000000000000e+00
-1.026336215020920406e+02 -1.026311328324526500e+02 4.276760838225019019e-03 1.921765989095016994e+04 0.000000000000000000e+00
-1.053090861059161085e+02 -1.053044304253551360e+02 4.997637066640374728e-03 1.916603473799532003e+04 0.000000000000000000e+00
-9.981066133542449847e+01 -9.980002690769229901e+01 9.472482967646224383e-03 1.911510124868942512e+04 0.000000000000000000e+00
-1.026062053095943725e+02 -1.025974232666733315e+02 8.013803888769663666e-03 1.906676099739586425e+04 0.000000000000000000e+00
-1.068044194226141741e+02 -1.068161442695956396e+02 7.612490629907236149e-03 4.980853138670333465e+03 0.000000000000000000e+00
-1.052542982738276152e+02 -1.052490022015798417e+02 7.066270049774694278e-03 1.901162605938345223e+04 0.000000000000000000e+00
-1.052532748433431635e+02 -1.052479851613438768e+02 4.210905234295763376e-03 1.896179616455641008e+04 0.000000000000000000e+00
-1.026285848698260139e+02 -1.026082041562885365e+02 6.229791805942244513e-03 1.891225113680245340e+04 0.000000000000000000e+00
-1.045873441481309101e+02 -1.045740905651832406e+02 7.440973244240835054e-03 4.933391865878939825e+03 0.000000000000000000e+00
-9.467638767963502744e+01 -9.465122895119786506e+01 1.849481300583399532e-02 1.882367646018179948e+04 0.000000000000000000e+00
-1.024977367752560156e+02 -1.024936609911095502e+02 6.189609224901718339e-03 1.878814869884432846e+04 0.000000000000000000e+00
-1.080334632168257230e+02 -1.080286130380143277e+02 6.073282346330539060e-03 1.873926794134244119e+04 0.000000000000000000e+00
-1.107200357041769649e+02 -1.107164799633083732e+02 5.558089762064920281e-03 1.869080998629693568e+04 0.000000000000000000e+00
-1.107132656832106932e+02 -1.107185897750836574e+02 4.150165832115174439e-03 4.890746853693593948e+03 0.000000000000000000e+00
-1.053237238888609113e+02 -1.053290502641410882e+02 2.448069670787467005e-03 4.878705704322550446e+03 0.000000000000000000e+00
-1.053304982723750243e+02 -1.053204115237239478e+02 4.668604180545310282e-03 1.854910294237323251e+04 0.000000000000000000e+00
-9.990731857940370730e+01 -9.990578935327049237e+01 8.377890693846442791e-03 1.850368495590356179e+04 0.000000000000000000e+00
-1.080515760961253164e+02 -1.080546612146063268e+02 2.839753313914821203e-03 4.841735788023500390e+03 0.000000000000000000e+00
-1.025905547373292563e+02 -1.025893438125897887e+02 3.382566813086108903e-03 4.829475496342692168e+03 0.000000000000000000e+00
-9.987592685092332090e+01 -9.988067185395851766e+01 6.516520274302327852e-03 1.836417177992953293e+04 0.000000000000000000e+00
-9.721857486547963845e+01 -9.720426564400463576e+01 8.182870245065908613e-03 4.805356173308790858e+03 0.000000000000000000e+00
-1.080284825475526844e+02 -1.080226943224744076e+02 4.351869996806269000e-03 1.827181477139090930e+04 0.000000000000000000e+00
-1.080866511512283950e+02 -1.080812214130638438e+02 7.561482084546292289e-03 1.822605007267514884e+04 0.000000000000000000e+00
-9.978254455152318769e+01 -9.978010653748322056e+01 9.884470877538378136e-03 1.818036820572412398e+04 0.000000000000000000e+00
-1.107484884118391051e+02 -1.107528066834900784e+02 4.479103344491312984e-03 4.761724743278542519e+03 0.000000000000000000e+00
-1.025262941938427872e+02 -1.025326020364199735e+02 3.635573186322131785e-03 4.750123765316077879e+03 0.000000000000000000e+00
-1.069453250448803487e+02 -1.068868815980154068e+02 1.129442223158730850e-02 4.739060890065719832e+03 0.000000000000000000e+00
-1.052802573320814190e+02 -1.052850267169809939e+02 3.092318389450508884e-03 4.793623004900230626e+03 0.000000000000000000e+00
-1.026081794465987258e+02 -1.026033519722387979e+02 5.061517913924604151e-03 1.796320732265496190e+04 0.000000000000000000e+00
-1.041029877985482557e+02 -1.041153898770220820e+02 6.510369811577492935e-03 4.770422621028913454e+03 0.000000000000000000e+00
-1.024979592696524264e+02 -1.025029180246724536e+02 5.061681826610518915e-03 4.762079838240220852e+03 0.000000000000000000e+00
-9.986745314096550885e+01 -9.987201882853203472e+01 7.283675000649789122e-03 4.750793821133547681e+03 0.000000000000000000e+00
-1.051495276298001471e+02 7.416280703922170401e+07 9.076379397074832767e+00 1.782426947308268791e+04 0.000000000000000000e+00
-9.978845069297589987e+01 -9.978505196525240706e+01 7.796117620221016016e-03 1.782426947308268791e+04 0.000000000000000000e+00
-1.058737566213817871e+02 -1.058603294844998572e+02 1.188789101406172687e-02 1.778029827022203244e+04 0.000000000000000000e+00
-1.053240620870978290e+02 -1.053174028510279641e+02 4.203262695212111114e-03 1.774066164039756768e+04 0.000000000000000000e+00
-1.079842865953934705e+02 -1.079845382720605471e+02 3.434759117744232669e-03 4.721335309616054474e+03 0.000000000000000000e+00
-1.107206427668386652e+02 -1.107149219559877196e+02 5.423818434568344372e-03 1.765611259356449955e+04 0.000000000000000000e+00
-1.107727609909699993e+02 -1.107703247561538689e+02 5.370387842529427205e-03 1.761349832920149129e+04 0.000000000000000000e+00
-9.987478216832805344e+01 -9.984487339716085330e+01 1.123187842198871030e-02 1.757044980094315542e+04 0.000000000000000000e+00
-1.107200621070750373e+02 -1.107169886042361071e+02 5.158438746292367746e-03 1.754801612906488663e+04 0.000000000000000000e+00
-1.081133933039566699e+02 -1.081200830075828776e+02 4.441063136262226631e-03 4.667397598651478802e+03 0.000000000000000000e+00
-1.024767883883746578e+02 -1.024853252753382691e+02 3.978831205068233609e-03 4.657189365349755462e+03 0.000000000000000000e+00
-1.042084635950585607e+02 -1.042108466909450186e+02 1.276540787781522447e-02 1.742469146344453839e+04 0.000000000000000000e+00
-9.723951327612599016e+01 -9.724754150049312784e+01 7.110588708602046115e-03 4.637349006945878500e+03 0.000000000000000000e+00
-1.019656821285023085e+02 -1.019782808520571535e+02 9.496267673799066097e-03 1.734104610738515839e+04 0.000000000000000000e+00
-9.444343778491275998e+01 -9.443380123282874195e+01 1.281934822043827998e-02 1.730288455687749592e+04 0.000000000000000000e+00
-1.080650037322055539e+02 -1.080718597813062161e+02 3.332497484606383037e-03 4.613042209761647428e+03 0.000000000000000000e+00
-1.023912479141313980e+02 7.591768685406954770e+22 1.312429456558236893e+02 1.722471078441749341e+04 0.000000000000000000e+00
-1.023912479141167040e+02 7.068033001723162788e+20 1.312429456558236893e+02 1.722471078441749341e+04 0.000000000000000000e+00
-1.041429175780090901e+02 -1.041628299082711351e+02 1.029923297395328452e-02 1.722471078441749341e+04 0.000000000000000000e+00
-1.080376481445836419e+02 -1.080329264599298966e+02 5.187597972556331864e-03 1.719225040447141510e+04 0.000000000000000000e+00
-1.080205058934893430e+02 -1.080248988987751062e+02 3.168551383043852632e-03 4.588641037759157371e+03 0.000000000000000000e+00
-1.080544898654111705e+02 -1.080536439436296519e+02 2.648002789195560026e-03 4.578168933476023085e+03 0.000000000000000000e+00
-1.025968751296183399e+02 -1.026011036411619983e+02 7.331096904773303641e-03 1.707279437448777753e+04 0.000000000000000000e+00
-1.080510650603415712e+02 -1.080489285841146199e+02 3.578202366058724077e-03 1.703274014339507630e+04 0.000000000000000000e+00
-9.982906440564909190e+01 -9.981124708015865110e+01 7.065975915037927754e-03 1.699257738566167973e+04 0.000000000000000000e+00
-1.107730892702623180e+02 -1.107705575111895087e+02 5.102301469101004627e-03 1.695956242594963624e+04 0.000000000000000000e+00
-9.623359054415612945e+01 -9.624666785133032931e+01 1.494419555024577989e-02 1.691978563365980153e+04 0.000000000000000000e+00
-9.975093901401562846e+01 -9.975214549421860966e+01 4.795360557358553655e-03 4.533020347001179289e+03 0.000000000000000000e+00
-1.024753513594805838e+02 -1.024774304217914391e+02 8.952658261107729679e-03 1.684702833112446024e+04 0.000000000000000000e+00
-1.080682326952580183e+02 -1.080697171096691989e+02 4.511263986131747172e-03 1.680777120400605418e+04 0.000000000000000000e+00
-1.106864896351888490e+02 -1.106928016715100398e+02 3.816759479298650545e-03 4.502098250250580350e+03 0.000000000000000000e+00
-1.054224183947571447e+02 -1.054250960938067294e+02 5.605504135421853287e-03 1.673032888490252299e+04 0.000000000000000000e+00
-1.031614582902878396e+02 -1.031381335910813277e+02 1.289345107936722482e-02 1.669169069997177212e+04 0.000000000000000000e+00
