0.000000000000000000e+00 0.000000000000000000e+00 0.000000000000000000e+00 0.000000000000000000e+00 0.000000000000000000e+00
-9.633202903110364446e+01 -9.627302684935047239e+01 1.490698301720438101e-01 1.626346828246862860e+05 0.000000000000000000e+00
-1.026076923246485819e+02 -1.025799811886539885e+02 2.632035283443400764e-01 1.578228777048134652e+05 0.000000000000000000e+00
-1.083282853380457595e+02 -1.079102143812402801e+02 2.203120158637560944e-01 1.529197202715113526e+05 0.000000000000000000e+00
-1.026387978315733420e+02 -1.025289864763760619e+02 1.290672509528843492e-01 1.609598955106423527e+05 0.000000000000000000e+00
-1.080632263769891921e+02 -1.079627760737247826e+02 1.077248093829037273e-01 1.580301839975975454e+05 0.000000000000000000e+00
-9.586150008764694519e+01 -9.604209731698395558e+01 8.813930702308843401e-02 3.500614825536302669e+04 0.000000000000000000e+00
-9.917655816844174410e+01 -9.913184311610818611e+01 1.798379902888947446e-01 1.520331803142324788e+05 0.000000000000000000e+00
-1.016591304313381841e+02 -1.017661241933322600e+02 8.626665249941463387e-02 1.481118553864907008e+05 0.000000000000000000e+00
-9.995817727029229616e+01 -9.976573539179798900e+01 7.568707046023898100e-02 1.462558737877601525e+05 0.000000000000000000e+00
-1.018672523471720694e+02 -1.017853735802071355e+02 1.066616794569346244e-01 1.493368687855899334e+05 0.000000000000000000e+00
-1.052303661377691952e+02 -1.052170807338851262e+02 6.797931379466019830e-02 3.618839338488857902e+04 0.000000000000000000e+00
-9.704850601316165637e+01 -9.701232856963942197e+01 9.933699844656855571e-02 3.532594656715142628e+04 0.000000000000000000e+00
-1.025591541650536982e+02 -1.024970979476702837e+02 4.087212184545161581e-02 3.455465443508792669e+04 0.000000000000000000e+00
-9.979329223802329807e+01 -9.977966793272145196e+01 3.845750453255954854e-02 3.436078305945476313e+04 0.000000000000000000e+00
-9.929022299113461258e+01 -9.928536681018995580e+01 7.217909688835841275e-02 3.361094783091337740e+04 0.000000000000000000e+00
-1.052389078078713140e+02 -1.051978117803144670e+02 4.129017593169104217e-02 3.286662220959675324e+04 0.000000000000000000e+00
-9.700938804217878442e+01 -9.696903039902549892e+01 1.036282218726114618e-01 1.307866863862739847e+05 0.000000000000000000e+00
-1.053106153528605518e+02 -1.053204754311809523e+02 5.905383991004328759e-02 3.205785668920487660e+04 0.000000000000000000e+00
-1.025845272074949861e+02 -1.026339325657442174e+02 7.817545112640648941e-02 3.140371277975896373e+04 0.000000000000000000e+00
-1.053477075555165783e+02 -1.051908903427136579e+02 6.789718837562686016e-02 1.243450776730000362e+05 0.000000000000000000e+00
-1.107077807251357058e+02 -1.106008715437643843e+02 7.522921521650596799e-02 1.254686312634155183e+05 0.000000000000000000e+00
-1.080771820035707407e+02 -1.081124722550656543e+02 5.791390542637873950e-02 3.088583330984435452e+04 0.000000000000000000e+00
-1.043618136658719777e+02 -1.042401772966435232e+02 7.333203807283997233e-02 3.042787160629614300e+04 0.000000000000000000e+00
-9.985028888461074814e+01 -9.984762730906706452e+01 4.008399290516746066e-02 2.515874853378170428e+03 0.000000000000000000e+00
-9.994506664769076565e+01 -9.997227390034998962e+01 6.464776179335943174e-02 3.050114769922665801e+04 0.000000000000000000e+00
-1.079834278348340320e+02 -1.079625359443822674e+02 4.124619985024949309e-02 1.229101597397256992e+05 0.000000000000000000e+00
-9.631324096971447091e+01 -9.629334481852816907e+01 4.957374815737104756e-02 2.516550015765841181e+03 0.000000000000000000e+00
-9.994756688161153590e+01 -9.996681144492278293e+01 2.875326599412768996e-02 2.471038686120253715e+03 0.000000000000000000e+00
-1.080872443259841020e+02 -1.080060999450444115e+02 3.820200344941118709e-02 1.178046378754945181e+05 0.000000000000000000e+00
-1.025362075424073538e+02 -1.025646577054471322e+02 3.839379494024214301e-02 2.829263482804918385e+04 0.000000000000000000e+00
-1.107083847412461068e+02 -1.107457324400889433e+02 3.324637755701834174e-02 2.367479974995701014e+03 0.000000000000000000e+00
-1.013641993431235875e+02 -1.013792193735532265e+02 3.256740339949855401e-02 2.751328689576032048e+04 0.000000000000000000e+00
-1.052802963437661532e+02 -1.052722671739196585e+02 2.089012222964889767e-02 2.708755960743231481e+04 0.000000000000000000e+00
-1.080346561314217553e+02 -1.080472209620507300e+02 2.258468453563141493e-02 2.666783653564392080e+04 0.000000000000000000e+00
-1.052157986552574158e+02 -1.051356007007348126e+02 6.297152952143802995e-02 1.090915743028344586e+05 0.000000000000000000e+00
-1.107136101639613202e+02 -1.106904815862063600e+02 4.652960676270824492e-02 1.081290215501770435e+05 0.000000000000000000e+00
-8.421400577428816803e+01 -8.363624578386389885e+01 2.054452491138497594e-01 2.511463361995619380e+03 0.000000000000000000e+00
-1.107112264084736495e+02 -1.106894663078021921e+02 3.765770411096761028e-02 1.054634551734138076e+05 0.000000000000000000e+00
-1.080517641128714672e+02 -1.080720395070379567e+02 2.530114323210231816e-02 2.605521715016929375e+04 0.000000000000000000e+00
-1.081487727762163047e+02 -1.081286617126946084e+02 1.915946544294257550e-02 2.760185206028565517e+03 0.000000000000000000e+00
-9.348278139720484603e+01 -9.353815366071076198e+01 8.948738809030333530e-02 1.013695230953466671e+05 0.000000000000000000e+00
-1.079637768823232591e+02 -1.079577661714852326e+02 3.322455599062051207e-02 1.001881440856323461e+05 0.000000000000000000e+00
-1.080023258989937602e+02 -1.080205246608037299e+02 2.161394823220040215e-02 2.487266261887236760e+04 0.000000000000000000e+00
-1.052854300160016123e+02 -1.052506069663537858e+02 2.934776973910303149e-02 9.762133733337005833e+04 0.000000000000000000e+00
-1.033270117247888322e+02 -1.033052323744717285e+02 3.549527948920930959e-02 2.428235126154134923e+04 0.000000000000000000e+00
-9.155783925520090349e+01 -9.154483991778727159e+01 7.295280609485575718e-02 9.519350764325623459e+04 0.000000000000000000e+00
-1.026298641722390670e+02 -1.026088683351769504e+02 4.007919679561960241e-02 9.395463642914686352e+04 0.000000000000000000e+00
-9.894214054420825732e+01 -9.895589046794769672e+01 2.905552086634174969e-02 2.637102192777680557e+03 0.000000000000000000e+00
-1.081408834511415904e+02 -1.080955211099310844e+02 3.321249053816710539e-02 9.203748201059713028e+04 0.000000000000000000e+00
-1.079984781393244475e+02 -1.080015239915250760e+02 3.044233832055383282e-02 9.110279362419870449e+04 0.000000000000000000e+00
-1.080478909955669735e+02 -1.080495016653266163e+02 1.742999002740667353e-02 2.339402541135214415e+04 0.000000000000000000e+00
-1.053948956566437687e+02 -1.054107272583839432e+02 1.926424824154971197e-02 2.310536960348253342e+04 0.000000000000000000e+00
-9.984229597685938984e+01 -9.984990856651731406e+01 2.475661401942294559e-02 2.285150519415154849e+04 0.000000000000000000e+00
-1.053552253566111006e+02 -1.052984337271821715e+02 2.553974758765221315e-02 8.726111717944502016e+04 0.000000000000000000e+00
-1.026598572370260882e+02 -1.026369306935051640e+02 2.932695372210221071e-02 8.657931136035698000e+04 0.000000000000000000e+00
-1.052213320890380857e+02 -1.052233846578233170e+02 2.211760725900777450e-02 2.207073732256981748e+04 0.000000000000000000e+00
-1.053207840400347379e+02 -1.053573263586189768e+02 2.920463853599782403e-02 8.468925188723028987e+04 0.000000000000000000e+00
-1.026053757023441477e+02 -1.026311683004877864e+02 2.695540213081524736e-02 8.385278165104112122e+04 0.000000000000000000e+00
-1.007504890330404237e+02 -1.007272418141937749e+02 5.055493751798454533e-02 2.134895232374614716e+04 0.000000000000000000e+00
-1.079793080350601286e+02 -1.079724634087185251e+02 2.403833206460167030e-02 2.113797764061307680e+04 0.000000000000000000e+00
-1.107161208584769838e+02 -1.106989903583537824e+02 2.672170166910558392e-02 8.114491314052094822e+04 0.000000000000000000e+00
-1.052961817944587324e+02 -1.053095548696653907e+02 1.668887271361661068e-02 2.067804601218935568e+04 0.000000000000000000e+00
-1.054082645452028970e+02 -1.053899355904369060e+02 3.515348507442066922e-02 7.977608564611540351e+04 0.000000000000000000e+00
-9.718390889378034103e+01 -9.712341737113909801e+01 3.992331445150252428e-02 7.895085699187304999e+04 0.000000000000000000e+00
-9.442783889793925312e+01 -9.441607983573126717e+01 6.115687048660085195e-02 7.843537909263982147e+04 0.000000000000000000e+00
-1.025998613060275915e+02 -1.026148485453092150e+02 2.590796885498199836e-02 7.761913914861709054e+04 0.000000000000000000e+00
-1.053571285519781213e+02 -1.053466583911208829e+02 1.714307848357090810e-02 2.251001027096062899e+03 0.000000000000000000e+00
-1.053323395071004711e+02 -1.053303738814244639e+02 1.715185606879349525e-02 7.617376598066613951e+04 0.000000000000000000e+00
-9.980249776403444173e+01 -9.980746774550750899e+01 1.525801665365086879e-02 1.939599815700417821e+04 0.000000000000000000e+00
-1.079974233413999940e+02 -1.079971938530702573e+02 1.450604547625437835e-02 1.920225540136771087e+04 0.000000000000000000e+00
-1.025188250760435977e+02 -1.024967978370461736e+02 2.470807286596317376e-02 7.389157358993227535e+04 0.000000000000000000e+00
-1.080153805982922393e+02 -1.080224406804779420e+02 6.752693358103099841e-03 2.153233270609908232e+03 0.000000000000000000e+00
-9.756663354122665055e+01 5.826188313316631039e+22 4.621191939015913874e+01 2.135541493722566429e+03 0.000000000000000000e+00
-1.053203487993765464e+02 -1.053107596681395108e+02 1.558441594236418745e-02 7.258069843235534790e+04 0.000000000000000000e+00
-1.053136413989482207e+02 -1.053258219427080320e+02 1.720132419349342315e-02 1.847518026325147366e+04 0.000000000000000000e+00
-1.053565006957261971e+02 -1.053733895018542057e+02 1.703628925516616557e-02 1.830905966178354720e+04 0.000000000000000000e+00
-1.080524914514184474e+02 -1.080508326996062323e+02 1.269066229888793883e-02 1.815842640163080796e+04 0.000000000000000000e+00
-1.020090905090914362e+02 -1.020018735761149173e+02 1.721548957085435039e-02 2.062673451760529133e+03 0.000000000000000000e+00
-9.986245156355012398e+01 -9.987714331551788405e+01 2.205053518174616978e-02 6.967333566559210885e+04 0.000000000000000000e+00
-1.106842742947085725e+02 -1.106418983452446838e+02 2.869449478170987139e-02 6.904542264302236435e+04 0.000000000000000000e+00
-1.026737216642881094e+02 -1.026936589573570728e+02 1.468711253074059774e-02 1.751213803795892454e+04 0.000000000000000000e+00
-1.041201516886975611e+02 -1.041003344072694148e+02 2.339402220102917984e-02 1.738504301115230555e+04 0.000000000000000000e+00
-9.928402101022919624e+01 -9.929730544476477405e+01 1.678354114402695260e-02 2.050910082560653336e+03 0.000000000000000000e+00
-1.081020952005544160e+02 -1.081044746159366667e+02 1.556224299580357025e-02 1.715715291136796077e+04 0.000000000000000000e+00
-1.080509932201975545e+02 -1.080391468303377565e+02 1.660632310472417994e-02 6.651992972773253859e+04 0.000000000000000000e+00
-1.080678786660964761e+02 -1.080799786587369482e+02 1.194558228939822213e-02 1.685755422387281578e+04 0.000000000000000000e+00
-9.694308697229890015e+01 -9.693670701703415205e+01 3.372405801945676379e-02 1.989252275945772681e+03 0.000000000000000000e+00
-9.989514664907542851e+01 -9.990692504547180874e+01 2.055402680141298413e-02 1.659601573821348211e+04 0.000000000000000000e+00
-1.025684359520300006e+02 -1.025782880220289286e+02 3.076588049983455808e-02 6.467673527153944451e+04 0.000000000000000000e+00
-1.051855772957843413e+02 -1.051820657522148252e+02 1.559768109440873643e-02 1.632531841635134151e+04 0.000000000000000000e+00
-1.026705760547208399e+02 -1.026595093249354278e+02 2.398829078585325292e-02 6.360122860957391094e+04 0.000000000000000000e+00
-1.054272067056541857e+02 -1.054277230495061559e+02 8.744717741938320618e-03 1.915434646408923527e+03 0.000000000000000000e+00
-1.053989910327952941e+02 -1.054064382120742351e+02 9.812528771650534318e-03 1.594244210299073711e+04 0.000000000000000000e+00
-1.032088254994254157e+02 -1.032162249402762484e+02 4.378286043015924833e-02 6.224089426954850933e+04 0.000000000000000000e+00
-9.434187829058215868e+01 -9.432355760558657209e+01 3.905076345687318734e-02 6.173901812478779902e+04 0.000000000000000000e+00
-1.106981603554083762e+02 -1.106978259497811763e+02 1.417516363114926063e-02 1.567179343024088485e+04 0.000000000000000000e+00
-1.026251387000556292e+02 -1.026187714303309946e+02 5.926349139657696025e-03 1.864371841377958617e+03 0.000000000000000000e+00
-9.977030825164354155e+01 -9.976393398821265635e+01 2.222925714482995932e-02 1.852485862175926513e+03 0.000000000000000000e+00
-1.052165946418604818e+02 -1.052098865210061120e+02 1.955143098785748837e-02 6.015210641404463968e+04 0.000000000000000000e+00
-9.978420538301789122e+01 -9.979541969475383212e+01 1.568003587130884294e-02 1.520923459067626391e+04 0.000000000000000000e+00
-1.053141878018331852e+02 -1.052954856009820048e+02 1.421359809609663676e-02 5.928050778394711961e+04 0.000000000000000000e+00
-1.013088765525341870e+02 -1.013401790015043247e+02 2.468942553227404524e-02 1.498469763497807617e+04 0.000000000000000000e+00
-1.052960927229609496e+02 -1.052862128919844480e+02 6.012728118537211466e-03 1.822921575311983588e+03 0.000000000000000000e+00
-9.995462272805087878e+01 -9.993085366230236843e+01 2.082439121055629921e-02 5.867027910716002225e+04 0.000000000000000000e+00
-9.920813532634988974e+01 -9.926375532282085601e+01 1.989413378176048408e-02 1.470423287162441738e+04 0.000000000000000000e+00
-1.079985532591873323e+02 -1.080030537725843516e+02 8.793200367925744707e-03 1.477369748676412564e+04 0.000000000000000000e+00
-1.026302201407672641e+02 -1.026428121091400669e+02 1.014760566317348192e-02 1.466547434052687640e+04 0.000000000000000000e+00
-1.080701029514496696e+02 -1.080799271928059682e+02 9.789087043713345579e-03 1.456787125079146062e+04 0.000000000000000000e+00
-9.709847671076812503e+01 -9.710057693402886514e+01 3.044783492651584322e-02 5.692139700013834226e+04 0.000000000000000000e+00
-1.052605915626437252e+02 -1.052646518767774353e+02 1.007666215682518143e-02 1.437336694406753122e+04 0.000000000000000000e+00
-1.017002583060958187e+02 -1.017205241528779425e+02 3.053792507257606370e-02 5.611990170769744145e+04 0.000000000000000000e+00
-1.024755749782442962e+02 -1.024845455447809428e+02 9.980796565709312840e-03 1.742587059164351558e+03 0.000000000000000000e+00
-9.976185321480355128e+01 -9.974659386061784971e+01 1.817600704921783217e-02 5.540234485469095671e+04 0.000000000000000000e+00
-1.079986759284536362e+02 -1.079973264795204670e+02 1.066980421818048211e-02 1.398523360331414187e+04 0.000000000000000000e+00
-1.023607314874659977e+02 -1.022953041430351675e+02 1.969920053359507789e-02 1.711798110555788298e+03 0.000000000000000000e+00
-1.080477712156235128e+02 -1.080478383355384153e+02 1.101952513827848638e-02 1.417401562280952930e+04 0.000000000000000000e+00
-1.080001328039874409e+02 -1.080076850436360019e+02 1.065690193109522510e-02 1.407624526013749710e+04 0.000000000000000000e+00
-1.025616701039345315e+02 -1.025706994227015230e+02 1.205617130471182963e-02 1.398318340576103219e+04 0.000000000000000000e+00
-1.053876175023045647e+02 -1.053627619706297764e+02 1.747196670173260802e-02 5.339534676559735817e+04 0.000000000000000000e+00
-9.975491619015222966e+01 -9.975017129952796324e+01 1.689575692868787796e-02 5.307446744867364032e+04 0.000000000000000000e+00
-9.865160466840536913e+01 -9.869060923663407436e+01 1.606051093568796120e-02 1.370936135963957713e+04 0.000000000000000000e+00
-1.026032432298376023e+02 -1.025959342311264351e+02 1.435468336175910360e-02 5.271360998599320737e+04 0.000000000000000000e+00
-1.080692408577330923e+02 -1.080709983415355282e+02 8.865563497784084701e-03 1.360744424923626320e+04 0.000000000000000000e+00
-1.054144663123581580e+02 -1.054091157378203860e+02 5.441597721711752267e-03 1.696930787986611676e+03 0.000000000000000000e+00
-1.014167065466333071e+02 -1.014338820351316457e+02 1.219429023756507351e-02 1.343356132538646489e+04 0.000000000000000000e+00
-1.024355278110061107e+02 -1.024337333063562454e+02 1.828399800538474396e-02 5.166411955692029005e+04 0.000000000000000000e+00
-1.081241511209932611e+02 -1.081250184688813647e+02 1.250459515464492216e-02 1.327476677146226211e+04 0.000000000000000000e+00
-1.042851199482238371e+02 -1.042445409544711055e+02 2.621018843726382469e-02 5.100337626209968585e+04 0.000000000000000000e+00
-9.982580668376766653e+01 -9.982624688295524606e+01 9.235333963052257816e-03 1.656020912462418437e+03 0.000000000000000000e+00
-1.052879508934454691e+02 -1.052912890707886504e+02 9.845867999444510993e-03 1.302751303386358086e+04 0.000000000000000000e+00
-1.026819583851718249e+02 -1.026713960145622053e+02 1.762165781871926143e-02 5.025566968845789233e+04 0.000000000000000000e+00
-9.710957228875398073e+01 -9.712000688324177133e+01 1.059552269916864964e-02 1.286535179192842952e+04 0.000000000000000000e+00
-1.107307701099606447e+02 -1.107113800068726164e+02 1.611460658092826043e-02 4.970958848862301238e+04 0.000000000000000000e+00
-9.694612796292182111e+01 -9.691129672155376795e+01 3.075188219230781325e-02 4.942380640288000723e+04 0.000000000000000000e+00
-1.024656812271647226e+02 -1.024525565071938615e+02 8.224279543275061360e-03 1.596958717464404344e+03 0.000000000000000000e+00
-1.080552885691428457e+02 -1.080571719439803644e+02 9.437139035848260762e-03 1.256258606812140351e+04 0.000000000000000000e+00
-1.107916907918041289e+02 -1.107605908040754628e+02 1.427924708986924238e-02 4.859734248016539641e+04 0.000000000000000000e+00
-9.992417615353551241e+01 5.660336732549828608e+19 1.114065532139719181e+02 1.241142009901755773e+04 0.000000000000000000e+00
-1.079982833830432298e+02 -1.080019953720334911e+02 6.517372199752543074e-03 1.241142009901755773e+04 0.000000000000000000e+00
-1.053573899358424057e+02 -1.053591642556343544e+02 1.263922187835818216e-02 4.807501401178911328e+04 0.000000000000000000e+00
-1.080512908355954806e+02 -1.080534422012693625e+02 8.010788115485742086e-03 1.226435645371615828e+04 0.000000000000000000e+00
-1.053597746531303443e+02 -1.053547828477083357e+02 3.677834565805269875e-03 1.548864115698235537e+03 0.000000000000000000e+00
-9.993986772175590261e+01 -9.990802960540629840e+01 2.026805955644186974e-02 4.729174916361605574e+04 0.000000000000000000e+00
-1.053506179232407050e+02 -1.053572639523332697e+02 8.138411428163355374e-03 1.205297450885060061e+04 0.000000000000000000e+00
-1.024167741345497831e+02 -1.024160992729283493e+02 1.580804785243823674e-02 4.684838860294225015e+04 0.000000000000000000e+00
-1.053576754467961649e+02 -1.053555383596759185e+02 3.838218021790248437e-03 1.516741908504912999e+03 0.000000000000000000e+00
-1.053345703758532608e+02 -1.053134956479405133e+02 1.294167993717666373e-02 4.636719584789497458e+04 0.000000000000000000e+00
-1.053593338894859386e+02 -1.053556720069683337e+02 4.135034527074204699e-03 1.501453743690811052e+03 0.000000000000000000e+00
-1.002152768466408759e+02 3.864419740450349056e+19 1.082678590580570273e+02 1.172192930501530100e+04 0.000000000000000000e+00
-1.051996103698407694e+02 -1.052011707878027664e+02 8.843852369998092197e-03 1.172192930501530100e+04 0.000000000000000000e+00
-1.002434457346463148e+02 1.965398242609222500e+14 3.853823714261495326e+01 1.485195722060426760e+03 0.000000000000000000e+00
-1.107307913271390589e+02 -1.107059637241349321e+02 1.407326472843573734e-02 4.564673819904199627e+04 0.000000000000000000e+00
-1.079909107515378679e+02 -1.079897820301697209e+02 1.077657569702261328e-02 1.159100543926650971e+04 0.000000000000000000e+00
-1.079996550316934503e+02 -1.079797258774980548e+02 1.022596030975453894e-02 4.516933954908469605e+04 0.000000000000000000e+00
-1.081182842929438834e+02 -1.080874133009127576e+02 1.357786288849984965e-02 4.493976849678751023e+04 0.000000000000000000e+00
-9.988384165673251402e+01 -9.989130839022242014e+01 6.900408304005107782e-03 1.140305935298987424e+04 0.000000000000000000e+00
-1.054092027586922740e+02 -1.054147619661426205e+02 9.960530550653025339e-03 1.134290052427140654e+04 0.000000000000000000e+00
-1.054083972312349999e+02 -1.053956865275102786e+02 1.433966178451934366e-02 4.429180567098311440e+04 0.000000000000000000e+00
-9.703203693505460592e+01 -9.703410470384676501e+01 1.506204704101007756e-02 4.405940871586310823e+04 0.000000000000000000e+00
-1.079869011592914916e+02 -1.079537627707985052e+02 1.268958596451790974e-02 4.382147225898056058e+04 0.000000000000000000e+00
-1.052692684926651481e+02 -1.052531812486695912e+02 5.236699996752067210e-03 1.420301347865542766e+03 0.000000000000000000e+00
-1.026187147047629793e+02 -1.026223059433195033e+02 8.093691443141409064e-03 1.104781292490082524e+04 0.000000000000000000e+00
-1.079684418455749579e+02 -1.079697804627495259e+02 5.209809107935972801e-03 1.417656139287319775e+03 0.000000000000000000e+00
-1.080759794907443876e+02 -1.080800907553384036e+02 8.101592273712130560e-03 1.093154366688122172e+04 0.000000000000000000e+00
-1.025546242051181736e+02 -1.025558565967936033e+02 8.081934251298990984e-03 1.087493865545452900e+04 0.000000000000000000e+00
-1.052937373892467861e+02 -1.052970096706833232e+02 7.051669460354379609e-03 1.081801608474264503e+04 0.000000000000000000e+00
-9.991517669931205603e+01 -9.991304888431238851e+01 5.680737898356697999e-03 1.389397325474147920e+03 0.000000000000000000e+00
-9.991573484774785641e+01 -9.992417738969153618e+01 9.621848302173880221e-03 1.071452851555445341e+04 0.000000000000000000e+00
-1.032396826429961152e+02 -1.032258366472798059e+02 1.746667110777783485e-02 1.066256984637860660e+04 0.000000000000000000e+00
-1.025540078460201983e+02 -1.025343355968537651e+02 1.216597943022013420e-02 4.180605735726418061e+04 0.000000000000000000e+00
-1.080450175929926644e+02 -1.080080274695945945e+02 1.221095534998045337e-02 4.161222731321998435e+04 0.000000000000000000e+00
-1.052806381666786422e+02 -1.052864350484021685e+02 1.116531565970247351e-02 4.146757798164508131e+04 0.000000000000000000e+00
-1.080558313348296338e+02 -1.080585040731088924e+02 3.734377419166723562e-03 1.350714281416316453e+03 0.000000000000000000e+00
-1.081092427769145985e+02 -1.081088035377984653e+02 4.071244496829476769e-03 1.344244033381532518e+03 0.000000000000000000e+00
-1.047404437640308856e+02 -1.045919305085480744e+02 1.521854232341975956e-02 1.337455526210973403e+03 0.000000000000000000e+00
-1.107247905907039467e+02 -1.107021109734534718e+02 1.229848198918972839e-02 4.069433160858402698e+04 0.000000000000000000e+00
-1.053339726325400534e+02 -1.053335527988168963e+02 4.908679921247986744e-03 1.081252278235119411e+04 0.000000000000000000e+00
-1.025324703738221785e+02 -1.025349760219065161e+02 9.676271194796325081e-03 1.075927533259349184e+04 0.000000000000000000e+00
-1.053303429364082575e+02 -1.053148849504093221e+02 1.122460345965046319e-02 4.014051152802062279e+04 0.000000000000000000e+00
-9.992881187866818493e+01 -9.993461279606673031e+01 1.336225442457790111e-02 1.065579601171106697e+04 0.000000000000000000e+00
-1.053531241268526344e+02 -1.053545083700922049e+02 4.686117117141396470e-03 1.060575211802919512e+04 0.000000000000000000e+00
-1.026652881466920348e+02 -1.026459680438960902e+02 1.237249954497578706e-02 3.964748170996551926e+04 0.000000000000000000e+00
-1.079931426851925096e+02 -1.079980485374426138e+02 6.313451813109083842e-03 1.050472142797558081e+04 0.000000000000000000e+00
-1.025521988131031605e+02 -1.025485882936009290e+02 9.457702710867710305e-03 3.929134421670322627e+04 0.000000000000000000e+00
-1.080298795360412782e+02 -1.080240197476167765e+02 7.904042092835716557e-03 1.040605750308493225e+04 0.000000000000000000e+00
-1.080697384534287266e+02 -1.080767743997980119e+02 7.090034157849705795e-03 1.035815793229280644e+04 0.000000000000000000e+00
-1.040540470807330848e+02 -1.041030500943940069e+02 1.674318032792485034e-02 3.875647532099769160e+04 0.000000000000000000e+00
-1.052902930374193318e+02 -1.052782508057401287e+02 1.246744361996867702e-02 3.867905951905488473e+04 0.000000000000000000e+00
-9.982544374522284159e+01 -9.979431829750107852e+01 1.175729323055258943e-02 1.654256562785054030e+03 0.000000000000000000e+00
-1.080021679795840868e+02 -1.080034843778640266e+02 5.779366987738331421e-03 1.017905474132454583e+04 0.000000000000000000e+00
-1.053590489459623427e+02 -1.053641373729636399e+02 5.848725327180034732e-03 1.013197584366076990e+04 0.000000000000000000e+00
-1.024915009764770986e+02 -1.024768754611869355e+02 1.616342716841850935e-02 3.803518074067441921e+04 0.000000000000000000e+00
-1.026107457056897516e+02 -1.026128858386374958e+02 1.620642600126498065e-02 3.786978641798368335e+04 0.000000000000000000e+00
-1.107137833007960381e+02 -1.107218629038942765e+02 7.821895076825275891e-03 9.996810520371129314e+03 0.000000000000000000e+00
-9.917894129509065237e+01 -9.915131121116390034e+01 2.495107892980331921e-02 9.954181791273707859e+03 0.000000000000000000e+00
-1.107300473610115574e+02 -1.107140967239783862e+02 1.154206619320326775e-02 3.736851563664711284e+04 0.000000000000000000e+00
-1.053448932988736999e+02 -1.053460378640106399e+02 6.943805439385524435e-03 3.721079399655138695e+04 0.000000000000000000e+00
-1.019585275339589998e+02 -1.019154058404860876e+02 2.006256850772088207e-02 3.704397654264979792e+04 0.000000000000000000e+00
-1.015875145840812905e+02 -1.015878274134907144e+02 1.200166272604438061e-02 1.612111475912355218e+03 0.000000000000000000e+00
-1.080037840881018383e+02 -1.079946346532635744e+02 9.992538962645899220e-03 3.688731179200953920e+04 0.000000000000000000e+00
-1.079999946295920807e+02 -1.080015743525575118e+02 5.474657680650157725e-03 9.718642590846269741e+03 0.000000000000000000e+00
-9.968416111182797579e+01 -9.968074889181518472e+01 1.567445635839550058e-02 3.657002975538854662e+04 0.000000000000000000e+00
-1.052654639538099275e+02 -1.052648365826422889e+02 4.157234524238836472e-03 1.584392002245821686e+03 0.000000000000000000e+00
-1.024978937312963438e+02 -1.025059359087046289e+02 8.318293977835617206e-03 9.592618752687629240e+03 0.000000000000000000e+00
-1.036435493682227076e+02 -1.036689105675957023e+02 1.861666847997159660e-02 3.612403493234646157e+04 0.000000000000000000e+00
-1.052519195629855489e+02 -1.052512757426119521e+02 5.403968212885828203e-03 9.517079236862133257e+03 0.000000000000000000e+00
-1.053433768473129533e+02 -1.053359577420063431e+02 8.107909781963833912e-03 3.583786279025459953e+04 0.000000000000000000e+00
-1.053037609066377343e+02 -1.053023518571673662e+02 3.608024021857326319e-03 1.583963126296890096e+03 0.000000000000000000e+00
-1.081097626894327846e+02 -1.081085714450225197e+02 6.953864447652901432e-03 9.396698426873635981e+03 0.000000000000000000e+00
-1.025538804061628184e+02 -1.025514158539993588e+02 7.867633501095075768e-03 3.541417792697216646e+04 0.000000000000000000e+00
-1.080195080619744346e+02 -1.080236424292612725e+02 5.936076559540077666e-03 9.317341020878771815e+03 0.000000000000000000e+00
-1.026087454975955353e+02 -1.026109137167289020e+02 5.847723625008203162e-03 9.278687796461519611e+03 0.000000000000000000e+00
-1.079756269058007803e+02 -1.079778879011864916e+02 7.690469960281994671e-03 9.239815824119545141e+03 0.000000000000000000e+00
-1.025635003312069671e+02 -1.025625273108489495e+02 4.423082301442581021e-03 1.547024577586366149e+03 0.000000000000000000e+00
-1.054127958949982400e+02 -1.054167766947124392e+02 7.145461395515954710e-03 9.163006991326436037e+03 0.000000000000000000e+00
-1.053138719367688481e+02 -1.053083729976364964e+02 3.551483984120493240e-03 1.534192162935330771e+03 0.000000000000000000e+00
-1.080553792779324738e+02 -1.080558357259174613e+02 4.795139242806025631e-03 9.088133623679754237e+03 0.000000000000000000e+00
-1.026139851975837729e+02 -1.026166447130585055e+02 6.198897841070349739e-03 9.050731098601274425e+03 0.000000000000000000e+00
-9.974790561449746917e+01 -9.974983121088556004e+01 8.256152564910091904e-03 9.013886956667813138e+03 0.000000000000000000e+00
-1.053552634307683036e+02 -1.053547644934225218e+02 3.034423071307601385e-03 1.511325972483305122e+03 0.000000000000000000e+00
-1.079933051052325510e+02 -1.079976259932526972e+02 6.037927293760615884e-03 8.943361777039357548e+03 0.000000000000000000e+00
-1.026736342551622982e+02 -1.026787567150579292e+02 1.030985273942506414e-02 3.378842053745078010e+04 0.000000000000000000e+00
-1.015827786756400997e+02 6.007183208445555000e+14 3.865040721818838421e+01 1.493853978131788836e+03 0.000000000000000000e+00
-9.874063610572028438e+01 -9.876015247056001556e+01 1.000939421155529370e-02 1.493853978131788836e+03 0.000000000000000000e+00
-1.053303760099998811e+02 -1.053017437195517942e+02 7.856709670023262482e-03 3.388964272298660944e+04 0.000000000000000000e+00
-1.054055389715077524e+02 -1.054062106625062540e+02 4.032741928393907167e-03 1.489927030660772743e+03 0.000000000000000000e+00
-1.025870386688166604e+02 -1.025494631152918430e+02 1.405583460542498588e-02 3.366816339685349521e+04 0.000000000000000000e+00
-9.904511443422262573e+01 -9.904081733279846844e+01 1.748344305129906698e-02 8.877025629136607677e+03 0.000000000000000000e+00
-1.053047172616766289e+02 -1.053018728098929273e+02 6.330657086851616128e-03 8.842688929175450539e+03 0.000000000000000000e+00
-1.053919807806611573e+02 -1.053725138318978907e+02 9.557387342487127721e-03 3.352509615532187308e+04 0.000000000000000000e+00
-9.994997452438347807e+01 -9.995718636140318836e+01 7.970521637130655035e-03 8.774604201723981532e+03 0.000000000000000000e+00
-1.080720716687988414e+02 -1.080758731100135606e+02 5.224577987516554854e-03 8.742361576686438639e+03 0.000000000000000000e+00
-1.107482488270641880e+02 -1.107503532506468957e+02 7.574243949669624658e-03 8.708897874919237438e+03 0.000000000000000000e+00
-1.024575388301495167e+02 -1.024567338241376717e+02 6.942162987749545336e-03 8.675313810837129495e+03 0.000000000000000000e+00
-1.027183741928316465e+02 -1.027269147888583660e+02 8.784471764267165472e-03 1.440190887646641841e+03 0.000000000000000000e+00
-1.068269454221791364e+02 -1.068261624930884039e+02 1.166065155063204274e-02 8.618579985517370005e+03 0.000000000000000000e+00
-1.107756985740162889e+02 -1.107387988854372338e+02 1.089288067169984046e-02 3.277306396323108493e+04 0.000000000000000000e+00
-1.053001097140866875e+02 -1.052995708368090675e+02 5.881242236345660991e-03 8.553149819648439006e+03 0.000000000000000000e+00
-1.080612837430153093e+02 -1.080418158387149816e+02 7.233672908692040902e-03 3.257870340346352168e+04 0.000000000000000000e+00
-1.017770276321260212e+02 3.844073245435765000e+14 3.768153152355193924e+01 1.419897817960438488e+03 0.000000000000000000e+00
-1.107080405617977164e+02 -1.107166451633617470e+02 4.416924248241583563e-03 1.419897817960438488e+03 0.000000000000000000e+00
-1.079712898457735548e+02 -1.079717576007513884e+02 6.352431430484818328e-03 8.459590998135661721e+03 0.000000000000000000e+00
-1.052746381486977043e+02 -1.052616396829536427e+02 8.656636492255589260e-03 3.222513198897843904e+04 0.000000000000000000e+00
-1.053079740816573491e+02 -1.053138281115037955e+02 5.817302503625018315e-03 8.397081711726517824e+03 0.000000000000000000e+00
-1.052715615486392693e+02 -1.052524199635293485e+02 8.622160997529914814e-03 3.202764528179655099e+04 0.000000000000000000e+00
-1.052870152846397929e+02 -1.052858719841842543e+02 5.951838067486055033e-03 8.337005721557034121e+03 0.000000000000000000e+00
-1.052363890336141168e+02 -1.052396623030518299e+02 6.819076591167246536e-03 8.306191381963593813e+03 0.000000000000000000e+00
-1.026093109673496144e+02 -1.026112224391882535e+02 8.818033572190327532e-03 3.169844679473090218e+04 0.000000000000000000e+00
-1.107689150667356728e+02 -1.107722177795931913e+02 6.403222561979598354e-03 8.245527775668593677e+03 0.000000000000000000e+00
-9.818204606320634298e+01 -9.813395161338489459e+01 1.383006296475003394e-02 1.376305311254585604e+03 0.000000000000000000e+00
-1.026302061848687401e+02 -1.026357240941376574e+02 1.312449542373099985e-02 3.138723044050622048e+04 0.000000000000000000e+00
-1.026190204188904005e+02 -1.026225506815563904e+02 4.862730162584804131e-03 8.157941123927756962e+03 0.000000000000000000e+00
-1.052844580961789944e+02 -1.052839487036369519e+02 2.789184349048674186e-03 1.392880825004194548e+03 0.000000000000000000e+00
-1.025327881425286165e+02 -1.025215579007796691e+02 4.785154974079110571e-03 1.387836002022428829e+03 0.000000000000000000e+00
-1.052662870537903501e+02 -1.052654098815710739e+02 5.902744116382051265e-03 8.070672368679291139e+03 0.000000000000000000e+00
-9.980926671980387255e+01 -9.981226269569079079e+01 4.733931080842332211e-03 8.041749992119562194e+03 0.000000000000000000e+00
-1.107762581914189894e+02 -1.107764487829721247e+02 3.918187299882312617e-03 1.377418952360369985e+03 0.000000000000000000e+00
-9.914552795669530383e+01 -9.910601030609278439e+01 1.414570182045491419e-02 7.985080131700350648e+03 0.000000000000000000e+00
-1.068613434018614186e+02 -1.068559451765933090e+02 1.092641850940937083e-02 8.003483444327158395e+03 0.000000000000000000e+00
-1.052798249598555742e+02 -1.052766456647565434e+02 5.604224676457701150e-03 7.976221159730110230e+03 0.000000000000000000e+00
-1.026174839797901086e+02 -1.026163239633883251e+02 4.795553555809067316e-03 7.948501926514957631e+03 0.000000000000000000e+00
-1.080522483214127192e+02 -1.080541897074805036e+02 4.650731101478836581e-03 7.920671598026777247e+03 0.000000000000000000e+00
-1.080538217454273990e+02 -1.080542686039291027e+02 3.613126378079357243e-03 7.893077792886623683e+03 0.000000000000000000e+00
-9.447393270762965756e+01 -9.447914138571827891e+01 1.206488909607941230e-02 7.865574864788420200e+03 0.000000000000000000e+00
-1.080612269246748269e+02 -1.080581471279932941e+02 3.325438924189737331e-03 1.345755160637044582e+03 0.000000000000000000e+00
-1.053362011741484849e+02 -1.053359041184336888e+02 3.807527251084629437e-03 7.812075681482304390e+03 0.000000000000000000e+00
-9.992370106845407918e+01 -9.993115585750987862e+01 7.659216858172466190e-03 7.785144502581219058e+03 0.000000000000000000e+00
-1.012929124717875879e+02 -1.013426981022721662e+02 1.610468866280853964e-02 2.962080469740147601e+04 0.000000000000000000e+00
-9.748372335151583457e+01 -9.741647432436739962e+01 2.034891542381988411e-02 2.959705071388108627e+04 0.000000000000000000e+00
-1.054038092132521029e+02 -1.054063081189271713e+02 3.299560411377676274e-03 1.364968654516817423e+03 0.000000000000000000e+00
-1.080605401392833471e+02 -1.080573485383489469e+02 4.209985809663416463e-03 7.817009137041382019e+03 0.000000000000000000e+00
-1.079696128622544222e+02 -1.079720788613936833e+02 3.891950505671976871e-03 1.355862434514471488e+03 0.000000000000000000e+00
-1.052652382277561856e+02 -1.052697972732479599e+02 4.221903845813505980e-03 1.351453376790600714e+03 0.000000000000000000e+00
-1.045431775993038599e+02 -1.045436507767344239e+02 9.638653611381277700e-03 7.738529970115370816e+03 0.000000000000000000e+00
-1.053039798240847631e+02 -1.053088064317265662e+02 4.911780548243540982e-03 7.712554066900451289e+03 0.000000000000000000e+00
-1.107117995962945258e+02 -1.107189625659719354e+02 5.704200932397958737e-03 7.687420206095590402e+03 0.000000000000000000e+00
-1.053566602579066966e+02 -1.053504026915568375e+02 8.029780057315163283e-03 2.897199198164061818e+04 0.000000000000000000e+00
-1.053014387147865563e+02 -1.053026684335927570e+02 2.311758132731874232e-03 1.331651876397964543e+03 0.000000000000000000e+00
-1.080695938306278805e+02 -1.080698775466437098e+02 4.877085510686264731e-03 7.613487508408809845e+03 0.000000000000000000e+00
-1.007416924768606350e+02 -1.007580854062116487e+02 1.308780362915480840e-02 7.588363391978392428e+03 0.000000000000000000e+00
-1.032002519603588411e+02 -1.032138402300730320e+02 1.155393929111363065e-02 7.571159498159920986e+03 0.000000000000000000e+00
-1.107144733880830216e+02 -1.107218927536384285e+02 5.423322490914990468e-03 7.551334716174043024e+03 0.000000000000000000e+00
-1.079458811291965219e+02 -1.079404110787483972e+02 8.734645321234992682e-03 7.528426955159914542e+03 0.000000000000000000e+00
-1.079677691352429889e+02 -1.079703137985700607e+02 3.073537463419549146e-03 1.309982129715049268e+03 0.000000000000000000e+00
-1.031794015344517987e+02 -1.031612213119239243e+02 1.872046951536622539e-02 2.832072841727344712e+04 0.000000000000000000e+00
-1.080604926033288535e+02 -1.080573899489451151e+02 4.013806480563503025e-03 7.469921681821105267e+03 0.000000000000000000e+00
-1.053511752380561433e+02 -1.053538602011409466e+02 4.264220193569114720e-03 7.446136452118389570e+03 0.000000000000000000e+00
-1.079980336725681695e+02 -1.079987070257018900e+02 4.173704352292957262e-03 7.422396938894634332e+03 0.000000000000000000e+00
-1.052669787291988257e+02 -1.052436926460260196e+02 1.117163321446897929e-02 2.797447846536214274e+04 0.000000000000000000e+00
-1.045654891681077316e+02 -1.045545328661833366e+02 1.297671278670309639e-02 2.790158031862328062e+04 0.000000000000000000e+00
-1.025902234512127507e+02 -1.025711694068946542e+02 8.032473418454668529e-03 2.781622045897723729e+04 0.000000000000000000e+00
-1.052566570798786927e+02 -1.052552599343637780e+02 4.798600176565426430e-03 7.330091875230556070e+03 0.000000000000000000e+00
-1.023099354298130947e+02 2.363450006976912188e+14 3.569117283538916752e+01 1.273859818365621550e+03 0.000000000000000000e+00
-9.982036460496141217e+01 -9.981705955028014898e+01 4.713036831916648725e-03 1.273859818365621550e+03 0.000000000000000000e+00
-9.992016226270183665e+01 -9.992615740952457770e+01 1.444973002779707458e-02 2.758543928816942935e+04 0.000000000000000000e+00
-1.051476462668775440e+02 -1.051537232423715551e+02 9.235405770874999601e-03 7.270547003237091303e+03 0.000000000000000000e+00
-1.052388747989354272e+02 -1.052353133540287047e+02 5.313448177578572636e-03 7.249357834813006775e+03 0.000000000000000000e+00
-1.052849153344419193e+02 -1.052731775273226873e+02 7.456659799864692739e-03 2.733201533136591388e+04 0.000000000000000000e+00
-1.080569065578700787e+02 -1.080566163061721454e+02 3.712245091222343783e-03 7.206410150133299794e+03 0.000000000000000000e+00
-1.024045742035180240e+02 -1.023951999882193888e+02 1.002591586872255032e-02 2.716758310155651634e+04 0.000000000000000000e+00
-1.018386134067730353e+02 -1.018023564709024384e+02 1.651381486867050524e-02 2.708594740674674540e+04 0.000000000000000000e+00
-1.080051810974431419e+02 -1.079897796104043834e+02 6.696059140319452103e-03 2.703982908141145163e+04 0.000000000000000000e+00
-1.053376764877792056e+02 -1.053352813846815224e+02 4.915415047820882906e-03 7.119966174381426754e+03 0.000000000000000000e+00
-1.002689886450647379e+02 -1.003472927006291684e+02 1.677312196555322613e-02 7.098311138575656514e+03 0.000000000000000000e+00
-1.053728558969629177e+02 -1.053791617789373731e+02 5.085415530793112836e-03 7.214820196398263761e+03 0.000000000000000000e+00
-1.080762571195681403e+02 -1.080690338185468846e+02 6.114523439074483549e-03 2.726852741423886255e+04 0.000000000000000000e+00
-9.983140957273124627e+01 -9.982652163610757157e+01 7.069134384664057906e-03 7.172158939253445169e+03 0.000000000000000000e+00
-1.048666901147926325e+02 -1.048283905329277133e+02 1.850521776427520998e-02 7.150989840782004649e+03 0.000000000000000000e+00
-9.864063647077678354e+01 -9.867355460927943511e+01 9.570704108473538502e-03 7.156921606607104877e+03 0.000000000000000000e+00
-1.053114560792468239e+02 -1.053117815807198809e+02 2.870763464886129726e-03 1.222665169673768787e+03 0.000000000000000000e+00
-1.025613200992121392e+02 -1.025634896108630443e+02 4.420802550875688533e-03 7.141499737349973657e+03 0.000000000000000000e+00
-1.027165261832443832e+02 -1.027193633075536070e+02 5.870781388631336577e-03 1.216439545134715445e+03 0.000000000000000000e+00
-1.054120230538081131e+02 -1.054113513260085568e+02 3.131197415872785921e-03 1.213118231983612077e+03 0.000000000000000000e+00
-1.026431181049808146e+02 -1.026490339156385971e+02 4.843282157035084558e-03 7.081963627578380510e+03 0.000000000000000000e+00
-9.866684625441941137e+01 -9.866814690849882652e+01 1.102858995189401510e-02 7.062019227101459364e+03 0.000000000000000000e+00
-1.134303342810404587e+02 -1.134471879842735120e+02 9.476877194610917529e-03 7.041207539031879605e+03 0.000000000000000000e+00
-1.080594254668555294e+02 -1.080604583928091245e+02 4.011529521454127063e-03 7.028180034790511854e+03 0.000000000000000000e+00
-1.053462599856355695e+02 -1.053442549434005571e+02 4.522715851707896119e-03 7.007535896834976484e+03 0.000000000000000000e+00
-1.052635931093102215e+02 -1.052607221090320735e+02 5.854254645918426092e-03 6.987075909190644779e+03 0.000000000000000000e+00
-1.080657812613388131e+02 -1.080469254341814320e+02 7.948770224211493957e-03 2.640087238335440998e+04 0.000000000000000000e+00
-1.052992530481638198e+02 -1.053057331999259247e+02 3.729880918288381187e-03 6.947459770175617450e+03 0.000000000000000000e+00
-1.080486187570782732e+02 -1.080494650621031809e+02 2.241056816428260018e-03 1.183191026309552171e+03 0.000000000000000000e+00
-1.080440378955904350e+02 -1.080108407139102837e+02 6.907572558517784816e-03 2.619837140612242729e+04 0.000000000000000000e+00
-1.107756243099224633e+02 -1.107773579844266152e+02 5.041386968570990904e-03 6.889268996449551196e+03 0.000000000000000000e+00
-1.041876998102395930e+02 -1.041896886548612713e+02 8.610509398336707934e-03 6.869499319677015592e+03 0.000000000000000000e+00
-1.025340920043271211e+02 3.726200871742260625e+14 3.421698819916436918e+01 1.170802281421753833e+03 0.000000000000000000e+00
-9.165228174577701736e+01 -9.160716453126728709e+01 2.848187259647882996e-02 2.606191918852518575e+04 0.000000000000000000e+00
-9.993204768160707374e+01 -9.993729781711350313e+01 5.031373813853027080e-03 1.167578420174422945e+03 0.000000000000000000e+00
-1.080768685779150786e+02 -1.080790523547682511e+02 4.529047348021868723e-03 6.817581762442025138e+03 0.000000000000000000e+00
-1.053003168602210593e+02 -1.053018607311719137e+02 3.196997679784926733e-03 6.798294486535125543e+03 0.000000000000000000e+00
-1.031790607091743794e+02 -1.031815226192108952e+02 1.560430018335035723e-02 2.584370364356599748e+04 0.000000000000000000e+00
-1.079956858530751020e+02 -1.079979342637856519e+02 2.152879972986446958e-03 1.155364583486749098e+03 0.000000000000000000e+00
-1.080216908380245542e+02 -1.080282599487021997e+02 4.724324813594766442e-03 6.740990145867739557e+03 0.000000000000000000e+00
-1.052809773304198160e+02 -1.052726002654284372e+02 5.609975452507742766e-03 2.563721047830243697e+04 0.000000000000000000e+00
-1.025627862723935237e+02 -1.025641770248187328e+02 4.797703574620217244e-03 6.704543747554424954e+03 0.000000000000000000e+00
-1.024391774977592320e+02 -1.024406448730514398e+02 7.686375930283355189e-03 6.685786388765671290e+03 0.000000000000000000e+00
-1.079996460489595478e+02 -1.079991496556167050e+02 3.452658198055607881e-03 6.667272225290796996e+03 0.000000000000000000e+00
-1.041562734590889647e+02 -1.041542342028495938e+02 5.068409827218592519e-03 1.137990251831664636e+03 0.000000000000000000e+00
-1.081063960724492858e+02 -1.081044096558435683e+02 2.839464223305151590e-03 1.135067041145583289e+03 0.000000000000000000e+00
-1.026205403273978902e+02 -1.026199303696789542e+02 3.740772696021115590e-03 6.614209250340401923e+03 0.000000000000000000e+00
-1.026149953413161882e+02 -1.026040251357251663e+02 5.632705718499263561e-03 2.525302100653026355e+04 0.000000000000000000e+00
-9.461178777572854415e+01 -9.453598728243139249e+01 1.183575836216287439e-02 1.125824392940493453e+03 0.000000000000000000e+00
-9.700270984103897831e+01 -9.699762856897977770e+01 1.309285350850384645e-02 6.665334209972665121e+03 0.000000000000000000e+00
-1.081278626754112082e+02 -1.081291802370459152e+02 5.007861052242238917e-03 6.647220293721617054e+03 0.000000000000000000e+00
-1.052771220641068766e+02 -1.052628450186730760e+02 4.257792107955060516e-03 2.502737882289099070e+04 0.000000000000000000e+00
-1.019047117309573594e+02 -1.018995298207487963e+02 7.121319166137250745e-03 6.611627694699154745e+03 0.000000000000000000e+00
-1.081271229625971984e+02 -1.081118104160627524e+02 7.109967072012853169e-03 2.490044521913410063e+04 0.000000000000000000e+00
-1.054060280179422620e+02 -1.054045401034368297e+02 4.677242092147732011e-03 6.576731849076437356e+03 0.000000000000000000e+00
-1.080563518863385468e+02 -1.080561760176570800e+02 3.105014862153550066e-03 6.558993808128047021e+03 0.000000000000000000e+00
-1.080676408254205683e+02 -1.080675005424011204e+02 3.350145592897111300e-03 1.173408713415557031e+03 0.000000000000000000e+00
-9.974747114294430617e+01 -9.973831509569288301e+01 7.517045639818628611e-03 6.523801655858179402e+03 0.000000000000000000e+00
-1.080508022452580974e+02 -1.080468724636574223e+02 3.783066413759248511e-03 6.508070466269896315e+03 0.000000000000000000e+00
-1.025268754704621443e+02 -1.025295765941305604e+02 4.136305810552883336e-03 6.491076648895985272e+03 0.000000000000000000e+00
-9.995731625477931459e+01 -9.993045813093571894e+01 1.194478924388972518e-02 2.444996874380761437e+04 0.000000000000000000e+00
-1.053465575199588358e+02 -1.053488390245596804e+02 3.313627703201533006e-03 6.466004690908707744e+03 0.000000000000000000e+00
-1.013459340099526145e+02 -1.013906513750158354e+02 1.081534411188417831e-02 2.434450471921961434e+04 0.000000000000000000e+00
-1.053301202599658666e+02 -1.053289665801738124e+02 4.151025805104883830e-03 6.439011659389253509e+03 0.000000000000000000e+00
-1.080554204152504383e+02 -1.080550493260008409e+02 1.883304308538284689e-03 1.151136342638506221e+03 0.000000000000000000e+00
-1.042067269453902583e+02 -1.042152347086340853e+02 1.002857898446558524e-02 1.148098519135495962e+03 0.000000000000000000e+00
-1.081108818694166871e+02 -1.081092106974445812e+02 4.247532604596745108e-03 6.391713751392741869e+03 0.000000000000000000e+00
-1.053015691826668387e+02 -1.052939118284558475e+02 3.768435177091086254e-03 1.143284526418770383e+03 0.000000000000000000e+00
-1.052988265596449651e+02 -1.052893654623078987e+02 5.824946998575225229e-03 2.402669436998349192e+04 0.000000000000000000e+00
-1.041292568874538773e+02 -1.041389846512341109e+02 8.748753113390243114e-03 6.342884127881067798e+03 0.000000000000000000e+00
-1.080617415531355050e+02 -1.080426377036682339e+02 4.714672457374021949e-03 2.396755154856528679e+04 0.000000000000000000e+00
-1.080693371253039317e+02 -1.080684778395230836e+02 5.219430168796266624e-03 6.312026009120669187e+03 0.000000000000000000e+00
-1.025777633416036281e+02 -1.025850960657182185e+02 3.830275491184077091e-03 6.295730180080447099e+03 0.000000000000000000e+00
-9.454412854591477355e+01 -9.457344019294957604e+01 8.976777038218886409e-03 6.280642526326660118e+03 0.000000000000000000e+00
-1.052835567547877815e+02 -1.052756230343177890e+02 6.634525616703231508e-03 2.378133038945930821e+04 0.000000000000000000e+00
-1.080279585899214254e+02 -1.080256859029171892e+02 2.325812229121189054e-03 1.127940359494071572e+03 0.000000000000000000e+00
-1.053406530150952705e+02 -1.053376377214761703e+02 3.714078136683415451e-03 6.252440144309507559e+03 0.000000000000000000e+00
-9.976812759170411482e+01 -9.977098877214463357e+01 9.427799262198891667e-03 2.360207375797598434e+04 0.000000000000000000e+00
-1.080543063245140019e+02 -1.080519045651032570e+02 3.104317265495529742e-03 6.221493546288346806e+03 0.000000000000000000e+00
-1.107712346264716672e+02 -1.107756232577095830e+02 4.431273984825200019e-03 6.205853763597666330e+03 0.000000000000000000e+00
-9.600103605565199416e+01 -9.605077873170635883e+01 1.132645282243080649e-02 2.342322056814894313e+04 0.000000000000000000e+00
-1.013825676194968395e+02 -1.013889443448014873e+02 8.860858237949482269e-03 6.202635802298887938e+03 0.000000000000000000e+00
-9.819780262628552236e+01 -9.822816998475457240e+01 9.337080594112808635e-03 6.187882335658128795e+03 0.000000000000000000e+00
-1.080199944411951236e+02 -1.080193646628099486e+02 3.839976019713955014e-03 6.191870533402924593e+03 0.000000000000000000e+00
-1.052884617657748123e+02 -1.052843750645706393e+02 6.870411764840644690e-03 2.331719379286743060e+04 0.000000000000000000e+00
-1.080557817130034834e+02 -1.080549626974135151e+02 3.094516488966349461e-03 6.160918667512908542e+03 0.000000000000000000e+00
-1.080603413936875370e+02 -1.080575664641347657e+02 3.004794080408433252e-03 6.145574613847327782e+03 0.000000000000000000e+00
-1.053599300037490565e+02 -1.053604741426852058e+02 2.420166325165480983e-03 6.130474586064792675e+03 0.000000000000000000e+00
-1.080743551803125229e+02 -1.080749784068986656e+02 3.506626059273883645e-03 6.115268873710396292e+03 0.000000000000000000e+00
-1.052549461754079942e+02 -1.052565088125931823e+02 4.731391573339790296e-03 6.100140707218714851e+03 0.000000000000000000e+00
-1.027446180815615122e+02 -1.027471434601083473e+02 6.960084430697145545e-03 6.085127623928437970e+03 0.000000000000000000e+00
-1.107743511332355553e+02 -1.107773767557399367e+02 4.213635480382032193e-03 6.070435750785295568e+03 0.000000000000000000e+00
-1.007633703685319375e+02 -1.007632737342455158e+02 7.022496004272174228e-03 1.090130729222059017e+03 0.000000000000000000e+00
-1.053034275139595479e+02 -1.053024538742116363e+02 3.363162082161017408e-03 6.045785061235164903e+03 0.000000000000000000e+00
-1.000323865779034094e+02 -1.000352048947584223e+02 1.108822945702666804e-02 2.276833319709672651e+04 0.000000000000000000e+00
-1.068525674132451968e+02 -1.068416412303894134e+02 6.894025842297044418e-03 6.016329082668931733e+03 0.000000000000000000e+00
-1.080559657641811526e+02 -1.080561882832867724e+02 1.447958792242222403e-03 1.081152204822293470e+03 0.000000000000000000e+00
-1.009701554324954458e+02 -1.009840929088125563e+02 1.039754007121823989e-02 5.989858265250591103e+03 0.000000000000000000e+00
-1.027005727633738843e+02 -1.027074831738128893e+02 4.353236660209892743e-03 5.979504123932183575e+03 0.000000000000000000e+00
-1.080202241999204062e+02 -1.080116054323665367e+02 5.734667091769621132e-03 2.256103388025890672e+04 0.000000000000000000e+00
-1.107729717253365322e+02 -1.107744321088401875e+02 5.259963974595983222e-03 5.951921614468573352e+03 0.000000000000000000e+00
-1.053628975551904574e+02 -1.053645446632539660e+02 1.848312383749472695e-03 1.068404315949954935e+03 0.000000000000000000e+00
-1.015019975049942786e+02 -1.015268506212674424e+02 1.299701007662039734e-02 2.240946300376081490e+04 0.000000000000000000e+00
-1.080559044909970936e+02 -1.080549712566262741e+02 2.935705011963145577e-03 5.909589002766842896e+03 0.000000000000000000e+00
-1.024907207243539631e+02 -1.024915415029403079e+02 2.682323919436967880e-03 1.061200982394711900e+03 0.000000000000000000e+00
-1.025659972118417471e+02 -1.025644560263881999e+02 4.728420140750185484e-03 5.881928150592633756e+03 0.000000000000000000e+00
