0.000000000000000000e+00 0.000000000000000000e+00 0.000000000000000000e+00 0.000000000000000000e+00 0.000000000000000000e+00
-1.018263526529368619e+02 -1.015311640238589206e+02 1.857458277485077858e-01 1.543147583551935968e+05 0.000000000000000000e+00
-1.054249707654429642e+02 -1.053429696645600160e+02 6.500089454170644709e-02 2.521988680678680612e+04 0.000000000000000000e+00
-1.081929688823316411e+02 -1.080427580420171836e+02 7.826048687126727077e-02 1.597840792102155101e+05 0.000000000000000000e+00
-1.078919141026175055e+02 -1.079569502378191856e+02 9.117009961868659251e-02 2.505488756492780522e+04 0.000000000000000000e+00
-9.467995880872176429e+01 -9.412776234933390640e+01 3.253942724002851783e-01 2.459586741033122962e+04 0.000000000000000000e+00
-9.177820924481561349e+01 -9.171527820181900381e+01 1.492263095362544589e-01 1.516160392262366368e+05 0.000000000000000000e+00
-1.053448397253217763e+02 -1.053371519526879894e+02 1.078243953127813598e-01 1.477398623808269040e+05 0.000000000000000000e+00
-1.053149931010620719e+02 -1.052329264520952421e+02 7.077357520161564608e-02 1.436466766033056192e+05 0.000000000000000000e+00
-1.080646674397440563e+02 -1.079872153260049714e+02 6.889586880738216013e-02 2.486425084779453755e+04 0.000000000000000000e+00
-1.081287190320399390e+02 -1.080970977642001714e+02 5.111506831804749074e-02 1.388782612516709487e+05 0.000000000000000000e+00
-9.979693245021900339e+01 -9.976665380557214746e+01 1.181252400782382278e-01 1.355311606255161169e+05 0.000000000000000000e+00
-9.159513497630510415e+01 -9.157700452035093974e+01 1.186065713296587110e-01 1.322654314248842711e+05 0.000000000000000000e+00
-1.026524244165452444e+02 -1.026762880469585895e+02 6.579168586035864796e-02 1.290666831116881222e+05 0.000000000000000000e+00
-9.698691606342886473e+01 -9.712493890356438442e+01 7.897880287633821106e-02 2.300190690039612673e+04 0.000000000000000000e+00
-1.024501293869589773e+02 -1.023751068955945840e+02 9.424493617052509542e-02 1.246860290394730400e+05 0.000000000000000000e+00
-1.054101732393220061e+02 -1.053996637502257414e+02 3.229324673090244041e-02 2.301981496984962359e+04 0.000000000000000000e+00
-1.108239378192558604e+02 -1.107491073157949160e+02 4.435536255063048106e-02 1.201661573136631050e+05 0.000000000000000000e+00
-9.749676356998820381e+01 -9.735518732438839606e+01 1.039201825881116981e-01 1.185734878250295733e+05 0.000000000000000000e+00
-9.461943875894527878e+01 7.757496886028342884e+25 3.438990498393223447e+02 1.182665564803886955e+05 0.000000000000000000e+00
-1.026682516504183411e+02 -1.026700821516289750e+02 8.842272494525094118e-02 1.182665564803886955e+05 0.000000000000000000e+00
-1.025526763376619073e+02 -1.025987083157205291e+02 3.038494934375259374e-02 2.268692920784062517e+04 0.000000000000000000e+00
-1.000918651291937636e+02 -1.000575615332991504e+02 4.468587343578328541e-02 1.134444468215735542e+05 0.000000000000000000e+00
-1.106353765506212881e+02 -1.106591558633459300e+02 3.554436486472621615e-02 2.828442745739891961e+03 0.000000000000000000e+00
-1.024792273221961523e+02 -1.024775655930875331e+02 8.866707763788345131e-02 1.093267542740053323e+05 0.000000000000000000e+00
-9.981425604753592040e+01 -9.990068230043054598e+01 7.103131501261750191e-02 1.072250595048082178e+05 0.000000000000000000e+00
-9.983707371659353669e+01 -9.974477305167974350e+01 5.405552881262711690e-02 1.061228633759333898e+05 0.000000000000000000e+00
-1.051546748224980377e+02 -1.051963141103072559e+02 3.914453829004346797e-02 1.053974892697130126e+05 0.000000000000000000e+00
-9.582579024568670434e+01 4.797804687529850586e+12 5.233914105070320488e+01 2.739385685925405596e+03 0.000000000000000000e+00
-1.107680361885087450e+02 -1.107729249344254043e+02 1.176989929272276303e-02 2.739385685925405596e+03 0.000000000000000000e+00
-1.079615341658461887e+02 -1.079559429005507383e+02 2.429907835162106039e-02 2.142765804236326221e+04 0.000000000000000000e+00
-1.080837312578305500e+02 -1.080531234732185055e+02 2.083128734582672878e-02 2.105699029028525183e+04 0.000000000000000000e+00
-1.079406914847705110e+02 -1.079570331638227429e+02 2.289308159035278664e-02 2.082791815574030261e+04 0.000000000000000000e+00
-9.732549376544007202e+01 -9.730151884806375051e+01 5.888175250294552798e-02 9.747043623462104006e+04 0.000000000000000000e+00
-1.053618091068020561e+02 -1.053273541433554072e+02 3.258536730862738456e-02 9.591292504098477366e+04 0.000000000000000000e+00
-1.080286938146345932e+02 -1.080591331325995412e+02 2.518918362071249570e-02 1.985824167531484636e+04 0.000000000000000000e+00
-1.051441245680002226e+02 -1.051815697027783472e+02 2.536307513878677949e-02 1.964701056296264142e+04 0.000000000000000000e+00
-9.876432084178905768e+01 -9.873075305490461062e+01 6.578881694908599032e-02 9.208387186294108687e+04 0.000000000000000000e+00
-1.080647701104909402e+02 -1.080532754792867820e+02 1.460969580084886185e-02 1.998449239155650139e+04 0.000000000000000000e+00
-9.735093989224166933e+01 1.973780972071091875e+14 5.059348883518608631e+01 2.559701112516098874e+03 0.000000000000000000e+00
-1.080736202021406882e+02 -1.080808812131800067e+02 4.980021351618585390e-02 8.952506481381213234e+04 0.000000000000000000e+00
-1.080004355907897491e+02 -1.080085646120638501e+02 1.790968749620738820e-02 1.946439579046675499e+04 0.000000000000000000e+00
-1.107179903202455904e+02 -1.107080651242818305e+02 1.901421222710042436e-02 1.918139279140564031e+04 0.000000000000000000e+00
-1.079490201248722769e+02 -1.079631645874662240e+02 3.741623984402803887e-02 8.565587106430076528e+04 0.000000000000000000e+00
-1.026443683498223010e+02 -1.026452239741287826e+02 4.364443053725011734e-02 8.443658006281124835e+04 0.000000000000000000e+00
-1.079779581610321202e+02 -1.079707174259102231e+02 2.498264667334905084e-02 8.323036917298113985e+04 0.000000000000000000e+00
-1.023794561616668233e+02 -1.024495312709075563e+02 4.264785177641378794e-02 8.206537960487903911e+04 0.000000000000000000e+00
-1.080392315384241186e+02 -1.080350597089438764e+02 3.216124356827015918e-02 8.145823496636169148e+04 0.000000000000000000e+00
-1.045112496566799649e+02 -1.045300854709134484e+02 5.812625520284154385e-02 8.034467609633541724e+04 0.000000000000000000e+00
-9.701594649766975920e+01 -9.704056383110967943e+01 2.236350787003870896e-02 1.762771424910109999e+04 0.000000000000000000e+00
-1.081345094287127182e+02 -1.080985902097128815e+02 2.132581375140269256e-02 1.745419528410400017e+04 0.000000000000000000e+00
-1.080826905756614593e+02 -1.080558680627386110e+02 2.439430971599526946e-02 7.783999657626998669e+04 0.000000000000000000e+00
-1.107829274988279735e+02 -1.107575729535168279e+02 1.357191513842760655e-02 1.713658899362300508e+04 0.000000000000000000e+00
-1.053193571360404093e+02 -1.053385087883551137e+02 1.048697314938798648e-02 1.698758920603985825e+04 0.000000000000000000e+00
-1.107772077208282866e+02 -1.107342581033077806e+02 1.649589813598383373e-02 1.681170447779211099e+04 0.000000000000000000e+00
-1.053001998118172224e+02 -1.053113332821749424e+02 2.369650041968204141e-02 7.474946057574376755e+04 0.000000000000000000e+00
-1.107771002990922256e+02 -1.107587842249698724e+02 1.211379114491286345e-02 1.661180520366065684e+04 0.000000000000000000e+00
-1.079835816675393545e+02 -1.079784502570179683e+02 1.528207550567783728e-02 1.644485880798410290e+04 0.000000000000000000e+00
-1.107219879145067551e+02 -1.107105831706629289e+02 2.012492712981596432e-02 7.221352542988915229e+04 0.000000000000000000e+00
-1.080937525393667045e+02 -1.081053932929214625e+02 6.821224283072174072e-03 2.066041629597871633e+03 0.000000000000000000e+00
-1.053228409301088817e+02 -1.053278145078715227e+02 7.587860450741173643e-03 2.053042239377998158e+03 0.000000000000000000e+00
-1.053459296184785217e+02 -1.053557826419532972e+02 6.620523965517668974e-03 2.031139258590992540e+03 0.000000000000000000e+00
-1.080118557349773738e+02 -1.080033129947729122e+02 2.396030381956775271e-02 6.906343749876371294e+04 0.000000000000000000e+00
-1.025689130265820950e+02 -1.026047208430490798e+02 3.062315016763068887e-02 6.828612733502796618e+04 0.000000000000000000e+00
-1.106716327344136346e+02 -1.106454315916104179e+02 2.642345763054246982e-02 6.764572978610770951e+04 0.000000000000000000e+00
-1.053299123974535405e+02 -1.053270871314528421e+02 1.297494178881474641e-02 6.696114528263914690e+04 0.000000000000000000e+00
-1.079905687725871815e+02 -1.079922697763378352e+02 1.035107842519801535e-02 1.495416290576844585e+04 0.000000000000000000e+00
-1.044725896055828258e+02 -1.043928304925581614e+02 5.386833886999937288e-02 6.550654998788979719e+04 0.000000000000000000e+00
-1.026164758540529220e+02 -1.026177937110088152e+02 2.472974256001123083e-02 6.529140817055074149e+04 0.000000000000000000e+00
-1.053130985561657411e+02 -1.053200800199489038e+02 1.830380661313821614e-02 6.459683554801441642e+04 0.000000000000000000e+00
-1.025424073268360843e+02 -1.024991628071067993e+02 2.784060706008362196e-02 6.392098178319687577e+04 0.000000000000000000e+00
-1.025980205448510105e+02 -1.026509926536788697e+02 2.862077521517761292e-02 6.343245954912031448e+04 0.000000000000000000e+00
-1.051753818419012276e+02 -1.051942343910352804e+02 2.933125866961270450e-02 6.303061163183939061e+04 0.000000000000000000e+00
-1.052762146312425102e+02 -1.052627685266122484e+02 1.331963530734371799e-02 2.327203797393321565e+03 0.000000000000000000e+00
-1.106896674618825642e+02 -1.106858994382225063e+02 1.317777542028999473e-02 1.654494564863663254e+04 0.000000000000000000e+00
-1.025548112219861991e+02 -1.025448469954412332e+02 2.291727123688865747e-02 6.160512528170760925e+04 0.000000000000000000e+00
-1.107904805809577766e+02 -1.107624130838802756e+02 1.727810591570921178e-02 6.100454233300175110e+04 0.000000000000000000e+00
-1.080582610747358103e+02 -1.080667015144518075e+02 1.567446792235165781e-02 6.047707534867861250e+04 0.000000000000000000e+00
-1.107232780917352102e+02 -1.107084452535344639e+02 1.534681243105876641e-02 5.989669946077457280e+04 0.000000000000000000e+00
-9.374878421893686209e+01 -9.374234607944781317e+01 7.364316688129239619e-02 5.933994196482511325e+04 0.000000000000000000e+00
-9.722294298609573104e+01 -9.721751155329518213e+01 3.324983300974133915e-02 5.877743267118043877e+04 0.000000000000000000e+00
-9.971459604683575151e+01 -9.971010931602654637e+01 3.895775000760087758e-02 5.822533881703147199e+04 0.000000000000000000e+00
-1.052460331878738771e+02 -1.052547823721470053e+02 2.246503530215074665e-02 5.768274289758440864e+04 0.000000000000000000e+00
-1.025842168349631152e+02 -1.025844561056829463e+02 1.547670057233353595e-02 1.520538798281865093e+04 0.000000000000000000e+00
-1.081315505369842356e+02 -1.081086310382145115e+02 1.516874691849980257e-02 5.665030836812953930e+04 0.000000000000000000e+00
-9.907801075531065749e+01 -9.907649083616999519e+01 5.316922545309440279e-02 5.617990363006791449e+04 0.000000000000000000e+00
-1.106972656588750397e+02 -1.106818237682889503e+02 1.553381537328215461e-02 5.567405567351259378e+04 0.000000000000000000e+00
-1.052976462886659021e+02 -1.053300861244268276e+02 2.489808737860840782e-02 5.519675760941846238e+04 0.000000000000000000e+00
-1.025718843521739956e+02 -1.025805423471871336e+02 1.740664655393995772e-02 5.478895128315934562e+04 0.000000000000000000e+00
-9.746685409467629313e+01 -9.741321062330219149e+01 3.572427952824208663e-02 1.445333227239489861e+04 0.000000000000000000e+00
-1.000195098319360483e+02 -1.000101831809220556e+02 3.095907545933685237e-02 5.398289933220938838e+04 0.000000000000000000e+00
-1.018205687966849950e+02 -1.018288218402984029e+02 3.495166930465276600e-02 5.352450309553615807e+04 0.000000000000000000e+00
-1.052625163216534503e+02 -1.052757249397933919e+02 2.266144664599308370e-02 5.307081016336294124e+04 0.000000000000000000e+00
-9.966796327355611140e+01 -9.971334135272407195e+01 3.314284153190883569e-02 5.263439782695422036e+04 0.000000000000000000e+00
-1.079708568121165086e+02 -1.079673640932762453e+02 1.084443508268890556e-02 1.403237818977991265e+04 0.000000000000000000e+00
-1.080676653325456300e+02 -1.080665357964524276e+02 1.184175008830440183e-02 5.189544531592996645e+04 0.000000000000000000e+00
-1.024854712173479641e+02 -1.025134457458214428e+02 1.882242736608361749e-02 5.146666774222704407e+04 0.000000000000000000e+00
-1.080721987335468697e+02 -1.080615563599297673e+02 1.442271919418839678e-02 5.110159709030206432e+04 0.000000000000000000e+00
-1.052455555204612239e+02 -1.052484090713512472e+02 1.500153252005153801e-02 5.069465050038366462e+04 0.000000000000000000e+00
-9.986468447464636711e+01 -9.985410799955351990e+01 2.020865650392675641e-02 5.028621483292808261e+04 0.000000000000000000e+00
-1.025538395285806814e+02 -1.025598453622638999e+02 2.169598685739613370e-02 4.989242242038430413e+04 0.000000000000000000e+00
-9.173598309433330655e+01 -9.164046752605624135e+01 4.222880906228929088e-02 4.949868526234023011e+04 0.000000000000000000e+00
-1.025324558378463138e+02 -1.025507349668365862e+02 2.075478806829400905e-02 4.961873301160107076e+04 0.000000000000000000e+00
-9.708141123381088278e+01 -9.711314093815344961e+01 2.135835248258047964e-02 1.322109424675372429e+04 0.000000000000000000e+00
-1.026219189896897745e+02 -1.026195330377881021e+02 1.565150489570214104e-02 4.911771908828662708e+04 0.000000000000000000e+00
-1.106958336110249803e+02 -1.106835875735421837e+02 1.353199104934691907e-02 4.874051017096398573e+04 0.000000000000000000e+00
-1.044675987700499462e+02 -1.044891034584687475e+02 4.488959156681249923e-02 4.837902504811966355e+04 0.000000000000000000e+00
-1.081063006724248083e+02 -1.080878377639442363e+02 9.820881801392006630e-03 1.292502113008343986e+04 0.000000000000000000e+00
-9.167853970876382164e+01 -9.162278882422030790e+01 3.951109863429223823e-02 4.771527770366819459e+04 0.000000000000000000e+00
-1.053293490951160720e+02 -1.053254738846645893e+02 1.424141848964124643e-02 4.753435299788482371e+04 0.000000000000000000e+00
-1.107201573906882430e+02 -1.107154821981978046e+02 1.249850365951876881e-02 4.718346959159494145e+04 0.000000000000000000e+00
-1.080574197746412182e+02 -1.080571599301272414e+02 9.420627645854901672e-03 1.273271964227425997e+04 0.000000000000000000e+00
-9.987654244643404411e+01 -9.989528381088815934e+01 1.943794795148756985e-02 4.650778616491970024e+04 0.000000000000000000e+00
-9.551952959465454285e+01 -9.553250073097839845e+01 4.301101214961831898e-02 4.619442219035289600e+04 0.000000000000000000e+00
-1.080758842074771024e+02 -1.080895791942184019e+02 2.189791070933702274e-02 4.586903706356551993e+04 0.000000000000000000e+00
-1.051778324197185839e+02 -1.052011141913743160e+02 2.216982383871016551e-02 4.555435681103470415e+04 0.000000000000000000e+00
-1.079559440417179559e+02 -1.079556884537338277e+02 1.396904897018770922e-02 4.526532866624527378e+04 0.000000000000000000e+00
-1.025292929949324758e+02 -1.025094853114314759e+02 2.028011537063178701e-02 4.494660365261144034e+04 0.000000000000000000e+00
-1.079581778453940046e+02 -1.079572605482225498e+02 1.316245697172949668e-02 4.465835436316579580e+04 0.000000000000000000e+00
-1.080538569304178793e+02 -1.080688266409468099e+02 1.441307101483846505e-02 4.434834262474087882e+04 0.000000000000000000e+00
-1.081235871871989787e+02 -1.080902669806849161e+02 1.409759622230021686e-02 4.405761062371648586e+04 0.000000000000000000e+00
-1.052318087176749941e+02 -1.052180747850833882e+02 1.654196345959958042e-02 1.791710807525176506e+03 0.000000000000000000e+00
-9.567133486693977318e+01 -9.563936876516667951e+01 3.627286031705981295e-02 4.354575296154885291e+04 0.000000000000000000e+00
-1.080474647264781538e+02 -1.080421861939139632e+02 1.006383036869082197e-02 4.330817781538810959e+04 0.000000000000000000e+00
-9.993744514969520765e+01 -9.995004510279852639e+01 2.954101016272236979e-02 4.301946278835157864e+04 0.000000000000000000e+00
-9.915385683596002764e+01 -9.915697143302836025e+01 1.982322718688598120e-02 1.190663506486800725e+04 0.000000000000000000e+00
-1.107635026812397570e+02 -1.107385704861354014e+02 1.420914520484652631e-02 4.247942119793612073e+04 0.000000000000000000e+00
-1.079744904076906664e+02 -1.079843886971560494e+02 9.374380938131823826e-03 4.223781230148119357e+04 0.000000000000000000e+00
-1.052932942155638329e+02 -1.052936233671422173e+02 1.680065363999215869e-02 4.196781549379341595e+04 0.000000000000000000e+00
-8.652413152170090882e+01 -8.637482740782834867e+01 6.740832449960408590e-02 4.169530009745803545e+04 0.000000000000000000e+00
-1.053247855996606432e+02 -1.053295700926314566e+02 4.241829980084732901e-03 1.722028358316236790e+03 0.000000000000000000e+00
-1.080470890751167872e+02 -1.080418057178103197e+02 9.498131520843415207e-03 4.182553005843471328e+04 0.000000000000000000e+00
-1.079852603411800942e+02 -1.079882571089435572e+02 8.929811909258894911e-03 4.156094540371179028e+04 0.000000000000000000e+00
-1.080392512296510859e+02 -1.080219647768851416e+02 7.179311731585612255e-03 1.180348420712781444e+04 0.000000000000000000e+00
-1.025111204546612953e+02 -1.025340040321989221e+02 1.640681947098218685e-02 4.106416220218550006e+04 0.000000000000000000e+00
-1.051556379692969756e+02 -1.051712161644800716e+02 1.779549422849509635e-02 4.083688797646202147e+04 0.000000000000000000e+00
-9.714410486812413126e+01 -9.720473253894832055e+01 2.415587483683106704e-02 4.059708189453784871e+04 0.000000000000000000e+00
-1.107796949188458200e+02 -1.107647298432409144e+02 1.097360719839222606e-02 4.054177186606750911e+04 0.000000000000000000e+00
-1.013375149872182561e+02 -1.013606992893657406e+02 2.856775500113986968e-02 4.030577355926307791e+04 0.000000000000000000e+00
-9.994565191846102437e+01 -9.995163894749697420e+01 2.091046868107065970e-02 4.008532533967428026e+04 0.000000000000000000e+00
-1.054361742838104874e+02 -1.054189863300836691e+02 1.110525573706425649e-02 3.984418282835889113e+04 0.000000000000000000e+00
-1.053588710192057363e+02 -1.053449898628628887e+02 2.079090257574842462e-02 3.962120310111532308e+04 0.000000000000000000e+00
-1.053658706363799951e+02 -1.053487017885742176e+02 1.526266003165943803e-02 3.939488886271385127e+04 0.000000000000000000e+00
-1.053577337708582604e+02 -1.053644508217441427e+02 1.170778653680495419e-02 3.917708914687841752e+04 0.000000000000000000e+00
-1.026894940432208188e+02 -1.026713548537358065e+02 1.498933895311790020e-02 3.894789889417110680e+04 0.000000000000000000e+00
-1.079503671290716369e+02 -1.079621838154212128e+02 9.611704550177244469e-03 3.873747861386090517e+04 0.000000000000000000e+00
-1.079635829210129430e+02 -1.079566480647075224e+02 1.774515892279064991e-02 3.851870907661585807e+04 0.000000000000000000e+00
-1.080673545697031130e+02 -1.080473569541077978e+02 1.009058262096557308e-02 3.829726733090198104e+04 0.000000000000000000e+00
-1.080635484051775848e+02 -1.080571820066454762e+02 9.481587418417350768e-03 3.809807458024976222e+04 0.000000000000000000e+00
-9.704034241514864334e+01 -9.699328293881008278e+01 3.080966049902712084e-02 3.788133357732100558e+04 0.000000000000000000e+00
-9.975490957102429945e+01 -9.978551327829781314e+01 1.519098572298492600e-02 3.776385422404238489e+04 0.000000000000000000e+00
-1.026033835887845811e+02 -1.026201739992725095e+02 1.617756039575887414e-02 3.759910911215469241e+04 0.000000000000000000e+00
-1.107177191659507969e+02 -1.107054656365311303e+02 1.175018791797156556e-02 3.740078278034482355e+04 0.000000000000000000e+00
-9.988895141369651753e+01 -9.985395669779140349e+01 1.851233837476063890e-02 3.719823645125278563e+04 0.000000000000000000e+00
-1.054056424026114200e+02 -1.053827731622853889e+02 1.464027574675329582e-02 3.705291124427206523e+04 0.000000000000000000e+00
-1.080481442629192941e+02 -1.080399471999299550e+02 8.603165037820615854e-03 3.687416078583813214e+04 0.000000000000000000e+00
-1.052904192280938673e+02 -1.053010901873869187e+02 4.210493389585405651e-03 1.523070743357675838e+03 0.000000000000000000e+00
-1.025996857916283176e+02 -1.026254857306627457e+02 1.448482917370944902e-02 3.654109482945440686e+04 0.000000000000000000e+00
-1.134483701439124417e+02 -1.134390692801312497e+02 1.675817471525796465e-02 3.637493368856063171e+04 0.000000000000000000e+00
-9.716348324166725092e+01 -9.719960611315210031e+01 1.949670579547937641e-02 3.618076330836774287e+04 0.000000000000000000e+00
-1.017993812883166811e+02 -1.017925475176357395e+02 2.509588411978955214e-02 3.604822172870358190e+04 0.000000000000000000e+00
-1.080199042569445851e+02 -1.080116021044964612e+02 1.001085131776762067e-02 3.585670999874056724e+04 0.000000000000000000e+00
-1.081255737219556750e+02 -1.081110897801875126e+02 1.009902076515810723e-02 3.566865469404213218e+04 0.000000000000000000e+00
-1.052488282128803263e+02 -1.052526526092185293e+02 6.796111378636698029e-03 1.018235703133468269e+04 0.000000000000000000e+00
-1.031926911925213801e+02 -1.031729539507806379e+02 2.587038027566902071e-02 1.485013476551293479e+03 0.000000000000000000e+00
-9.984335734592248457e+01 -9.984447200123473465e+01 8.310058170872793720e-03 1.007748007225249603e+04 0.000000000000000000e+00
-9.724554165886551971e+01 -9.727430191964070616e+01 1.536521807930271363e-02 3.494919111157877342e+04 0.000000000000000000e+00
-1.079770639927173619e+02 -1.079769560325487845e+02 4.430589424966937910e-03 1.465654977079015225e+03 0.000000000000000000e+00
-1.026168907665876588e+02 -1.026239138037427239e+02 1.164684732941197523e-02 9.947428369397095594e+03 0.000000000000000000e+00
-9.981047598720657277e+01 -9.980861828640369993e+01 9.890033142725922558e-03 9.897937709925623494e+03 0.000000000000000000e+00
-1.053067344119361195e+02 -1.053008560131640934e+02 1.512618979753747872e-02 3.439133116866080672e+04 0.000000000000000000e+00
-1.080645946556505379e+02 -1.080651079533150352e+02 8.834102773938583286e-03 3.421760050928426062e+04 0.000000000000000000e+00
-1.026502207794785875e+02 -1.026671026000694980e+02 1.182419335784470199e-02 3.404395134140193841e+04 0.000000000000000000e+00
-1.028408859031271163e+02 -1.030068552212015902e+02 2.987852768969432443e-02 3.388543952677369816e+04 0.000000000000000000e+00
-1.053252735695707401e+02 -1.053319151707706425e+02 1.080434940144480577e-02 3.480402727420425799e+04 0.000000000000000000e+00
-1.080684592278873453e+02 -1.080545955597472698e+02 1.193086886190274261e-02 3.463206985906072077e+04 0.000000000000000000e+00
-1.053288491454684106e+02 -1.053262922956299121e+02 1.199521155166638313e-02 3.446889298387776216e+04 0.000000000000000000e+00
-1.053805229791492906e+02 -1.053746961689465991e+02 1.138393679665556518e-02 3.429861582949109288e+04 0.000000000000000000e+00
-1.107869964798152864e+02 -1.107669553858997773e+02 9.377091115543176314e-03 3.413130188440472557e+04 0.000000000000000000e+00
-1.026060434515611206e+02 -1.026029341918922171e+02 1.143454999568707664e-02 3.398240330265885859e+04 0.000000000000000000e+00
-1.024713537089640454e+02 -1.024684008629946561e+02 7.969599524179752509e-03 1.527191651883864552e+03 0.000000000000000000e+00
-9.991710997251357185e+01 -9.993714046394414652e+01 1.484154199475124294e-02 9.836966922575029457e+03 0.000000000000000000e+00
-9.702920060527983992e+01 -9.704741389852111411e+01 1.907866381977266906e-02 3.363390330062162684e+04 0.000000000000000000e+00
-1.026215393905455642e+02 -1.025934815207724142e+02 1.022106618649407453e-02 3.348664692371109413e+04 0.000000000000000000e+00
-1.079768841094714418e+02 -1.079754327155937972e+02 1.031562035473829360e-02 3.336369610852198821e+04 0.000000000000000000e+00
-9.992352354657811020e+01 -9.991572520890791509e+01 1.510650924221600307e-02 3.320494337353429000e+04 0.000000000000000000e+00
-1.052828264717000337e+02 -1.052667386975257529e+02 6.882025881944797523e-03 3.305010453266594413e+04 0.000000000000000000e+00
-1.107689570420041747e+02 -1.107605273723486476e+02 8.710532201949587258e-03 3.290635602247114730e+04 0.000000000000000000e+00
-1.106936032023851197e+02 -1.106872973938472313e+02 8.501008184539851284e-03 3.275491795546418143e+04 0.000000000000000000e+00
-1.079897429572963006e+02 -1.079978685923000228e+02 9.020297101119388941e-03 3.260357248751441512e+04 0.000000000000000000e+00
-1.107185721083030074e+02 -1.107140738223337308e+02 8.123821562711462316e-03 3.245484969617559545e+04 0.000000000000000000e+00
-1.080890174246332833e+02 -1.080933575672005702e+02 1.348836691087164190e-02 3.230543044817718328e+04 0.000000000000000000e+00
-9.873089912928359979e+01 -9.875868888161959092e+01 2.019198665436133799e-02 3.215756944981798370e+04 0.000000000000000000e+00
-1.081105907916716120e+02 -1.080978408296980859e+02 8.717913522000539026e-03 3.204021486982857095e+04 0.000000000000000000e+00
-1.080435522836691433e+02 -1.080289740719448162e+02 6.477465961677067799e-03 9.341659254289133969e+03 0.000000000000000000e+00
-1.025286528074365862e+02 -1.025311590675920996e+02 1.294835681431527781e-02 3.176707318963109719e+04 0.000000000000000000e+00
-1.107183832453105481e+02 -1.107140126548519561e+02 7.857058104479269084e-03 3.162352853438249076e+04 0.000000000000000000e+00
-1.053618658396119088e+02 -1.053407822257889705e+02 1.013597048693571680e-02 3.148184912141968744e+04 0.000000000000000000e+00
-1.068169802125447774e+02 -1.068190825472988195e+02 1.803230619075902111e-02 3.135984197727350329e+04 0.000000000000000000e+00
-1.052514512549915224e+02 -1.052693317951699470e+02 6.983227930095579385e-03 3.122005072727267179e+04 0.000000000000000000e+00
-1.025012682794895511e+02 -1.025174457360738103e+02 1.378478096225174178e-02 3.109478591677891018e+04 0.000000000000000000e+00
-1.013539112763673700e+02 -1.013713013280087836e+02 1.541252606349823896e-02 3.096788278370416447e+04 0.000000000000000000e+00
-9.976615576248211426e+01 -9.974889196786308787e+01 1.320486778415565568e-02 3.084314636985444668e+04 0.000000000000000000e+00
-9.997048394392996329e+01 -9.997317207240851644e+01 1.205187510951738136e-02 3.072001093209578175e+04 0.000000000000000000e+00
-9.979620594309571402e+01 -9.980252100662789871e+01 1.137152412575227409e-02 3.058609611427430718e+04 0.000000000000000000e+00
-1.053033235856076004e+02 -1.053083230195691868e+02 6.325513851681846197e-03 8.998169064894320400e+03 0.000000000000000000e+00
-1.053014446725667028e+02 -1.053008327157761954e+02 1.201388907053498566e-02 3.033004276510143245e+04 0.000000000000000000e+00
-1.080007719828943493e+02 -1.080122883294454397e+02 8.057489253595447737e-03 3.019935171038967746e+04 0.000000000000000000e+00
-9.443946523457731246e+01 -9.439484468371746573e+01 2.379657934492636004e-02 3.007534657884737317e+04 0.000000000000000000e+00
-1.026434419322455653e+02 -1.026403969061119597e+02 1.075618522162060178e-02 3.001752949229264777e+04 0.000000000000000000e+00
-1.107751260525156454e+02 -1.107667994038373678e+02 7.909339385712366166e-03 2.989025851740186772e+04 0.000000000000000000e+00
-1.080202431122630315e+02 -1.080117377898128552e+02 9.311000799108154480e-03 2.976629770138732783e+04 0.000000000000000000e+00
-9.724610734123902489e+01 -9.725647877971491084e+01 1.925616639307016487e-02 2.964358905278937527e+04 0.000000000000000000e+00
-1.080795256654864858e+02 -1.080600316310785871e+02 7.623600885023183553e-03 2.952314458955923692e+04 0.000000000000000000e+00
-9.861527592338067905e+01 -9.864299023442235637e+01 1.680821230624495594e-02 2.941494627515608590e+04 0.000000000000000000e+00
-1.107576909155908709e+02 -1.107407193049538847e+02 9.199654384409582109e-03 2.932086205250869170e+04 0.000000000000000000e+00
-1.056040656000789824e+02 -1.055908197020259536e+02 2.426579747621420216e-02 8.620422086794376810e+03 0.000000000000000000e+00
-1.080444101294593935e+02 -1.080469507492781673e+02 3.399150656580457192e-03 8.588110872373581515e+03 0.000000000000000000e+00
-1.053462733624229344e+02 -1.053546739475629579e+02 3.762601915657183722e-03 1.353422314152491936e+03 0.000000000000000000e+00
-9.872770192123914512e+01 -9.873405077640680361e+01 1.204503624896644497e-02 8.559121905392859844e+03 0.000000000000000000e+00
-1.014231965466419751e+02 -1.014022585852389682e+02 1.429008201693559264e-02 2.884102108396750918e+04 0.000000000000000000e+00
-1.024658551684058523e+02 -1.024688360750158722e+02 1.028991638262067784e-02 2.874100846200769593e+04 0.000000000000000000e+00
-1.080360831838842017e+02 -1.080470969472356444e+02 4.696985588241235111e-03 8.489027903952957786e+03 0.000000000000000000e+00
-1.079934923946573946e+02 -1.079919949778241346e+02 5.824535425621358946e-03 2.851259403991787622e+04 0.000000000000000000e+00
-1.107226492868607295e+02 -1.107088087538367631e+02 8.189109398778466817e-03 2.839819159650487563e+04 0.000000000000000000e+00
-9.172124545847688637e+01 -9.170004806721475177e+01 2.118091453097324314e-02 2.829175327294452654e+04 0.000000000000000000e+00
-1.044689266082721417e+02 -1.044764837833618856e+02 1.957117820538099504e-02 2.819328325770302035e+04 0.000000000000000000e+00
-1.079910352855583824e+02 -1.079910580293473856e+02 5.606329748399192618e-03 2.808338002496906483e+04 0.000000000000000000e+00
-1.053804826306000280e+02 -1.053839196204102819e+02 5.325020529080406843e-03 8.307779625784893142e+03 0.000000000000000000e+00
-1.107033642267732745e+02 -1.107144871192618467e+02 7.966116693746390712e-03 2.786303821232461632e+04 0.000000000000000000e+00
-1.106839288142426767e+02 -1.106866478773371369e+02 6.732299600969949768e-03 8.247465265416682087e+03 0.000000000000000000e+00
-9.905944471212863789e+01 -9.909079764465816709e+01 1.313027397769807834e-02 8.215582481509889476e+03 0.000000000000000000e+00
-1.025309135744874283e+02 -1.025484876242252312e+02 1.011837784699109836e-02 2.756414987424971332e+04 0.000000000000000000e+00
-1.042187785282769710e+02 -1.042147166105139178e+02 1.276521786599366451e-02 8.188438923871975021e+03 0.000000000000000000e+00
-1.107175109797864110e+02 -1.107076407959371380e+02 8.148662599486997463e-03 2.736961362633007593e+04 0.000000000000000000e+00
-1.080424311150114676e+02 -1.080467794718280601e+02 3.403407705938182697e-03 1.320227050909968739e+03 0.000000000000000000e+00
-9.433826947909409455e+01 -9.440039538712679246e+01 2.004927779765056095e-02 2.716971715782604952e+04 0.000000000000000000e+00
-1.079814968764572569e+02 -1.079924336950347623e+02 5.859775165683124565e-03 2.719469772567221662e+04 0.000000000000000000e+00
-9.710420841982265472e+01 -9.711949585094460247e+01 1.175608585344595051e-02 8.094889857073179883e+03 0.000000000000000000e+00
-1.013356139447944599e+02 -1.013640061077217638e+02 1.304009609317026940e-02 2.701055396740667857e+04 0.000000000000000000e+00
-1.027870375698733483e+02 -1.027428989021536694e+02 1.127906979415135152e-02 2.693626794300971960e+04 0.000000000000000000e+00
-1.014306305822362049e+02 -1.014605268471003541e+02 1.321957860474746657e-02 2.690474250201709947e+04 0.000000000000000000e+00
-1.018307101469099365e+02 -1.018131295470700195e+02 1.567990125676355095e-02 2.683389079615423543e+04 0.000000000000000000e+00
-1.080603523883446258e+02 -1.080630759170096553e+02 4.802912430935053593e-03 8.002960200534561409e+03 0.000000000000000000e+00
-1.031803594468895255e+02 -1.031963489678123977e+02 2.003785547039238848e-02 2.664491643202992054e+04 0.000000000000000000e+00
-9.711805574760884952e+01 -9.714565991665860167e+01 1.348210728191156886e-02 2.655457296466736807e+04 0.000000000000000000e+00
-9.688523961246055194e+01 -9.690662655826889704e+01 1.726191565033840039e-02 2.648231562130922975e+04 0.000000000000000000e+00
-1.026094290875553128e+02 -1.026155223882441874e+02 7.194990645118605303e-03 2.640092152686636109e+04 0.000000000000000000e+00
-1.052614312360491198e+02 -1.052740373383317518e+02 4.272254500123266220e-03 7.923518410164911074e+03 0.000000000000000000e+00
-1.079845142669739317e+02 -1.079857461194558681e+02 5.585844416480926534e-03 2.621961907688849169e+04 0.000000000000000000e+00
-1.026832571360456114e+02 -1.026837625444065623e+02 1.110531084053548861e-02 2.612434681646195895e+04 0.000000000000000000e+00
-1.080372631522583333e+02 -1.080388769029585347e+02 5.400678413562720430e-03 2.602969632508535506e+04 0.000000000000000000e+00
-9.147308246136960008e+01 -9.149131982908092198e+01 2.488923855211386954e-02 2.593583618105736969e+04 0.000000000000000000e+00
-9.990368893777151982e+01 -9.991308439846648071e+01 3.863445678429099864e-03 1.290044880880970140e+03 0.000000000000000000e+00
-9.972114021119048743e+01 -9.974562663621284742e+01 1.068251034948904284e-02 2.582083084782110018e+04 0.000000000000000000e+00
-9.599020740071399871e+01 -9.597995014371090861e+01 1.572650199390502809e-02 2.574867533119290238e+04 0.000000000000000000e+00
-9.709227088697002728e+01 -9.711646041543782815e+01 8.725697821927825421e-03 7.736383238005633757e+03 0.000000000000000000e+00
-1.041283528608651778e+02 -1.041422291206663147e+02 1.073219133747976492e-02 7.726133732650469028e+03 0.000000000000000000e+00
-1.053590464912350484e+02 -1.053471611763602738e+02 8.378241568728140784e-03 2.566553856070026450e+04 0.000000000000000000e+00
-1.052796849858309685e+02 -1.052680880199846314e+02 7.847565237421513795e-03 2.558002202545219188e+04 0.000000000000000000e+00
-1.025361092370370102e+02 -1.025197729037262064e+02 1.057476444997607415e-02 2.549509654111977943e+04 0.000000000000000000e+00
-1.080523227677494447e+02 -1.080444800342251455e+02 5.339844621514469071e-03 2.541485369448172787e+04 0.000000000000000000e+00
-1.080541765915161250e+02 -1.080568063669894059e+02 2.916522587378348168e-03 1.270708189892120572e+03 0.000000000000000000e+00
-1.053219018801681273e+02 -1.053079250306607832e+02 8.916344006180092555e-03 2.525953679422185814e+04 0.000000000000000000e+00
-1.107743519351559343e+02 -1.107673027844003570e+02 6.661653564904075793e-03 2.517884640886013221e+04 0.000000000000000000e+00
-1.010912186052331947e+02 -1.010816796019362442e+02 2.082088114413964755e-02 2.509359525844560631e+04 0.000000000000000000e+00
-1.080541617835586550e+02 -1.080402015620446576e+02 6.027413071276925029e-03 2.501037715182555621e+04 0.000000000000000000e+00
-1.053410220945298192e+02 -1.053418894411599922e+02 4.399425364946521998e-03 1.249386459563428161e+03 0.000000000000000000e+00
-1.053239020253393790e+02 -1.053098049111794268e+02 6.756826514753410534e-03 2.485495294255367116e+04 0.000000000000000000e+00
-1.025776805670955838e+02 -1.025691424198327155e+02 1.150734637815763878e-02 2.477726428817460328e+04 0.000000000000000000e+00
-1.080466867889993949e+02 -1.080451310551088682e+02 5.192570228840317006e-03 2.469582947545301431e+04 0.000000000000000000e+00
-1.080601561058999209e+02 -1.080674704406574023e+02 3.654501525257054535e-03 1.232484650118969512e+03 0.000000000000000000e+00
-1.107674773396321513e+02 -1.107614165265450765e+02 6.435224661384494720e-03 2.453411141745261193e+04 0.000000000000000000e+00
-1.052668539301621138e+02 -1.052799391296938154e+02 4.155189143391355318e-03 7.409173215033412816e+03 0.000000000000000000e+00
-1.080097200650106259e+02 -1.080076313925643063e+02 6.589531869750060201e-03 2.438771638086109306e+04 0.000000000000000000e+00
-1.080638635466975614e+02 -1.080729426332039509e+02 3.849848358250057990e-03 7.365405767544388254e+03 0.000000000000000000e+00
-9.719662348413278607e+01 -9.718468625834994157e+01 1.336046529459991236e-02 2.422754815016059729e+04 0.000000000000000000e+00
-1.009972933215383222e+02 -1.009427645538782201e+02 1.565329515588846643e-02 2.415183598979733870e+04 0.000000000000000000e+00
-1.053066135718894145e+02 -1.053105658611046636e+02 3.652880919755957436e-03 1.213385744300102260e+03 0.000000000000000000e+00
-1.001137142724085294e+02 -1.000993809033650734e+02 1.003471239599095476e-02 2.409681468629680239e+04 0.000000000000000000e+00
-1.015812271940495606e+02 -1.016746192773588859e+02 1.782114091484945928e-02 2.402414794547179918e+04 0.000000000000000000e+00
-1.079944703280739873e+02 -1.079974476780030130e+02 3.325531739722015039e-03 7.440911485386829554e+03 0.000000000000000000e+00
-1.026804592394123858e+02 -1.026719134524274750e+02 7.894185679682155787e-03 2.411549030206391762e+04 0.000000000000000000e+00
-1.025511231146029303e+02 -1.025661747063032294e+02 4.573880091197495522e-03 7.393251656166507928e+03 0.000000000000000000e+00
-1.080889517538724078e+02 -1.080936357181270893e+02 9.719517526604354307e-03 2.399405710482925133e+04 0.000000000000000000e+00
-9.988089903111327317e+01 -9.989446027917809090e+01 7.290725582063201093e-03 7.359507809536771674e+03 0.000000000000000000e+00
-9.996153249109717365e+01 -9.995909594163113354e+01 7.047695938877700066e-03 7.341655639136161881e+03 0.000000000000000000e+00
-1.029303148753967321e+02 7.507833166823105495e+20 8.554698379528340979e+01 7.318286436470481931e+03 0.000000000000000000e+00
-1.026897486033264499e+02 -1.026804823336698149e+02 7.237576747391171426e-03 7.318286436470481931e+03 0.000000000000000000e+00
-1.053228692781361815e+02 -1.053272817628759128e+02 6.719265347446946521e-03 2.371801759102686265e+04 0.000000000000000000e+00
-9.988677502901953176e+01 -9.991646272381628080e+01 9.149264828499656735e-03 2.364305559371118579e+04 0.000000000000000000e+00
-9.928168398863358846e+01 -9.925364714334769189e+01 1.374403563633166611e-02 7.255059180877698054e+03 0.000000000000000000e+00
-1.054131308991331366e+02 -1.054116250729875617e+02 6.757144455482829055e-03 2.359260306690069774e+04 0.000000000000000000e+00
-1.042563664967616717e+02 -1.042620897942575482e+02 1.071859209221619029e-02 7.228397546054792656e+03 0.000000000000000000e+00
-1.025278330082626894e+02 -1.025177496193106919e+02 9.820309185829448340e-03 2.344472488424198673e+04 0.000000000000000000e+00
-9.980246596460493436e+01 -9.978697306700091474e+01 1.215294143982159972e-02 2.337443637886860597e+04 0.000000000000000000e+00
-1.053186575346071976e+02 -1.053278318613097753e+02 6.370704296484683629e-03 2.330834166075363828e+04 0.000000000000000000e+00
-1.080991867748336688e+02 -1.080931848981911827e+02 7.319669089517147169e-03 2.323817056994500672e+04 0.000000000000000000e+00
-1.045589068502582535e+02 -1.045549072514919686e+02 1.228411909439954507e-02 2.316711547889784561e+04 0.000000000000000000e+00
-1.052507247252467408e+02 -1.052534462950126937e+02 4.111896418362633032e-03 7.098142151607782580e+03 0.000000000000000000e+00
-1.009825660182060432e+02 -1.009526500844787194e+02 9.562194628453596010e-03 7.076422237946148925e+03 0.000000000000000000e+00
-1.036808502466307687e+02 -1.036147878058741298e+02 1.729692616214092635e-02 2.296885914737389612e+04 0.000000000000000000e+00
-1.079932055877166022e+02 -1.080023000859865334e+02 4.972328550726159806e-03 7.110555468590233431e+03 0.000000000000000000e+00
-1.022434140399541320e+02 -1.022317056906356498e+02 1.571390506448308924e-02 2.295718891303236524e+04 0.000000000000000000e+00
-9.711440636987354935e+01 -9.712747092330648968e+01 6.741812595609724540e-03 7.094931376629588158e+03 0.000000000000000000e+00
-9.993525567272770616e+01 -9.995032502535967467e+01 6.694704671034588245e-03 7.077461882159278503e+03 0.000000000000000000e+00
-1.080466755808114101e+02 -1.080527321574385695e+02 4.158313578447274741e-03 7.062919477869553702e+03 0.000000000000000000e+00
-1.029503803442285061e+02 3.760679470443403520e+17 8.392066513425456264e+01 7.042678036575689475e+03 0.000000000000000000e+00
-9.989333324354048216e+01 -9.989703991604487499e+01 9.058049500783484434e-03 2.272318153239367530e+04 0.000000000000000000e+00
-1.080671188345888396e+02 -1.080664391944732188e+02 6.554175120889325218e-03 2.265515166388287253e+04 0.000000000000000000e+00
-1.107811716811785914e+02 -1.107682628240877136e+02 6.189117645215287504e-03 2.258713741094783836e+04 0.000000000000000000e+00
-1.025743147203156127e+02 -1.025805673557680393e+02 6.917255536915483186e-03 2.252418562520150226e+04 0.000000000000000000e+00
-9.842991424330500649e+01 -9.845039108590982835e+01 2.717220292586663283e-02 2.245797327371600113e+04 0.000000000000000000e+00
-1.079808036606615502e+02 -1.079766237923355590e+02 5.940130546502387678e-03 2.239990376520405334e+04 0.000000000000000000e+00
-1.027031021299197704e+02 -1.027091990538083621e+02 4.039538800719218864e-03 1.167217019379002068e+03 0.000000000000000000e+00
-9.977734011459386920e+01 -9.980182101482684232e+01 1.127207972349644760e-02 2.228664466760915820e+04 0.000000000000000000e+00
-9.444265352454742413e+01 -9.446399145692170407e+01 1.143813143251600113e-02 2.223713157514707927e+04 0.000000000000000000e+00
-1.052270967425557870e+02 -1.052206490573043993e+02 7.541551307147384420e-03 2.218421341258039683e+04 0.000000000000000000e+00
-1.080721749032881007e+02 -1.080720814812961521e+02 4.810994367354604062e-03 2.212039611915933347e+04 0.000000000000000000e+00
-1.053002508670128350e+02 -1.053015614481532509e+02 4.958213840814559847e-03 6.867498241912989215e+03 0.000000000000000000e+00
-1.054030414797202724e+02 -1.054060590847667811e+02 2.912913745198205707e-03 1.150563397631420457e+03 0.000000000000000000e+00
-1.025116446472945881e+02 -1.025227521022990089e+02 6.369223750297038286e-03 2.194153008351619428e+04 0.000000000000000000e+00
-1.081082119045676251e+02 -1.080994773060123322e+02 6.035318605633099680e-03 2.188130340600864656e+04 0.000000000000000000e+00
-1.080168170299118060e+02 -1.080200139252410025e+02 6.207322638031134363e-03 2.182021789651984727e+04 0.000000000000000000e+00
-9.993207371668709982e+01 -9.991247525765385262e+01 9.505778966514168496e-03 2.175764488653838271e+04 0.000000000000000000e+00
-1.026090267445721338e+02 -1.026089138751289340e+02 6.545323227016373174e-03 2.170556973878206554e+04 0.000000000000000000e+00
-1.052730234014214687e+02 -1.052609294262652355e+02 7.488397234372663573e-03 2.164337694804384228e+04 0.000000000000000000e+00
-1.080847912250191882e+02 -1.080693850034853085e+02 8.353663796793723770e-03 2.158567398991184746e+04 0.000000000000000000e+00
-9.435722676632460093e+01 -9.435765410350332161e+01 1.011870660901432670e-02 2.153079609700160654e+04 0.000000000000000000e+00
-1.106605912923570401e+02 -1.106654465467807285e+02 4.642688415408260591e-03 1.122877736598120919e+03 0.000000000000000000e+00
-1.053693467289360797e+02 -1.053723954565600138e+02 7.017872431224182750e-03 2.141128615859292404e+04 0.000000000000000000e+00
-1.052016341288576768e+02 -1.052026346613372141e+02 4.123552251810203712e-03 1.117017154013541813e+03 0.000000000000000000e+00
-1.030292469271833795e+02 9.635210374736264561e+20 3.337484335443699734e+01 1.113880168933207642e+03 0.000000000000000000e+00
-9.991813367148537850e+01 -9.992900643580492215e+01 8.271982018518886717e-03 2.130133638451802835e+04 0.000000000000000000e+00
-1.025289016943238494e+02 -1.025508427463000345e+02 7.248758497815942226e-03 2.124448430330912743e+04 0.000000000000000000e+00
-1.016514168020310933e+02 -1.017141696572797969e+02 1.700518620345332910e-02 2.119778032093798174e+04 0.000000000000000000e+00
-1.017310341203400270e+02 -1.017375629001143835e+02 1.431246352769353566e-02 2.123406120469697998e+04 0.000000000000000000e+00
-1.052541873186440569e+02 -1.052317685271771950e+02 8.355461733699812502e-03 2.117592508218941293e+04 0.000000000000000000e+00
-9.892772271122561278e+01 -9.892030565026313127e+01 1.234427755144715255e-02 2.113071123715959038e+04 0.000000000000000000e+00
-1.025234851421926692e+02 -1.025297901199292312e+02 5.571906076786063353e-03 6.627272995698464001e+03 0.000000000000000000e+00
-1.025274888477292450e+02 -1.025147068740648137e+02 7.850565740652286351e-03 2.103433755687748635e+04 0.000000000000000000e+00
-1.079155888406470751e+02 -1.079142927908466874e+02 6.133156230940997079e-03 2.098080861632058441e+04 0.000000000000000000e+00
-1.025910477796534650e+02 -1.025936306733527346e+02 6.607482090432451050e-03 2.092322058479355837e+04 0.000000000000000000e+00
-1.052588784709794254e+02 -1.052661806538419853e+02 4.565927535276460315e-03 2.086603996967349303e+04 0.000000000000000000e+00
-9.991697387467367264e+01 -9.992762609254283745e+01 4.758465160783528769e-03 6.538142947338958948e+03 0.000000000000000000e+00
-1.054283402741779412e+02 -1.054318083038196932e+02 3.801668221891881840e-03 1.096787758442604400e+03 0.000000000000000000e+00
-1.043159636482246242e+02 -1.042584284733887756e+02 1.490976963404026974e-02 2.074331414277057775e+04 0.000000000000000000e+00
-8.909211526730859987e+01 -8.909165677345801271e+01 2.090166172481644838e-02 2.076754755783636210e+04 0.000000000000000000e+00
-9.706604591537518445e+01 -9.706606641034876759e+01 1.421927866393418380e-02 6.495732879176015558e+03 0.000000000000000000e+00
-1.079775500296139796e+02 -1.079627830547172351e+02 6.347185907346198155e-03 2.067301167529205850e+04 0.000000000000000000e+00
-1.016894455197745799e+02 -1.017443069823878403e+02 1.355350193244593549e-02 2.062318822449227810e+04 0.000000000000000000e+00
-1.080622814865684518e+02 -1.080679919585751634e+02 3.083501891552741566e-03 1.087339809480600024e+03 0.000000000000000000e+00
-1.080517887586205319e+02 -1.080419669653089301e+02 4.659447142612518737e-03 2.058905857006691440e+04 0.000000000000000000e+00
-1.012923078733120690e+02 -1.013175236707469367e+02 1.224594805941516158e-02 2.053669580383250650e+04 0.000000000000000000e+00
-1.014688507727503008e+02 -1.015011755167388259e+02 1.210999146751872563e-02 2.049775752803666546e+04 0.000000000000000000e+00
-1.080052339246984729e+02 -1.079941463525202749e+02 5.193609049259312847e-03 2.046851013338020493e+04 0.000000000000000000e+00
-1.106930375064532797e+02 -1.106848955728007837e+02 6.074197552803547659e-03 2.041756927686245763e+04 0.000000000000000000e+00
-1.079882097722647529e+02 -1.079867785844647159e+02 6.442987786100040810e-03 2.036532433462224435e+04 0.000000000000000000e+00
-1.052312298263333332e+02 -1.052250824629047514e+02 6.653540977887040762e-03 2.031178579111348517e+04 0.000000000000000000e+00
-9.981105904347271007e+01 -9.981588946773598536e+01 9.184167680476654216e-03 2.025949332699395018e+04 0.000000000000000000e+00
-1.030429399026741777e+02 1.992226358526145724e+21 1.421514315774011266e+02 2.020702949950455150e+04 0.000000000000000000e+00
-1.025443999203869936e+02 -1.025539697453889119e+02 3.400149015631855932e-03 6.329346433696890927e+03 0.000000000000000000e+00
-1.041265569209526092e+02 -1.041018947126469669e+02 1.194824741060478493e-02 2.016690013865110086e+04 0.000000000000000000e+00
-1.051796287130802483e+02 -1.051949807696462216e+02 6.313420022891978386e-03 2.012915841267304495e+04 0.000000000000000000e+00
-1.079949505974808517e+02 -1.079947254232764351e+02 3.650600392834978461e-03 2.008275375471023654e+04 0.000000000000000000e+00
-1.053202929614571985e+02 -1.053246575022342029e+02 3.642031405252275315e-03 2.003073617930432010e+04 0.000000000000000000e+00
-1.054720086277554714e+02 -1.055819881963067246e+02 1.642283512551084151e-02 6.289743247096484993e+03 0.000000000000000000e+00
-1.015506730398694799e+02 -1.015666230823042042e+02 7.547818541470293491e-03 1.057032602380399567e+03 0.000000000000000000e+00
-9.866817724368628717e+01 -9.867586736081084098e+01 1.241058719070227065e-02 2.039743889229799606e+04 0.000000000000000000e+00
-1.026768860275864625e+02 -1.026743353167004784e+02 5.132390158916556692e-03 2.034636804481202125e+04 0.000000000000000000e+00
-1.052880637404079778e+02 -1.052666549858353875e+02 5.332835141232865860e-03 2.029451456326646075e+04 0.000000000000000000e+00
-9.996458132106546657e+01 -9.995946496642207535e+01 6.551770973982096527e-03 2.025434725652751877e+04 0.000000000000000000e+00
-9.735342729969777054e+01 -9.726367087538697831e+01 1.218613346939397858e-02 2.020344590004396377e+04 0.000000000000000000e+00
-1.079976040182250614e+02 -1.079997581423915420e+02 4.842912637474557080e-03 2.034458018922268820e+04 0.000000000000000000e+00
-1.080096080619295975e+02 -1.080107404842553649e+02 5.408790846959357808e-03 2.029319677341893112e+04 0.000000000000000000e+00
-1.053278936902466540e+02 -1.053201379306553918e+02 6.293555085291658441e-03 2.024199606535421481e+04 0.000000000000000000e+00
-1.051836539290415686e+02 -1.051891159940729210e+02 5.832559944358716407e-03 2.019255675476956822e+04 0.000000000000000000e+00
-1.030780945434921279e+02 1.072659981288669531e+14 3.274744784249079999e+01 1.072395340196655297e+03 0.000000000000000000e+00
-9.698249824925319729e+01 -9.698568463986170229e+01 1.195078339006838512e-02 2.014254361856185278e+04 0.000000000000000000e+00
-1.053228347848696274e+02 -1.053256634288279230e+02 2.923454906652151603e-03 1.069827009238305664e+03 0.000000000000000000e+00
-1.079898605412372916e+02 -1.079869511630392651e+02 6.161257611961234136e-03 2.005406252867966759e+04 0.000000000000000000e+00
-1.079871930005031260e+02 -1.079886908910814185e+02 4.565180610587913843e-03 2.000425247781774306e+04 0.000000000000000000e+00
-9.867676579741387854e+01 -9.869708102609354228e+01 5.979032897882587301e-03 1.062028269175167907e+03 0.000000000000000000e+00
-9.978679418005037860e+01 -9.977929454739469861e+01 1.123881743575511766e-02 2.016050815404019886e+04 0.000000000000000000e+00
-8.892283466009361348e+01 -8.892948373518558469e+01 2.659554687431441716e-02 2.011188921715600009e+04 0.000000000000000000e+00
-1.000294910924660741e+02 -1.000303927791491958e+02 1.015936214938172565e-02 2.006328413136508971e+04 0.000000000000000000e+00
-1.053140704278154516e+02 -1.053143398591845852e+02 5.162168125420120435e-03 2.001388855201877595e+04 0.000000000000000000e+00
-1.043115793601362356e+02 -1.042510160564031025e+02 1.183327020619314406e-02 1.996471851356311890e+04 0.000000000000000000e+00
-9.988676424337016613e+01 -9.989338407745117365e+01 7.908616286580637950e-03 1.999835751681747570e+04 0.000000000000000000e+00
-1.051660976139767598e+02 -1.051859216744009302e+02 8.674594909206195456e-03 1.995048974596160406e+04 0.000000000000000000e+00
-1.080008591118795778e+02 -1.080023445265367315e+02 3.690503886449965874e-03 6.420367948323138080e+03 0.000000000000000000e+00
-1.052320145400283451e+02 -1.052252735009319906e+02 6.269545366619113172e-03 1.986333816682436009e+04 0.000000000000000000e+00
-1.052514145974131878e+02 -1.052521920248314160e+02 4.382595660306617090e-03 1.981625220276058462e+04 0.000000000000000000e+00
-1.026048957768711745e+02 -1.025854400312656622e+02 5.632193882993905172e-03 1.976828218277994165e+04 0.000000000000000000e+00
-1.025289822042465744e+02 -1.025452963059086642e+02 5.685742948425678844e-03 1.972956146968444955e+04 0.000000000000000000e+00
-1.026247716919351092e+02 -1.026341079513042018e+02 6.264953835617247460e-03 1.968818551811984435e+04 0.000000000000000000e+00
-1.026285944340624070e+02 -1.026365417984919048e+02 3.315722432412962321e-03 6.332799294211400593e+03 0.000000000000000000e+00
-9.996985489330620567e+01 -9.998592790848196898e+01 7.857652545136494665e-03 1.960090845136881035e+04 0.000000000000000000e+00
-1.025249317200177188e+02 -1.025463375346104726e+02 5.369657408951413434e-03 1.955984633792808381e+04 0.000000000000000000e+00
-1.079241511956130637e+02 -1.079152964574097098e+02 6.196312611392422627e-03 1.952369140194683496e+04 0.000000000000000000e+00
