0.000000000000000000e+00 0.000000000000000000e+00 0.000000000000000000e+00 0.000000000000000000e+00 0.000000000000000000e+00
-9.080843094098464974e+01 -9.075729360150835134e+01 1.172052079651667439e-01 2.569717866764869541e+04 0.000000000000000000e+00
-9.520213359078643123e+01 -9.454456981070529764e+01 2.910738571349814618e-01 1.294048163739458687e+05 0.000000000000000000e+00
-9.740676267438672653e+01 -9.719112356338492020e+01 1.861524058976351259e-01 1.426601467118355213e+05 0.000000000000000000e+00
-1.000552394788670085e+02 -9.991311939278357102e+01 1.077437484884601476e-01 1.423742445155533205e+05 0.000000000000000000e+00
-7.864058104120074688e+01 -7.831648057157599396e+01 1.311162566887224823e-01 1.414326477487997909e+05 0.000000000000000000e+00
-9.981092243014515475e+01 -9.987546771505697052e+01 6.072194175033390068e-02 3.798172811081683176e+04 0.000000000000000000e+00
-9.995956889180801852e+01 -9.991634333865742690e+01 6.585228840718077015e-02 1.466390498359577905e+05 0.000000000000000000e+00
-9.725556494948578745e+01 -9.719656597166238043e+01 6.900815963801484876e-02 1.432492151919885946e+05 0.000000000000000000e+00
-1.025725001081944328e+02 -1.025649991751424182e+02 5.407230982801064512e-02 3.671983428022814769e+04 0.000000000000000000e+00
-1.054126284823603328e+02 -1.053994180088102723e+02 9.287974849385037535e-02 1.377674011209810560e+05 0.000000000000000000e+00
-1.010620031563696273e+02 -1.009983317134315399e+02 1.012410291063603474e-01 1.345022445190727303e+05 0.000000000000000000e+00
-1.109526787213376764e+02 -1.107669792569986669e+02 1.131383623391956500e-01 1.318816701443678758e+05 0.000000000000000000e+00
-1.033785974054486587e+02 -1.032395550151145613e+02 8.403404110553394646e-02 1.326476937451071281e+05 0.000000000000000000e+00
-1.052574716642721739e+02 -1.051398763396259426e+02 1.306468157122898377e-01 4.807649519496162611e+03 0.000000000000000000e+00
-1.052619659726221784e+02 -1.052603889016950518e+02 4.195679912655242427e-02 3.488000644110402209e+04 0.000000000000000000e+00
-9.717816548483502004e+01 -9.716274443698959828e+01 6.713551991546345965e-02 1.289139749030470848e+05 0.000000000000000000e+00
-9.729420074919613626e+01 -9.734188349931997664e+01 8.388130665526623286e-02 1.262712284972493799e+05 0.000000000000000000e+00
-9.726083075170772929e+01 -9.730338908529135722e+01 9.018750324388080664e-02 1.240002932297682419e+05 0.000000000000000000e+00
-1.003018887976473366e+02 -1.005243367585502767e+02 1.643194954545895425e-01 3.236496125198885784e+04 0.000000000000000000e+00
-9.836303713334521603e+01 -9.827239977953202299e+01 5.715693653263232560e-02 3.272633115360462034e+04 0.000000000000000000e+00
-9.704978003205476966e+01 -9.705833363661349722e+01 4.116026128070176399e-02 3.287997640225047508e+04 0.000000000000000000e+00
-1.079838602822430147e+02 -1.079824689772029416e+02 3.505130741483743206e-02 3.227119136039109799e+04 0.000000000000000000e+00
-1.079922579624804939e+02 -1.079412077271353922e+02 4.572025665895969315e-02 3.167543611375657565e+04 0.000000000000000000e+00
-1.052333185041133419e+02 -1.052137814939690657e+02 5.228710871740450961e-02 1.182280271980532125e+05 0.000000000000000000e+00
-9.984093718350717950e+01 -9.988694082408967745e+01 4.219147800042476193e-02 3.163249344201026906e+04 0.000000000000000000e+00
-1.080188410079002921e+02 -1.079789352233313764e+02 2.516613745441677666e-02 3.132071159472277213e+04 0.000000000000000000e+00
-1.053171604191088306e+02 -1.053121547678361196e+02 2.308059736335841411e-02 3.101715256401549777e+04 0.000000000000000000e+00
-9.728339849809809436e+01 -9.727365461284823311e+01 4.071056203802010665e-02 3.049630540499176277e+04 0.000000000000000000e+00
-9.078846558050096860e+01 -9.079688201851159590e+01 6.986766275737570087e-02 1.094740102348861546e+05 0.000000000000000000e+00
-1.052599926149781311e+02 -1.052371277126024012e+02 3.350337121839478544e-02 1.076873992788973992e+05 0.000000000000000000e+00
-1.027058182858727804e+02 -1.027261859877516770e+02 4.703209579032614079e-02 1.060255423438734724e+05 0.000000000000000000e+00
-1.027336849461910475e+02 -1.027222802234623913e+02 4.918277644566144968e-02 1.043977223957448878e+05 0.000000000000000000e+00
-9.708807732555507641e+01 -9.714266885991790446e+01 4.041587464653695339e-02 1.027824727960005403e+05 0.000000000000000000e+00
-9.715149027505964341e+01 -9.714964066600447268e+01 4.610529705280200924e-02 1.015887258307846641e+05 0.000000000000000000e+00
-9.998209547092206151e+01 -9.998083068976184506e+01 3.255944904389145023e-02 1.000500083457572473e+05 0.000000000000000000e+00
-1.053519901399478726e+02 -1.054026634554763007e+02 3.647031257764017653e-02 9.855696983921671927e+04 0.000000000000000000e+00
-9.724241617328800658e+01 -9.721690978928334914e+01 4.704568131286464977e-02 9.744315362172167806e+04 0.000000000000000000e+00
-9.992851177235976934e+01 -9.993220590931693437e+01 2.702946731561249594e-02 2.784377711306865967e+04 0.000000000000000000e+00
-1.018574020015841199e+02 -1.019083838179378461e+02 5.273859867809618102e-02 9.479433285209392488e+04 0.000000000000000000e+00
-9.989486154490919034e+01 -9.989007753549527990e+01 2.151974909429047941e-02 2.711840752218771377e+04 0.000000000000000000e+00
-1.025256475309017645e+02 -1.025336288741602147e+02 3.149360505853227715e-02 2.674559159851883305e+04 0.000000000000000000e+00
-1.052952943679770925e+02 -1.053188441069131471e+02 2.092938678336516908e-02 2.638722844615314534e+04 0.000000000000000000e+00
-1.025107431886845433e+02 -1.024712191402896622e+02 1.961608891136904301e-02 2.609455574525545308e+04 0.000000000000000000e+00
-1.025985909963123106e+02 -1.025890772947041683e+02 2.921735831237374029e-02 8.954366869709095045e+04 0.000000000000000000e+00
-9.505719728794424839e+01 -9.519664769334701759e+01 5.991646712285234738e-02 8.837538617446013086e+04 0.000000000000000000e+00
-1.051969185594086298e+02 -1.052016788085955312e+02 2.332320949005955990e-02 2.717051284344397573e+04 0.000000000000000000e+00
-1.052179045060665885e+02 -1.052674233563601689e+02 4.183126858834280981e-02 8.791541219465549511e+04 0.000000000000000000e+00
-1.053072492222614187e+02 -1.052949893214692310e+02 2.124329463101670007e-02 2.661297928152916938e+04 0.000000000000000000e+00
-1.026883049738616194e+02 -1.027194438532201843e+02 3.741896267135883664e-02 8.627035236646607518e+04 0.000000000000000000e+00
-9.728346688021957789e+01 -9.720496142625766822e+01 6.889572450215582233e-02 8.530969806188206712e+04 0.000000000000000000e+00
-9.444937260240631360e+01 -9.443916774287409055e+01 3.773536376903106199e-02 8.474327403664625308e+04 0.000000000000000000e+00
-9.653903714595314511e+01 -9.656355333714056144e+01 5.191346420968329101e-02 8.373432926640837104e+04 0.000000000000000000e+00
-1.041485654470107818e+02 -1.041751639213017171e+02 4.142962628822888932e-02 8.279057896956535114e+04 0.000000000000000000e+00
-1.107717159321243798e+02 -1.107115084299276191e+02 3.568237575745008411e-02 8.188412617476981541e+04 0.000000000000000000e+00
-1.107071432740788168e+02 -1.107091774960478858e+02 2.262722539243993206e-02 2.473721722557077373e+04 0.000000000000000000e+00
-1.000617651903348673e+02 -1.000122523371938428e+02 4.011852996519595094e-02 8.063257745426216570e+04 0.000000000000000000e+00
-9.973660267520142497e+01 -9.970803383251011098e+01 3.190953474731061251e-02 2.428142811174136295e+04 0.000000000000000000e+00
-1.053809150592164343e+02 -1.053879829415226510e+02 2.345846698862044666e-02 2.406412561706545603e+04 0.000000000000000000e+00
-9.433759113469490387e+01 -9.435898669331722033e+01 4.098234507571504176e-02 7.836934178733658337e+04 0.000000000000000000e+00
-1.107511835338506074e+02 -1.107649619207825396e+02 2.182533099489290113e-02 2.377011838023585733e+04 0.000000000000000000e+00
-1.107052634541033029e+02 -1.107101680216322137e+02 2.203984969040146194e-02 2.353049791827678564e+04 0.000000000000000000e+00
-1.080960696089729680e+02 -1.080893875809159539e+02 3.201000468526857962e-02 7.615427880465134513e+04 0.000000000000000000e+00
-1.031136407433004507e+02 -1.031565683328263390e+02 5.338917414695851932e-02 7.534777952289902896e+04 0.000000000000000000e+00
-1.080657979954713852e+02 -1.080557333161858651e+02 2.069521603450522745e-02 2.279679460275593374e+04 0.000000000000000000e+00
-1.027047506241868717e+02 -1.026535994384982757e+02 3.404515018684072664e-02 7.415857547612737108e+04 0.000000000000000000e+00
-1.053158231227613584e+02 -1.053207230529378506e+02 1.248276144824952277e-02 2.233626127994006310e+04 0.000000000000000000e+00
-9.656419159161477239e+01 -9.654743751584655342e+01 4.052912906645254887e-02 7.287722721143117815e+04 0.000000000000000000e+00
-1.025152658335995710e+02 -1.025109960637814623e+02 1.962917133033196745e-02 2.209893566589351030e+04 0.000000000000000000e+00
-1.080736977940260175e+02 -1.080883892237764599e+02 2.524635181645347795e-02 7.145903260941398912e+04 0.000000000000000000e+00
-1.053028034109576510e+02 -1.052845771987335723e+02 1.689543382257721257e-02 2.169236139627496232e+04 0.000000000000000000e+00
-1.053337660635071558e+02 -1.053352138327013989e+02 1.840707696808949190e-02 2.150951459901790804e+04 0.000000000000000000e+00
-1.080346049156856054e+02 -1.080383510804852278e+02 1.149355081907592682e-02 2.130098172819082902e+04 0.000000000000000000e+00
-1.025244461131227780e+02 -1.025148832934969647e+02 1.329088667849515244e-02 2.109768409927500034e+04 0.000000000000000000e+00
-9.934054996648774249e+01 -9.926458705648684600e+01 3.234154927633182269e-02 6.835387740919852513e+04 0.000000000000000000e+00
-1.106723596318494316e+02 -1.106790083551041022e+02 1.734424566857015876e-02 2.103984652964960696e+04 0.000000000000000000e+00
-1.002234495624541637e+02 -1.001208100155690346e+02 4.647518495694561574e-02 6.764710879217673209e+04 0.000000000000000000e+00
-1.079888725521640822e+02 -1.079851981972045820e+02 1.181660166615753141e-02 2.123256149170319986e+04 0.000000000000000000e+00
-9.452189881107088354e+01 -9.447785431812059187e+01 2.116885429756740211e-02 6.722287826253412641e+04 0.000000000000000000e+00
-1.080638434399786831e+02 -1.080675731242416759e+02 1.954646712884705595e-02 6.677800131301846704e+04 0.000000000000000000e+00
-9.988528989229897093e+01 -9.988091599218017791e+01 2.142917542314383764e-02 6.617783315800105629e+04 0.000000000000000000e+00
-1.014205157573256457e+02 -1.013783554842012080e+02 4.875786924318467608e-02 6.558859722169328597e+04 0.000000000000000000e+00
-9.994864728539185705e+01 -9.991405762792426515e+01 2.030543934886684665e-02 6.512429853819686832e+04 0.000000000000000000e+00
-1.080331160142168159e+02 -1.080388867450317036e+02 1.199948309511991024e-02 2.031886187866197724e+04 0.000000000000000000e+00
-9.619589808924818897e+01 -9.620733282535178432e+01 3.924422193018183014e-02 6.408989338973810663e+04 0.000000000000000000e+00
-1.053857570886281820e+02 -1.053898121184657839e+02 2.222983747448783326e-02 6.354703341824543168e+04 0.000000000000000000e+00
-1.027155839773317609e+02 -1.026672259483486727e+02 2.745510908413386145e-02 6.300558415035211510e+04 0.000000000000000000e+00
-1.052971556888860789e+02 -1.053209890796889425e+02 1.473395511548265466e-02 6.264454696048468031e+04 0.000000000000000000e+00
-1.025735859517503030e+02 -1.026121662366328167e+02 2.633608003595343597e-02 6.216391038903102890e+04 0.000000000000000000e+00
-1.025249327741346832e+02 -1.025121742754467959e+02 1.469360674628493457e-02 1.940275645081107359e+04 0.000000000000000000e+00
-9.178044528834600158e+01 -9.175633297171748382e+01 2.884083719187249817e-02 6.129318452579198492e+04 0.000000000000000000e+00
-9.423148346847987966e+01 -9.420024601591170210e+01 3.817941681042863467e-02 1.917455346786239897e+04 0.000000000000000000e+00
-1.080691083793647067e+02 -1.080702604792849684e+02 1.037858773950940498e-02 2.961781380957363581e+03 0.000000000000000000e+00
-9.439146063534093400e+01 -9.435899350815962805e+01 2.173398664920405537e-02 6.006580612371736788e+04 0.000000000000000000e+00
-1.026815190839132299e+02 -1.026977317391584563e+02 2.001921092366053256e-02 5.966425601941668720e+04 0.000000000000000000e+00
-9.448869478345486073e+01 -9.446552925973666959e+01 2.292343661717740483e-02 1.861859517591875920e+04 0.000000000000000000e+00
-1.080023804019875655e+02 -1.079902260735649975e+02 1.430912935470923276e-02 5.900261673800488643e+04 0.000000000000000000e+00
-1.053453973934610559e+02 -1.053477343461080267e+02 1.084370722993175870e-02 1.835720402494212613e+04 0.000000000000000000e+00
-1.025575377301985753e+02 -1.025764698191147062e+02 1.502354892901458863e-02 5.812161795616005838e+04 0.000000000000000000e+00
-1.081086181035210529e+02 -1.081136709222445660e+02 1.804492727875803282e-02 5.770072443019437924e+04 0.000000000000000000e+00
-1.025813535043224363e+02 -1.026182093547204772e+02 2.427161724033093104e-02 5.726250033037744288e+04 0.000000000000000000e+00
-9.618833172694129985e+01 -9.612893223116563490e+01 3.133755382231798170e-02 5.692049015741766925e+04 0.000000000000000000e+00
-1.107071861701842295e+02 -1.106563840786777178e+02 2.220482800255966713e-02 5.671687102661057725e+04 0.000000000000000000e+00
-1.026352178420289079e+02 -1.026338344207455577e+02 1.586465776888525483e-02 5.646815309737338976e+04 0.000000000000000000e+00
-1.052875260662620036e+02 -1.052958807023247516e+02 1.653919717510719117e-02 1.785787317398599771e+04 0.000000000000000000e+00
-9.315558395071757047e+01 -9.324770030214268957e+01 3.456699124004388585e-02 1.773086770063534641e+04 0.000000000000000000e+00
-1.067316842731105027e+02 -1.067601665721131639e+02 2.337849515727929983e-02 5.601211137224810227e+04 0.000000000000000000e+00
-1.026439755082381282e+02 -1.026692229297071890e+02 1.631068660537184078e-02 5.565925439850192197e+04 0.000000000000000000e+00
-1.052409987043321564e+02 -1.052308407441923919e+02 1.806212576977346204e-02 5.530296230992487108e+04 0.000000000000000000e+00
-1.025971961999475042e+02 -1.026021821852324223e+02 7.820076792118428599e-03 1.763558905145985045e+04 0.000000000000000000e+00
-1.080062893941210405e+02 -1.080110676971037691e+02 1.150704505836069348e-02 1.751210743907533106e+04 0.000000000000000000e+00
-1.025279341501752981e+02 -1.025266134425628763e+02 1.972799683590726466e-02 5.417782330131924391e+04 0.000000000000000000e+00
-9.609751945796517703e+01 -9.610856888831709455e+01 2.016642764270180563e-02 1.726886626034604342e+04 0.000000000000000000e+00
-1.053747886430840310e+02 -1.053652015286439507e+02 1.107211204432202376e-02 1.715378539485132569e+04 0.000000000000000000e+00
-1.081198192624638210e+02 -1.081243408289341659e+02 1.068497453345652361e-02 2.856130874928356661e+03 0.000000000000000000e+00
-1.052442110285026757e+02 -1.052485525413051448e+02 1.341776691205260122e-02 5.295724333595338976e+04 0.000000000000000000e+00
-1.025858491618663777e+02 -1.025712899512026297e+02 7.254559411640466339e-03 1.685240065231105837e+04 0.000000000000000000e+00
-1.036148271513645938e+02 -1.035963186225125838e+02 3.976480387098307867e-02 5.226254948671587772e+04 0.000000000000000000e+00
-9.458761015610660650e+01 -9.454864776171140761e+01 2.729697923541862803e-02 5.192813015126374376e+04 0.000000000000000000e+00
-1.107378065951583324e+02 -1.107147091199208830e+02 1.635503422895699319e-02 5.167052672615587653e+04 0.000000000000000000e+00
-1.018821524146770372e+02 -1.018798765372410173e+02 2.006735363668204000e-02 1.644369579241121392e+04 0.000000000000000000e+00
-1.053993120446331062e+02 -1.054027981471874682e+02 1.161863398281464191e-02 1.633589991856750021e+04 0.000000000000000000e+00
-1.080873735703168279e+02 -1.080634684558011145e+02 1.310633649328602109e-02 5.076006068764822703e+04 0.000000000000000000e+00
-9.334432798024229783e+01 -9.338017067717748887e+01 6.265217847404354334e-02 5.046554740472159756e+04 0.000000000000000000e+00
-9.425243857119268398e+01 -9.424038625838348082e+01 4.059738145362618705e-02 1.635389483502680196e+04 0.000000000000000000e+00
-1.025277730179439430e+02 -1.025002658930663273e+02 1.436562502970886203e-02 1.625104768429137766e+04 0.000000000000000000e+00
-1.107730038480223413e+02 -1.107651206533455905e+02 1.494949502074115373e-02 4.966365579024569161e+04 0.000000000000000000e+00
-1.080382109853163684e+02 -1.080453823542013794e+02 1.347229569148350806e-02 4.935282702308605803e+04 0.000000000000000000e+00
-1.022226007148824323e+02 -1.022034904713935077e+02 2.248337246413779911e-02 4.904563094966066274e+04 0.000000000000000000e+00
-1.080151876641108828e+02 -1.079874709144495455e+02 1.136380694759460581e-02 4.876019311248045415e+04 0.000000000000000000e+00
-9.720083150542475892e+01 -9.714595363140422535e+01 2.321582432771419208e-02 4.850310746606476459e+04 0.000000000000000000e+00
-9.923283599064046712e+01 -9.923423773508920931e+01 1.590554391314688218e-02 1.593564164876736140e+04 0.000000000000000000e+00
-1.080685356230374339e+02 -1.080700651996938717e+02 9.971329567550667183e-03 1.583795844380308336e+04 0.000000000000000000e+00
-1.026651570214579436e+02 -1.026758731175705748e+02 9.950642074156667780e-03 1.574156789732936522e+04 0.000000000000000000e+00
-1.053111344964923006e+02 -1.052865769880157671e+02 1.359956213551630384e-02 4.756993359614926885e+04 0.000000000000000000e+00
-9.918679960584088917e+01 -9.919996886409566628e+01 1.227506502969744583e-02 2.748265147040278407e+03 0.000000000000000000e+00
-1.014232988255092920e+02 -1.014782945481256888e+02 2.159795574445409760e-02 1.550060026075412134e+04 0.000000000000000000e+00
-1.052364241508994382e+02 -1.052492972200285237e+02 1.285302485236991359e-02 4.712583354270356358e+04 0.000000000000000000e+00
-1.080073293893204607e+02 -1.079868876351489178e+02 1.237726758910565224e-02 4.685625921276069857e+04 0.000000000000000000e+00
-1.053138851958124320e+02 -1.052916446191461830e+02 9.974463999167369754e-03 4.660440348831410665e+04 0.000000000000000000e+00
-1.080651545294237792e+02 -1.080679607721548194e+02 8.689447679989149506e-03 1.528029273599680346e+04 0.000000000000000000e+00
-1.107733168590981876e+02 -1.107635999802725308e+02 1.341331219164969453e-02 4.609188888770954509e+04 0.000000000000000000e+00
-1.027302137891645231e+02 -1.026835622641731049e+02 1.948809741111158858e-02 4.583040988381265197e+04 0.000000000000000000e+00
-9.720746004629451420e+01 -9.722126677152991192e+01 2.024344583404139031e-02 4.568075427900387149e+04 0.000000000000000000e+00
-1.053236238676187355e+02 -1.053275737672908434e+02 7.459772035068449811e-03 1.494229946365989781e+04 0.000000000000000000e+00
-1.025826319518662757e+02 -1.025743034259725022e+02 1.434350321829756282e-02 4.518105859928950667e+04 0.000000000000000000e+00
-9.590597688787975983e+01 -9.597206465566218014e+01 2.254402515329415393e-02 4.492957881050349533e+04 0.000000000000000000e+00
-1.025526242014143037e+02 -1.025389819943134739e+02 8.735238019206474289e-03 1.473958924112521345e+04 0.000000000000000000e+00
-1.052968963451485962e+02 -1.052673066727992364e+02 1.548653960597638941e-02 4.465586907294960838e+04 0.000000000000000000e+00
-1.080588090842033466e+02 -1.080735401679264669e+02 1.081157814661128092e-02 1.459072897035985625e+04 0.000000000000000000e+00
-9.993043334406901579e+01 -9.990326534393314262e+01 1.855858629360368842e-02 1.452173082116262776e+04 0.000000000000000000e+00
-9.750818505889603216e+01 -9.753858921451715958e+01 2.390092861217428186e-02 4.400303205159701611e+04 0.000000000000000000e+00
-1.052828999159282972e+02 -1.052726370956106479e+02 8.539630601080049760e-03 1.441623375278570893e+04 0.000000000000000000e+00
-1.080123795504941739e+02 -1.079856673291826468e+02 9.902533229449160881e-03 4.356902931997129053e+04 0.000000000000000000e+00
-9.342209968418161736e+01 -9.341132289904051333e+01 2.052083145679077167e-02 4.337070462198513269e+04 0.000000000000000000e+00
-9.926987405626537964e+01 -9.922592173387172920e+01 2.793169683028469755e-02 4.314354926799113309e+04 0.000000000000000000e+00
-9.988467936654079438e+01 -9.989262298302018905e+01 1.450688573897484894e-02 4.299939149167297001e+04 0.000000000000000000e+00
-1.079979870291493143e+02 -1.079844913618401847e+02 1.076619944692941075e-02 4.277361700714032486e+04 0.000000000000000000e+00
-1.080025822991541418e+02 -1.079828782795993902e+02 1.024197220924891530e-02 4.255657588337617199e+04 0.000000000000000000e+00
-1.080786953028548680e+02 -1.080887206898459567e+02 1.539778661580466779e-02 4.235241022585688916e+04 0.000000000000000000e+00
-1.053943731555335006e+02 -1.054023994575750862e+02 8.083747789417349700e-03 1.384109298879441303e+04 0.000000000000000000e+00
-9.990443392551644308e+01 -9.990034950850468931e+01 1.156506991308925078e-02 4.195275543414553249e+04 0.000000000000000000e+00
-9.727210592107168452e+01 -9.737524347147444814e+01 3.616550149723232743e-02 4.173639421805759048e+04 0.000000000000000000e+00
-1.052127773449904282e+02 -1.051860565361025408e+02 1.372014862805208402e-02 4.193484532548878633e+04 0.000000000000000000e+00
-1.080329531320739136e+02 -1.080399848864352776e+02 5.829124534556390236e-03 1.395685962963349812e+04 0.000000000000000000e+00
-9.714349615864097132e+01 -9.711808305706283306e+01 1.482385228004270104e-02 4.154130887102965789e+04 0.000000000000000000e+00
-9.980177207398932637e+01 -9.980501372296686213e+01 8.283413889007001582e-03 1.381802048367120733e+04 0.000000000000000000e+00
-1.080028845724244064e+02 -1.079820732115617403e+02 9.766008678546104355e-03 4.116882005545013089e+04 0.000000000000000000e+00
-1.107592704643525678e+02 -1.107683379503395003e+02 8.839137108994251507e-03 1.368130306879299496e+04 0.000000000000000000e+00
-1.025298649613330753e+02 -1.025064769637748441e+02 1.475960988975304547e-02 4.077881190842619981e+04 0.000000000000000000e+00
-9.186777462745102696e+01 -9.184660638646911934e+01 1.872846960916586465e-02 4.060196089771167317e+04 0.000000000000000000e+00
-1.106745965524574729e+02 -1.106815833070846367e+02 9.226814157723535470e-03 1.349460383906923198e+04 0.000000000000000000e+00
-9.458446259282999335e+01 -9.459988495806960884e+01 1.757791423475121503e-02 4.024309827656254492e+04 0.000000000000000000e+00
-1.107084117478335230e+02 -1.107128479542397912e+02 8.138510535856385147e-03 1.338206520194544828e+04 0.000000000000000000e+00
-1.052447499021673565e+02 -1.052354415334484088e+02 1.001629594710030588e-02 1.331772723677880640e+04 0.000000000000000000e+00
-9.847518382168468065e+01 -9.847897916362489923e+01 1.683885086982096074e-02 3.968633383535742178e+04 0.000000000000000000e+00
-9.704956731958382932e+01 -9.704632845351365233e+01 1.776259170676964053e-02 3.949507563062600821e+04 0.000000000000000000e+00
-1.000321543470662533e+02 -1.000451783404938624e+02 1.556257015245143815e-02 3.930568577934708446e+04 0.000000000000000000e+00
-1.025882823410442342e+02 -1.025841154982838646e+02 1.372366113121752280e-02 3.912530861788155744e+04 0.000000000000000000e+00
-1.025739443830101862e+02 -1.025873210894189214e+02 1.309707452845876308e-02 3.893984815518454707e+04 0.000000000000000000e+00
-1.079254762474758849e+02 -1.079006103431648285e+02 1.351274410828827259e-02 3.876331009168265155e+04 0.000000000000000000e+00
-1.080525094965816635e+02 -1.080427535944450312e+02 1.022684093131948774e-02 3.860786067068882403e+04 0.000000000000000000e+00
-1.042131028042724950e+02 -1.043221538679607363e+02 2.751690158408259812e-02 3.843088285032317799e+04 0.000000000000000000e+00
-1.051995832940193907e+02 -1.051982802009978144e+02 1.129804789636466161e-02 3.871639607032039930e+04 0.000000000000000000e+00
-1.025606844967059601e+02 -1.025649493036554816e+02 7.702741019311389221e-03 1.278961349742712264e+04 0.000000000000000000e+00
-1.026475336027556438e+02 -1.026569678814451976e+02 1.178993849090590428e-02 3.835823134211604338e+04 0.000000000000000000e+00
-1.107038496551346185e+02 -1.107138540747469762e+02 8.956813001174396618e-03 1.267363570333515599e+04 0.000000000000000000e+00
-9.449644631055349464e+01 -9.454036877549602025e+01 1.818849055432499029e-02 3.802130491116856865e+04 0.000000000000000000e+00
-1.053783425160506795e+02 -1.053926915092252017e+02 8.823917916668670355e-03 1.256277730084123868e+04 0.000000000000000000e+00
-1.081021786225971226e+02 -1.081172768761181686e+02 8.666158543614112253e-03 1.251487608280085442e+04 0.000000000000000000e+00
-1.052835610317094535e+02 -1.052883899053884988e+02 8.490100143073844863e-03 3.759544283713062032e+04 0.000000000000000000e+00
-9.918665966843627757e+01 7.399973921296973824e+20 1.934609260330010159e+02 3.742712990154628642e+04 0.000000000000000000e+00
-1.080930801378899844e+02 -1.080879137556572971e+02 1.178962458546281740e-02 3.742712990154628642e+04 0.000000000000000000e+00
-1.025276858370376090e+02 -1.025281363439989946e+02 8.160940318053736334e-03 1.235669019825352370e+04 0.000000000000000000e+00
-1.016841867760542613e+02 -1.017413826998554640e+02 2.021293053037886978e-02 1.230154268811190741e+04 0.000000000000000000e+00
-1.053943324858717574e+02 -1.054016662345458286e+02 8.117995697996528009e-03 3.752062885476556403e+04 0.000000000000000000e+00
-9.857938999050951168e+01 -9.859855512548311651e+01 1.336500742831275672e-02 1.229941271893780322e+04 0.000000000000000000e+00
-1.011759085955547306e+02 -1.011587928929900357e+02 1.349554872825708962e-02 1.225922675054776300e+04 0.000000000000000000e+00
-1.025931402694013883e+02 -1.025810832192770619e+02 8.925525262240658134e-03 1.221687325827471068e+04 0.000000000000000000e+00
-1.080235952384302180e+02 -1.080186545921490620e+02 7.140945467501689375e-03 1.216933143387465680e+04 0.000000000000000000e+00
-9.984735809861591349e+01 -9.985177413494405130e+01 8.166656260441563717e-03 1.211748766398079533e+04 0.000000000000000000e+00
-1.052411951436848909e+02 -1.052376279021933385e+02 6.092775138961576548e-03 1.206577028342686754e+04 0.000000000000000000e+00
-1.107262070389977424e+02 -1.107041151766763392e+02 1.030054465324502580e-02 3.650132729355476476e+04 0.000000000000000000e+00
-1.107226397443628514e+02 -1.107088040255262911e+02 1.028861810999107639e-02 3.636472472781774559e+04 0.000000000000000000e+00
-1.081097430344977113e+02 -1.081079647372518480e+02 1.100471179790008490e-02 3.621717976865393575e+04 0.000000000000000000e+00
-1.026083398255667447e+02 -1.026267737917335268e+02 8.040979317610649768e-03 3.606318416001522564e+04 0.000000000000000000e+00
-1.018975613140179206e+02 -1.018427400565284415e+02 1.756381145402570801e-02 1.181349250986811421e+04 0.000000000000000000e+00
-1.080397346112495853e+02 -1.080353157588739208e+02 6.911730502626312576e-03 3.584428332310374390e+04 0.000000000000000000e+00
-9.728923280619001446e+01 -9.728476639860930675e+01 1.127231033646652197e-02 3.569447997089812998e+04 0.000000000000000000e+00
-9.988660081939580948e+01 -9.989278329331563100e+01 1.351244553770178380e-02 3.554598996181712573e+04 0.000000000000000000e+00
-1.053149878424493551e+02 -1.053174171983329614e+02 6.088926172862976251e-03 3.539941061155615898e+04 0.000000000000000000e+00
-1.080121305859480856e+02 -1.080138711467489969e+02 6.269058870434211783e-03 1.168303735528505240e+04 0.000000000000000000e+00
-1.107305707269159853e+02 -1.107132337417442187e+02 9.669348060702078265e-03 3.511250966190097824e+04 0.000000000000000000e+00
-9.997450154821460444e+01 -9.998909911192839672e+01 1.211871315259421995e-02 1.158718543204307571e+04 0.000000000000000000e+00
-1.106791111237796201e+02 -1.106871329300307423e+02 6.826798721739501738e-03 1.154862631400189093e+04 0.000000000000000000e+00
-1.107681379579495626e+02 -1.107607966934981505e+02 9.529308392770940994e-03 3.475413681669651851e+04 0.000000000000000000e+00
-1.080652450725744842e+02 -1.080675451225451411e+02 5.423085824039114954e-03 1.145761930844796734e+04 0.000000000000000000e+00
-1.079929288877146263e+02 -1.079766763315699762e+02 9.328256529071293768e-03 3.447607054409471311e+04 0.000000000000000000e+00
-1.053105870192788558e+02 -1.053154662665454566e+02 4.960833916427615647e-03 1.136590628860296056e+04 0.000000000000000000e+00
-9.904354566641472957e+01 -9.906478848256323033e+01 1.204670466849758897e-02 1.132116759495885526e+04 0.000000000000000000e+00
-9.979697807727838210e+01 -9.980244192322074070e+01 1.160527465977225815e-02 3.408145942099038075e+04 0.000000000000000000e+00
-1.080477682446778687e+02 -1.080405760336371515e+02 7.133418212414584930e-03 3.394675239257469366e+04 0.000000000000000000e+00
-1.053499854256617567e+02 -1.053524774652395308e+02 3.980412952396972064e-03 1.120258362144499915e+04 0.000000000000000000e+00
-9.973360119677712987e+01 -9.974793893605297512e+01 1.300059197620235217e-02 2.333233100954382280e+03 0.000000000000000000e+00
-1.106917827084231050e+02 -1.106559599362229562e+02 1.231284816167293496e-02 3.356411566489175311e+04 0.000000000000000000e+00
-9.329506237671779445e+01 -9.332071620427286973e+01 1.723135095504607639e-02 3.347969656982214656e+04 0.000000000000000000e+00
-1.052734921248102751e+02 -1.052699943487094885e+02 6.607291155634808372e-03 1.106283412611566018e+04 0.000000000000000000e+00
-1.025868917876510977e+02 -1.025881663799859780e+02 7.858819194941918038e-03 3.325804123042787978e+04 0.000000000000000000e+00
-1.026157545254714023e+02 -1.025881817707630717e+02 1.011588359578532818e-02 3.312919365365728299e+04 0.000000000000000000e+00
-1.054569010647465035e+02 -1.054620424011301765e+02 1.294831737627026580e-02 3.302946564485690760e+04 0.000000000000000000e+00
-1.080460923329622744e+02 -1.080479941345199251e+02 4.568671356749890756e-03 1.090186798425083543e+04 0.000000000000000000e+00
-1.025833301676758538e+02 -1.025829559833620266e+02 6.789136067647333350e-03 1.086024397140280598e+04 0.000000000000000000e+00
-1.054135542478383627e+02 -1.054259031752360585e+02 8.358789842586115612e-03 3.265490473846393070e+04 0.000000000000000000e+00
-1.026210815571100312e+02 -1.026288835181924810e+02 5.128210629628324538e-03 1.078022424825213966e+04 0.000000000000000000e+00
-1.107546424204981861e+02 -1.107672247535837755e+02 8.114331566552300534e-03 1.074147266956602107e+04 0.000000000000000000e+00
-1.053062275978664957e+02 -1.052959683768007579e+02 8.087002514370299211e-03 3.230786233360286496e+04 0.000000000000000000e+00
-1.053512289092679453e+02 -1.053539448344576357e+02 4.356821793455300899e-03 1.066962970788628445e+04 0.000000000000000000e+00
-1.026308942702703888e+02 -1.026269514263086791e+02 5.380171612120659280e-03 1.062993830470878856e+04 0.000000000000000000e+00
-1.067896346055532035e+02 -1.068142163816001471e+02 1.338368695301036908e-02 3.196099778473532206e+04 0.000000000000000000e+00
-1.052905041275088394e+02 -1.052929988536786396e+02 5.462716840281931115e-03 1.056346424271605247e+04 0.000000000000000000e+00
-1.014589286047780661e+02 -1.014802333463975543e+02 9.774877775014794920e-03 1.052456814525087066e+04 0.000000000000000000e+00
-1.053336360713971942e+02 -1.053373052585866247e+02 8.677070010350659834e-03 3.176557694237192482e+04 0.000000000000000000e+00
-9.872061384356481994e+01 -9.872935903116783152e+01 1.113139613819472476e-02 1.046385700413557242e+04 0.000000000000000000e+00
-1.079640969406955833e+02 -1.079658024584013418e+02 6.194514075742250936e-03 1.042766192913413215e+04 0.000000000000000000e+00
-9.168411406317952128e+01 -9.169385320307000597e+01 1.433018282489931759e-02 3.144532081163748808e+04 0.000000000000000000e+00
-1.041427042068673785e+02 -1.041480522412221603e+02 1.178490023654207505e-02 1.036005768692716265e+04 0.000000000000000000e+00
-1.079750438437864659e+02 -1.079728835320856319e+02 5.963714712656186835e-03 1.032328111612459361e+04 0.000000000000000000e+00
-9.955064176527397990e+01 -9.953478407236572423e+01 1.628458661925947723e-02 3.112629131765335478e+04 0.000000000000000000e+00
-8.892634646216001215e+01 -8.893043235082446074e+01 1.431095932880560584e-02 1.033107542509754421e+04 0.000000000000000000e+00
-1.107748714670828747e+02 -1.107615438085275912e+02 8.139402232126622186e-03 3.094808440295999389e+04 0.000000000000000000e+00
-1.025917482156485079e+02 -1.025957941499038668e+02 5.959287401887998319e-03 3.084358371091947265e+04 0.000000000000000000e+00
-1.002297825760002894e+02 6.091610430004989286e+25 1.010997480542739595e+02 1.022115905663767080e+04 0.000000000000000000e+00
-9.985420755940334914e+01 -9.986453063658508711e+01 8.481666080208833183e-03 1.022115905663767080e+04 0.000000000000000000e+00
-1.079850199253653926e+02 -1.079862990851120657e+02 4.273582232446252079e-03 1.018855285469835326e+04 0.000000000000000000e+00
-1.080648353416293190e+02 -1.080651610541050900e+02 5.386753322406095078e-03 1.015260567966176677e+04 0.000000000000000000e+00
-9.724120057176249077e+01 -9.724664155048466796e+01 1.471085806645224328e-02 3.042107308104025651e+04 0.000000000000000000e+00
-9.605775245615059532e+01 -9.599593991635568102e+01 1.670646330096938609e-02 3.031524353588570011e+04 0.000000000000000000e+00
-1.025640401554199883e+02 -1.025599012706809532e+02 6.530601869298950993e-03 1.014692814925437960e+04 0.000000000000000000e+00
-1.080142290845493562e+02 -1.080106919829529630e+02 6.882599475885247536e-03 3.023071404400549727e+04 0.000000000000000000e+00
-1.026850260517161644e+02 -1.026730654616705039e+02 1.427317973850711699e-02 3.012617552541631085e+04 0.000000000000000000e+00
-8.828416083587642049e+01 -8.828964396857963948e+01 2.459996303464885223e-02 3.002658018387962875e+04 0.000000000000000000e+00
-1.025916314535392360e+02 -1.025998663317179052e+02 7.430376492769563690e-03 2.992387717660712224e+04 0.000000000000000000e+00
-9.918257127955185126e+01 -9.922475311530871522e+01 2.006124546471609385e-02 2.982324941146276615e+04 0.000000000000000000e+00
-1.081601283426267628e+02 -1.081588366119275122e+02 1.285396357807421994e-02 2.977421745857805581e+04 0.000000000000000000e+00
-1.026978648968218266e+02 -1.027231285532577942e+02 1.181779255567940064e-02 2.967263413089944879e+04 0.000000000000000000e+00
-1.026358726875127587e+02 -1.026442552340957519e+02 8.559298273174026708e-03 2.959223342616217633e+04 0.000000000000000000e+00
-9.467470141445461707e+01 -9.463514577269191363e+01 1.495308960987892441e-02 2.949416833833993951e+04 0.000000000000000000e+00
-9.968476023599154701e+01 -9.963858399872550820e+01 2.078775596491727953e-02 2.944385955278955589e+04 0.000000000000000000e+00
-1.013509071508374717e+02 -1.013997255334705017e+02 1.357451050835112652e-02 2.940752413428502041e+04 0.000000000000000000e+00
-1.080240508105514010e+02 -1.080094567307306761e+02 7.370719266672128359e-03 2.938290504527769372e+04 0.000000000000000000e+00
-1.053721774699055089e+02 -1.053858540801713843e+02 8.836918741912625982e-03 2.929157114229566650e+04 0.000000000000000000e+00
-1.079107100799761980e+02 -1.079095536402176521e+02 6.222839336978960335e-03 9.884192209057924629e+03 0.000000000000000000e+00
-1.080279114409348864e+02 -1.080271932011564786e+02 6.089008226431124639e-03 9.851394453837692708e+03 0.000000000000000000e+00
-1.067903903757419215e+02 -1.068743444482726943e+02 2.080920349067176198e-02 2.902089658200640770e+04 0.000000000000000000e+00
-1.053681924308732789e+02 -1.053713117054050059e+02 7.708469058964860683e-03 2.912843481288569819e+04 0.000000000000000000e+00
-1.006926379484952037e+02 -1.006707505656749646e+02 2.179714108910282833e-02 2.903294662637861620e+04 0.000000000000000000e+00
-1.004214214327898986e+02 3.449511348372240640e+17 9.885578051727775062e+01 9.772465341680192068e+03 0.000000000000000000e+00
-8.390402417939297663e+01 -8.381560768244901283e+01 3.189553639342301850e-02 2.895103274137424160e+04 0.000000000000000000e+00
-1.053049336828323987e+02 -1.052976017772370909e+02 7.133721166813086767e-03 2.904422359218531346e+04 0.000000000000000000e+00
-9.708411503143622667e+01 -9.709446977127619505e+01 7.902433129690841773e-03 9.711125842406578158e+03 0.000000000000000000e+00
-1.080005420519826060e+02 -1.079853395425229650e+02 6.177713921741131813e-03 2.885773488962759075e+04 0.000000000000000000e+00
-1.051943929819030785e+02 -1.051936565543229989e+02 6.420605475276141595e-03 9.651928856967375395e+03 0.000000000000000000e+00
-1.080394411510788757e+02 -1.080447897481378021e+02 4.078457429078754040e-03 9.620810672706627884e+03 0.000000000000000000e+00
-1.080493741156279981e+02 -1.080455264540692042e+02 6.150667093931205115e-03 2.858898450204189794e+04 0.000000000000000000e+00
-1.107163823836280585e+02 -1.107194040117561400e+02 6.122388023213201635e-03 9.560133843086563502e+03 0.000000000000000000e+00
-1.024123912533855645e+02 -1.024102509814824629e+02 9.000161799552092515e-03 9.529891157584261236e+03 0.000000000000000000e+00
-9.927216578119974599e+01 -9.925487694130077898e+01 1.061281153931721392e-02 9.499589743928345342e+03 0.000000000000000000e+00
-1.052419235481693107e+02 -1.052441227934756824e+02 6.978822486811915408e-03 9.478006362379997881e+03 0.000000000000000000e+00
-1.033025593845466830e+02 -1.033430346569544582e+02 2.174107162885837580e-02 9.448167077206908289e+03 0.000000000000000000e+00
-1.079967609030799878e+02 -1.079865277689035850e+02 5.399124551447377282e-03 2.827914327303463506e+04 0.000000000000000000e+00
-9.997917685360029338e+01 -9.999452878005891421e+01 1.073898760937013613e-02 2.819350701860454865e+04 0.000000000000000000e+00
-8.926075682630177255e+01 -8.925191376231053653e+01 1.556547564805078367e-02 2.811196535549512555e+04 0.000000000000000000e+00
-9.669512669872568722e+01 -9.669912894222169086e+01 1.406310223092626169e-02 9.374135111031913766e+03 0.000000000000000000e+00
-1.107171019112354031e+02 -1.107191586080180343e+02 5.878683336223962733e-03 9.345536599918423235e+03 0.000000000000000000e+00
-1.079991675795917416e+02 -1.079990350696086239e+02 5.109266209388397574e-03 9.316658811675619290e+03 0.000000000000000000e+00
-1.042680190469345263e+02 -1.042527688220275763e+02 1.460621685870284320e-02 2.780150917926090551e+04 0.000000000000000000e+00
-1.036384059180533086e+02 -1.036188230302649487e+02 1.252423252722337406e-02 2.772237497065749631e+04 0.000000000000000000e+00
-1.080608420917515247e+02 -1.080648535198617566e+02 4.882014345658930790e-03 9.281337173341662492e+03 0.000000000000000000e+00
-1.026992563858334648e+02 -1.026862010126810958e+02 8.478217407263106617e-03 2.756543372221680329e+04 0.000000000000000000e+00
-1.052903908120642882e+02 -1.052940506817106296e+02 3.902235706881018121e-03 9.227048016775677752e+03 0.000000000000000000e+00
-9.995536500155111526e+01 -9.997382361499755632e+01 8.872556472222455776e-03 2.740233072329850256e+04 0.000000000000000000e+00
-9.601119007283064377e+01 -9.604853279886904716e+01 1.074490097444133312e-02 2.732869522356617745e+04 0.000000000000000000e+00
-1.025669725684203968e+02 -1.025668689286242028e+02 7.284057095488107036e-03 9.151861357855210372e+03 0.000000000000000000e+00
-1.080429425484863657e+02 -1.080480848604301229e+02 4.586747752213501950e-03 9.124214408654215731e+03 0.000000000000000000e+00
-9.711775566883167699e+01 -9.713160423791103426e+01 1.496506670984556336e-02 2.712410428469422914e+04 0.000000000000000000e+00
-1.080687485844576941e+02 -1.080712747473426418e+02 4.744562411071204765e-03 9.075901883815342444e+03 0.000000000000000000e+00
-1.054556342628424659e+02 -1.054707801591748932e+02 8.463401196508875748e-03 9.048937518641463612e+03 0.000000000000000000e+00
-1.079972998589902744e+02 -1.079989912145604194e+02 5.018370815825846411e-03 9.029116853057654225e+03 0.000000000000000000e+00
-1.025707800862941923e+02 -1.025760339660377412e+02 5.619943898133889816e-03 9.002338178437159513e+03 0.000000000000000000e+00
-1.106846687519830539e+02 -1.106553843955622654e+02 9.401519589318596201e-03 2.677000579160513735e+04 0.000000000000000000e+00
-9.729471705000598547e+01 -9.731751344104029045e+01 1.139267962284095173e-02 2.671488990360350726e+04 0.000000000000000000e+00
-1.053661262245425831e+02 -1.053686291368130412e+02 7.452608042270111345e-03 2.665054135532959481e+04 0.000000000000000000e+00
-9.425049819213514013e+01 -9.424784743988655578e+01 1.597057877634059514e-02 8.900527796941472843e+03 0.000000000000000000e+00
-9.983469840797295092e+01 -9.984202456250457658e+01 5.489749490182755862e-03 8.874359395655794287e+03 0.000000000000000000e+00
-1.019386980752241385e+02 -1.019478695423137538e+02 1.417520519637390820e-02 2.642136771190581931e+04 0.000000000000000000e+00
-9.687925770869850339e+01 -9.686724106254393973e+01 1.953600330379440947e-02 8.830599812675109206e+03 0.000000000000000000e+00
-1.080615422017621228e+02 -1.080666292542957621e+02 3.952877603215014003e-03 8.806709422559006271e+03 0.000000000000000000e+00
-1.107625583179326441e+02 -1.107691683566876009e+02 5.081868312346414160e-03 8.781941994807237279e+03 0.000000000000000000e+00
-9.998392932128956545e+01 -9.998450159568730555e+01 9.090840284796883330e-03 2.613584087655850090e+04 0.000000000000000000e+00
-9.398233140262306051e+01 -9.397180872728395684e+01 1.175890096736676056e-02 8.732997836757105688e+03 0.000000000000000000e+00
-9.866549489970796571e+01 -9.868533601350246443e+01 7.504424405305821881e-03 8.710394345513454027e+03 0.000000000000000000e+00
-1.080421576982086265e+02 -1.080342118809861063e+02 5.813003352257331557e-03 2.596767288786692734e+04 0.000000000000000000e+00
-1.054144744047740403e+02 -1.054153115485054144e+02 7.143874504200853522e-03 2.589525365536554091e+04 0.000000000000000000e+00
-1.080204479416817236e+02 -1.080205344306829147e+02 4.880804617791173992e-03 8.645807381479582546e+03 0.000000000000000000e+00
-9.973684605077150422e+01 -9.973781781985977091e+01 6.924242440807716441e-03 8.621255323471670636e+03 0.000000000000000000e+00
-1.053380121166614600e+02 -1.053383033275775631e+02 5.696654407593745861e-03 2.567783238379069371e+04 0.000000000000000000e+00
-1.053962562770911262e+02 -1.053985094600696613e+02 8.550234070438811340e-03 2.560530771442892001e+04 0.000000000000000000e+00
-9.620912762493226467e+01 -9.630451935754535953e+01 2.294519179228529659e-02 2.553334245721634943e+04 0.000000000000000000e+00
-1.068758967214561437e+02 -1.069062872298166553e+02 1.147148660907088176e-02 8.553658859312785353e+03 0.000000000000000000e+00
-1.053257292090016364e+02 -1.053124744190009210e+02 5.194502431535957289e-03 2.568959200869640335e+04 0.000000000000000000e+00
-9.294015541063264152e+01 -9.286298395979879672e+01 1.835140742415461781e-02 2.562273067267224178e+04 0.000000000000000000e+00
-1.107229329001955875e+02 -1.107033415548055615e+02 6.847939165102606869e-03 2.569890156575381479e+04 0.000000000000000000e+00
-1.027357048566518216e+02 -1.027314147010081626e+02 9.826494591302062723e-03 2.563787667127774330e+04 0.000000000000000000e+00
-9.716677196352564749e+01 -9.718018556677506581e+01 9.166690073436014122e-03 8.496195896961462495e+03 0.000000000000000000e+00
-1.053096030344876226e+02 -1.053141661934670594e+02 5.476531650794543883e-03 8.477949258858281610e+03 0.000000000000000000e+00
-1.079879350646331204e+02 -1.079893751372137984e+02 3.800308505040632216e-03 8.455176814074295180e+03 0.000000000000000000e+00
-1.052779223166917575e+02 -1.052720302032398649e+02 3.884396352123778949e-03 8.432005755548063462e+03 0.000000000000000000e+00
-1.052516225746787768e+02 -1.052545712894375640e+02 2.995735819645591654e-03 1.861480785618067557e+03 0.000000000000000000e+00
-9.974703853380640339e+01 -9.974556207989363088e+01 4.850112533819571185e-03 8.387004577971032631e+03 0.000000000000000000e+00
-9.981333776689521642e+01 -9.981535598609571025e+01 6.969458754208715870e-03 8.364220792431680820e+03 0.000000000000000000e+00
-1.080404542678593458e+02 -1.080450737609379388e+02 3.722546723473401167e-03 8.341588619506877876e+03 0.000000000000000000e+00
-1.053353710692945668e+02 -1.053363985881611171e+02 4.744901943276651386e-03 8.319552185228798407e+03 0.000000000000000000e+00
-1.080715752151914870e+02 -1.080758410412089034e+02 3.803712909844326074e-03 8.297105014528473475e+03 0.000000000000000000e+00
-1.051319139178781086e+02 -1.051324733807350640e+02 8.194210198759696584e-03 8.275231283387041913e+03 0.000000000000000000e+00
-1.015826402818652241e+02 -1.016061954645751229e+02 1.083679901315280289e-02 8.253013766726966423e+03 0.000000000000000000e+00
-1.025576386857987643e+02 -1.025596103843750484e+02 3.707497497336571367e-03 8.243940226372271354e+03 0.000000000000000000e+00
-1.052782437310723083e+02 -1.052838987233335075e+02 7.282493038380018907e-03 2.474170852765188465e+04 0.000000000000000000e+00
-1.080687544472844337e+02 -1.080744637290532353e+02 4.485920610515105496e-03 8.200094597574317959e+03 0.000000000000000000e+00
-1.080445689675824212e+02 -1.080474894007651017e+02 3.019353482878199459e-03 8.179126910421353386e+03 0.000000000000000000e+00
-1.080717678946163005e+02 -1.080759555786636241e+02 3.707120919823663364e-03 8.157637928824070514e+03 0.000000000000000000e+00
-1.025804464541804606e+02 -1.025716395915807198e+02 7.866621044318596392e-03 2.448756935714909923e+04 0.000000000000000000e+00
-1.080463404023983713e+02 -1.080378176667000787e+02 5.259433946212721880e-03 2.442492800502343380e+04 0.000000000000000000e+00
-1.080452330783824380e+02 -1.080486639991628408e+02 3.558709695551338058e-03 8.093993932600397784e+03 0.000000000000000000e+00
-1.080211604494866435e+02 -1.080228099393953300e+02 4.280784879945706729e-03 8.073042694888363258e+03 0.000000000000000000e+00
-9.984870770041233357e+01 -9.985634104920616494e+01 4.667244734093897729e-03 8.051985974242881639e+03 0.000000000000000000e+00
-1.009585675891853782e+02 -1.009705385392693984e+02 1.306707516066217198e-02 8.032268831269971088e+03 0.000000000000000000e+00
-1.021799088712140104e+02 -1.021067040464380682e+02 1.293151303763427629e-02 2.413298969789431430e+04 0.000000000000000000e+00
-1.037388411305028910e+02 -1.036972925195876911e+02 1.020554965451452370e-02 8.106958169819472459e+03 0.000000000000000000e+00
-1.009777282912472742e+02 -1.009814049922071604e+02 1.129221372327927041e-02 8.126188919029782483e+03 0.000000000000000000e+00
-9.202792288223891148e+01 -9.198978240727537070e+01 2.397861972176107415e-02 2.420055248065987689e+04 0.000000000000000000e+00
-1.080949569984726253e+02 -1.080969439939933068e+02 6.364414622483540937e-03 8.085672825458748775e+03 0.000000000000000000e+00
-1.081168535427836304e+02 -1.081086999118312804e+02 6.355285240653682326e-03 2.411106790016630475e+04 0.000000000000000000e+00
-1.080433523422010182e+02 -1.080461367567851312e+02 4.473985165071588978e-03 8.044353080130676972e+03 0.000000000000000000e+00
-1.052731383395076250e+02 -1.052754374760216933e+02 6.029711803896235268e-03 8.023957658336490567e+03 0.000000000000000000e+00
-1.053431411728124232e+02 -1.053485022838285232e+02 3.021272295756471590e-03 8.003645802916531466e+03 0.000000000000000000e+00
-1.080750680743130090e+02 -1.080617409248289249e+02 5.370147363683172581e-03 2.388433445580327316e+04 0.000000000000000000e+00
-1.042717961435423462e+02 -1.042534656659119747e+02 1.235886470809967330e-02 2.382808078826926067e+04 0.000000000000000000e+00
-1.026204816753226226e+02 -1.026326224808704239e+02 6.487336691675495322e-03 2.377573444688194650e+04 0.000000000000000000e+00
-1.014455675655851223e+02 -1.014485231493240747e+02 1.199036746602635990e-02 2.371925883297176915e+04 0.000000000000000000e+00
-9.483432639656354013e+01 -9.470047481353262242e+01 1.587844041285736349e-02 2.365974579484873539e+04 0.000000000000000000e+00
-1.053505014903832517e+02 -1.053533585789245848e+02 2.651000278717577808e-03 8.004186051824078277e+03 0.000000000000000000e+00
-1.021118727576567693e+02 -1.020627894423897004e+02 1.294853005588759987e-02 2.395189846243679494e+04 0.000000000000000000e+00
-1.052903749972041823e+02 -1.052842436008064766e+02 4.698096181117009107e-03 2.394830650371141746e+04 0.000000000000000000e+00
-1.069309695919978083e+02 -1.069676405450123724e+02 1.428827072288104544e-02 8.019757962720775140e+03 0.000000000000000000e+00
-1.106841349993653267e+02 -1.106537115387083645e+02 8.253636001584602200e-03 2.403998599361557717e+04 0.000000000000000000e+00
-1.025981527722586577e+02 -1.026062769427128671e+02 5.823602766403643445e-03 2.400226895615463218e+04 0.000000000000000000e+00
-1.052747280413107660e+02 -1.052690561827156870e+02 4.229978532398569364e-03 2.394443027702886684e+04 0.000000000000000000e+00
-1.011356507076484803e+02 -1.010876925590757480e+02 1.252036549189300581e-02 2.388611437712698171e+04 0.000000000000000000e+00
-1.014244029029573113e+02 -1.014518856375756855e+02 7.819674239031274357e-03 7.963495122014659501e+03 0.000000000000000000e+00
-9.982701151738991996e+01 -9.983173882819841083e+01 3.955867963411774033e-03 7.960781539625257210e+03 0.000000000000000000e+00
-1.053358944346629897e+02 -1.053421811304200020e+02 3.369824966734107693e-03 7.941704351771447364e+03 0.000000000000000000e+00
-1.107662993895421408e+02 -1.107702239440910432e+02 4.396581085085108330e-03 7.923186075689089193e+03 0.000000000000000000e+00
-1.079852585585380922e+02 -1.079890511015617562e+02 3.184682710023742803e-03 7.904249003125438321e+03 0.000000000000000000e+00
-1.026371489147133502e+02 -1.026482008099635550e+02 5.843037082085209000e-03 2.368353216862371846e+04 0.000000000000000000e+00
-1.012483182172958323e+02 2.283444957908004160e+17 8.869175769539756971e+01 7.866227883099114479e+03 0.000000000000000000e+00
-1.107237991936952426e+02 -1.107067164149384126e+02 6.098305476332411060e-03 2.362893030640389043e+04 0.000000000000000000e+00
-1.053437717387179333e+02 -1.053157521035906683e+02 7.530022089338430681e-03 2.357863966830916252e+04 0.000000000000000000e+00
-1.024628487665225407e+02 -1.024634646244988829e+02 5.128031677313898452e-03 7.828695025265980803e+03 0.000000000000000000e+00
-1.053019868095336307e+02 -1.052894535467622461e+02 5.659512503762093028e-03 2.348367226779647535e+04 0.000000000000000000e+00
-1.052726587996211833e+02 -1.052741491614992810e+02 3.230528063888437815e-03 7.792300819194088035e+03 0.000000000000000000e+00
-9.721645893325460008e+01 -9.719189753251421848e+01 1.092518413065156520e-02 2.337479851337382570e+04 0.000000000000000000e+00
-1.052728816911033078e+02 -1.052711504084694241e+02 3.116666587947128624e-03 7.770296402622629103e+03 0.000000000000000000e+00
-9.997689148354602651e+01 -9.996987094305664812e+01 1.305694093195169762e-02 2.327694289405044765e+04 0.000000000000000000e+00
-1.014445370114883502e+02 -1.014747882512281336e+02 6.215066839066806480e-03 7.735624378482832981e+03 0.000000000000000000e+00
-1.014056360523236719e+02 -1.014292580118577831e+02 7.648272864619110913e-03 7.737234005720865753e+03 0.000000000000000000e+00
-1.080674819801128166e+02 -1.080738541117331266e+02 5.744490356967456128e-03 7.731113065049476063e+03 0.000000000000000000e+00
-1.080710371932271414e+02 -1.080648073114548282e+02 4.715419807368893303e-03 2.318826104552662582e+04 0.000000000000000000e+00
-1.080473236450827983e+02 -1.080482023807367824e+02 2.817163429137506479e-03 7.696280595335156249e+03 0.000000000000000000e+00
-1.079969044331830332e+02 -1.079978648921804592e+02 4.192987483404781064e-03 7.678193144146313898e+03 0.000000000000000000e+00
-9.974738411112743108e+01 -9.973499322793153965e+01 7.548998347814823290e-03 2.302786870929372890e+04 0.000000000000000000e+00
