0.000000000000000000e+00 0.000000000000000000e+00 0.000000000000000000e+00 0.000000000000000000e+00 0.000000000000000000e+00
-1.080332007241255496e+02 -1.080373225511745972e+02 1.247816162784380345e-01 1.895930292266246688e+05 0.000000000000000000e+00
-1.079416936162793945e+02 -1.079580048561271184e+02 9.724009926693948092e-02 1.836821639344673604e+05 0.000000000000000000e+00
-1.028575765251566736e+02 -1.026467737195322769e+02 1.016012011207967358e-01 3.089906733818611974e+04 0.000000000000000000e+00
-1.081522618747808906e+02 -1.080635975491697707e+02 4.308877759198363050e-02 2.009722152700401239e+03 0.000000000000000000e+00
-1.055444216183604311e+02 -1.053648060282185952e+02 1.289099975810564791e-01 1.850681257363553450e+05 0.000000000000000000e+00
-1.081236531010127351e+02 -1.080680432677380765e+02 3.895778556762048705e-02 3.234735411136742186e+04 0.000000000000000000e+00
-1.055638774440693055e+02 -1.053919288721619978e+02 7.140051963900446996e-02 1.804043794366554357e+05 0.000000000000000000e+00
-1.027119854091727547e+02 -1.026191612234330108e+02 7.605812239927456364e-02 3.127701423389145930e+04 0.000000000000000000e+00
-1.052429438683356011e+02 -1.052719329556007892e+02 6.611535827502056095e-02 2.137350166563117000e+03 0.000000000000000000e+00
-9.989285329300562921e+01 -9.988769312248935250e+01 6.190635807821553982e-02 3.194851892706249055e+04 0.000000000000000000e+00
-1.080225127081768335e+02 -1.080526755570054291e+02 2.230814741127642997e-02 2.049501264038410682e+03 0.000000000000000000e+00
-1.001196355522123440e+02 -9.993694682953803010e+01 9.888295029481210252e-02 1.770299975097058923e+05 0.000000000000000000e+00
-1.001198881182514953e+02 -9.994167678797363408e+01 1.737421232428867368e-01 1.779760551033481024e+05 0.000000000000000000e+00
-1.053605074671351076e+02 -1.053002127100493652e+02 4.684504861390084013e-02 3.073692450588905558e+04 0.000000000000000000e+00
-1.107472309784535867e+02 -1.107156669032467136e+02 4.224802770096342669e-02 3.053792155124064811e+04 0.000000000000000000e+00
-1.079870796893019929e+02 -1.080094890303973330e+02 6.046231548018281970e-02 1.711070915851557511e+05 0.000000000000000000e+00
-9.584729509977329087e+01 -9.592093656509199207e+01 7.877875544006700259e-02 2.942048473164447205e+04 0.000000000000000000e+00
-1.107319345517922642e+02 -1.107219962551454273e+02 3.161181008702673711e-02 2.917239634010319787e+04 0.000000000000000000e+00
-1.107261083489399027e+02 -1.107182913211439512e+02 6.158025851671966588e-02 1.623364082898391061e+05 0.000000000000000000e+00
-1.031893221657268498e+02 -1.031637393668849825e+02 1.346529645472616665e-01 1.590990063925872382e+05 0.000000000000000000e+00
-1.080641759381922213e+02 -1.080423751468333222e+02 4.099986037638037734e-02 1.560393303107877437e+05 0.000000000000000000e+00
-1.054299312072583774e+02 -1.054261585057332127e+02 2.933989737904029241e-02 2.707508983726090082e+04 0.000000000000000000e+00
-1.025802524433356524e+02 -1.025968145664278666e+02 3.384675857606576216e-02 2.656564381691725430e+04 0.000000000000000000e+00
-1.080579364108653948e+02 -1.080595588415910271e+02 2.978028550528376978e-02 2.610867225976464397e+04 0.000000000000000000e+00
-1.079416638662152934e+02 -1.079824917735079453e+02 5.841362079932568147e-02 1.462427050372616213e+05 0.000000000000000000e+00
-1.024413744273349494e+02 -1.024541188565551835e+02 5.658559299580286084e-02 2.519574621446264428e+04 0.000000000000000000e+00
-1.080375457984886225e+02 -1.080262468600316907e+02 2.235246265403582205e-02 2.477331873047258705e+04 0.000000000000000000e+00
-1.049130382437388107e+02 -1.046959731059316852e+02 1.233047686022636785e-01 2.436622075313291134e+04 0.000000000000000000e+00
-1.053668499689028835e+02 -1.053390556675943230e+02 1.981013390798327944e-02 2.504799469929207407e+04 0.000000000000000000e+00
-1.052262327717595980e+02 -1.052597397319126458e+02 2.957683212699268455e-02 2.474455458570544943e+04 0.000000000000000000e+00
-1.026371866239632311e+02 -1.026208616536256670e+02 1.825139847192550069e-02 2.447157153779921646e+04 0.000000000000000000e+00
-1.081058206574888203e+02 -1.080995538776287219e+02 2.898926328439137279e-02 2.411774191338734090e+04 0.000000000000000000e+00
-1.080312525387763571e+02 -1.080229448076419345e+02 1.732077599935591752e-02 2.373933707554351713e+04 0.000000000000000000e+00
-9.863356097898829944e+01 -9.865165651521044765e+01 4.824720843126480835e-02 2.337983048377791420e+04 0.000000000000000000e+00
-1.026310944431817376e+02 -1.026288687877477201e+02 2.972207483589593344e-02 2.304166885426124645e+04 0.000000000000000000e+00
-1.053815398739325815e+02 -1.053961802846505691e+02 1.904890972819472603e-02 2.269322770424864939e+04 0.000000000000000000e+00
-1.080191931821509002e+02 -1.080125770182346656e+02 1.114579786690150613e-02 1.729440375487233268e+03 0.000000000000000000e+00
-1.107601769329570658e+02 -1.107736842834319191e+02 2.067636144010125132e-02 2.206351099603902549e+04 0.000000000000000000e+00
-1.025564755222796975e+02 -1.025426167446546657e+02 2.935639026985675457e-02 2.176630202834864394e+04 0.000000000000000000e+00
-1.016556489738191118e+02 -1.016882874997215254e+02 6.089600835821875474e-02 1.188249685289861227e+05 0.000000000000000000e+00
-1.079664059178383013e+02 -1.079728730426533900e+02 1.770151655664688531e-02 2.146617404630559759e+04 0.000000000000000000e+00
-9.726495734809731175e+01 4.701335294640443097e+21 1.455080751826965013e+02 2.117259994337326134e+04 0.000000000000000000e+00
-1.043751815165321091e+02 -1.043994575918156471e+02 3.302164875528251775e-02 2.117259994337326134e+04 0.000000000000000000e+00
-1.027319648922364053e+02 -1.026779560132315652e+02 4.957841016014014057e-02 1.142748385879048292e+05 0.000000000000000000e+00
-1.080406722338400414e+02 -1.080511537470901686e+02 1.508205162174067193e-02 2.073081793925895909e+04 0.000000000000000000e+00
-1.052937977270750167e+02 -1.052877450580536873e+02 4.230152272219213361e-02 1.115488272766343725e+05 0.000000000000000000e+00
-1.080632004553591656e+02 -1.080549900833405843e+02 5.281580464255025177e-03 1.705822050222125199e+03 0.000000000000000000e+00
-1.053247627782320421e+02 -1.052988327982958481e+02 1.568788194438029346e-02 1.995195802272921719e+04 0.000000000000000000e+00
-1.053869693092938320e+02 -1.053672655878175988e+02 1.465791519919413394e-02 1.977652438701784922e+04 0.000000000000000000e+00
-1.052803472148385424e+02 -1.053054827500717892e+02 1.720082689172821103e-02 1.957075367362707766e+04 0.000000000000000000e+00
-1.080363371839260651e+02 -1.080187231040270461e+02 1.478085514104286041e-02 1.939364571359679030e+04 0.000000000000000000e+00
-1.024069857443988809e+02 -1.024051431079164018e+02 3.961411003065994085e-02 1.918836861597148891e+04 0.000000000000000000e+00
-1.005169603304380104e+02 -1.005076736489441913e+02 2.005070686646839850e-02 1.628789803780990042e+03 0.000000000000000000e+00
-1.081341186511737789e+02 -1.081195262853236159e+02 2.058313838608882146e-02 1.885235193604203960e+04 0.000000000000000000e+00
-9.663497981667565284e+01 -9.652180173071481306e+01 3.959632642500273553e-02 1.592325732590220468e+03 0.000000000000000000e+00
-1.052277905435523735e+02 -1.052410628063510813e+02 1.839631207449629255e-02 1.919928501630241226e+04 0.000000000000000000e+00
-1.027057698377359429e+02 -1.027012442454398240e+02 2.349695997613436213e-02 1.899464306648775164e+04 0.000000000000000000e+00
-1.080270363328796748e+02 -1.080479133173925277e+02 1.274100681304199921e-02 1.877722032546630362e+04 0.000000000000000000e+00
-1.051830615013580967e+02 -1.051939822206133641e+02 1.807284120526460314e-02 1.860801769636973404e+04 0.000000000000000000e+00
-1.080998335476080996e+02 -1.080972762599287194e+02 1.882050663223120909e-02 1.841199329991389459e+04 0.000000000000000000e+00
-9.720650109979028741e+01 -9.718607368463625562e+01 5.211752136142239894e-02 1.820778230591672400e+04 0.000000000000000000e+00
-1.053184461347991174e+02 -1.053338645702911265e+02 1.453990045284440230e-02 1.802113059748543310e+04 0.000000000000000000e+00
-9.983099615495822832e+01 -9.983770563234497786e+01 2.666656035767989846e-02 1.784584267342702151e+04 0.000000000000000000e+00
-1.107791708685357008e+02 -1.107730902967982303e+02 1.886666284543287928e-02 1.765760284316591788e+04 0.000000000000000000e+00
-1.025449153681352499e+02 -1.025815810473867913e+02 2.685726006883773498e-02 1.747219475797103223e+04 0.000000000000000000e+00
-1.080015730909996989e+02 -1.080004717494576454e+02 8.673726841680440280e-03 1.738489464270064855e+04 0.000000000000000000e+00
-1.053393824922623025e+02 -1.053287690895460855e+02 1.461910357813220145e-02 1.720400303996509683e+04 0.000000000000000000e+00
-1.026525015040406998e+02 -1.026594685224445982e+02 1.691176772022981445e-02 1.703808318359771511e+04 0.000000000000000000e+00
-1.052934016949627392e+02 -1.052956601033183830e+02 1.461433575837581961e-02 1.686858164391688479e+04 0.000000000000000000e+00
-1.021400736656299699e+02 -1.022226081419418904e+02 3.255001020573494025e-02 1.669854555093936506e+04 0.000000000000000000e+00
-1.080349424904302538e+02 -1.080464064910141673e+02 1.210352160152153821e-02 1.693657955026619311e+04 0.000000000000000000e+00
-1.053053126017375831e+02 -1.052993188314000435e+02 1.146678025019024459e-02 1.678043011585108616e+04 0.000000000000000000e+00
-9.976268498989715283e+01 -9.974108505519711798e+01 1.954937577450890918e-02 1.511958349743346616e+03 0.000000000000000000e+00
-1.053615982138952631e+02 -1.053577119935132202e+02 3.424530849287593659e-03 1.514182612373122993e+03 0.000000000000000000e+00
-1.053832931623892648e+02 -1.053752264385684470e+02 1.085392128139440852e-02 1.631637683655191722e+04 0.000000000000000000e+00
-1.053027388479354300e+02 -1.053012304144321121e+02 1.094813780095123257e-02 1.616690948577765448e+04 0.000000000000000000e+00
-1.025040257944086051e+02 -1.025238796863372386e+02 2.685585484549417312e-02 8.396858315111177217e+04 0.000000000000000000e+00
-1.081125005480335659e+02 -1.080880137962194851e+02 2.770765138804075906e-02 8.321744560173843638e+04 0.000000000000000000e+00
-1.052700653031577502e+02 -1.052753655801343484e+02 1.059423794181299679e-02 1.575341796211233486e+04 0.000000000000000000e+00
-9.978533660509269509e+01 8.674549190155882812e+13 3.786707819329773628e+01 1.433915610897324768e+03 0.000000000000000000e+00
-1.052649908628968660e+02 -1.052686734522834371e+02 1.037052914563795121e-02 1.561115850413291628e+04 0.000000000000000000e+00
-1.080555982410554492e+02 -1.080526205804233228e+02 8.049987857318604764e-03 1.547036962889791903e+04 0.000000000000000000e+00
-1.107782355741548486e+02 -1.107760238866347180e+02 1.290416949442224973e-02 1.533189373190894912e+04 0.000000000000000000e+00
-1.000062411469973256e+02 3.644889583995515200e+16 3.736524411310079330e+01 1.396161467631613505e+03 0.000000000000000000e+00
-9.723848891694635199e+01 -9.721437686581562332e+01 2.139730396808995488e-02 1.519530534021582935e+04 0.000000000000000000e+00
-1.053101343521393289e+02 -1.053087417393954581e+02 1.222179201572036120e-02 1.509649964793408799e+04 0.000000000000000000e+00
-9.339970595977511891e+01 -9.338704706253230370e+01 2.928813704653203745e-02 1.496431923453050331e+04 0.000000000000000000e+00
-1.025946563928066553e+02 -1.026048615429684219e+02 9.087918990376376779e-03 1.484541275165581465e+04 0.000000000000000000e+00
-1.053882036663713819e+02 -1.053716840885866759e+02 2.396409605370780627e-02 7.736556994203338400e+04 0.000000000000000000e+00
-1.041518408016941919e+02 -1.043108660776157279e+02 3.280173468206042803e-02 1.459966047395564055e+04 0.000000000000000000e+00
-1.025666432091798441e+02 -1.025598300510051217e+02 1.248501140281142036e-02 1.568895605670206169e+04 0.000000000000000000e+00
-9.959811257528085093e+01 -9.963560429122848916e+01 2.557217975869541596e-02 1.556145252595611782e+04 0.000000000000000000e+00
-1.053290576412922661e+02 -1.053264524329560601e+02 9.954117749640958857e-03 1.550889446035921537e+04 0.000000000000000000e+00
-9.899091234566451192e+01 -9.902343858654154474e+01 2.539162157706469081e-02 1.538141619770833859e+04 0.000000000000000000e+00
-9.456923748612830138e+01 -9.447157038416729335e+01 4.710505498846311728e-02 1.531105735551294129e+04 0.000000000000000000e+00
-1.017718255273272945e+02 -1.017686297755404894e+02 2.306842092061376498e-02 1.747472864957443107e+03 0.000000000000000000e+00
-1.080448695390279426e+02 -1.080488037729505777e+02 7.310156527097170544e-03 1.567309138288901704e+04 0.000000000000000000e+00
-1.052734984579044664e+02 -1.052678015053929386e+02 1.004999370340576258e-02 1.720505739541489675e+03 0.000000000000000000e+00
-1.026708496699833404e+02 -1.026660197044735128e+02 2.519790950364338145e-02 7.504606668430035643e+04 0.000000000000000000e+00
-1.019856326916784326e+02 -1.019496517126202662e+02 2.098704622549536422e-02 1.537520059151604255e+04 0.000000000000000000e+00
-1.052467525494975575e+02 -1.052548862081890064e+02 8.816672563349899072e-03 1.533531823867739877e+04 0.000000000000000000e+00
-1.081159245820498711e+02 -1.081266013013572120e+02 1.138098890418023229e-02 1.522121348495602433e+04 0.000000000000000000e+00
-1.080484207285439169e+02 -1.080523113156724690e+02 8.292209609027930556e-03 1.511295405044867948e+04 0.000000000000000000e+00
-1.107814743524447039e+02 -1.107761123113849067e+02 1.167163473717521514e-02 1.499849535466454472e+04 0.000000000000000000e+00
-1.026443428142614920e+02 -1.026606821745929210e+02 1.344538174697422657e-02 1.488673603959534739e+04 0.000000000000000000e+00
-1.079968551034906312e+02 -1.079971607790273964e+02 1.643770616258218020e-02 7.135315250251094403e+04 0.000000000000000000e+00
-9.990190526560773776e+01 -9.983462721903882198e+01 2.951801317660645088e-02 7.082072385007496632e+04 0.000000000000000000e+00
-1.107197813938925037e+02 -1.107182763525315181e+02 6.256212835619217628e-03 1.698458662041469779e+03 0.000000000000000000e+00
-1.025898345115380295e+02 -1.025866671495237910e+02 7.490816219542300973e-03 1.685824483570386064e+03 0.000000000000000000e+00
-1.107784343204454416e+02 -1.107768645636851517e+02 1.048679470175448332e-02 1.441367697791838873e+04 0.000000000000000000e+00
-1.080606820914459831e+02 -1.080573286019577353e+02 1.819420482256324523e-02 6.907222854509834724e+04 0.000000000000000000e+00
-9.998391466119443294e+01 -9.995447499300047411e+01 1.422993171601237214e-02 1.420650083966179409e+04 0.000000000000000000e+00
-1.080792205186665456e+02 -1.080782850105928077e+02 1.058570280734213304e-02 1.415726681731585450e+04 0.000000000000000000e+00
-1.024800261503620362e+02 -1.024808347661435732e+02 1.324250987510085936e-02 1.405692661363089792e+04 0.000000000000000000e+00
-1.046343031312380560e+02 -1.048457442871479799e+02 4.182789346211699538e-02 1.395802053426322891e+04 0.000000000000000000e+00
-1.026624006633207244e+02 -1.026557030073980172e+02 1.055264176835678074e-02 1.522973616444793697e+04 0.000000000000000000e+00
-1.026730533841346897e+02 -1.026776149079753111e+02 6.746618253589263536e-03 1.620159604926903967e+03 0.000000000000000000e+00
-1.053716250177825344e+02 -1.053844314568942053e+02 1.049710909961340706e-02 1.503795190439454200e+04 0.000000000000000000e+00
-1.107558796108093873e+02 -1.107515748394698107e+02 1.075872166572903153e-02 1.494539617059735792e+04 0.000000000000000000e+00
-1.025372930279648358e+02 -1.025564520156107164e+02 9.689696447295574958e-03 1.484478446753408571e+04 0.000000000000000000e+00
-1.080805062805341521e+02 -1.080790233201921211e+02 3.376025644406529819e-03 1.578882836922831757e+03 0.000000000000000000e+00
-1.025313616311812126e+02 -1.025335834456581239e+02 2.026952580946164706e-02 1.466935941984254532e+04 0.000000000000000000e+00
-1.041504097203744408e+02 -1.041063166876647443e+02 2.211738048222597341e-02 1.457222471810844399e+04 0.000000000000000000e+00
-9.984599150911641630e+01 -9.984969642089409092e+01 2.038101351784511739e-02 1.457713768904241624e+04 0.000000000000000000e+00
-1.107803014416130054e+02 -1.107767261092833735e+02 9.482179846124039191e-03 1.448184575123832474e+04 0.000000000000000000e+00
-1.081065027209266276e+02 -1.081081871734742634e+02 4.667013472768143448e-03 1.855490106977548976e+03 0.000000000000000000e+00
-9.993110205884784136e+01 -9.994691021592366553e+01 1.354023683892188398e-02 1.430421540518941947e+04 0.000000000000000000e+00
-9.992395614719426078e+01 -9.993180058657308962e+01 1.338645848630953816e-02 1.422654489931349963e+04 0.000000000000000000e+00
-1.080761096898593081e+02 -1.080751700915336073e+02 6.187649795702922749e-03 1.413895156071384554e+04 0.000000000000000000e+00
-9.815969496126882632e+01 -9.818419533317985781e+01 2.183127135025877269e-02 1.404899132888065287e+04 0.000000000000000000e+00
-1.008911390151761509e+02 -1.009914054705869120e+02 1.898418644466287955e-02 1.399223008813980232e+04 0.000000000000000000e+00
-1.080998658312087031e+02 -1.081064109325157006e+02 9.881864877007508902e-03 1.440509170363168596e+04 0.000000000000000000e+00
-1.107784531862201902e+02 -1.107768078891921846e+02 8.893745120131935425e-03 1.431769107858315147e+04 0.000000000000000000e+00
-1.026705088559394454e+02 -1.026800521283866061e+02 9.635585675872247388e-03 1.422890155635962947e+04 0.000000000000000000e+00
-1.107349113331462718e+02 -1.107272188006264599e+02 1.011646239123405525e-02 1.414653379539168054e+04 0.000000000000000000e+00
-1.053209826826686282e+02 -1.053320886558477980e+02 5.857813671618169842e-03 1.406286329624187601e+04 0.000000000000000000e+00
-1.013014724943886904e+02 -1.012958632597845963e+02 2.112784434710406056e-02 1.398390803952952410e+04 0.000000000000000000e+00
-1.027396160866133812e+02 -1.026978485359495750e+02 1.560129940297620352e-02 1.390103910435578655e+04 0.000000000000000000e+00
-1.080301505255936121e+02 -1.080354674706791229e+02 8.680680590410459752e-03 1.390583168096580084e+04 0.000000000000000000e+00
-1.025511733796579676e+02 -1.025506265228638512e+02 7.362870583826906616e-03 1.382413236756126389e+04 0.000000000000000000e+00
-1.053530275649369941e+02 -1.053560575212765400e+02 5.531730314674129963e-03 1.374190087365623185e+04 0.000000000000000000e+00
-1.026016366655483978e+02 -1.026065303067492067e+02 7.175181080600770075e-03 1.366098710562491033e+04 0.000000000000000000e+00
-1.015962818383551394e+02 -1.015871196548627324e+02 2.515018627860740597e-02 1.358160909065977648e+04 0.000000000000000000e+00
-1.025303216167728237e+02 -1.025241804476624026e+02 1.060274404032499930e-02 1.350624128507638670e+04 0.000000000000000000e+00
-1.053786501140361764e+02 -1.053814047452914622e+02 3.899510565383211298e-03 1.863771465581181246e+03 0.000000000000000000e+00
-1.079990550003112446e+02 -1.080082082863948756e+02 8.945791782096392669e-03 1.336550625441442935e+04 0.000000000000000000e+00
-1.025494786818190960e+02 -1.025682825538785039e+02 9.995738395004290233e-03 1.329336702330689877e+04 0.000000000000000000e+00
-9.997842136492825205e+01 -9.997636282862947610e+01 1.130097971773284631e-02 1.323553322861960987e+04 0.000000000000000000e+00
-1.053204546478132215e+02 -1.053312582581949783e+02 5.239497958244960021e-03 1.316040752670135043e+04 0.000000000000000000e+00
-1.107108644838967706e+02 -1.106964239095213429e+02 9.606231320843016883e-03 1.309192206350886590e+04 0.000000000000000000e+00
-1.107345107344475110e+02 -1.107231878111599315e+02 7.899851853572184557e-03 1.302849533249505839e+04 0.000000000000000000e+00
-1.080517167722921101e+02 -1.080549091390924730e+02 4.798033027002656346e-03 1.296224957995675504e+04 0.000000000000000000e+00
-1.053486372318815683e+02 -1.053625449862348233e+02 9.010245916847358510e-03 1.289073006661951331e+04 0.000000000000000000e+00
-1.080475086117850623e+02 -1.080546714088013545e+02 5.800883037854919454e-03 1.282957186408772031e+04 0.000000000000000000e+00
-1.025707646547819962e+02 -1.025706985235377431e+02 5.144026298078843186e-03 1.769981095646285439e+03 0.000000000000000000e+00
-1.080072918067450445e+02 -1.080058484214896026e+02 6.580011734719081774e-03 1.270787711950135053e+04 0.000000000000000000e+00
-1.080166732415265898e+02 -1.080181666618005067e+02 1.253312133296671099e-02 5.599404053601653141e+04 0.000000000000000000e+00
-1.026376098194435826e+02 -1.026437140452492685e+02 5.033244211031430264e-03 1.742101994041182252e+03 0.000000000000000000e+00
-1.080514035360650240e+02 -1.080571272848273878e+02 6.696628898598777462e-03 1.251798383779074720e+04 0.000000000000000000e+00
-1.018975949675272545e+02 -1.018761347363912080e+02 1.381230873295759103e-02 1.245273227610917093e+04 0.000000000000000000e+00
-1.052985109649222863e+02 -1.052935713965176490e+02 4.853250652145098265e-03 1.724813895487434593e+03 0.000000000000000000e+00
-1.026310686318635561e+02 -1.026305088555572240e+02 6.102107109912212855e-03 1.234435720751359440e+04 0.000000000000000000e+00
-1.026932705759530933e+02 -1.026915793498900484e+02 1.088388696498835198e-02 1.227944157043299310e+04 0.000000000000000000e+00
-1.025945136060116596e+02 -1.026100787417912130e+02 8.462567802747305093e-03 1.221522845650573800e+04 0.000000000000000000e+00
-1.044902589126044319e+02 -1.044526896043442861e+02 1.865662555215603577e-02 1.216277827576796153e+04 0.000000000000000000e+00
-9.918224641623135085e+01 -9.917746784029182550e+01 1.563311388237687005e-02 1.215729815023382798e+04 0.000000000000000000e+00
-1.053135700255479605e+02 -1.052990949666746729e+02 9.457105230931702952e-03 1.209559227785107396e+04 0.000000000000000000e+00
-1.018031021602071036e+02 -1.018114343274138207e+02 1.667812670948475365e-02 1.204424801912148178e+04 0.000000000000000000e+00
-9.990991822630815022e+01 -9.991249349517022438e+01 9.810994241489730955e-03 1.683006490840626384e+03 0.000000000000000000e+00
-1.025988989363189603e+02 -1.026135928414648646e+02 6.154301056791189849e-03 1.195558870240715078e+04 0.000000000000000000e+00
-1.054633915550509613e+02 -1.054710198741112919e+02 1.242758578100420716e-02 1.190506511898361350e+04 0.000000000000000000e+00
-9.722254019047556994e+01 -9.722796252184437549e+01 1.243435736440284822e-02 1.658192450359889563e+03 0.000000000000000000e+00
-1.053807896557750325e+02 -1.053789814433271488e+02 7.539947006714605403e-03 1.178953538257578657e+04 0.000000000000000000e+00
-1.032267156492054454e+02 -1.032108630337864810e+02 2.855501231474594573e-02 5.144063021347753238e+04 0.000000000000000000e+00
-1.045979538723882882e+02 -1.045191641537877558e+02 2.821440011528394617e-02 5.119633057774878398e+04 0.000000000000000000e+00
-1.025466179914288745e+02 -1.025592140440561195e+02 8.148424935315340401e-03 1.168174039361620453e+04 0.000000000000000000e+00
-1.005469381608499901e+02 -1.005795020116851077e+02 2.808498404748020760e-02 5.097430700707260257e+04 0.000000000000000000e+00
-1.053713618152615084e+02 -1.053798607750392762e+02 6.651697320747948852e-03 1.158090917320339577e+04 0.000000000000000000e+00
-1.019167394717344450e+02 8.798204335329407812e+13 4.053506464720285152e+01 1.643091465952914632e+03 0.000000000000000000e+00
-1.080507220866759326e+02 -1.080446882067767405e+02 1.254258779360126717e-02 5.052334570340461505e+04 0.000000000000000000e+00
-9.915690923823984804e+01 -9.915177946862350211e+01 4.014557597101652692e-02 1.635590217070006247e+03 0.000000000000000000e+00
-9.456395990842901256e+01 -9.451327780462338524e+01 2.410076700375061998e-02 5.024115114641161199e+04 0.000000000000000000e+00
-1.080493479520848865e+02 -1.080471804075334745e+02 9.088537574766870214e-03 1.138520439705465287e+04 0.000000000000000000e+00
-9.980476748542153587e+01 -9.980402541794217086e+01 1.139840228344295332e-02 1.133124024506489513e+04 0.000000000000000000e+00
-1.025921687007543994e+02 -1.025954974815677758e+02 8.264439368288989743e-03 1.127757160150171512e+04 0.000000000000000000e+00
-1.017081082911539340e+02 -1.017464737572636722e+02 1.557347045444863395e-02 1.122482162367162891e+04 0.000000000000000000e+00
-9.876295378350692999e+01 -9.876646896493566885e+01 2.119335400028374283e-02 1.122523099466808526e+04 0.000000000000000000e+00
-9.644357342165058355e+01 -9.645091620321340997e+01 2.555312858329783499e-02 1.117315849989146955e+04 0.000000000000000000e+00
-1.053936226147611990e+02 -1.053999849997974252e+02 6.383522899314975768e-03 1.112315682545665368e+04 0.000000000000000000e+00
-1.052897700682457014e+02 -1.052865404176351376e+02 3.559771112145455451e-03 1.578999536858897500e+03 0.000000000000000000e+00
-1.080669884530655338e+02 -1.080669735310022332e+02 4.444553242388523707e-03 1.572124736658134452e+03 0.000000000000000000e+00
-1.025464394814854785e+02 -1.025600810413213395e+02 6.206882088895635148e-03 1.097888645116144289e+04 0.000000000000000000e+00
-1.019419279400891725e+02 1.059588874481865458e+21 3.946968896913293889e+01 1.557856347320094301e+03 0.000000000000000000e+00
-9.971120345793237050e+01 -9.966854766441311142e+01 2.438845077841214279e-02 1.093642683865539038e+04 0.000000000000000000e+00
-1.052780222043420082e+02 -1.052853412197547982e+02 5.298094291811294466e-03 1.093317043597608426e+04 0.000000000000000000e+00
-9.713942212681428146e+01 -9.714427274341865370e+01 1.389960072152353690e-02 1.088596461577665104e+04 0.000000000000000000e+00
-1.053292390838685151e+02 -1.053414318109636412e+02 6.354447873863276058e-03 1.083782211665475188e+04 0.000000000000000000e+00
-1.026455315324416375e+02 -1.026470485373864534e+02 4.885026440526594148e-03 1.543166619364525104e+03 0.000000000000000000e+00
-1.080402619994368081e+02 -1.080320987476607968e+02 1.092465850978724222e-02 4.696437637531225482e+04 0.000000000000000000e+00
-1.025501572444161553e+02 -1.025588788637569593e+02 6.151964765992943771e-03 1.070058789425395480e+04 0.000000000000000000e+00
-1.026731404559953091e+02 -1.026754133521512102e+02 6.181475035096800109e-03 1.524798995633483855e+03 0.000000000000000000e+00
-9.426642493682395241e+01 -9.427320289367733608e+01 3.298151347077991902e-02 1.061161904339399553e+04 0.000000000000000000e+00
-1.080304114505996580e+02 -1.080269713505377212e+02 5.985410363419723170e-03 1.056593631042880952e+04 0.000000000000000000e+00
-1.026229913676308882e+02 -1.026376221441165058e+02 6.267950187907666421e-03 1.052033929251559857e+04 0.000000000000000000e+00
-1.107230547032352632e+02 -1.107166528651422226e+02 5.355163674616567060e-03 1.502306916712057955e+03 0.000000000000000000e+00
-1.080056344231575878e+02 -1.080007773014746988e+02 3.111328982084049944e-03 1.497003199470552090e+03 0.000000000000000000e+00
-1.107340197382777376e+02 -1.107271608837933172e+02 7.307912491855118875e-03 1.040367012609707672e+04 0.000000000000000000e+00
-1.053090219880715495e+02 -1.053045611758059152e+02 7.262860161087760641e-03 1.036076186160625730e+04 0.000000000000000000e+00
-9.722631009504794974e+01 -9.718878834598677940e+01 1.477457633374503095e-02 1.031743609553776150e+04 0.000000000000000000e+00
-1.107725931179995769e+02 -1.107715946888660028e+02 6.659206134403939346e-03 1.032558492844150715e+04 0.000000000000000000e+00
-1.053863119622354247e+02 -1.053954877749039838e+02 6.992478724425175117e-03 1.028188237411269620e+04 0.000000000000000000e+00
-1.080713294994495897e+02 -1.080721967442052431e+02 5.568237353837571409e-03 1.024195223987115060e+04 0.000000000000000000e+00
-1.107322122866784895e+02 -1.107231545437376354e+02 6.215077205053098908e-03 1.019895063280995055e+04 0.000000000000000000e+00
-1.026725034831480201e+02 -1.026752285389750057e+02 3.693747950821178998e-03 1.448374391328766933e+03 0.000000000000000000e+00
-1.107730419932372286e+02 -1.107741594630982149e+02 4.708107641763108371e-03 1.442790893499040976e+03 0.000000000000000000e+00
-1.025614054149889398e+02 -1.025742279672292767e+02 7.935781319541233142e-03 1.007943046458476601e+04 0.000000000000000000e+00
-1.052546156229220315e+02 -1.052490913884471411e+02 4.901289407947670082e-03 1.431637134052568626e+03 0.000000000000000000e+00
-1.026493701742686966e+02 -1.026506351123382501e+02 5.199930978265939786e-03 1.000295109931565094e+04 0.000000000000000000e+00
-1.026161472498879448e+02 -1.026217860827390922e+02 4.351048279474824948e-03 1.421096265881105182e+03 0.000000000000000000e+00
-1.053809844600553163e+02 -1.053922945528334338e+02 9.812098228428864366e-03 9.923892620869095481e+03 0.000000000000000000e+00
-1.053789891040091362e+02 -1.053799470322994409e+02 8.768139455089940873e-03 9.888371695360539888e+03 0.000000000000000000e+00
-1.057767410900196126e+02 -1.057539640182632468e+02 1.990679014095975835e-02 9.848369325453164493e+03 0.000000000000000000e+00
-1.052489788848428844e+02 -1.052475032370132340e+02 6.807920439844521339e-03 9.820609403982412914e+03 0.000000000000000000e+00
-1.107742127511209986e+02 -1.107751043066948569e+02 6.496829640491785449e-03 9.781206619676542687e+03 0.000000000000000000e+00
-1.080738882600369948e+02 -1.080790988468510534e+02 4.977121610503660795e-03 9.742123200587620886e+03 0.000000000000000000e+00
-1.053520455322278480e+02 -1.053532355375082261e+02 3.831448157809113318e-03 9.704327143655871623e+03 0.000000000000000000e+00
-1.053001187516827315e+02 -1.053066685031968177e+02 5.291108193997576779e-03 9.665849336021199633e+03 0.000000000000000000e+00
-1.080733545877705524e+02 -1.080702788296609782e+02 2.989449041618163702e-03 1.432887974911310494e+03 0.000000000000000000e+00
-1.080749041876068191e+02 -1.080784955603812705e+02 5.478795065087136047e-03 9.591366914719365013e+03 0.000000000000000000e+00
-9.922034768996840626e+01 -9.921474209744141604e+01 1.274272093670364252e-02 1.422022913176448583e+03 0.000000000000000000e+00
-1.036993477451514707e+02 -1.037158875525103667e+02 2.708943437707328483e-02 4.127701763026183471e+04 0.000000000000000000e+00
-1.024022792616060400e+02 3.545992673506794880e+17 9.746029568136380306e+01 9.498509234298860974e+03 0.000000000000000000e+00
-1.081233118322113000e+02 -1.081242515401085313e+02 4.491136486586915465e-03 1.443089662486839416e+03 0.000000000000000000e+00
-1.053743447024802151e+02 -1.053782134216550332e+02 3.654388922557403468e-03 1.437511427895082988e+03 0.000000000000000000e+00
-1.053423309991435843e+02 -1.053447737352647664e+02 5.762774292395840200e-03 9.426167795242457942e+03 0.000000000000000000e+00
-1.069332907087194400e+02 -1.068738260407633192e+02 1.575691205978476186e-02 9.390116477926225343e+03 0.000000000000000000e+00
-1.052586007463579278e+02 -1.052574773205376744e+02 6.306467534419411998e-03 9.466971853321652816e+03 0.000000000000000000e+00
-1.052575903567653199e+02 -1.052570164480201953e+02 7.729522949227693798e-03 9.430895380437395943e+03 0.000000000000000000e+00
-1.080514514079757191e+02 -1.080599193509137024e+02 4.636827807986478554e-03 9.395045075302905389e+03 0.000000000000000000e+00
-1.080490156581978738e+02 -1.080547340385145532e+02 4.293991075935201310e-03 9.362094503735326725e+03 0.000000000000000000e+00
-1.025273055914493341e+02 7.849996226461316800e+16 9.658104468145734245e+01 9.327898191761658381e+03 0.000000000000000000e+00
-1.106863573791311808e+02 -1.106670451563756501e+02 9.368908627159333591e-03 9.327898191761658381e+03 0.000000000000000000e+00
-1.053535094324814878e+02 -1.053567056611891672e+02 4.685758511277768323e-03 9.304174820069125417e+03 0.000000000000000000e+00
-1.052528153777135032e+02 -1.052554788023918491e+02 7.435093827276168833e-03 9.269633454089929728e+03 0.000000000000000000e+00
-1.025784149695644629e+02 3.426688736227585920e+17 9.610071691056660370e+01 9.235347790724861625e+03 0.000000000000000000e+00
-1.000035675689596673e+02 -9.999656087182555098e+01 8.454538066823060263e-03 9.235347790724861625e+03 0.000000000000000000e+00
-1.054032307906179113e+02 -1.054102064939707759e+02 5.565638824053205369e-03 9.202239863713612067e+03 0.000000000000000000e+00
-1.080300610347108687e+02 -1.080302571404349976e+02 4.966199564241761087e-03 9.170010597242759104e+03 0.000000000000000000e+00
-1.025994547497443818e+02 4.391497750552549786e+20 3.836465767665453797e+01 1.471846958646887970e+03 0.000000000000000000e+00
-1.017464514098842301e+02 -1.017225139471061226e+02 1.079631461053603102e-02 9.136179471693158121e+03 0.000000000000000000e+00
-1.025585221771299587e+02 -1.025629327335147565e+02 5.764051050119841507e-03 9.121722095782211909e+03 0.000000000000000000e+00
-1.052895133390074136e+02 -1.052951816313148328e+02 8.239173140721273852e-03 9.088837629471370747e+03 0.000000000000000000e+00
-1.027127614265166642e+02 -1.026902128065646878e+02 9.223654512132023822e-03 9.056930790097905628e+03 0.000000000000000000e+00
-9.997881509162242253e+01 -9.998189990426499207e+01 7.116635064728911095e-03 9.041391584388586125e+03 0.000000000000000000e+00
-1.053829931869761936e+02 -1.053809253978535452e+02 2.572755769294839557e-03 1.448100184814052909e+03 0.000000000000000000e+00
-1.081006188218020156e+02 -1.080985966821178579e+02 3.319121279201094066e-03 1.443004593241764042e+03 0.000000000000000000e+00
-1.079844056734766582e+02 -1.079757552461573624e+02 3.258223284421581968e-03 1.437898888359100056e+03 0.000000000000000000e+00
-1.014559335359485743e+02 -1.014278675362193098e+02 1.331490326272995531e-02 8.919055242595992240e+03 0.000000000000000000e+00
-1.068246587220827308e+02 -1.067886983518371125e+02 1.078071811896919550e-02 8.912900828736235781e+03 0.000000000000000000e+00
-9.734782976364859053e+01 -9.731571842530226490e+01 1.381937944074962225e-02 8.922698252628069895e+03 0.000000000000000000e+00
-1.042908979552178579e+02 -1.042597237400959358e+02 2.036280721594543180e-02 3.765276300692642690e+04 0.000000000000000000e+00
-1.080294794022732248e+02 -1.080272576049964499e+02 4.799906826605346288e-03 8.903507830537842892e+03 0.000000000000000000e+00
-1.052025793718421482e+02 -1.051892442789952611e+02 7.179443865446731403e-03 1.445497266187723653e+03 0.000000000000000000e+00
-1.079759008389659130e+02 -1.079677299859474573e+02 4.848173637786811103e-03 1.444645057440058963e+03 0.000000000000000000e+00
-1.107718524200397354e+02 -1.107716019697091525e+02 5.410268514560401427e-03 8.821074171902839225e+03 0.000000000000000000e+00
-1.080727707918992309e+02 -1.080805725131552890e+02 4.741034531472019045e-03 8.790347671846835510e+03 0.000000000000000000e+00
-9.912250858551864496e+01 -9.911665990377208857e+01 1.012757203167874431e-02 8.761857945202333212e+03 0.000000000000000000e+00
-9.958388998054343233e+01 -9.964723690881926643e+01 2.305631771273823627e-02 3.678423773798725597e+04 0.000000000000000000e+00
-1.017366327830933557e+02 -1.017588851022171639e+02 1.091870814848974920e-02 8.811138150187145584e+03 0.000000000000000000e+00
-9.994484714706452166e+01 -9.993029223369050840e+01 1.369193142349071739e-02 3.666964395245558990e+04 0.000000000000000000e+00
-1.026408148582470830e+02 -1.026430877461861542e+02 3.796573484899947153e-03 1.446163952465743932e+03 0.000000000000000000e+00
-1.080300906634834064e+02 -1.080356812174732681e+02 4.999523022419190277e-03 8.745440759950059146e+03 0.000000000000000000e+00
-1.080272893431734218e+02 -1.080272368595302481e+02 2.588334356425774606e-03 1.436678806012936775e+03 0.000000000000000000e+00
-1.080502364333468108e+02 -1.080526373057903839e+02 5.321066679269450747e-03 8.687315100723784781e+03 0.000000000000000000e+00
-1.025254675507364936e+02 -1.025289574086790196e+02 5.522494852454234125e-03 8.658143700375692788e+03 0.000000000000000000e+00
-9.998434983354091798e+01 -9.998336636774664044e+01 3.708875878545496701e-03 1.422648911159843010e+03 0.000000000000000000e+00
-1.053795679702808172e+02 -1.053844261495720218e+02 5.848793903468022318e-03 8.603728075573233582e+03 0.000000000000000000e+00
-1.080057753600455754e+02 -1.079952199731391289e+02 5.820653551769948593e-03 8.575785881700890968e+03 0.000000000000000000e+00
-9.977500918717896639e+01 -9.977982493555560950e+01 7.701146073852319085e-03 8.550762610790443432e+03 0.000000000000000000e+00
-9.894221440448741589e+01 -9.906107243026644937e+01 1.467089787781529486e-02 8.522979104425317928e+03 0.000000000000000000e+00
-1.080588474444547984e+02 -1.080585506245796807e+02 2.801202912563442379e-03 1.525846630561258053e+03 0.000000000000000000e+00
-1.107759359183138770e+02 -1.107760516063337803e+02 5.243583398590927203e-03 8.830194624198515157e+03 0.000000000000000000e+00
-1.080733735434464080e+02 -1.080700636348872763e+02 4.815003988223687768e-03 8.801157704301080230e+03 0.000000000000000000e+00
-1.045379258080514830e+02 -1.045089410588064425e+02 8.949173031801678849e-03 1.511379829932686334e+03 0.000000000000000000e+00
-1.080817513575329372e+02 -1.080820183159316201e+02 4.064732241987496601e-03 1.525875218709407363e+03 0.000000000000000000e+00
-9.993011663260557498e+01 -9.991692768155074589e+01 8.681148169988717189e-03 8.776629176607713816e+03 0.000000000000000000e+00
-9.976130203650120620e+01 -9.977209363397084019e+01 8.286044666182585880e-03 8.753074492858819212e+03 0.000000000000000000e+00
-1.080057368387695504e+02 -1.080011585304359158e+02 3.937917244807316759e-03 8.728137161648075562e+03 0.000000000000000000e+00
-1.107729195445509589e+02 -1.107768277568940931e+02 5.041340602584216089e-03 8.700682288525307740e+03 0.000000000000000000e+00
-1.053533701973432386e+02 -1.053600918436065541e+02 5.862171194604881910e-03 8.673219621633910720e+03 0.000000000000000000e+00
-1.052798799500121163e+02 -1.052829715850915022e+02 5.162058387201958615e-03 8.646788570928290937e+03 0.000000000000000000e+00
-9.990271006643627061e+01 -9.991654009373230849e+01 5.468194528470517353e-03 8.619419968452029934e+03 0.000000000000000000e+00
-1.032024047675273124e+02 -1.031901657905533369e+02 1.148977693563985568e-02 8.597591462236710868e+03 0.000000000000000000e+00
-1.042642949160343875e+02 -1.042323381700329321e+02 1.374877470161747252e-02 8.573620883027293530e+03 0.000000000000000000e+00
-1.080724476949930590e+02 -1.080748501197459035e+02 4.193143028082667138e-03 8.572629165079410086e+03 0.000000000000000000e+00
-9.438477476394801613e+01 -9.437999952906542944e+01 1.552345605857400127e-02 8.545746805960112397e+03 0.000000000000000000e+00
-1.107727110813359559e+02 -1.107768001201638270e+02 4.891967088210120301e-03 8.519649172121655283e+03 0.000000000000000000e+00
-1.053073805148740831e+02 -1.053083025334288436e+02 4.590641722033727418e-03 8.493488266174506862e+03 0.000000000000000000e+00
-1.033348426111774359e+02 -1.033084971243746253e+02 1.507428051553741724e-02 8.466957650164002189e+03 0.000000000000000000e+00
-1.025796320192900595e+02 -1.025780242157161979e+02 5.920762730709762216e-03 1.465056716401988751e+03 0.000000000000000000e+00
-1.052647540587619091e+02 -1.052639160055601479e+02 5.045911119922699521e-03 8.441840530380884957e+03 0.000000000000000000e+00
-1.080060697480882084e+02 -1.080086988572450508e+02 5.013267642304817910e-03 8.415727939865799272e+03 0.000000000000000000e+00
-9.980111641367967934e+01 -9.980561383946169940e+01 7.183338439260250619e-03 8.389997535197549951e+03 0.000000000000000000e+00
-1.054459028426280014e+02 -1.054531535067380901e+02 6.801911845106329430e-03 8.364667653087506551e+03 0.000000000000000000e+00
-1.029105394191909113e+02 1.167352304118909550e+35 9.132811502323197317e+01 8.340824593696688680e+03 0.000000000000000000e+00
-9.450120921015769682e+01 -9.449138060961109886e+01 1.165058394884114709e-02 8.340824593696688680e+03 0.000000000000000000e+00
-9.828815911789479287e+01 -9.834304328956672236e+01 1.348162180586661048e-02 8.318098728177963494e+03 0.000000000000000000e+00
-1.080250387155469411e+02 -1.080235489688497097e+02 2.308824876578681289e-03 1.442622008826873298e+03 0.000000000000000000e+00
-1.026530523942322617e+02 -1.026596334539932229e+02 4.344940131523691504e-03 8.343455206513988742e+03 0.000000000000000000e+00
-1.026352631258849328e+02 -1.026395442258776427e+02 5.387554359708395142e-03 8.319436344292213107e+03 0.000000000000000000e+00
-1.080266748573654070e+02 -1.080241553973077089e+02 2.762274322305328586e-03 1.430395216979808083e+03 0.000000000000000000e+00
-1.041333515818738960e+02 -1.041256734957616459e+02 1.866927056630706891e-02 3.329951544289015146e+04 0.000000000000000000e+00
-1.107054300977853387e+02 -1.106960433254513703e+02 5.442036735678164143e-03 8.257984418460757297e+03 0.000000000000000000e+00
-9.982314190015749489e+01 -9.984128001820981524e+01 5.999078023219298582e-03 8.235533755112930521e+03 0.000000000000000000e+00
-1.009558352936634407e+02 -1.009711430090714401e+02 1.224988512479677910e-02 8.219810156582701893e+03 0.000000000000000000e+00
-1.026089874007021479e+02 -1.026163015682469819e+02 7.523266718262054675e-03 3.294429978500971629e+04 0.000000000000000000e+00
-1.029117732789919302e+02 2.004544834442619062e+14 3.789036401731824100e+01 1.435679685364885017e+03 0.000000000000000000e+00
-1.025821862779195186e+02 -1.025891833747578374e+02 4.450307581127021204e-03 8.180700489461438337e+03 0.000000000000000000e+00
-9.996218790772110196e+01 -9.995795969665033454e+01 7.591403927270142654e-03 8.157780198134184502e+03 0.000000000000000000e+00
-1.080724371209494450e+02 -1.080701292211194300e+02 4.431022419027573662e-03 8.134161211041566276e+03 0.000000000000000000e+00
-1.040913462531747342e+02 -1.040772780210970581e+02 1.497029169655276007e-02 3.256341373831435703e+04 0.000000000000000000e+00
-1.027002046967151898e+02 -1.027013100385131423e+02 4.666805131848292265e-03 8.112773306720920118e+03 0.000000000000000000e+00
-1.025817619811207777e+02 -1.025787132259266059e+02 5.899811877097575590e-03 8.089099944716399477e+03 0.000000000000000000e+00
-1.052278500618758130e+02 -1.052117383765868226e+02 7.720831157607205980e-03 8.065867675545810016e+03 0.000000000000000000e+00
-1.024300935409891622e+02 -1.024244970978378575e+02 9.690374441990121449e-03 8.048603745237583098e+03 0.000000000000000000e+00
-1.080703449919431733e+02 -1.080671870118905531e+02 5.439543144197655361e-03 8.025681471704127034e+03 0.000000000000000000e+00
-9.707006831752707399e+01 -9.705516675774379109e+01 2.205593335078911976e-02 8.002788650356288599e+03 0.000000000000000000e+00
-1.029221923893275488e+02 2.239308158974301875e+14 3.766028756363753160e+01 1.418297259375871590e+03 0.000000000000000000e+00
-1.080729432968192611e+02 -1.080770115367259621e+02 4.042564015540115428e-03 7.983704348503394613e+03 0.000000000000000000e+00
-1.029370050930374418e+02 1.682253948152494336e+18 3.760693892255119408e+01 1.414281855124495905e+03 0.000000000000000000e+00
-1.026389801041950705e+02 -1.026446137150506672e+02 5.333661630759526165e-03 7.961210524528932183e+03 0.000000000000000000e+00
-1.025598320977260016e+02 -1.025573366616694670e+02 1.150923353303032366e-02 3.179819469413321349e+04 0.000000000000000000e+00
-1.026083251910802971e+02 -1.026216246284317464e+02 5.644153152064166658e-03 7.916692469323418663e+03 0.000000000000000000e+00
-1.081145295768451007e+02 -1.081251709030827897e+02 5.504323274251959885e-03 7.898996950540511534e+03 0.000000000000000000e+00
-1.040724972686412428e+02 -1.040993678554139024e+02 6.222267274227650212e-03 1.398479583213370461e+03 0.000000000000000000e+00
-1.107764989373837068e+02 -1.107771484999511387e+02 2.466726175625000468e-03 1.409280315297595052e+03 0.000000000000000000e+00
-1.080808405635787040e+02 -1.080884572744318035e+02 6.012917950246539009e-03 7.838611817890722705e+03 0.000000000000000000e+00
-1.080504418317112822e+02 -1.080554254935304641e+02 3.248832553227135652e-03 7.818188498063615953e+03 0.000000000000000000e+00
-9.989727145359799465e+01 -9.990130891928423296e+01 9.371868066565652508e-03 3.124329708668896274e+04 0.000000000000000000e+00
-1.081185614752774597e+02 -1.081197855524901286e+02 8.442911507852646213e-03 3.115621559507353959e+04 0.000000000000000000e+00
-1.025378005551683884e+02 -1.025251001743916532e+02 1.045024391482915482e-02 3.106924494969909938e+04 0.000000000000000000e+00
-1.030072231450891707e+02 2.360275852549538281e+13 3.724997252021454130e+01 1.387560452756738414e+03 0.000000000000000000e+00
-1.054731293168278654e+02 -1.054731797628263479e+02 5.126784939890668448e-03 1.387560452756738414e+03 0.000000000000000000e+00
-1.026072096657725865e+02 -1.026144244041354199e+02 3.646639541303372048e-03 7.714302158788560519e+03 0.000000000000000000e+00
-1.107884634627986458e+02 -1.107741134820699358e+02 7.701399937450606123e-03 3.081852984806389577e+04 0.000000000000000000e+00
-1.079757554034380718e+02 -1.079737179094904320e+02 5.606185476246699703e-03 7.673347699773662498e+03 0.000000000000000000e+00
-1.107274081778825945e+02 -1.107159404037459325e+02 5.590744674552762528e-03 7.652288859123157636e+03 0.000000000000000000e+00
-1.080023112588532967e+02 -1.079967304221960518e+02 3.754303155868908125e-03 7.634607269769442610e+03 0.000000000000000000e+00
-1.053990643275419501e+02 -1.054036972302241111e+02 4.569818373101820937e-03 7.614544175324377647e+03 0.000000000000000000e+00
-1.026335568670313450e+02 -1.026122490281433528e+02 8.177041628071842275e-03 3.040977729636623189e+04 0.000000000000000000e+00
-1.134491268705505718e+02 -1.134442123840464234e+02 8.908721086795610283e-03 7.573814140543631765e+03 0.000000000000000000e+00
-1.016845144225530930e+02 -1.017722226690216303e+02 1.192650593013253914e-02 7.553674637079238892e+03 0.000000000000000000e+00
-1.041633685141419505e+02 -1.041644516520713495e+02 1.482905027609310138e-02 3.074199934738099182e+04 0.000000000000000000e+00
-1.053159547325055598e+02 -1.053131123986558322e+02 3.572895634261344378e-03 1.375690251815927013e+03 0.000000000000000000e+00
-1.107772337916591425e+02 -1.107752248243736375e+02 2.602625771088340218e-03 1.372094845037090181e+03 0.000000000000000000e+00
-1.026562940708038241e+02 -1.026517670747782773e+02 1.073301532689299037e-02 3.049583806878724863e+04 0.000000000000000000e+00
-1.043037531624829484e+02 -1.042478210616630463e+02 1.068941704564076167e-02 7.640250028903448765e+03 0.000000000000000000e+00
-1.025507970888838543e+02 -1.025541689612001761e+02 3.632458296116682691e-03 7.692815729970261600e+03 0.000000000000000000e+00
-1.068280851288567987e+02 -1.068541556105017349e+02 7.999149335035385389e-03 1.375456611164791411e+03 0.000000000000000000e+00
-1.080299413716666237e+02 -1.080284485069236808e+02 4.359213181247324244e-03 7.658614046058756685e+03 0.000000000000000000e+00
-1.107784317990725498e+02 -1.107695580768202177e+02 7.424071207456064449e-03 3.025209411774665568e+04 0.000000000000000000e+00
-1.025957751072121056e+02 -1.026075724575445776e+02 4.672355564833740107e-03 7.619038881556702108e+03 0.000000000000000000e+00
-1.067823288060986471e+02 -1.068048088925305024e+02 1.354130887834209020e-02 7.602227310982982090e+03 0.000000000000000000e+00
-9.989152884257033804e+01 -9.989208357677534877e+01 3.659089263450778038e-03 1.371018047366950668e+03 0.000000000000000000e+00
-1.107297284967625330e+02 -1.107207611488724979e+02 4.523806456137099453e-03 7.581143990090835359e+03 0.000000000000000000e+00
-1.026368689293637857e+02 -1.026295484218378533e+02 7.416505268442363276e-03 7.563280585879416321e+03 0.000000000000000000e+00
-1.014268665684299862e+02 -1.014139029982875257e+02 9.965025222440301172e-03 7.544658064890767491e+03 0.000000000000000000e+00
-1.080547906255108757e+02 -1.080525294017364644e+02 2.530087583268781672e-03 1.365139167664145816e+03 0.000000000000000000e+00
-1.053569612438219565e+02 -1.053595808675197532e+02 2.582025379715658167e-03 7.509683782710415471e+03 0.000000000000000000e+00
-1.052870137793973271e+02 -1.052859680904645785e+02 4.411593260472847396e-03 7.490378228626501368e+03 0.000000000000000000e+00
-1.080294966628377153e+02 -1.080284639372120239e+02 4.200629625727454221e-03 7.471060940331551137e+03 0.000000000000000000e+00
-9.986581237007068523e+01 -9.986924819580733015e+01 5.728641956577357718e-03 7.451838114055790356e+03 0.000000000000000000e+00
-1.080529893383223197e+02 -1.080560390762768321e+02 2.531319441530397937e-03 7.432927447240749643e+03 0.000000000000000000e+00
-1.107051666114128352e+02 -1.106961707727220841e+02 4.674032886181965323e-03 7.414084043212819779e+03 0.000000000000000000e+00
-1.079805743592607286e+02 -1.079771437866964590e+02 3.877702015693723463e-03 7.396926220231482148e+03 0.000000000000000000e+00
-1.080075693720529557e+02 -1.080029069460543241e+02 2.828403268698066134e-03 7.378320810053411151e+03 0.000000000000000000e+00
-1.054684917638056447e+02 -1.054665039150259531e+02 8.355580073509965081e-03 7.360105922207060758e+03 0.000000000000000000e+00
-1.081150841403229066e+02 -1.081251702135607076e+02 4.867974606307164803e-03 7.341434864117631150e+03 0.000000000000000000e+00
-1.080010541918347826e+02 -1.079978435793898797e+02 3.757336340006701622e-03 7.325361569314087319e+03 0.000000000000000000e+00
-1.079811081284448591e+02 -1.079678337853945180e+02 5.474137485241061321e-03 7.307136669431428345e+03 0.000000000000000000e+00
-1.024737828908312878e+02 -1.024803200657539861e+02 6.721608856363442408e-03 7.292780337663667524e+03 0.000000000000000000e+00
-1.055908304248657430e+02 -1.056033154434247479e+02 1.251547836023577873e-02 1.319618606890646561e+03 0.000000000000000000e+00
-1.080736661296851508e+02 -1.080797047125947614e+02 3.541135491929238606e-03 7.386918566860239480e+03 0.000000000000000000e+00
-1.016272866712573943e+02 -1.016302129840547224e+02 9.941863903055375706e-03 7.369324595105722437e+03 0.000000000000000000e+00
-1.053316346950190479e+02 -1.053344068737326040e+02 3.023737830276486318e-03 7.351278746464949108e+03 0.000000000000000000e+00
-1.026444199768508980e+02 -1.026487155781714762e+02 4.912388543006999779e-03 1.308895715110978017e+03 0.000000000000000000e+00
-1.026166637517403473e+02 -1.025818045626120352e+02 1.093864877666271378e-02 2.897811781002031057e+04 0.000000000000000000e+00
-1.080160993426412972e+02 -1.080142284304720732e+02 2.967706299148291718e-03 1.303064551763435929e+03 0.000000000000000000e+00
-1.107751673783472057e+02 -1.107762379897152698e+02 3.983929175805200028e-03 7.288366263331422488e+03 0.000000000000000000e+00
-1.025999676959742004e+02 -1.026107278037448651e+02 3.666851561509705537e-03 7.270452562497261169e+03 0.000000000000000000e+00
-1.033622753245482500e+02 4.842727043996867188e+12 3.596904719252488292e+01 1.293772355938082001e+03 0.000000000000000000e+00
-1.017312340664250314e+02 -1.017729239950087390e+02 1.040222049670534894e-02 1.293772355938082001e+03 0.000000000000000000e+00
-9.342223545618281833e+01 -9.341620234224147623e+01 2.115941734269252000e-02 2.953202929661123562e+04 0.000000000000000000e+00
-1.080078972903367287e+02 -1.080029684190419346e+02 2.784021028970316402e-03 7.554473719580613761e+03 0.000000000000000000e+00
-1.052555309512849249e+02 -1.052539135663386531e+02 4.153310471578751210e-03 7.536647138946160339e+03 0.000000000000000000e+00
-1.027063096401294047e+02 -1.027059808938465295e+02 3.921684116665271995e-03 7.518371675301896175e+03 0.000000000000000000e+00
-1.042046777453572730e+02 -1.042037720211050384e+02 8.210840725664095285e-03 7.500122460199753732e+03 0.000000000000000000e+00
-1.031387704634023947e+02 -1.031295877830105070e+02 9.974238587467799955e-03 7.481998482284262536e+03 0.000000000000000000e+00
-1.026155627434851851e+02 -1.026249212110463276e+02 5.354537595804314230e-03 7.465312180874750084e+03 0.000000000000000000e+00
