-9.023881963038559206e+01 -8.913289282053359841e+01 8.739949559935868972e-01 5.554754048675582744e+05 0.000000000000000000e+00
-1.084381384952331757e+02 -1.079566268835042422e+02 4.080362873404129176e-01 5.679041695268549956e+05 0.000000000000000000e+00
-1.003598838313919828e+02 -9.972324786785078743e+01 2.682815013699683115e-01 7.288025186127440247e+04 0.000000000000000000e+00
-9.704711254595547132e+01 -9.692254582421267628e+01 5.373608267431007057e-01 8.498457984588512045e+04 0.000000000000000000e+00
-9.973717625665659625e+01 -9.977802482237609638e+01 1.631737346204988337e-01 8.173326412644636002e+04 0.000000000000000000e+00
-8.951855663020555198e+01 -8.882970994552860589e+01 3.887219395265053001e-01 5.612250596107823076e+05 0.000000000000000000e+00
-1.082307133669080059e+02 -1.080568892436537993e+02 2.170928175231441881e-01 7.747230097224687051e+04 0.000000000000000000e+00
-1.106753035261736358e+02 -1.107560513662565569e+02 9.873848282823290134e-02 3.395674136772086513e+03 0.000000000000000000e+00
-1.054327610963083828e+02 -1.053080637202588292e+02 1.449329290404419157e-01 5.507246967191973235e+05 0.000000000000000000e+00
-1.050122703609794428e+02 -1.051611199788194568e+02 1.317148598332901488e-01 3.288562839534021350e+03 0.000000000000000000e+00
-1.046141890166733361e+02 -1.040665172176139777e+02 1.582638663845131743e-01 3.327057141216546825e+03 0.000000000000000000e+00
-1.081428990339792904e+02 -1.080703069036431145e+02 9.767594949502911295e-02 6.848889462457224727e+04 0.000000000000000000e+00
-1.054088129497468600e+02 -1.053439667494863414e+02 1.194902056697645376e-01 4.894876844665090903e+05 0.000000000000000000e+00
-1.026819819617054890e+02 -1.026886227529326163e+02 1.253429413033971818e-01 4.760648071761694737e+05 0.000000000000000000e+00
-1.080624953524122134e+02 -1.080464647341261895e+02 4.413014928848425777e-02 6.678009190788184060e+04 0.000000000000000000e+00
-1.080109186001430857e+02 -1.079744454317071813e+02 5.560872694845897524e-02 6.498464308007051295e+04 0.000000000000000000e+00
-1.027172641862013478e+02 -1.026549901372484328e+02 1.580596334178321904e-01 4.384082833728464902e+05 0.000000000000000000e+00
-1.053792135740163332e+02 -1.053224450537236407e+02 7.187633261858980549e-02 4.275357720280062058e+05 0.000000000000000000e+00
-1.053135842602486747e+02 -1.053600525227486173e+02 1.247742153047230879e-01 4.173105116279799840e+05 0.000000000000000000e+00
-1.053633098236449541e+02 -1.053450140250609905e+02 6.956206444001336586e-02 4.072598745288506034e+05 0.000000000000000000e+00
-1.053408235212689874e+02 -1.052943995244418716e+02 7.922001959802964233e-02 3.974014784452694585e+05 0.000000000000000000e+00
-1.025915254929294633e+02 -1.026160711428220367e+02 5.041701871285238917e-02 5.722645690432457195e+04 0.000000000000000000e+00
-1.080778375683598114e+02 -1.080705874608172081e+02 3.549283838410949299e-02 5.598898312801720749e+04 0.000000000000000000e+00
-1.054360884518005719e+02 -1.054074419299429763e+02 3.735395026841843019e-02 5.472807180499560491e+04 0.000000000000000000e+00
-1.051363313024230735e+02 -1.052019187630959181e+02 1.553828356510810194e-01 3.628857243102920474e+05 0.000000000000000000e+00
-1.053950972963137218e+02 -1.053495523636707958e+02 2.411839658860586225e-02 3.291522057054614834e+03 0.000000000000000000e+00
-9.968217462890258673e+01 -9.975337540814621207e+01 1.076540480379396814e-01 5.162245339209851954e+04 0.000000000000000000e+00
-1.054176722054863404e+02 -1.053787062150991005e+02 6.047910972148452108e-02 3.413952404310178827e+05 0.000000000000000000e+00
-1.045136832890636214e+02 -1.045177021415329222e+02 1.700072035903646972e-01 4.990392521136040887e+04 0.000000000000000000e+00
-9.980538509368598454e+01 -9.984166938555490844e+01 5.084940972788610375e-02 4.890783312097208545e+04 0.000000000000000000e+00
-1.080964384431897116e+02 -1.080644953325115978e+02 7.886735093223457005e-02 3.221555023303269991e+05 0.000000000000000000e+00
-1.080532413444063593e+02 -1.080672640175259289e+02 5.484518048190009654e-02 3.161217695222904440e+05 0.000000000000000000e+00
-1.079657731478050096e+02 -1.079927770818894857e+02 3.024461162884043916e-02 4.635354833450609294e+04 0.000000000000000000e+00
-1.081021431896734839e+02 -1.081219102468627824e+02 4.264383693502586670e-02 4.561172874774770025e+04 0.000000000000000000e+00
-9.719923129694564068e+01 -9.715472088618554380e+01 8.013973350228011105e-02 4.484247774593786016e+04 0.000000000000000000e+00
-1.053354689331399499e+02 -1.053217120438373229e+02 3.259624524764058451e-02 4.419640080732871866e+04 0.000000000000000000e+00
-1.054717377068107851e+02 -1.054741077788062427e+02 4.553256778421967826e-02 4.344862272482571279e+04 0.000000000000000000e+00
-1.053867359620403761e+02 -1.053323810908418920e+02 5.998267817443451999e-02 2.851661872760704136e+05 0.000000000000000000e+00
-1.053295228889321749e+02 -1.053115939298979669e+02 3.658415250798693202e-02 4.206089709231554298e+04 0.000000000000000000e+00
-1.053960389968657836e+02 -1.053286572534617989e+02 6.370923515050549990e-02 2.761608877124953433e+05 0.000000000000000000e+00
-9.704604653446141072e+01 -9.701996367404241539e+01 1.464642285426667745e-01 2.722751492107925587e+05 0.000000000000000000e+00
-1.000306535076912553e+02 -9.995186267228582722e+01 7.044322690577402291e-02 2.679485527814404340e+05 0.000000000000000000e+00
-9.921724466335854231e+01 -9.925794043234294861e+01 8.029627016915440174e-02 3.976527795298453566e+04 0.000000000000000000e+00
-9.442218902332227515e+01 -9.438811525336591046e+01 5.300966753334596104e-02 3.923805337833100930e+04 0.000000000000000000e+00
-1.081145887564409946e+02 -1.081053548538481692e+02 2.512878025231837786e-02 3.875041110095496697e+04 0.000000000000000000e+00
-1.000580207092499592e+02 -9.999178267712214563e+01 4.687276158298545742e-02 3.817443150218705705e+04 0.000000000000000000e+00
-1.012897009338201144e+02 -1.012437997886783450e+02 7.894234399731041296e-02 3.801901926037580415e+04 0.000000000000000000e+00
-1.027281960753426802e+02 -1.026329266074619539e+02 6.910816536314298708e-02 2.469617316464300675e+05 0.000000000000000000e+00
-9.989395609879845495e+01 -9.991664882587427599e+01 6.816136939588907095e-02 2.444858171832663065e+05 0.000000000000000000e+00
-1.052597319771006426e+02 -1.052825624946681273e+02 2.551194514952983758e-02 3.664765078213145898e+04 0.000000000000000000e+00
-1.052421165851201863e+02 -1.052402517438830643e+02 3.563694948957408376e-02 3.619235947669181769e+04 0.000000000000000000e+00
-1.024926661666635397e+02 -1.025195664847342272e+02 3.065921293639874146e-02 3.569016259549247479e+04 0.000000000000000000e+00
-1.080506637582692662e+02 -1.080239348930925587e+02 2.912871459852444528e-02 3.528194748378805525e+04 0.000000000000000000e+00
-1.107621283750644210e+02 -1.107746556589876548e+02 2.419069502150205525e-02 3.488574201396324497e+04 0.000000000000000000e+00
-9.996051221829965527e+01 -9.992329530614381383e+01 6.079106499406375375e-02 2.256224668649449013e+05 0.000000000000000000e+00
-1.025982427838871018e+02 -1.025831285932660109e+02 2.363721221971013670e-02 3.412005120729257760e+04 0.000000000000000000e+00
-1.080543401063566051e+02 -1.080512498837087492e+02 1.868639945860753673e-02 3.370580666666132311e+04 0.000000000000000000e+00
-1.080561591327162603e+02 -1.080496743641687942e+02 1.635897047608924140e-02 3.327565164780773193e+04 0.000000000000000000e+00
-9.882976382532699233e+01 -9.886708662289348126e+01 1.006244108461725878e-01 2.145558491506841674e+05 0.000000000000000000e+00
-1.081101119236064960e+02 -1.081011404790474302e+02 1.535142859162908283e-02 2.378782898987177759e+03 0.000000000000000000e+00
-1.027151739322963238e+02 -1.026949664844419061e+02 2.877251708010793163e-02 3.230947364687059599e+04 0.000000000000000000e+00
-1.081188882643273530e+02 -1.081013216439351226e+02 3.964724369256014680e-02 2.071044131534325716e+05 0.000000000000000000e+00
-1.080518720697463948e+02 -1.080469027102421364e+02 1.416510199659637426e-02 3.156841747629707606e+04 0.000000000000000000e+00
-1.054538103737559993e+02 -1.054686693420722463e+02 4.322178840072860712e-02 2.022194640621840081e+05 0.000000000000000000e+00
-1.080299659026397450e+02 -1.080241046493458157e+02 8.077717081093756593e-03 2.272867317069365527e+03 0.000000000000000000e+00
-1.027797025754971543e+02 -1.027732983612658018e+02 2.889443129305488064e-02 3.054108874977314917e+04 0.000000000000000000e+00
-1.052539833749753200e+02 -1.052642072295575559e+02 4.325335658502112157e-02 1.952776184498932271e+05 0.000000000000000000e+00
-9.993032252691401141e+01 -9.991603090088928241e+01 2.051734083986250096e-02 2.985139015225899857e+04 0.000000000000000000e+00
-1.024683346297606619e+02 -1.024878870927931729e+02 2.062097299502925821e-02 2.953881006501135926e+04 0.000000000000000000e+00
-9.879034109237636585e+01 -9.862898542565064020e+01 7.486751665627253138e-02 1.888772988076611073e+05 0.000000000000000000e+00
-1.026335866034741002e+02 -1.026210765552024071e+02 1.681177704724914207e-02 3.045057443070280715e+04 0.000000000000000000e+00
-1.053866614323233648e+02 -1.053759442758198901e+02 1.899579677434705058e-02 3.013634071102683811e+04 0.000000000000000000e+00
-1.053536327307524090e+02 -1.053361902909152690e+02 1.094221673126618763e-02 2.982363666761660352e+04 0.000000000000000000e+00
-1.051632836525688219e+02 -1.052075865960551795e+02 4.455365148427619520e-02 1.831067228802072059e+05 0.000000000000000000e+00
-1.045571788713744752e+02 -1.045291475788410338e+02 3.529356558605553640e-02 2.923191588028253682e+04 0.000000000000000000e+00
-9.736868124119951062e+01 2.586255202238360547e+13 4.534122566105855867e+01 2.055826744447035253e+03 0.000000000000000000e+00
-1.080679396024036123e+02 -1.080734752626852071e+02 1.194928395714663430e-02 2.898701434437775242e+04 0.000000000000000000e+00
-9.747903995393339471e+01 1.247597083498864640e+19 1.693847931115683991e+02 2.869120813744882980e+04 0.000000000000000000e+00
-1.052096517238015139e+02 -1.052372561892085372e+02 2.308987079605757595e-02 2.869120813744882980e+04 0.000000000000000000e+00
-1.080586269196400195e+02 -1.080541305108893084e+02 3.907408144332352729e-03 2.016084091117914340e+03 0.000000000000000000e+00
-1.107674083387681065e+02 -1.107748616184432535e+02 1.808521869456914885e-02 2.818111938088040188e+04 0.000000000000000000e+00
-1.026246095702964567e+02 -1.026248565464510420e+02 7.472014716312676622e-03 1.978233809264053207e+03 0.000000000000000000e+00
-1.080022455049810901e+02 -1.079975423765353355e+02 1.550847881971911986e-02 2.766146301948142718e+04 0.000000000000000000e+00
-1.023786045082705272e+02 -1.025085410043807883e+02 1.073810778176046005e-01 2.739241172630579240e+04 0.000000000000000000e+00
-9.983339636161089459e+01 -9.983320176887703212e+01 3.250975642026410900e-02 1.717092153596556745e+05 0.000000000000000000e+00
-1.026483135946414933e+02 -1.026518810489549196e+02 1.775159938824115782e-02 2.722694713419417894e+04 0.000000000000000000e+00
-1.018446306662667666e+02 -1.018609647207683508e+02 3.805932427532869589e-02 2.696839700713833372e+04 0.000000000000000000e+00
-9.703942134309056655e+01 -9.703716942658510902e+01 2.350665878510178192e-02 2.673209232990007877e+04 0.000000000000000000e+00
-1.107698214557170644e+02 -1.107751005245919345e+02 1.632852031238667817e-02 2.648278992813308651e+04 0.000000000000000000e+00
-9.993677083844806930e+01 -9.992373443138242806e+01 1.509137668938651498e-02 2.624022839483232019e+04 0.000000000000000000e+00
-9.995711381582715660e+01 -9.993712218008370485e+01 2.451133788994921611e-02 2.601508032993535016e+04 0.000000000000000000e+00
-8.866271473160618655e+01 -8.853739473770366430e+01 9.340805865283059728e-02 1.611452906287121295e+05 0.000000000000000000e+00
-1.026430617975579480e+02 -1.026284685956387364e+02 1.559904603708286465e-02 2.754703169448337940e+04 0.000000000000000000e+00
-1.053353342655103830e+02 -1.053312971335733437e+02 5.425352635541137551e-03 1.973119916844481168e+03 0.000000000000000000e+00
-1.053685303642860021e+02 -1.053582526995977986e+02 3.068705471239377078e-02 1.579284585907888832e+05 0.000000000000000000e+00
-9.449781242453794050e+01 -9.437985120848924225e+01 7.345268690769694853e-02 1.565516528677156020e+05 0.000000000000000000e+00
-1.108062139594358655e+02 -1.107735802124848874e+02 2.830214272071142692e-02 1.560865639989618503e+05 0.000000000000000000e+00
-1.026541174383697523e+02 -1.026460804186918523e+02 1.420248680248109574e-02 2.643996317582744814e+04 0.000000000000000000e+00
-1.052727308493336125e+02 -1.052549897827513661e+02 1.588930972306942455e-02 2.621970530104556747e+04 0.000000000000000000e+00
-9.993752765542251382e+01 -9.991559312685113525e+01 1.407115862480763646e-02 2.602136958549345218e+04 0.000000000000000000e+00
-1.053709674220484800e+02 -1.053765033854417084e+02 1.521243543464794422e-02 2.584439682340202489e+04 0.000000000000000000e+00
-9.462966685199216954e+01 -9.460463721633779244e+01 3.287087993016458293e-02 2.563156147628011240e+04 0.000000000000000000e+00
-1.080088853910751396e+02 -1.080035498965893055e+02 2.466789533648919633e-02 1.486654425701251312e+05 0.000000000000000000e+00
-1.051898269089402334e+02 -1.052306919833810355e+02 2.291266605462703720e-02 2.524518092600381351e+04 0.000000000000000000e+00
-1.080028692671046571e+02 -1.079894236729398926e+02 1.583593849559039590e-02 2.515417850014206851e+04 0.000000000000000000e+00
-1.052809073313399608e+02 -1.053248394121846019e+02 3.612875914480003642e-02 1.451550593012284662e+05 0.000000000000000000e+00
-1.052922904545554275e+02 -1.052865300678890037e+02 5.079475348615298050e-03 1.821599919278306061e+03 0.000000000000000000e+00
-1.080860589301586714e+02 -1.080759826137417861e+02 2.547877705669312348e-02 1.429936644384758838e+05 0.000000000000000000e+00
-1.080632024577302559e+02 -1.080496872169808711e+02 1.283812443744030210e-02 2.440274354034502539e+04 0.000000000000000000e+00
-1.053412762006726382e+02 -1.053399713583515904e+02 1.782174628571640829e-02 2.422602180144796148e+04 0.000000000000000000e+00
-1.080874483164026429e+02 -1.080982243693196523e+02 3.585173454521010938e-02 1.396786463591999782e+05 0.000000000000000000e+00
-1.079946076805924662e+02 -1.079967911584613915e+02 1.120718805036421094e-02 2.386276196004274971e+04 0.000000000000000000e+00
-1.080011582568732251e+02 -1.080001300463622158e+02 1.870710195816193203e-02 1.375602454653299355e+05 0.000000000000000000e+00
-1.014271532822304493e+02 -1.013467149341557416e+02 4.003989643617791166e-02 2.350274366573749649e+04 0.000000000000000000e+00
-1.054099082919133110e+02 -1.054135583383274195e+02 1.520372476548095819e-02 2.361590592526409091e+04 0.000000000000000000e+00
-9.441894433577078871e+01 -9.444542952871316288e+01 3.799221925056172483e-02 1.347785209718512488e+05 0.000000000000000000e+00
-1.080694387170121473e+02 -1.080561514193669694e+02 1.957795559158341178e-02 1.338257925308426784e+05 0.000000000000000000e+00
-9.623329510043512869e+01 -9.624874555965178047e+01 4.006922462740064583e-02 2.310022062919320524e+04 0.000000000000000000e+00
-9.994136417132516215e+01 -9.993575464477331138e+01 1.411658691776749783e-02 2.294248771976983335e+04 0.000000000000000000e+00
-1.054271064759939946e+02 -1.054253926532836658e+02 1.272327664895271139e-02 2.277866895402075897e+04 0.000000000000000000e+00
-9.713478255861043920e+01 -9.713327083860008315e+01 1.084876724269422110e-02 1.809957849115523459e+03 0.000000000000000000e+00
-1.053877862614205299e+02 -1.053730013747393741e+02 1.338540543180627602e-02 2.246036439421810064e+04 0.000000000000000000e+00
-1.079979184189388661e+02 -1.079986048302227601e+02 1.853412029707601077e-02 1.285271578634482721e+05 0.000000000000000000e+00
-9.976579122932605515e+01 -9.979446827975552026e+01 1.992721537526224648e-02 2.215835159086115164e+04 0.000000000000000000e+00
-1.052543024635155149e+02 -1.052421059558249397e+02 1.566733021792580255e-02 2.205108043584542611e+04 0.000000000000000000e+00
-1.053305012382273418e+02 -1.053272161053684073e+02 8.114049038311853604e-03 2.190666450634009016e+04 0.000000000000000000e+00
-1.080703466171776057e+02 -1.080717892591386686e+02 9.668662044129165342e-03 2.175654391469362236e+04 0.000000000000000000e+00
-1.080306707472280152e+02 -1.080273763746155140e+02 6.848919260036406657e-03 1.726376789772532220e+03 0.000000000000000000e+00
-9.999253846914707822e+01 -9.996984987977560877e+01 1.664364275624985109e-02 2.147825956279698221e+04 0.000000000000000000e+00
-9.985239744537740592e+01 -9.985181577259238850e+01 7.398318401743949821e-03 1.703633590868831561e+03 0.000000000000000000e+00
-1.107716761014556255e+02 -1.107694074278960699e+02 1.226419417385967228e-02 2.121956248577175211e+04 0.000000000000000000e+00
-1.107251327919218085e+02 -1.107201882223316147e+02 1.284989417300477083e-02 2.107849774651675398e+04 0.000000000000000000e+00
-1.053249159215754389e+02 -1.053267129235414359e+02 9.095994761679219304e-03 2.094041388793515580e+04 0.000000000000000000e+00
-1.042214014434741927e+02 -1.040570466654048687e+02 5.090689130437300869e-02 1.194574597489224107e+05 0.000000000000000000e+00
-1.053357078043488286e+02 -1.053254863292762735e+02 3.155333279055146101e-02 1.201306899052248627e+05 0.000000000000000000e+00
-1.080449229386983490e+02 -1.080440497268001536e+02 2.226604725932078768e-02 1.193567638666204584e+05 0.000000000000000000e+00
-1.024806139319886711e+02 -1.024984745368632701e+02 1.277316574147079747e-02 2.105344848981164978e+04 0.000000000000000000e+00
-1.053178751994450693e+02 -1.053002787804908564e+02 3.702010943579520791e-02 1.178423594332309440e+05 0.000000000000000000e+00
-1.052058781182475542e+02 -1.051983898794455570e+02 1.497030935930309878e-02 2.082012107663920688e+04 0.000000000000000000e+00
-1.026079078657073325e+02 -1.026094158037184769e+02 3.810013154713098350e-03 1.721837815100999023e+03 0.000000000000000000e+00
-1.052521232385323344e+02 -1.052830800877072761e+02 2.671012025325406394e-02 1.157096067526093102e+05 0.000000000000000000e+00
-9.990202178302179448e+01 -9.991262099205806635e+01 1.176453097696000642e-02 2.043438265019990649e+04 0.000000000000000000e+00
-1.052722794796747934e+02 -1.052550206244526549e+02 1.170512077316264964e-02 2.031278836719078754e+04 0.000000000000000000e+00
-1.045670045226312510e+02 -1.045287154444563100e+02 2.960660824901312216e-02 2.020436575148121119e+04 0.000000000000000000e+00
-1.053857233511459697e+02 -1.053904734000231116e+02 1.401240536609311624e-02 2.014161157749974882e+04 0.000000000000000000e+00
-1.080786214636678011e+02 -1.080707247393405765e+02 1.628964902505483994e-02 1.123385926308462222e+05 0.000000000000000000e+00
-1.053570444767876211e+02 -1.053594044242974945e+02 1.942381878367027345e-02 1.116613552201795828e+05 0.000000000000000000e+00
-1.081016703819373390e+02 -1.080963346884339842e+02 1.204746363068106944e-02 1.978383064213458420e+04 0.000000000000000000e+00
-1.079142756490312394e+02 -1.079123088379922422e+02 1.525696698085427828e-02 1.966678971709468897e+04 0.000000000000000000e+00
-1.080025673270211399e+02 -1.080161712317431011e+02 1.924299210085755885e-02 1.096879918205766444e+05 0.000000000000000000e+00
-1.106497979588409635e+02 -1.106678769240367615e+02 1.652538182829461216e-02 1.943618424585121102e+04 0.000000000000000000e+00
-1.024372281688785762e+02 -1.024320420930564381e+02 8.586039844926269746e-03 1.632470562865415332e+03 0.000000000000000000e+00
-1.032758328468459723e+02 -1.029909006142212888e+02 4.777666850863426795e-02 1.077768023415313801e+05 0.000000000000000000e+00
-1.107955393126109414e+02 -1.107629895309844557e+02 2.331556901932992434e-02 1.110527752941876242e+05 0.000000000000000000e+00
-1.053503094824601618e+02 -1.053162337411896914e+02 2.338101164038514784e-02 1.104680943582617765e+05 0.000000000000000000e+00
-1.027883635352095979e+02 -1.027106396367436787e+02 3.396182993803924938e-02 1.098966834378120402e+05 0.000000000000000000e+00
-1.053538683507194804e+02 -1.053379114641511194e+02 1.388660421832071425e-02 2.134501564732668703e+04 0.000000000000000000e+00
-7.629019191203560979e+01 -7.574044972690197142e+01 1.422727218323365517e-01 1.089644741075557977e+05 0.000000000000000000e+00
-9.907987895366113662e+01 -9.906803317025681110e+01 4.123738134953619516e-02 2.484596613497076396e+04 0.000000000000000000e+00
-9.061300005214872044e+01 -9.046970207134015141e+01 6.258688535857216684e-02 1.136340135620765504e+05 0.000000000000000000e+00
-1.053312515335748145e+02 -1.053288519701192740e+02 3.176935335998651300e-03 1.854620676536399287e+03 0.000000000000000000e+00
-1.052685260490174812e+02 -1.052456952953905756e+02 2.212355511171360672e-02 1.132331474842368771e+05 0.000000000000000000e+00
-1.026524861804002882e+02 -1.026445846719972934e+02 1.257080155349839766e-02 2.479963337058429533e+04 0.000000000000000000e+00
-9.866973483329731209e+01 -9.864287232318544341e+01 2.647697147948724350e-02 2.466652818405886137e+04 0.000000000000000000e+00
-9.999262615268685295e+01 -9.996319757024159003e+01 2.985481633557143105e-02 1.119331797648297797e+05 0.000000000000000000e+00
-1.053945641690156236e+02 -1.053939344269546723e+02 2.382972217493106032e-02 1.113685760996835888e+05 0.000000000000000000e+00
-9.925736699821254660e+01 -9.925575814322856161e+01 3.642943296329940323e-02 1.107666145480085397e+05 0.000000000000000000e+00
-9.999458545919939922e+01 -9.998068769833417946e+01 1.620443662466204346e-02 2.419235952608457228e+04 0.000000000000000000e+00
-1.080073485181997768e+02 -1.080007175864362807e+02 8.675873582616401916e-03 2.407092606289761534e+04 0.000000000000000000e+00
-1.080849314520567503e+02 -1.080646793510795476e+02 2.411688454515364954e-02 1.090145553014517354e+05 0.000000000000000000e+00
-9.959833232041870588e+01 -9.942296411625348185e+01 4.766321766614859540e-02 1.084581257637863600e+05 0.000000000000000000e+00
-1.053652615407793860e+02 -1.053610052880945034e+02 2.494140301242446858e-02 1.092232587856840109e+05 0.000000000000000000e+00
-1.053487852288675413e+02 -1.053355601474174108e+02 7.709366837117568455e-03 2.378293529225820384e+04 0.000000000000000000e+00
-1.079999050135235876e+02 -1.080076602218520208e+02 1.008017023737557000e-02 2.366844081774206643e+04 0.000000000000000000e+00
-9.997798116954481884e+01 -9.991787399486499055e+01 2.791585909079943514e-02 1.075316266544501414e+05 0.000000000000000000e+00
-9.991478428222826835e+01 -9.994074462339661125e+01 2.781391897726548726e-02 1.071505577981705137e+05 0.000000000000000000e+00
-1.080892854591037917e+02 -1.080858929236991059e+02 2.794759807044132002e-02 1.066327704173415696e+05 0.000000000000000000e+00
-1.080667614559237961e+02 -1.080582733359259606e+02 1.911973069805840419e-02 1.060892328619063046e+05 0.000000000000000000e+00
-9.918582071901859365e+01 -9.918517175515995632e+01 3.492647631947556897e-02 1.055541517553698213e+05 0.000000000000000000e+00
-1.053799987947976717e+02 -1.053808877704868650e+02 1.039316913183425430e-02 2.302710175510807312e+04 0.000000000000000000e+00
-1.040865948107637564e+02 -1.040439435086181703e+02 2.597383224313030980e-02 2.291147634023245337e+04 0.000000000000000000e+00
-1.053862502089200319e+02 -1.053873010029167290e+02 2.128386018431105767e-02 1.042212293482951791e+05 0.000000000000000000e+00
-1.080776841927640817e+02 -1.080770926012958029e+02 7.562933457449949430e-03 2.275693958728293364e+04 0.000000000000000000e+00
-9.703943464216095549e+01 -9.704543596600375110e+01 1.722539005140704890e-02 2.264436306631829575e+04 0.000000000000000000e+00
-1.080716216226482800e+02 -1.080397913196253512e+02 1.868371694555574086e-02 1.027464712132585846e+05 0.000000000000000000e+00
-1.032475221216365924e+02 -1.031786513996938197e+02 3.616944508860996110e-02 2.243761332970939839e+04 0.000000000000000000e+00
-1.107190624241956414e+02 -1.107259664784474609e+02 1.173671197109358091e-02 2.246327236846594678e+04 0.000000000000000000e+00
-1.080846855242686360e+02 -1.080651672553316018e+02 2.039496299570047605e-02 1.014130154583963740e+05 0.000000000000000000e+00
-1.052688602148441674e+02 -1.052814221040116820e+02 8.329088272391664896e-03 2.225155156966390496e+04 0.000000000000000000e+00
-1.107006179712944629e+02 -1.106963782812886734e+02 1.106857503944839831e-02 2.215139692987322633e+04 0.000000000000000000e+00
-1.107170649133189073e+02 -1.107143275375641025e+02 1.139102933756752298e-02 2.204626799991011649e+04 0.000000000000000000e+00
-1.052866604395163250e+02 -1.052824622496438423e+02 3.068428658141287343e-03 1.634261268791112116e+03 0.000000000000000000e+00
-9.858397959504685559e+01 -9.847929701206081177e+01 3.844919217168558251e-02 9.904225497795337287e+04 0.000000000000000000e+00
-1.010092089038261207e+02 1.608624704888452096e+18 1.474344766422833004e+02 2.173692490278397963e+04 0.000000000000000000e+00
-1.024928641708719539e+02 -1.024750425995632241e+02 2.314055337663941184e-02 9.902349608001323941e+04 0.000000000000000000e+00
-1.042487040183175679e+02 -1.042668211079495251e+02 4.272616549291633620e-02 9.857254680327526876e+04 0.000000000000000000e+00
-1.107164876882325331e+02 -1.107062234587080525e+02 1.946172783077785781e-02 9.812488454751088284e+04 0.000000000000000000e+00
-1.053582763887420555e+02 -1.053592250763369975e+02 5.483089521926997299e-03 2.155771244879559890e+04 0.000000000000000000e+00
-1.052976607928846846e+02 -1.053036666013721572e+02 7.641514602445104512e-03 2.145797054906193807e+04 0.000000000000000000e+00
-1.053426475487953269e+02 -1.053258565126210442e+02 2.068001879322908104e-02 9.678190443264988426e+04 0.000000000000000000e+00
-1.025437493659386092e+02 -1.025375906803599833e+02 1.265757599842826098e-02 2.128566778949096260e+04 0.000000000000000000e+00
-1.080153045284418454e+02 -1.080271621376318620e+02 9.106005326954033641e-03 2.119003947509649151e+04 0.000000000000000000e+00
-1.054158294538538030e+02 -1.055449694334776183e+02 4.869672509612723438e-02 9.547503630434190563e+04 0.000000000000000000e+00
-1.052801943482927527e+02 -1.052719106016481021e+02 1.465078743537302254e-02 9.564873991203321202e+04 0.000000000000000000e+00
-1.051965668146752364e+02 -1.052122845497401897e+02 1.168871929894081500e-02 2.136681235264486531e+04 0.000000000000000000e+00
-1.081271491208413522e+02 -1.081117392338667287e+02 2.077714648098378386e-02 9.480358852102878154e+04 0.000000000000000000e+00
-1.026370265518170299e+02 -1.026595702364313638e+02 2.259270751368753355e-02 9.439028919492110435e+04 0.000000000000000000e+00
-1.079969693294996347e+02 -1.079981496988180396e+02 7.038215069852820152e-03 2.109798787320525298e+04 0.000000000000000000e+00
-1.052943808277681654e+02 -1.052740845177971778e+02 1.677452245383152102e-02 9.357640916753125202e+04 0.000000000000000000e+00
-1.051668591232762537e+02 -1.051699341272496042e+02 1.424162674704026674e-02 2.091483330028800992e+04 0.000000000000000000e+00
-1.080775447234041877e+02 -1.080635173269994738e+02 1.370989048059973944e-02 9.277943576991978625e+04 0.000000000000000000e+00
-1.041563023143137627e+02 -1.040786365199093240e+02 3.303572012532475510e-02 9.238259645029080275e+04 0.000000000000000000e+00
-9.901132766456511547e+01 -9.899735853000467500e+01 3.947438023857458012e-02 9.221647504093672615e+04 0.000000000000000000e+00
-9.659405824606733404e+01 -9.655103195931276616e+01 2.131518266916325802e-02 1.517714485171355818e+03 0.000000000000000000e+00
-1.013454051279800154e+02 -1.013362243532877187e+02 2.004780529166271322e-02 2.081063056816488825e+04 0.000000000000000000e+00
-1.052600623894854266e+02 -1.052610396953325278e+02 9.991566374305612883e-03 2.072495519270123987e+04 0.000000000000000000e+00
-9.460452753040765117e+01 -9.465533067908955900e+01 3.807629866675132924e-02 9.089941984709149983e+04 0.000000000000000000e+00
-9.625960541346631771e+01 -9.623536451227944610e+01 3.567127884754810879e-02 9.060695366585929878e+04 0.000000000000000000e+00
-1.107021554825941507e+02 -1.106970677741794447e+02 9.697708782383821988e-03 2.046489131719310535e+04 0.000000000000000000e+00
-1.106579546516437205e+02 -1.106573272465179940e+02 2.012993546467443592e-02 8.986510425668723474e+04 0.000000000000000000e+00
-1.052143534238575029e+02 -1.052193541464221340e+02 2.555626511292783884e-02 8.948754674726340454e+04 0.000000000000000000e+00
-1.080230276106203604e+02 -1.080189486078030967e+02 3.521665241497672332e-03 1.510361151283910885e+03 0.000000000000000000e+00
-9.191190502710151122e+01 -9.183608060021337849e+01 4.168497149821610154e-02 8.875761337914559408e+04 0.000000000000000000e+00
-1.026138699632228679e+02 -1.026080940695885459e+02 1.764501790714514962e-02 8.858832684524357319e+04 0.000000000000000000e+00
-9.977107019819999323e+01 -9.976959224451260866e+01 1.093497176553732964e-02 2.009133896751693464e+04 0.000000000000000000e+00
-1.026592015614029805e+02 -1.026591730539360725e+02 2.510748767236265638e-02 8.788888885994316661e+04 0.000000000000000000e+00
-9.702750003254183753e+01 -9.701226454536018196e+01 1.785894303720326343e-02 1.992702484266586544e+04 0.000000000000000000e+00
-1.107208579432668358e+02 -1.107095522642845253e+02 1.584205725703436915e-02 8.719561560090995044e+04 0.000000000000000000e+00
-1.081026608362475798e+02 -1.080761582251054165e+02 2.221816241975864761e-02 8.684612482283322606e+04 0.000000000000000000e+00
-1.079830736556004496e+02 -1.079671033243199219e+02 1.592371040269875346e-02 8.652108604894907330e+04 0.000000000000000000e+00
-1.080342637953217491e+02 -1.080203418414185563e+02 1.456664359515517405e-02 8.618205604472245614e+04 0.000000000000000000e+00
-1.053337644678478568e+02 -1.053059505151125563e+02 1.878113408271427434e-02 8.584344805993713089e+04 0.000000000000000000e+00
-1.080002192530801750e+02 -1.079972284598553927e+02 6.986294131573155680e-03 1.945903102361700076e+04 0.000000000000000000e+00
-1.025746833404382841e+02 -1.025627327512001159e+02 8.601907651806559030e-03 1.938196711182952640e+04 0.000000000000000000e+00
-1.044581571250330114e+02 -1.043204964788194644e+02 4.176620694925121946e-02 1.489048843856873873e+03 0.000000000000000000e+00
-1.026433593787090928e+02 -1.026264101892115548e+02 1.677357051919297140e-02 8.779334938373937621e+04 0.000000000000000000e+00
-1.080863444755660083e+02 -1.080625619296101689e+02 1.708244913381843852e-02 8.745874422768960358e+04 0.000000000000000000e+00
-1.017708435632171415e+02 -1.017684518957041178e+02 2.717100743148483794e-02 1.991294690410905969e+04 0.000000000000000000e+00
-1.051961901501406942e+02 -1.051809398268873963e+02 2.041969227219716382e-02 8.681950839900743449e+04 0.000000000000000000e+00
-9.997116567805649368e+01 -9.998596241405537910e+01 2.009084912048532054e-02 8.649010982679155131e+04 0.000000000000000000e+00
-1.053616354656259375e+02 -1.053194047771720392e+02 1.802385025508783725e-02 8.616274350026663160e+04 0.000000000000000000e+00
-1.024543532549787699e+02 -1.024212942294183364e+02 2.133388678620936826e-02 8.589605398604553193e+04 0.000000000000000000e+00
-1.041342035020657448e+02 -1.041691526743331764e+02 7.826423290128906030e-03 1.506137066987683511e+03 0.000000000000000000e+00
-1.053653394013790603e+02 -1.053509480143455903e+02 8.018282241231850307e-03 1.960320690151041345e+04 0.000000000000000000e+00
-9.988782158648160703e+01 -9.989859064149612777e+01 2.136688627503754642e-02 8.513609284831902187e+04 0.000000000000000000e+00
-1.107229192695826328e+02 -1.107010155647689658e+02 1.681249226772031993e-02 8.481645119040177087e+04 0.000000000000000000e+00
-9.977210903641866935e+01 -9.976464271885294011e+01 1.004785250198669128e-02 1.939476456873194547e+04 0.000000000000000000e+00
-1.107404967132376470e+02 -1.107456532496711787e+02 1.055652170171820364e-02 1.932374268792313524e+04 0.000000000000000000e+00
-1.002990790305264142e+02 -1.001885354879907766e+02 3.559740466829106748e-02 1.925204282429963860e+04 0.000000000000000000e+00
-9.720265442820250712e+01 -9.718248649764788638e+01 2.257626621834608535e-02 8.358593997302799835e+04 0.000000000000000000e+00
-1.081205925425796579e+02 -1.081190542860500869e+02 8.443582560675276863e-03 1.937309279297528337e+04 0.000000000000000000e+00
-1.026315467882139671e+02 -1.026313154670630325e+02 3.089817817350569949e-03 1.528429074566002100e+03 0.000000000000000000e+00
-1.025504163537609372e+02 -1.025484403503400159e+02 8.603810393748089619e-03 1.923041771926031288e+04 0.000000000000000000e+00
-1.026834289258181627e+02 -1.026416187894926395e+02 1.613611099499135879e-02 8.241405262472512550e+04 0.000000000000000000e+00
-9.877435204284982717e+01 -9.871243184965912576e+01 2.848016840719079859e-02 8.217331391140577034e+04 0.000000000000000000e+00
-1.052970948896082177e+02 -1.052960956231018628e+02 2.865932665641665773e-03 1.516025434755750894e+03 0.000000000000000000e+00
-7.588279608989395797e+01 -7.549379045372261032e+01 6.603850959311403923e-02 8.172664024936976784e+04 0.000000000000000000e+00
-1.053144339405254328e+02 -1.053126053175327002e+02 1.430357971462608430e-02 8.501207463914545951e+04 0.000000000000000000e+00
-9.718824677834435022e+01 -9.717134064275020933e+01 2.502293643335646439e-02 8.470419251979606634e+04 0.000000000000000000e+00
-1.026090223041186249e+02 -1.025996188229160424e+02 1.120928116315514193e-02 1.992067418667522725e+04 0.000000000000000000e+00
-1.079346410331575328e+02 -1.079418170583080752e+02 9.934289309645370769e-03 1.985225915873811755e+04 0.000000000000000000e+00
-1.079945110283694873e+02 -1.079672098315309654e+02 1.685195413945387091e-02 8.384780031190009322e+04 0.000000000000000000e+00
-1.081427900113082217e+02 -1.081089369638642950e+02 1.642308424850109916e-02 8.357386061271720973e+04 0.000000000000000000e+00
-1.027188749680690449e+02 -1.027352128205617134e+02 1.188361701543059340e-02 1.966100804075658380e+04 0.000000000000000000e+00
-1.080673184710706209e+02 -1.080442228034244039e+02 1.341458497278329685e-02 8.306383811355089711e+04 0.000000000000000000e+00
-9.994607167333738573e+01 -9.993835282490394434e+01 1.251848143657249487e-02 1.953502018945214149e+04 0.000000000000000000e+00
-1.025633064755506609e+02 -1.025502766681738223e+02 1.543833000597960060e-02 8.249822682422095386e+04 0.000000000000000000e+00
-1.080761337496499408e+02 -1.080711151436806574e+02 6.527033363799756606e-03 1.939950592139399305e+04 0.000000000000000000e+00
-9.722836511880518628e+01 -9.725927956204887437e+01 1.990942518656441812e-02 8.192725392492844549e+04 0.000000000000000000e+00
-1.025236037352282352e+02 -1.025216514977571762e+02 1.066049711355200602e-02 1.926806512817827388e+04 0.000000000000000000e+00
-1.052273781332759484e+02 -1.052381025739966560e+02 8.937967170816036450e-03 1.920127902689379698e+04 0.000000000000000000e+00
-1.041124906745182557e+02 -1.040841502195424226e+02 1.699076078355976974e-02 1.913881279920724774e+04 0.000000000000000000e+00
-9.976636650408421758e+01 -9.975386435082259595e+01 2.043669225711893314e-02 8.085955517066831817e+04 0.000000000000000000e+00
-9.708156621907743045e+01 -9.707415095186938458e+01 1.382103554156992320e-02 1.904251447116806230e+04 0.000000000000000000e+00
-1.079789348963023059e+02 -1.079618299014562410e+02 1.386754750345601389e-02 8.033024025166014326e+04 0.000000000000000000e+00
-1.053655068836992683e+02 -1.053478398012350112e+02 9.377880417205964117e-03 1.891527947077135832e+04 0.000000000000000000e+00
-1.053309636870397838e+02 -1.053315142551750085e+02 6.713490295374074934e-03 1.886130990987774203e+04 0.000000000000000000e+00
-1.107200325995407155e+02 -1.107046490105689145e+02 1.430821060090732913e-02 7.953629261757009954e+04 0.000000000000000000e+00
-1.080238504402648090e+02 -1.080214312559942300e+02 6.057057786910597687e-03 1.873635965645827309e+04 0.000000000000000000e+00
-9.729701292893072662e+01 -9.727423235233754895e+01 2.421206784797392750e-02 7.901361881635979807e+04 0.000000000000000000e+00
-9.438970170462644660e+01 -9.434815711123737003e+01 2.442067940811303364e-02 7.876450015812004858e+04 0.000000000000000000e+00
-9.315733436785320976e+01 -9.306226387214914553e+01 4.022524760803933286e-02 1.856596665829542326e+04 0.000000000000000000e+00
-1.013341678836721798e+02 -1.013622822427112595e+02 2.589268930992919340e-02 1.866906768651227321e+04 0.000000000000000000e+00
-1.025456950308686999e+02 -1.025428056736948150e+02 4.528446239517452954e-03 1.443222350948091162e+03 0.000000000000000000e+00
-1.080788002661400498e+02 -1.080732803881712130e+02 5.181647166726715929e-03 1.856655984015423019e+04 0.000000000000000000e+00
-1.025907682304619613e+02 -1.025889455139413400e+02 8.377612280492000713e-03 1.850631549268014351e+04 0.000000000000000000e+00
-1.080654248416921348e+02 -1.080397230923098135e+02 1.253465910644427188e-02 7.733870819353945262e+04 0.000000000000000000e+00
-9.989195485921440820e+01 -9.989801335006914940e+01 1.042195065655456519e-02 1.838536426283460605e+04 0.000000000000000000e+00
-1.053378493158857481e+02 -1.053258896931164514e+02 1.217468376349004761e-02 7.686721307493853965e+04 0.000000000000000000e+00
-1.080995487091730354e+02 -1.080881403430402372e+02 1.688585970818675883e-02 7.662140253665368073e+04 0.000000000000000000e+00
-9.989012469368974223e+01 -9.989101198804478088e+01 1.342672951993164991e-02 1.821764779166300286e+04 0.000000000000000000e+00
-1.079846376983568632e+02 -1.079735914094535190e+02 1.435266159517683063e-02 7.613018102265450580e+04 0.000000000000000000e+00
-1.023313577554144018e+02 -1.021436795141173377e+02 2.791842677432354244e-02 7.588839497872127686e+04 0.000000000000000000e+00
-1.107342454834175669e+02 -1.107220105150421716e+02 9.013651103206945722e-03 1.847352085584895758e+04 0.000000000000000000e+00
-1.079963540627787495e+02 -1.079922579814292476e+02 1.048239323583637778e-02 7.642755252473498695e+04 0.000000000000000000e+00
-1.053319809432704091e+02 -1.053186536087858656e+02 1.187947156574557968e-02 7.618391206851265451e+04 0.000000000000000000e+00
-1.026927812016206332e+02 -1.026392563910949747e+02 2.445117609225552421e-02 7.594688175142808177e+04 0.000000000000000000e+00
-1.024597077829882181e+02 -1.024632579294841435e+02 9.291617011771296022e-03 1.828001206952785287e+04 0.000000000000000000e+00
-1.018800883230649248e+02 7.441579602005894758e+19 1.349912729336508903e+02 1.822264376824742794e+04 0.000000000000000000e+00
-9.732590186347785277e+01 -9.736694333428896186e+01 2.413054611455675222e-02 7.555235540316987317e+04 0.000000000000000000e+00
-1.107233350656990325e+02 -1.107193104845432856e+02 7.690934249256813071e-03 1.816568185199280197e+04 0.000000000000000000e+00
-1.080786492378802706e+02 -1.080774828174580193e+02 1.063109848096924388e-02 1.810909384517668150e+04 0.000000000000000000e+00
-1.106655943670274240e+02 -1.106672719394107673e+02 1.052490143776688321e-02 1.805237103829938496e+04 0.000000000000000000e+00
-1.052809338709313209e+02 -1.052735012703972330e+02 3.916729226737043941e-03 1.488199637973867311e+03 0.000000000000000000e+00
-1.054155171189723603e+02 -1.053894769798521196e+02 1.276724782313585702e-02 7.443508413936219586e+04 0.000000000000000000e+00
-1.008426904228718115e+02 -1.008323049711881225e+02 1.906121844081729369e-02 1.788665436999509257e+04 0.000000000000000000e+00
-1.026135037893113093e+02 -1.026093489583351186e+02 5.815742193589977863e-03 1.783455744491071164e+04 0.000000000000000000e+00
-1.053485557877931598e+02 -1.053267030296081543e+02 1.312085130956577340e-02 7.398426532525692892e+04 0.000000000000000000e+00
-1.025740372738126212e+02 -1.025602722070354105e+02 1.281208796566928390e-02 7.377092356955616560e+04 0.000000000000000000e+00
-1.024728626382875660e+02 -1.024794494719504030e+02 7.377664873313110987e-03 1.767188529498889329e+04 0.000000000000000000e+00
-1.027039628001710980e+02 -1.027151573590159899e+02 7.793555360639334989e-03 1.761908531061830581e+04 0.000000000000000000e+00
-1.053851240431529561e+02 -1.053808931364656019e+02 6.160657028611050100e-03 1.756931504235846660e+04 0.000000000000000000e+00
-1.052103025625055892e+02 -1.052068338232357689e+02 3.363511264117290990e-03 1.451589380426077241e+03 0.000000000000000000e+00
-9.862493677514373758e+01 -9.865965961071191259e+01 1.169426795308589617e-02 1.447525060916178290e+03 0.000000000000000000e+00
-1.053281355749134462e+02 -1.053353579241431248e+02 6.486077031947159142e-03 1.764060150674854231e+04 0.000000000000000000e+00
-1.054210625050520349e+02 -1.054185182758513406e+02 9.084808299978968521e-03 1.758885236568468463e+04 0.000000000000000000e+00
-1.031574830049395928e+02 -1.031139296973798594e+02 2.121819194314699189e-02 1.753613678288968367e+04 0.000000000000000000e+00
-1.053391925101683171e+02 -1.053327041665880586e+02 4.406986256456953653e-03 1.752743045560176688e+04 0.000000000000000000e+00
-9.185546387637786836e+01 -9.186043653376856355e+01 2.623875606198674756e-02 7.208072777056937048e+04 0.000000000000000000e+00
-1.052444966098135950e+02 -1.052427302219796417e+02 8.278237173607991620e-03 1.743079432186280246e+04 0.000000000000000000e+00
-1.026429431446434535e+02 -1.026351222671736991e+02 2.099270280459933011e-02 7.165775307153788162e+04 0.000000000000000000e+00
-9.980481976471462247e+01 -9.976343034120695563e+01 1.628020894510857561e-02 7.144750601803568134e+04 0.000000000000000000e+00
-1.054113323432470679e+02 -1.054129002096601937e+02 7.194943397977532525e-03 1.729654630886176892e+04 0.000000000000000000e+00
-1.026406947098072351e+02 -1.026498891763244785e+02 1.488718663777684539e-02 7.107582307006251358e+04 0.000000000000000000e+00
-1.026311337457206889e+02 -1.026487948314751151e+02 1.853585078063502145e-02 7.086977362252415332e+04 0.000000000000000000e+00
-1.080064569499767657e+02 -1.080059949702300912e+02 5.260254744072441480e-03 1.715020192942093490e+04 0.000000000000000000e+00
-1.053503868003218287e+02 -1.053425236739072091e+02 8.421893263631038615e-03 7.046520111098619236e+04 0.000000000000000000e+00
-7.311628154028247195e+01 -7.266519798298864430e+01 6.840859735319276824e-02 7.026215320798465109e+04 0.000000000000000000e+00
-1.107916958820152900e+02 -1.107637248778403887e+02 1.240666146432324937e-02 7.358675063020335801e+04 0.000000000000000000e+00
-1.052214530526521514e+02 -1.052321866031938384e+02 1.002022780158280148e-02 1.723795711212717288e+04 0.000000000000000000e+00
-1.080779809382942886e+02 -1.080650830482446736e+02 9.153544151726384498e-03 7.319173955357140221e+04 0.000000000000000000e+00
-1.015599986095147074e+02 -1.015773295176933573e+02 1.495517343205554107e-02 1.714390736428026867e+04 0.000000000000000000e+00
-1.013787311080791653e+02 -1.013034791762647870e+02 2.738247768939749277e-02 7.278780851303726376e+04 0.000000000000000000e+00
-9.987622004860986635e+01 -9.986881907280194071e+01 1.022112065816477462e-02 7.272669879657357524e+04 0.000000000000000000e+00
-1.043565370550325611e+02 -1.044005869867970944e+02 1.945324774275201257e-02 1.702862813427106448e+04 0.000000000000000000e+00
-1.079739530331928421e+02 -1.079718086995172825e+02 6.076947406776945539e-03 1.702302092684754462e+04 0.000000000000000000e+00
-1.053264843356958664e+02 -1.053314943792111933e+02 5.167828207614772774e-03 1.697494041672206367e+04 0.000000000000000000e+00
-1.081276821081038548e+02 -1.081207074901474527e+02 8.011556083052095989e-03 1.692756989208933373e+04 0.000000000000000000e+00
-1.025967499611784461e+02 -1.025863059769183820e+02 8.950293957927011809e-03 1.688107026761920497e+04 0.000000000000000000e+00
-1.027029826382276099e+02 -1.027020793740645672e+02 1.450762118562081565e-02 7.154084399206028320e+04 0.000000000000000000e+00
-1.037635476866992406e+02 -1.035891716355219074e+02 2.215654852974943689e-02 7.134046927006806072e+04 0.000000000000000000e+00
-9.448549145903795932e+01 -9.446459425202790783e+01 2.239365049996849474e-02 7.193618204386690923e+04 0.000000000000000000e+00
-1.053322782569149751e+02 -1.053239770567211053e+02 8.601527145512819980e-03 7.174730618742153456e+04 0.000000000000000000e+00
-1.107241821884481396e+02 -1.107263563768235599e+02 7.482921286955768192e-03 1.683382436565838725e+04 0.000000000000000000e+00
-1.025698329345884900e+02 -1.025672996841433644e+02 2.675401346005963459e-03 1.379672970591647982e+03 0.000000000000000000e+00
-1.025969708290146940e+02 -1.026015853279504171e+02 7.237317134892389849e-03 1.674397013047661312e+04 0.000000000000000000e+00
-1.052894281261979330e+02 -1.052909446346838394e+02 1.263547503355984779e-02 7.098131221054632624e+04 0.000000000000000000e+00
-1.080066750542942913e+02 -1.080003889878316130e+02 4.618442729128481930e-03 1.665588020368101570e+04 0.000000000000000000e+00
-9.167709798513678265e+01 -9.162165973516584927e+01 2.674154968990524392e-02 7.059281816195847932e+04 0.000000000000000000e+00
-1.020625946222609315e+02 2.268646288228031562e+14 3.702370207618061215e+01 1.370754515425780482e+03 0.000000000000000000e+00
-1.020625946197228586e+02 2.208073566875265938e+14 3.702370207618061215e+01 1.370754515425780482e+03 0.000000000000000000e+00
-1.107674077511383928e+02 -1.107690245571192804e+02 6.579235922615256013e-03 1.662381773508942570e+04 0.000000000000000000e+00
-1.052966417893515967e+02 -1.052801949876154879e+02 1.201394370723851517e-02 7.028652621961811383e+04 0.000000000000000000e+00
-1.025850127758322685e+02 -1.025785699246356586e+02 6.558775304455971913e-03 1.363423695503490990e+03 0.000000000000000000e+00
-9.989606358408660469e+01 -9.989385963239583077e+01 2.571591968256369421e-03 1.360150927187168236e+03 0.000000000000000000e+00
-1.053805266119674684e+02 -1.053682270535137633e+02 1.269938055019817491e-02 6.975816515616433753e+04 0.000000000000000000e+00
-1.080544113324922648e+02 -1.080525738532991795e+02 3.818617926871375936e-03 1.642661929145952308e+04 0.000000000000000000e+00
-9.979948859077850898e+01 -9.980158973112575893e+01 8.510175938441085289e-03 1.638259453443218445e+04 0.000000000000000000e+00
-1.054354259123968802e+02 -1.054189651860360470e+02 1.189842346748577057e-02 6.920297609066648874e+04 0.000000000000000000e+00
-1.080536701673253361e+02 -1.080421895487991151e+02 1.098106043374938272e-02 6.902492696861275181e+04 0.000000000000000000e+00
-1.106879098564082966e+02 -1.106850890094798245e+02 1.184472446969222700e-02 6.884429982374177780e+04 0.000000000000000000e+00
-1.080008935585957062e+02 -1.080020714784035647e+02 4.169397119894019225e-03 1.620960159721301716e+04 0.000000000000000000e+00
-1.053977545620952725e+02 -1.053934479016067911e+02 1.053430841442586259e-02 6.848379058243634063e+04 0.000000000000000000e+00
-9.914350925708221496e+01 -9.916661882966145924e+01 2.132776691838214958e-02 1.612428602299020713e+04 0.000000000000000000e+00
-9.724161324409908502e+01 -9.725821651131025192e+01 1.475380495602630904e-02 6.824033942306107201e+04 0.000000000000000000e+00
-1.053464792236332670e+02 -1.053459764958949307e+02 8.604254658430470284e-03 6.806770800440658059e+04 0.000000000000000000e+00
-1.016598962877965278e+02 -1.016863703572748534e+02 1.651683292178172946e-02 1.601055854780557456e+04 0.000000000000000000e+00
-9.712471412745307475e+01 -9.710474092948290092e+01 1.137256165099749007e-02 1.598275408293307737e+04 0.000000000000000000e+00
-9.989131054811197430e+01 -9.990528686985140894e+01 1.399175620187016050e-02 6.756823294703708962e+04 0.000000000000000000e+00
-1.052884043864566621e+02 -1.052813138042548360e+02 4.670855894630421626e-03 1.590994582764012739e+04 0.000000000000000000e+00
-1.025419429175581598e+02 -1.025411967852563464e+02 1.871588204618251580e-03 1.316610159182517009e+03 0.000000000000000000e+00
-1.079973105105920865e+02 -1.080015065120121704e+02 5.680045923707017878e-03 1.582897412983572940e+04 0.000000000000000000e+00
-1.053547991703148057e+02 -1.053297619772803131e+02 1.575769296772919909e-02 6.688888473554817028e+04 0.000000000000000000e+00
-9.435151375588959866e+01 -9.426256578967938538e+01 2.373482420867075240e-02 6.673203135953292076e+04 0.000000000000000000e+00
-1.053600705067532033e+02 -1.053597372801786065e+02 4.702068899312940309e-03 1.578317975415013643e+04 0.000000000000000000e+00
-1.053168653062183608e+02 -1.053040457934683616e+02 9.618936601547374218e-03 6.657454684927193739e+04 0.000000000000000000e+00
-1.054111812037482565e+02 -1.054151591175192237e+02 1.286320889916332637e-02 6.640843097697960911e+04 0.000000000000000000e+00
-1.027035822667595397e+02 -1.027200482650338245e+02 1.460900600230906864e-02 6.623941028701995674e+04 0.000000000000000000e+00
-1.080598933410169593e+02 -1.080448512462142503e+02 7.690596761921905840e-03 6.607761282569674950e+04 0.000000000000000000e+00
-9.705141081863955321e+01 -9.701860876915152687e+01 1.955198788322283499e-02 6.591557238742974005e+04 0.000000000000000000e+00
-9.988596777915267921e+01 -9.990266147529771956e+01 1.349233308924348632e-02 6.577407027281663613e+04 0.000000000000000000e+00
-1.053253087246821593e+02 -1.053320102619135241e+02 4.743224267456079730e-03 1.552319826151226880e+04 0.000000000000000000e+00
-9.975346983748394791e+01 -9.976096875454351220e+01 1.577482388776491398e-02 6.545136319270740933e+04 0.000000000000000000e+00
-1.080851155673267812e+02 -1.080698529930936758e+02 9.644574724426332665e-03 6.528826865576902492e+04 0.000000000000000000e+00
-1.080521481680461164e+02 -1.080570221782123213e+02 4.951575996128380897e-03 1.540852655786256764e+04 0.000000000000000000e+00
-1.053689074111601371e+02 -1.053787191186946615e+02 6.764537279136829256e-03 1.537056193046435692e+04 0.000000000000000000e+00
-9.980914054130678892e+01 -9.981472284912987902e+01 7.387635211080357221e-03 1.533456467233420335e+04 0.000000000000000000e+00
-1.045396386645374349e+02 -1.045093080468544855e+02 2.649976254391634908e-02 6.464856163361970539e+04 0.000000000000000000e+00
-1.053723468107966994e+02 -1.053790717207438519e+02 5.886440590111657184e-03 1.527267430587268245e+04 0.000000000000000000e+00
-1.052018727016543238e+02 -1.052076838046237981e+02 9.989082158534062436e-03 1.523594249802235572e+04 0.000000000000000000e+00
-9.725975613899332473e+01 -9.719837417527388368e+01 2.336081964818591261e-02 6.421701457566102908e+04 0.000000000000000000e+00
-1.080530661426978725e+02 -1.080486441402326676e+02 3.693480386388376877e-03 1.516707841373277188e+04 0.000000000000000000e+00
-1.053865963112070148e+02 -1.053794772847695072e+02 1.018209058721343020e-02 6.398705740917527874e+04 0.000000000000000000e+00
-1.106876606598812174e+02 -1.106867456784105315e+02 1.082857656152418947e-02 6.383143932320333988e+04 0.000000000000000000e+00
-1.052611943068297364e+02 -1.052598018101990078e+02 2.017717816092986192e-03 1.257667029493450855e+03 0.000000000000000000e+00
-1.026823070398224331e+02 -1.026956819396526726e+02 1.236573940090572241e-02 6.352055520927669568e+04 0.000000000000000000e+00
-9.446118872526167820e+01 -9.443436828294146324e+01 1.855911977302716551e-02 6.337025895657870569e+04 0.000000000000000000e+00
-1.026196541046017359e+02 -1.026239281970363919e+02 8.653662787916405197e-03 6.323317789343847835e+04 0.000000000000000000e+00
-9.710346820194887130e+01 -9.711458745846202589e+01 8.334205688464033090e-03 1.492758862022777248e+04 0.000000000000000000e+00
-1.025406388783891316e+02 -1.025363538288226550e+02 5.006369345550556148e-03 1.489416894155418231e+04 0.000000000000000000e+00
