0.000000000000000000e+00 0.000000000000000000e+00 0.000000000000000000e+00 0.000000000000000000e+00 0.000000000000000000e+00
-1.027216722872259709e+02 -1.024003184028259597e+02 1.722416784429452452e-01 3.216231508406846478e+04 0.000000000000000000e+00
-1.082634525054746888e+02 -1.080122993432752025e+02 1.437640916776151689e-01 3.429351807655673474e+04 0.000000000000000000e+00
-9.439507658674091317e+01 -9.438715878989003727e+01 1.773964817846001851e-01 2.404160736909531352e+03 0.000000000000000000e+00
-1.082082299320238405e+02 -1.079805649799334049e+02 1.268941517943307229e-01 1.732824956583437743e+05 0.000000000000000000e+00
-1.053598336066418710e+02 -1.052830188847236599e+02 6.909360470975098312e-02 1.759954268092747370e+05 0.000000000000000000e+00
-1.019573608411691907e+02 -1.017826131987109051e+02 7.998520429522257280e-02 1.724228310942610551e+05 0.000000000000000000e+00
-1.054031135654496723e+02 -1.053941263867846061e+02 7.973565493028918205e-02 3.398002687590559071e+04 0.000000000000000000e+00
-9.659108097363343859e+01 -9.649441075517911770e+01 1.224048380761656313e-01 3.308600324389953312e+04 0.000000000000000000e+00
-1.053090500567008974e+02 -1.052777197950147041e+02 4.695560722147043564e-02 3.270495529680775508e+04 0.000000000000000000e+00
-1.000879859463979642e+02 -9.997135897816772854e+01 9.353398855281087887e-02 1.616338566980667529e+05 0.000000000000000000e+00
-8.736454391482931214e+01 5.020623932262752930e+12 4.763568638211057760e+01 2.269158617094795318e+03 0.000000000000000000e+00
-8.736454392941998037e+01 7.677257487664378204e+24 3.998747148422069699e+02 1.598997875701363373e+05 0.000000000000000000e+00
-1.052643797642526096e+02 -1.052511167692434526e+02 3.911853406880728273e-02 3.144186548467880129e+04 0.000000000000000000e+00
-9.980558780354307657e+01 -9.973572351803119318e+01 8.788233472341064334e-02 1.562594920658424962e+05 0.000000000000000000e+00
-1.052510239516436314e+02 -1.053124947186665139e+02 5.832871853944144452e-02 3.006389337530823104e+04 0.000000000000000000e+00
-1.046309771673110731e+02 -1.045812497581079299e+02 6.101700212475683061e-02 1.501282303514055675e+05 0.000000000000000000e+00
-1.053916408498779447e+02 -1.054005967025730826e+02 2.797966077864155743e-02 2.406692925575882782e+03 0.000000000000000000e+00
-1.080404880288761120e+02 -1.080453672925975184e+02 2.416848375101058113e-02 2.857325459947619311e+04 0.000000000000000000e+00
-1.028959262000062012e+02 -1.030191459119077280e+02 8.015446975896461934e-02 2.796897367228842995e+04 0.000000000000000000e+00
-1.052572439439937853e+02 -1.052713959111283941e+02 6.421846709869777348e-02 1.417119118383452296e+05 0.000000000000000000e+00
-1.052591525791811193e+02 -1.052538072106750491e+02 2.202746103364294425e-02 2.775585196772607378e+04 0.000000000000000000e+00
-1.080188212938714116e+02 -1.079922921723861862e+02 1.840053497487465980e-02 2.201543625795003209e+03 0.000000000000000000e+00
-1.053930559394849524e+02 -1.053429109613109205e+02 4.116397936803804086e-02 1.338378446165048517e+05 0.000000000000000000e+00
-9.657075770244779278e+01 -9.654536119589283771e+01 4.533678241836947009e-02 2.171311761066276631e+03 0.000000000000000000e+00
-1.080888375821129870e+02 -1.080637173295098563e+02 6.542596674930201139e-02 1.295168274454810453e+05 0.000000000000000000e+00
-9.718322159671605220e+01 -9.719887968364953679e+01 3.986113947061101920e-02 2.097350707524238260e+03 0.000000000000000000e+00
-1.053744166210869082e+02 -1.053764867664120288e+02 3.168750729461373983e-02 2.525233426465703815e+04 0.000000000000000000e+00
-1.080968209244646658e+02 -1.080979242361409405e+02 3.271480018662451666e-02 2.480132900546543169e+04 0.000000000000000000e+00
-1.053492639425316071e+02 -1.053556013468638355e+02 3.156296111334606913e-02 2.436606798378574240e+04 0.000000000000000000e+00
-6.504513606123416025e+01 -6.183550611652906071e+01 1.117134552840066908e+00 1.959856623257694991e+03 0.000000000000000000e+00
-1.080509996597519233e+02 -1.080169382038548633e+02 2.801051342057626556e-02 1.176672289078554168e+05 0.000000000000000000e+00
-9.727167489286539137e+01 -9.724056947107644078e+01 5.545246919323299634e-02 2.365148714805122654e+04 0.000000000000000000e+00
-1.053422193355790881e+02 -1.053448815751691257e+02 2.986894959091434404e-02 2.332317595663025349e+04 0.000000000000000000e+00
-1.107629045316081431e+02 -1.107377636011401592e+02 3.906913483508490936e-02 1.121997118707125774e+05 0.000000000000000000e+00
-1.025572472258670729e+02 -1.025591114721230639e+02 3.270600910901987068e-02 1.105027430710069311e+05 0.000000000000000000e+00
-1.052349504698677833e+02 -1.051980274892130467e+02 4.119611913700047673e-02 1.087764798900447786e+05 0.000000000000000000e+00
-1.051528033322095723e+02 -1.051363599943048115e+02 6.119434037298734225e-02 1.072845900067371840e+05 0.000000000000000000e+00
-1.080240433015637223e+02 -1.080226888636366027e+02 1.812778789938120430e-02 2.168564582591870567e+04 0.000000000000000000e+00
-1.080526600399256836e+02 -1.080020423696458352e+02 3.734042763700479856e-02 1.041505701361132524e+05 0.000000000000000000e+00
-9.461508363022005597e+01 -9.455019866084487035e+01 5.535235988897325293e-02 1.029474417774012254e+05 0.000000000000000000e+00
-1.080885701904550444e+02 -1.080713238587177187e+02 3.772319367854384820e-02 1.019403770148362091e+05 0.000000000000000000e+00
-1.027347589631246620e+02 -1.027600209272466145e+02 2.671329140919836975e-02 2.046097788681527527e+04 0.000000000000000000e+00
-1.025351082660457251e+02 -1.025388393397083462e+02 2.252678363217848825e-02 2.024562679496611963e+04 0.000000000000000000e+00
-1.026363260409261216e+02 -1.026246137520436719e+02 3.139548597013668008e-02 9.780452572373527801e+04 0.000000000000000000e+00
-1.080143984502465173e+02 -1.079944709404213796e+02 2.633655415021724996e-02 9.648182859725152957e+04 0.000000000000000000e+00
-1.107641391499524701e+02 -1.107478883700092354e+02 3.224272417584282679e-02 9.522758690232638037e+04 0.000000000000000000e+00
-9.976014311374527210e+01 -9.978401054357341593e+01 3.079722902140263896e-02 1.922815157162571995e+04 0.000000000000000000e+00
-9.894682249910856342e+01 -9.900827590077796003e+01 3.628450598456090664e-02 1.902968373492886894e+04 0.000000000000000000e+00
-1.079959102214200612e+02 -1.080009755876853177e+02 1.672246924398559931e-02 1.907380090967169235e+04 0.000000000000000000e+00
-1.080400405491195244e+02 -1.080571537535921891e+02 1.978504947223956589e-02 1.883179740246402071e+04 0.000000000000000000e+00
-1.107574962812803676e+02 -1.107501992945846041e+02 2.955958952749833391e-02 8.964889330285297183e+04 0.000000000000000000e+00
-1.044346152327417627e+02 -1.043751440585548238e+02 4.411585649591158453e-02 8.853351493373066478e+04 0.000000000000000000e+00
-1.054299816215042114e+02 -1.054299503156251347e+02 2.321519792898102744e-02 1.819111016427231152e+04 0.000000000000000000e+00
-1.107167865353996348e+02 -1.107236047484772996e+02 2.051647684247943915e-02 1.796908512785246421e+04 0.000000000000000000e+00
-1.024554926715059224e+02 -1.024521574852995087e+02 3.772534147148803169e-02 8.596537289546173997e+04 0.000000000000000000e+00
-1.107579823527210721e+02 -1.107525982892024814e+02 2.656087366812135905e-02 8.494296112742589321e+04 0.000000000000000000e+00
-1.052830329869365187e+02 -1.052857019214295775e+02 1.506384730560172448e-02 1.735207815846817175e+04 0.000000000000000000e+00
-1.107650257099161308e+02 -1.107767253472849092e+02 1.641494389406988538e-02 1.715061901367373866e+04 0.000000000000000000e+00
-1.080922370082302280e+02 -1.080808366704099512e+02 2.962526334175023118e-02 8.214011986769187206e+04 0.000000000000000000e+00
-9.942442606612740974e+01 -9.935178705146620359e+01 2.921389829090642251e-02 8.122013466877966130e+04 0.000000000000000000e+00
-1.025967709024379815e+02 -1.026140072964607413e+02 1.780826049918272577e-02 1.679250204497759842e+04 0.000000000000000000e+00
-1.053513749785208518e+02 -1.053600025009413770e+02 1.120509599684970693e-02 1.663148106427169841e+04 0.000000000000000000e+00
-1.054211860782383070e+02 -1.053842229114061411e+02 2.734850604744189922e-02 7.912773340800285223e+04 0.000000000000000000e+00
-1.106742380645422514e+02 -1.106673797666786072e+02 2.067277647178440703e-02 1.627909043976465182e+04 0.000000000000000000e+00
-1.080521782262133854e+02 -1.080488394899301454e+02 1.109267866745104053e-02 1.610697111046287137e+04 0.000000000000000000e+00
-9.991111485561415861e+01 -9.990991010113521043e+01 2.774719322013723469e-02 1.593668572487381425e+04 0.000000000000000000e+00
-1.052301412955543469e+02 -1.052248033993628695e+02 1.730323410074966622e-02 1.576891254575617495e+04 0.000000000000000000e+00
-1.080709497858865262e+02 -1.080484510300355652e+02 2.267601839205821493e-02 7.538120844370995474e+04 0.000000000000000000e+00
-1.053669341757826885e+02 -1.053849496722028931e+02 1.482588050292767308e-02 1.545251946530807072e+04 0.000000000000000000e+00
-1.080741709053099413e+02 -1.080803848324484022e+02 1.467791266254203815e-02 1.532306579326326937e+04 0.000000000000000000e+00
-1.023680549967001241e+02 -1.023852236983419317e+02 3.737085233060096628e-02 7.321690775756115909e+04 0.000000000000000000e+00
-1.052841734271428749e+02 -1.052714457321509798e+02 1.787720180624972205e-02 7.251022932647778362e+04 0.000000000000000000e+00
-1.026332299472012011e+02 -1.026474211344307577e+02 1.411280514974231660e-02 1.487745471289262605e+04 0.000000000000000000e+00
-1.106654081152295106e+02 -1.106502767125315643e+02 2.538871501553499957e-02 7.116566691044633626e+04 0.000000000000000000e+00
-1.024722739530713227e+02 -1.024816274070864210e+02 1.445282873902807401e-02 1.461130500719219708e+04 0.000000000000000000e+00
-1.052268635751520520e+02 -1.052356279045529988e+02 2.423817055328612510e-02 6.982160977340063255e+04 0.000000000000000000e+00
-1.051895553279290567e+02 -1.051826082716418540e+02 1.882837649020652551e-02 6.916319229657629330e+04 0.000000000000000000e+00
-1.053101195938820496e+02 -1.053108117639744705e+02 1.214294238276693479e-02 1.422809833151615203e+04 0.000000000000000000e+00
-1.053388103818176944e+02 -1.053394899821250164e+02 1.624266809217347896e-02 6.792471046320859750e+04 0.000000000000000000e+00
-1.079589609078427515e+02 -1.079524026420055947e+02 1.804751621446433821e-02 6.729578444929470425e+04 0.000000000000000000e+00
-1.052019147354657207e+02 -1.051997209624756380e+02 1.052606319867455641e-02 1.386043867423925440e+04 0.000000000000000000e+00
-1.080680049554964910e+02 -1.080675956399038284e+02 1.322809079301000973e-02 1.373477745207438056e+04 0.000000000000000000e+00
-1.025677821242453973e+02 -1.025608960684426449e+02 2.459101335844655553e-02 6.553207931255641597e+04 0.000000000000000000e+00
-1.053561374765414200e+02 -1.053584696707222292e+02 8.534467633697367592e-03 1.348960355428366711e+04 0.000000000000000000e+00
-1.013832356325679314e+02 -1.014319856708526260e+02 3.128753368108554839e-02 6.440118466797734436e+04 0.000000000000000000e+00
-1.025626450707665356e+02 -1.025610934975995150e+02 1.266289313727867946e-02 1.333245978365423434e+04 0.000000000000000000e+00
-1.053373678601226828e+02 -1.053391987493867106e+02 9.167823959216205021e-03 1.321679959843269717e+04 0.000000000000000000e+00
-1.024822875042269459e+02 -1.024668389562872619e+02 2.474245792863228807e-02 6.301564615334759583e+04 0.000000000000000000e+00
-9.966497546691819309e+01 -9.969713255259998164e+01 3.023478035788501259e-02 1.299272411734875095e+04 0.000000000000000000e+00
-1.080765553620543216e+02 -1.080785859363163155e+02 1.265831381570234858e-02 1.294422870471533679e+04 0.000000000000000000e+00
-9.977887238733636366e+01 -9.979577617783911592e+01 1.677275338610801497e-02 1.283578300208300607e+04 0.000000000000000000e+00
-1.052870040904730757e+02 -1.052893639162188038e+02 9.411550004223835988e-03 1.274804244979441501e+04 0.000000000000000000e+00
-9.997083580973929884e+01 -9.996224339946842008e+01 1.975434777873210507e-02 1.264290659137402326e+04 0.000000000000000000e+00
-1.053370893992607620e+02 -1.053395830271333722e+02 1.384527843887907624e-02 1.254324897201362364e+04 0.000000000000000000e+00
-1.106680522397032291e+02 -1.106679081275465535e+02 1.380508535820403407e-02 1.244164590988530472e+04 0.000000000000000000e+00
-1.026323419500121332e+02 -1.026293066825391520e+02 1.301218811210148006e-02 5.913475919341115514e+04 0.000000000000000000e+00
-9.921630660057834916e+01 -9.919435248530575677e+01 1.613773993215023364e-02 1.224285662927231897e+04 0.000000000000000000e+00
-9.982033773093267826e+01 -9.982277287625956319e+01 1.489916236064725737e-02 1.217922574443795929e+04 0.000000000000000000e+00
-1.052957108642847004e+02 -1.052977511864635574e+02 1.747323319805294331e-02 5.775162125148631458e+04 0.000000000000000000e+00
-1.079977744349151010e+02 -1.079968329028109792e+02 1.072542525864778919e-02 1.198965539029892534e+04 0.000000000000000000e+00
-1.025446212174698246e+02 -1.025453592110801253e+02 1.207780232222833289e-02 1.189671526950663974e+04 0.000000000000000000e+00
-1.052631466571296954e+02 -1.052619654661097712e+02 1.213225518951869218e-02 5.649459092544225859e+04 0.000000000000000000e+00
-1.080550806282822975e+02 -1.080533775027021903e+02 8.808279793366600302e-03 1.171878925123618865e+04 0.000000000000000000e+00
-1.054261171420645127e+02 -1.054275305412657104e+02 1.193931998551075666e-02 1.163013475266386922e+04 0.000000000000000000e+00
-1.053026919324916832e+02 -1.053003396189837844e+02 1.562099077653194418e-02 5.523902499138203711e+04 0.000000000000000000e+00
-1.053111851600134798e+02 -1.053104146213597829e+02 4.483153492801318987e-03 1.274806342907788576e+03 0.000000000000000000e+00
-1.080261415185101299e+02 -1.080246493815142230e+02 9.054969398362621921e-03 1.137404836011203406e+04 0.000000000000000000e+00
-9.591673125970204694e+01 -9.595999036324964493e+01 3.641356115267154608e-02 5.406819738569106266e+04 0.000000000000000000e+00
-1.106959321248859851e+02 -1.106971532333881640e+02 9.868862637666984267e-03 1.149877334315840926e+04 0.000000000000000000e+00
-1.053223664686881591e+02 -1.053067497647321318e+02 1.853561749943097650e-02 5.341678453160382196e+04 0.000000000000000000e+00
-1.025558535926191723e+02 -1.025587646879420305e+02 6.208483922943614647e-03 1.133470910290072970e+04 0.000000000000000000e+00
-1.026095572748964457e+02 -1.026152522888288701e+02 8.525125844582469650e-03 1.125400706575254117e+04 0.000000000000000000e+00
-1.079983291397541194e+02 -1.079953903527004542e+02 9.043445871902653158e-03 1.117594949414954499e+04 0.000000000000000000e+00
-1.053000479361049457e+02 -1.052953715043260843e+02 9.558245732548603310e-03 1.109772925351541380e+04 0.000000000000000000e+00
-1.053390675194234660e+02 -1.053410090216963226e+02 8.780286477140884088e-03 1.102151739943254870e+04 0.000000000000000000e+00
-9.980219899749495482e+01 -9.980124366203989439e+01 1.992329832498049638e-02 1.094519530965532613e+04 0.000000000000000000e+00
-9.984869272420975506e+01 -9.984440461872348749e+01 1.332207285923511092e-02 1.086969313364415939e+04 0.000000000000000000e+00
-9.985926630147402250e+01 -9.986556996371726314e+01 1.876413087667431687e-02 5.057872942336872075e+04 0.000000000000000000e+00
-1.053493499321720606e+02 -1.053403958619896628e+02 8.922513881315676659e-03 1.072359009944136960e+04 0.000000000000000000e+00
-1.080070038598576332e+02 -1.080063784025543470e+02 7.023598199842215513e-03 1.065599910497236306e+04 0.000000000000000000e+00
-9.905929461515169976e+01 -9.906994509741656429e+01 1.989853040053240346e-02 1.194945355356184109e+03 0.000000000000000000e+00
-1.026235378845829445e+02 -1.026188768810161775e+02 1.665448325733105694e-02 4.926014802938437788e+04 0.000000000000000000e+00
-1.026369150570679949e+02 -1.026316545067965507e+02 1.453678338868178398e-02 4.893533070465078345e+04 0.000000000000000000e+00
-1.016956708000536196e+02 -1.017502984455851163e+02 1.956954743277826425e-02 1.039087604170851409e+04 0.000000000000000000e+00
-1.107195553279924241e+02 -1.107232753585710299e+02 9.095106188114803619e-03 1.045775789791287207e+04 0.000000000000000000e+00
-1.053591636595143655e+02 -1.053577149272277040e+02 7.951452220509429639e-03 1.039078196284667501e+04 0.000000000000000000e+00
-1.026254194671667932e+02 -1.026052676194762796e+02 1.292368827194009112e-02 4.772019340508982714e+04 0.000000000000000000e+00
-1.080727103230340731e+02 -1.080722627081262743e+02 9.199526495925813840e-03 1.025785225510655073e+04 0.000000000000000000e+00
-1.041359096597360292e+02 -1.041505858985995445e+02 2.309771049217761510e-02 1.019247172486842828e+04 0.000000000000000000e+00
-1.018530111557816156e+02 -1.018419938250607970e+02 1.363962823774086605e-02 1.013569630314460483e+04 0.000000000000000000e+00
-9.310425246103328334e+01 -9.314652630780014420e+01 2.870990684532457107e-02 1.007862223812982302e+04 0.000000000000000000e+00
-1.053291906680233296e+02 -1.053231943454397594e+02 8.195866597048984473e-03 4.684128851434141689e+04 0.000000000000000000e+00
-1.080805661215489408e+02 -1.080809119695204998e+02 7.567743440058926838e-03 1.000889798569844424e+04 0.000000000000000000e+00
-1.016616002515959138e+02 -1.017082014729361532e+02 1.758087079942510095e-02 9.947104141476145742e+03 0.000000000000000000e+00
-1.012757709718068213e+02 -1.013506974269346586e+02 2.104495288634161340e-02 4.614526012124327099e+04 0.000000000000000000e+00
-1.107180806331196692e+02 -1.107186374940618521e+02 9.417376953625742481e-03 9.979697934869949677e+03 0.000000000000000000e+00
-1.107181255511092246e+02 -1.107186504289200002e+02 8.996736090693742416e-03 9.919229031310462233e+03 0.000000000000000000e+00
-1.025531529405680686e+02 -1.025553684988318253e+02 7.105957054921267606e-03 9.859483299879293554e+03 0.000000000000000000e+00
-1.025609833536442466e+02 -1.025661912594715517e+02 7.226405778922098677e-03 9.800611154924585207e+03 0.000000000000000000e+00
-1.081773754947041510e+02 -1.081639761596600238e+02 2.154604299264162304e-02 4.515057509956976719e+04 0.000000000000000000e+00
-1.106940311381062116e+02 -1.106925591669128721e+02 8.845929483739460586e-03 9.689208654802767342e+03 0.000000000000000000e+00
-9.987512188818416803e+01 -9.986833036104017935e+01 1.603486349507603215e-02 4.464300682117237739e+04 0.000000000000000000e+00
-1.025732857284456827e+02 -1.025754956776456339e+02 1.232354875881385217e-02 4.438475062863367202e+04 0.000000000000000000e+00
-1.052353586868549513e+02 -1.052364198494476852e+02 7.497809039346018875e-03 9.524539781199822755e+03 0.000000000000000000e+00
-9.628250441323018549e+01 -9.634370095635738096e+01 2.757849198514772740e-02 4.388176849652555393e+04 0.000000000000000000e+00
-1.107191929373970964e+02 -1.107211564657707754e+02 8.698882895785487249e-03 9.524660718300605367e+03 0.000000000000000000e+00
-1.009041438741160022e+02 -1.008896386145522541e+02 1.758702373468770674e-02 9.470472617284343869e+03 0.000000000000000000e+00
-1.052104405483531195e+02 -1.052107610800521655e+02 1.259108326144603093e-02 9.426705511506477706e+03 0.000000000000000000e+00
-1.053355522217820948e+02 -1.053353892819159086e+02 8.028238425832417979e-03 9.373456206728465986e+03 0.000000000000000000e+00
-1.068344783716711390e+02 -1.069017147691020426e+02 2.520965550181795620e-02 4.292171946429743548e+04 0.000000000000000000e+00
-1.080535490653834358e+02 -1.080558063476652535e+02 5.827666936735451803e-03 9.269480732203828666e+03 0.000000000000000000e+00
-1.080779540601722033e+02 -1.080770188616809264e+02 7.403407447885990318e-03 9.218205462106287086e+03 0.000000000000000000e+00
-1.080562705547773561e+02 -1.080545871031234668e+02 5.859210047272253065e-03 9.167279610284187584e+03 0.000000000000000000e+00
-1.079677381716669800e+02 -1.079564403053293802e+02 1.193560357527528523e-02 4.221708049516404571e+04 0.000000000000000000e+00
-1.080741158471994510e+02 -1.080755796992546891e+02 6.570950399315465124e-03 9.070841029176986922e+03 0.000000000000000000e+00
-1.052309743821424632e+02 -1.052305636405671692e+02 1.293018292623302617e-02 4.177960868576818029e+04 0.000000000000000000e+00
-1.022555464958584679e+02 -1.021989450914542061e+02 3.217013408055461460e-02 8.973005795373146611e+03 0.000000000000000000e+00
-1.053553287751058463e+02 -1.053537085992568052e+02 5.053712921493593371e-03 9.003039420284811058e+03 0.000000000000000000e+00
-1.052783715962845861e+02 -1.052784495503712634e+02 6.196641702528231030e-03 8.955067907874716184e+03 0.000000000000000000e+00
-1.080806307591892192e+02 -1.080800751291002371e+02 8.533441619663417049e-03 8.907419603348625969e+03 0.000000000000000000e+00
-1.008030683309605138e+02 4.568478726566715064e+21 9.412896515173807188e+01 8.860262080537120710e+03 0.000000000000000000e+00
-1.052831733656973938e+02 -1.052855124223337100e+02 5.290650062202580800e-03 8.860262080537120710e+03 0.000000000000000000e+00
-9.695578631155194671e+01 -9.698323284197827832e+01 1.908265566107792896e-02 8.813791477721810224e+03 0.000000000000000000e+00
-1.080013601031712795e+02 -1.080011038059506205e+02 5.905311801035365536e-03 8.800866743241967924e+03 0.000000000000000000e+00
-1.026972737613543387e+02 -1.026701459916709638e+02 1.496264366694198197e-02 4.012741120120882988e+04 0.000000000000000000e+00
-1.053596643201619543e+02 -1.053585442046982052e+02 5.922216076884268161e-03 8.712365240815477591e+03 0.000000000000000000e+00
-1.008766930589984838e+02 3.598516243995352960e+17 9.309939765327713701e+01 8.667497843403023580e+03 0.000000000000000000e+00
-1.026063971567894555e+02 -1.026097946118978825e+02 5.331099793472385620e-03 8.667497843403023580e+03 0.000000000000000000e+00
-1.080739757610608081e+02 -1.080790664311417686e+02 1.007431527429770123e-02 8.623472617588417052e+03 0.000000000000000000e+00
-1.024974564548186322e+02 -1.024973598209973034e+02 9.337382998096967895e-03 8.580733296338326909e+03 0.000000000000000000e+00
-1.001441933309543231e+02 -1.002412833714599998e+02 2.079745055430461120e-02 8.537165797953834044e+03 0.000000000000000000e+00
-1.080758645902019026e+02 -1.080819917385389601e+02 8.496938273506901909e-03 8.802877955747260785e+03 0.000000000000000000e+00
-1.025330605698346460e+02 -1.025196001140502773e+02 1.941746012750471609e-02 3.952647677183847554e+04 0.000000000000000000e+00
-1.025538459672872591e+02 -1.025361616174087374e+02 9.218937061974394331e-03 8.726405713011659827e+03 0.000000000000000000e+00
-1.107150739636421690e+02 -1.107068304427148320e+02 1.240810618726012268e-02 3.914254523394475109e+04 0.000000000000000000e+00
-9.980082355944905714e+01 -9.981172010624234758e+01 7.484896115185046828e-03 8.653917170271482973e+03 0.000000000000000000e+00
-1.080218738937779364e+02 -1.080154733350269112e+02 9.740092031291227095e-03 3.876049008286497701e+04 0.000000000000000000e+00
-1.052498495503865570e+02 -1.052408022820882252e+02 1.003267523759476115e-02 3.857247031756907381e+04 0.000000000000000000e+00
-1.053428839500438414e+02 -1.053368379684193883e+02 9.508497621673507247e-03 3.838827570741836098e+04 0.000000000000000000e+00
-1.080698960043489052e+02 -1.080722020532487022e+02 6.041431454600810005e-03 8.493311578109407492e+03 0.000000000000000000e+00
-9.727517991303346889e+01 -9.727276448213675053e+01 1.629712145057481132e-02 3.802306929262111953e+04 0.000000000000000000e+00
-1.080492565958631417e+02 -1.080546240174728609e+02 5.144634705206294761e-03 8.417877504878462787e+03 0.000000000000000000e+00
-1.052825585327990296e+02 -1.052822660319063175e+02 4.404893379838619762e-03 8.378891681718028849e+03 0.000000000000000000e+00
-1.080242857652053488e+02 -1.080155043915218300e+02 1.153849869079051453e-02 3.748540615764049289e+04 0.000000000000000000e+00
-1.080162264599833293e+02 -1.080094797900507189e+02 1.020634512567726235e-02 3.731127129324107955e+04 0.000000000000000000e+00
-1.025063448217093338e+02 -1.025038015324008143e+02 8.060810155852676101e-03 8.260653156860145828e+03 0.000000000000000000e+00
-1.080401022073327368e+02 -1.080258551909010976e+02 9.741037978069633230e-03 3.696319734544208040e+04 0.000000000000000000e+00
-1.012663171640552804e+02 2.901833816861576250e+14 3.200231488862844031e+01 1.024148158230929766e+03 0.000000000000000000e+00
-1.014835559499847051e+02 -1.014939605321731193e+02 1.258932680147826708e-02 8.184068852216614687e+03 0.000000000000000000e+00
-9.875144815003616827e+01 -9.880515663971469564e+01 2.144040896480747457e-02 3.662948016932520841e+04 0.000000000000000000e+00
-1.107788660386582507e+02 -1.107678874084914753e+02 1.004987020177685632e-02 3.657539151159715402e+04 0.000000000000000000e+00
-1.080681975748235288e+02 -1.080669567014329431e+02 7.038228321325521418e-03 8.079196258108294387e+03 0.000000000000000000e+00
-9.714737602081513046e+01 -9.714243043907984543e+01 1.224380712368448865e-02 8.042166448875304013e+03 0.000000000000000000e+00
-9.358849796900514662e+01 -9.354611212932628916e+01 2.064962756354851367e-02 8.006539642884491514e+03 0.000000000000000000e+00
-1.081223639763331761e+02 -1.081238363351194920e+02 6.778187068941810348e-03 8.024367090080407252e+03 0.000000000000000000e+00
-1.080979178221723060e+02 -1.081008273755117273e+02 9.155214558337303535e-03 7.988207476193751972e+03 0.000000000000000000e+00
-1.037036021461585591e+02 -1.037385740024913332e+02 1.257912515125991088e-02 7.952681064672755383e+03 0.000000000000000000e+00
-9.975747201993199553e+01 -9.975596982308132965e+01 6.623562558080598600e-03 9.936841729384922246e+02 0.000000000000000000e+00
-1.080546237863559611e+02 -1.080585537501965518e+02 5.484784930526026385e-03 7.933383519321015228e+03 0.000000000000000000e+00
-1.052284050959608948e+02 -1.052271879959093468e+02 6.223521201756357368e-03 7.898791610627227783e+03 0.000000000000000000e+00
-1.027054573659538903e+02 -1.027122355923949613e+02 6.812723920556942869e-03 7.863925393933945088e+03 0.000000000000000000e+00
-1.052584087720543664e+02 -1.052483916011500753e+02 6.929119308550842939e-03 3.499815404216137540e+04 0.000000000000000000e+00
-1.018796693742312129e+02 -1.018391244111139287e+02 1.729293129462254261e-02 3.484908532845658920e+04 0.000000000000000000e+00
-1.079842793405439920e+02 -1.079692080516277315e+02 8.975858546690661244e-03 3.476283955676339247e+04 0.000000000000000000e+00
-1.024615830813349078e+02 -1.024663820270601207e+02 1.327912314620011136e-02 3.462136883578426205e+04 0.000000000000000000e+00
-1.080728384030444289e+02 -1.080749232010104777e+02 5.347242321961396226e-03 7.737660240320376033e+03 0.000000000000000000e+00
-1.053840972415463142e+02 -1.053733894489429446e+02 8.494104040897718089e-03 3.433040808271521382e+04 0.000000000000000000e+00
-1.014914290962413332e+02 9.217780975154210000e+15 8.758743361550585860e+01 7.671558527350644908e+03 0.000000000000000000e+00
-1.052355705743079426e+02 -1.052295240605106557e+02 7.609637167085150228e-03 7.671558527350644908e+03 0.000000000000000000e+00
-1.032021632457427387e+02 -1.031819426004086893e+02 1.274439299339202337e-02 7.640141028311763876e+03 0.000000000000000000e+00
-9.997443161444471116e+01 -9.997446216543997366e+01 1.047385718458741267e-02 7.619787687748892495e+03 0.000000000000000000e+00
-1.107231427910929682e+02 -1.107272527070853130e+02 6.534868396140407903e-03 7.587504469700300433e+03 0.000000000000000000e+00
-1.052106363789831391e+02 -1.052010793499703283e+02 9.775131720189804765e-03 3.376299076711931411e+04 0.000000000000000000e+00
-1.018254186581756784e+02 -1.018301105546704690e+02 1.111887230158271379e-02 7.524963933667672791e+03 0.000000000000000000e+00
-9.914155025267587007e+01 -9.910257043425491474e+01 2.566674144331932556e-02 3.349139893489408860e+04 0.000000000000000000e+00
-1.026591270543710124e+02 -1.026559092420343688e+02 1.464567677409588618e-02 3.340573020696739695e+04 0.000000000000000000e+00
-1.053120751970198796e+02 -1.053130397193303054e+02 5.562173790588371795e-03 7.442772313171282804e+03 0.000000000000000000e+00
-1.053413662710173355e+02 -1.053287910529166282e+02 8.422884882811884633e-03 3.313674368250808038e+04 0.000000000000000000e+00
-1.031820073258351584e+02 -1.031374784725945517e+02 1.674602285343020427e-02 7.382579407560133404e+03 0.000000000000000000e+00
-1.053568593813559460e+02 -1.053542612744420950e+02 5.448469609815021451e-03 7.406801325745514077e+03 0.000000000000000000e+00
-1.052787798098159158e+02 -1.052782100729133106e+02 6.091229927977372116e-03 7.376844484731272132e+03 0.000000000000000000e+00
-1.027226536021639731e+02 -1.027224347753132605e+02 1.363218816548845795e-02 3.264494297918620214e+04 0.000000000000000000e+00
-1.017801394788632336e+02 -1.017280987816086792e+02 1.241166653448352343e-02 7.317231929269263674e+03 0.000000000000000000e+00
-9.712366473965886371e+01 -9.714095727782626000e+01 1.043104673204704562e-02 7.377968755800006875e+03 0.000000000000000000e+00
-1.052568475899438170e+02 -1.052562827057232226e+02 4.402649929374889345e-03 7.357657958966758088e+03 0.000000000000000000e+00
-1.054024314322162041e+02 -1.054047931299948004e+02 5.188369095103618524e-03 7.328246878650210419e+03 0.000000000000000000e+00
-1.025829280616920869e+02 -1.025887281005128671e+02 1.927000908660738213e-02 3.209783508843487652e+04 0.000000000000000000e+00
-1.052615878141345007e+02 -1.052492592712699349e+02 7.108325865665310675e-03 3.197175216519376409e+04 0.000000000000000000e+00
-1.032304274767003562e+02 -1.032175977705356757e+02 1.061120291884624922e-02 7.243052840873343484e+03 0.000000000000000000e+00
-1.026298275951843664e+02 -1.026304101772600745e+02 2.820500454269010953e-03 9.175100050745458020e+02 0.000000000000000000e+00
-1.052305833780136908e+02 -1.052174364577307557e+02 1.203297121293186132e-02 3.167392284644974279e+04 0.000000000000000000e+00
-1.005331309712850754e+02 -1.004967852740979311e+02 2.436572472777612935e-02 3.155670764126488939e+04 0.000000000000000000e+00
-9.984209309285695610e+01 -9.985136091512566736e+01 9.068162011892672014e-03 7.176905203651724150e+03 0.000000000000000000e+00
-1.080680104764140310e+02 -1.080683227724406521e+02 5.598517454955563577e-03 7.151834687090193256e+03 0.000000000000000000e+00
-1.079693100564677053e+02 -1.079605355153012454e+02 8.765175949247343973e-03 3.123785501675675914e+04 0.000000000000000000e+00
-9.704988181434765693e+01 -9.706104625910710126e+01 1.631657781668634580e-02 3.112056238762703288e+04 0.000000000000000000e+00
-1.052961505138049034e+02 -1.052866764685616658e+02 1.042914896645344251e-02 3.100588429093482046e+04 0.000000000000000000e+00
-1.041251418794061436e+02 -1.041777302348198333e+02 1.365432176297770757e-02 3.089086232059114991e+04 0.000000000000000000e+00
-9.978230243978862291e+01 -9.978523636471109626e+01 1.216311178938574850e-02 3.087206951628288152e+04 0.000000000000000000e+00
-1.052368318888242555e+02 -1.052438263528335227e+02 1.332033592139034335e-02 3.075543542307362804e+04 0.000000000000000000e+00
-1.017668704958129666e+02 -1.017700944562015763e+02 1.743646198573446660e-02 3.064106402123900989e+04 0.000000000000000000e+00
-9.980138074578489693e+01 -9.978788088993393046e+01 1.687645787050643525e-02 3.052626565549564111e+04 0.000000000000000000e+00
-1.053305669892101974e+02 -1.053317274625654960e+02 5.070848206719595630e-03 6.930886848257474412e+03 0.000000000000000000e+00
-1.080418038586247604e+02 -1.080413795917960158e+02 5.949912881071760598e-03 6.905059999564701684e+03 0.000000000000000000e+00
-1.052912820946531411e+02 -1.052876517610051792e+02 8.158163171331693150e-03 3.019753419017892520e+04 0.000000000000000000e+00
-1.017125432037577610e+02 -1.017256057693549565e+02 1.368065488793452841e-02 3.008620195012398835e+04 0.000000000000000000e+00
-1.026277286817280299e+02 -1.026185732432396094e+02 8.286916222370493620e-03 2.998096734921607276e+04 0.000000000000000000e+00
-1.080550766534002349e+02 -1.080467781559599132e+02 6.666180220307964428e-03 2.987388759843566731e+04 0.000000000000000000e+00
-9.919675253425980088e+01 -9.911063610956497882e+01 1.706033614086567909e-02 2.976693005056341644e+04 0.000000000000000000e+00
-1.081001496655283063e+02 -1.081043590790850004e+02 5.426708566764333955e-03 7.026831466868302414e+03 0.000000000000000000e+00
-9.419923146909464151e+01 -9.421234201718687018e+01 1.971064504755502128e-02 2.979824420578733407e+04 0.000000000000000000e+00
-1.027479338863821852e+02 -1.027452132218010661e+02 1.139100019581930356e-02 6.996430916050186170e+03 0.000000000000000000e+00
-1.026695502961020594e+02 -1.026675594904609170e+02 1.161105899226232661e-02 2.959329733403017599e+04 0.000000000000000000e+00
-1.044965480654880849e+02 -1.044563450251233974e+02 1.688662317924947628e-02 1.009725527608333778e+03 0.000000000000000000e+00
-9.452156620052093672e+01 -9.450199430244413179e+01 1.434752610666986325e-02 6.921303017136278868e+03 0.000000000000000000e+00
-9.974616599851059107e+01 -9.974339967673586216e+01 1.199973076436098435e-02 2.977180216776482484e+04 0.000000000000000000e+00
-1.013806932684755111e+02 -1.014161347739194525e+02 8.316680238301718542e-03 6.881117176987191669e+03 0.000000000000000000e+00
-1.054013993459994651e+02 -1.053929826109457508e+02 7.368345869958358059e-03 2.963847369952692679e+04 0.000000000000000000e+00
-1.025840938174213477e+02 -1.025871147815856261e+02 4.649954624549550511e-03 6.870118200457901366e+03 0.000000000000000000e+00
-1.107673314077507172e+02 -1.107720873615881345e+02 5.161031666795708878e-03 6.846134519015702608e+03 0.000000000000000000e+00
-1.107139164314602908e+02 -1.107171141293316907e+02 5.799394184232024851e-03 6.822936720770067950e+03 0.000000000000000000e+00
-1.080605530090203814e+02 -1.080533628151731307e+02 8.312396728723197778e-03 2.923937122241907855e+04 0.000000000000000000e+00
-1.107271392954765759e+02 -1.107192417224199801e+02 8.930169152634925486e-03 2.913923224852111889e+04 0.000000000000000000e+00
-1.026900040404908054e+02 -1.026971755376350188e+02 5.261425756785404438e-03 6.753038476706482470e+03 0.000000000000000000e+00
-1.107231554159039177e+02 -1.107276741653268033e+02 5.428066164351528534e-03 6.731541624790015703e+03 0.000000000000000000e+00
-1.080056580526580632e+02 -1.080071571372328521e+02 3.760673892559151122e-03 6.709024410195439486e+03 0.000000000000000000e+00
-9.938667338935150042e+01 -9.932524914742172939e+01 1.431132813518880102e-02 2.875239081061703837e+04 0.000000000000000000e+00
-1.079950051056221838e+02 -1.079894104643130248e+02 7.644016923543129130e-03 2.877519346657390270e+04 0.000000000000000000e+00
-1.054059531595711690e+02 -1.054007094007202312e+02 8.018372188478808255e-03 2.867804343303750647e+04 0.000000000000000000e+00
-1.052824252969463288e+02 -1.052836614697175719e+02 2.331319497689675162e-03 9.777473108889032574e+02 0.000000000000000000e+00
-1.042581545694912251e+02 -1.042621555679817220e+02 1.085177058570608449e-02 6.629946374867457052e+03 0.000000000000000000e+00
-1.080521861081495985e+02 -1.080537612575216144e+02 3.880142666766105922e-03 6.608084227525457209e+03 0.000000000000000000e+00
-1.052573625202441150e+02 -1.052573145868729085e+02 4.246657949595894141e-03 6.585906980225302505e+03 0.000000000000000000e+00
-1.026438777712710504e+02 -1.026476775219996966e+02 5.182596277658835411e-03 6.563804496610331626e+03 0.000000000000000000e+00
-1.024163036881126629e+02 -1.024133761875394697e+02 1.367067150059309705e-02 2.814814153812552831e+04 0.000000000000000000e+00
-1.041568667854295143e+02 -1.041935806730615184e+02 1.448926946470608344e-02 2.805453725994071647e+04 0.000000000000000000e+00
-1.052197295377829676e+02 -1.052143786526103924e+02 9.347526955648170072e-03 2.800366871611989336e+04 0.000000000000000000e+00
-9.992985500763364826e+01 -9.993988494204158712e+01 8.420564229841840179e-03 6.483314210585371256e+03 0.000000000000000000e+00
-1.053372944529601938e+02 -1.053372606993911802e+02 4.783891532388142437e-03 6.465683194038912916e+03 0.000000000000000000e+00
-1.079722653228110261e+02 -1.079711180718877301e+02 4.928694071157263198e-03 6.444412364586059994e+03 0.000000000000000000e+00
-1.025163828854468164e+02 -1.025195864192681370e+02 5.277442849654371410e-03 6.423304248848419775e+03 0.000000000000000000e+00
-1.015933952164064635e+02 -1.015855350609056416e+02 1.809677775899704716e-02 2.756429761770459663e+04 0.000000000000000000e+00
-1.053585761326865935e+02 -1.053600140207789195e+02 3.812816785626796379e-03 6.381773251293881913e+03 0.000000000000000000e+00
-1.026962841490086618e+02 -1.027011142485024635e+02 5.810128423707938000e-03 6.361099421476853422e+03 0.000000000000000000e+00
-1.079790309384990934e+02 -1.079668067671573937e+02 6.805150447153267800e-03 2.730231988824265136e+04 0.000000000000000000e+00
-1.027068210118951868e+02 -1.027086746753238486e+02 5.220947092092389358e-03 6.321450432418575474e+03 0.000000000000000000e+00
-1.080773411809500573e+02 -1.080771600864996742e+02 4.274716078760923584e-03 6.301247306413750266e+03 0.000000000000000000e+00
-1.080515297277593163e+02 -1.080548325615758927e+02 3.433809832156188048e-03 6.281047567533759320e+03 0.000000000000000000e+00
-1.053365216721583550e+02 -1.053274946270066863e+02 4.883820605422003851e-03 2.696539809458386662e+04 0.000000000000000000e+00
-1.080317239903770883e+02 -1.080361125102410540e+02 5.137684943908650895e-03 6.241719513542647292e+03 0.000000000000000000e+00
-1.052860974713563422e+02 -1.052868920809218167e+02 8.708532256688073306e-03 2.679737146503348777e+04 0.000000000000000000e+00
-1.025467333511032706e+02 -1.025487092296802416e+02 6.029112960206571038e-03 6.202872776817810518e+03 0.000000000000000000e+00
-1.053927953852826249e+02 -1.053761376528708240e+02 1.026599828632994947e-02 2.663059408508907654e+04 0.000000000000000000e+00
-9.917419106107493576e+01 -9.917675281938188903e+01 1.034762403982270561e-02 6.164482368169744404e+03 0.000000000000000000e+00
-1.017767104887754073e+02 -1.017908630519046795e+02 8.610786663496251478e-03 6.145284644901274078e+03 0.000000000000000000e+00
-1.053223892838539371e+02 -1.053220135296364646e+02 3.900842042635161745e-03 6.131522287054360277e+03 0.000000000000000000e+00
-1.053794189694594081e+02 -1.053817457264681821e+02 9.277893363096765059e-03 2.631899128983284027e+04 0.000000000000000000e+00
-9.986576719710505756e+01 -9.987398816030447790e+01 5.169762891961535503e-03 6.093517917890868375e+03 0.000000000000000000e+00
-1.054008252108172741e+02 -1.054030427708953965e+02 4.043768723420312038e-03 6.076536242299675905e+03 0.000000000000000000e+00
-1.079807411767816774e+02 -1.079688368321682788e+02 6.329330877111577144e-03 2.608416867282059320e+04 0.000000000000000000e+00
-9.825542709975532318e+01 -9.830285104617075831e+01 1.086675011018656267e-02 6.040025112089348113e+03 0.000000000000000000e+00
-1.025620020833581520e+02 -1.025656514388010834e+02 3.069013138122079088e-03 6.077533887776563461e+03 0.000000000000000000e+00
-1.053150763764588902e+02 -1.053070094048557053e+02 1.220298462542741130e-02 2.591525810449608980e+04 0.000000000000000000e+00
-9.986550201377309577e+01 -9.987452021493687937e+01 6.105823708616034580e-03 6.040767136709899205e+03 0.000000000000000000e+00
-1.025487182456693915e+02 -1.025474684618231720e+02 4.611148591846387680e-03 6.024511461948607575e+03 0.000000000000000000e+00
-1.024828130872496814e+02 -1.024822410670021782e+02 4.048761080995252719e-03 6.006303097006497410e+03 0.000000000000000000e+00
-9.853341438346825498e+01 -9.856763383820387503e+01 1.137384357465464658e-02 5.988165785883200442e+03 0.000000000000000000e+00
-1.053343332882787990e+02 -1.053243440856701909e+02 5.982305327505098823e-03 2.569055306846055828e+04 0.000000000000000000e+00
-1.052676954034718904e+02 -1.052598766048904935e+02 6.630294622512726381e-03 2.561642720199521136e+04 0.000000000000000000e+00
-1.041412993698332770e+02 -1.041354194611974151e+02 7.967502577937619207e-03 5.965021104702331286e+03 0.000000000000000000e+00
-1.024978766742261485e+02 -1.024996064295622773e+02 4.556914979363191689e-03 5.948133393509658163e+03 0.000000000000000000e+00
-1.045604652161785282e+02 -1.045728422614307931e+02 5.644116350046204933e-03 8.702964662383532186e+02 0.000000000000000000e+00
-1.080727267097492614e+02 -1.080719676459145120e+02 3.672270275611604334e-03 5.920475893046773308e+03 0.000000000000000000e+00
-1.024679923520951519e+02 -1.024618795654535575e+02 9.171404205362384404e-03 2.531133334128733259e+04 0.000000000000000000e+00
-9.979069129940283744e+01 -9.978191851050540606e+01 1.332741934351647922e-02 2.523774326982830462e+04 0.000000000000000000e+00
-1.026283147802594868e+02 -1.026305158637794079e+02 3.818873303875296860e-03 5.868585012197813739e+03 0.000000000000000000e+00
-1.052616933216472290e+02 -1.052505317432890308e+02 9.981058604753491326e-03 2.509391656354259976e+04 0.000000000000000000e+00
-1.080573564265099265e+02 -1.080473474540793433e+02 5.198855144952399532e-03 2.502410290072364296e+04 0.000000000000000000e+00
-1.052840112170321873e+02 -1.052764023387789933e+02 7.552498978307489209e-03 2.495400359701282650e+04 0.000000000000000000e+00
-9.986749345772139463e+01 -9.987704964967883825e+01 1.074514957348608399e-02 2.488315106487631419e+04 0.000000000000000000e+00
-1.053813701400591185e+02 -1.053830769129510259e+02 2.146829337827697078e-03 8.503086278790776760e+02 0.000000000000000000e+00
-9.737722503898760351e+01 -9.744039182408688760e+01 2.129575193623279086e-02 2.474648638140961339e+04 0.000000000000000000e+00
-1.053197079561904417e+02 -1.053197420962422228e+02 3.841691785475238180e-03 5.793157638412279994e+03 0.000000000000000000e+00
-1.026679007023734158e+02 -1.026681873122135755e+02 6.388742365334701065e-03 5.776508918996222747e+03 0.000000000000000000e+00
-9.989154065802379989e+01 -9.989055140705758618e+01 7.046836206584951301e-03 2.464156621076357260e+04 0.000000000000000000e+00
-1.025764757137684882e+02 -1.025759748056893699e+02 4.710471606386786199e-03 5.744617786696050644e+03 0.000000000000000000e+00
-1.008234446964735724e+02 -1.007562117905356871e+02 1.621717244582920187e-02 2.450470940463109946e+04 0.000000000000000000e+00
-1.054025886862351484e+02 -1.054075745165821161e+02 3.903202521662645086e-03 5.734121415039143358e+03 0.000000000000000000e+00
-1.018233733665695553e+02 -1.018065488835370473e+02 9.721438965481488809e-03 5.718564205768362626e+03 0.000000000000000000e+00
-1.000735050222357927e+02 -1.000492165195218490e+02 8.133027961284549495e-03 5.708741972801264637e+03 0.000000000000000000e+00
-1.026193531006725124e+02 -1.026158487244166366e+02 5.778933802799196898e-03 2.436851223135546388e+04 0.000000000000000000e+00
-1.081098433417478617e+02 -1.081002700274355277e+02 7.542132036663282656e-03 2.430041991768631851e+04 0.000000000000000000e+00
-1.025313636314123329e+02 -1.025323007675893336e+02 3.026455713021421363e-03 5.675029470013824721e+03 0.000000000000000000e+00
-1.025213274574257696e+02 -1.025159975778519765e+02 8.475740784469673952e-03 2.416720588262418823e+04 0.000000000000000000e+00
-1.107465845359442085e+02 -1.107526326747058221e+02 4.997034337215071863e-03 5.644060058378230678e+03 0.000000000000000000e+00
-1.052642585103822483e+02 -1.052649053420545897e+02 3.617725837719751227e-03 5.629430816349681663e+03 0.000000000000000000e+00
-1.051728092428612911e+02 -1.051630417922334999e+02 8.449647727869364841e-03 2.396829773766924700e+04 0.000000000000000000e+00
-1.107135468916931273e+02 -1.107171825113164658e+02 4.725919410925013935e-03 5.600138313266355908e+03 0.000000000000000000e+00
-1.052715702866902063e+02 -1.052717765300719890e+02 3.028595088972201380e-03 5.585107035934303894e+03 0.000000000000000000e+00
-1.052879481752212314e+02 -1.052892943696351296e+02 3.244342920994979819e-03 5.569761736523455511e+03 0.000000000000000000e+00
-1.054698702101837711e+02 -1.054736680934975368e+02 6.747309832391214929e-03 5.554532309683463609e+03 0.000000000000000000e+00
-1.052820080728475034e+02 -1.052789933593759599e+02 5.358378555794600026e-03 2.364915382609040171e+04 0.000000000000000000e+00
-1.053889523547938722e+02 -1.053861463637683613e+02 4.111019156833237848e-03 5.525218606177014408e+03 0.000000000000000000e+00
-1.051970675674138391e+02 -1.051910640272735975e+02 6.164813360035993096e-03 2.352682054616851019e+04 0.000000000000000000e+00
-1.052237546435102331e+02 -1.052194257368580850e+02 6.961479092101723401e-03 2.346402935860977232e+04 0.000000000000000000e+00
-1.014423132651288029e+02 -1.014558680559715356e+02 7.156435225960937514e-03 5.481676326977272765e+03 0.000000000000000000e+00
-1.013393087915684276e+02 -1.013993342909608089e+02 1.012954760579863958e-02 2.341596990519446626e+04 0.000000000000000000e+00
-1.053766468995112149e+02 -1.053838847041556903e+02 5.140095063289997282e-03 5.461877064837808575e+03 0.000000000000000000e+00
-1.053085371485230013e+02 -1.053098826855556212e+02 3.541099481340815539e-03 5.448544845759656710e+03 0.000000000000000000e+00
-9.419451495337074221e+01 -9.420244387451040780e+01 1.671118619997465776e-02 5.434015847176331590e+03 0.000000000000000000e+00
-9.971715343218417615e+01 -9.972159907345002239e+01 6.560967599856256695e-03 5.420898306255578973e+03 0.000000000000000000e+00
-1.051925294116183380e+02 -1.051849045366240603e+02 6.732726726575734982e-03 2.320267446220241982e+04 0.000000000000000000e+00
-1.025912326463240731e+02 -1.025839710304022816e+02 6.818163805112647038e-03 2.314262832368568343e+04 0.000000000000000000e+00
-1.053594974711534888e+02 -1.053581694240537701e+02 3.321700654707166432e-03 5.379473557588641597e+03 0.000000000000000000e+00
-1.054071669285832655e+02 -1.054078283734636017e+02 3.687987513549905502e-03 5.365329466007355222e+03 0.000000000000000000e+00
-1.052142957175446725e+02 -1.052135837108064180e+02 3.173995158558090470e-03 8.180415711131007583e+02 0.000000000000000000e+00
-1.053236238464836134e+02 -1.053125063385937352e+02 6.376566556348176908e-03 2.290784034914778385e+04 0.000000000000000000e+00
-9.978892258736605925e+01 -9.979670100673756394e+01 9.283258524380203283e-03 2.285111048594904787e+04 0.000000000000000000e+00
-1.052069836177984286e+02 -1.052004861186139379e+02 8.031798757960034729e-03 2.279294221786295020e+04 0.000000000000000000e+00
-1.043246693809784773e+02 -1.043229735214156761e+02 1.215570625144573105e-02 5.296590724633696482e+03 0.000000000000000000e+00
-1.053562882086443295e+02 -1.053392787651303024e+02 6.888850281908392645e-03 2.283648452228899987e+04 0.000000000000000000e+00
-9.727614735042533312e+01 -9.726508282115877080e+01 1.348447433688481842e-02 2.278458940859084032e+04 0.000000000000000000e+00
-9.845222291882252819e+01 -9.842452783734503896e+01 1.535815132666835947e-02 2.272867330059337110e+04 0.000000000000000000e+00
-1.052795019833836534e+02 -1.052798276022577255e+02 2.438159682795444823e-03 5.242968776740689464e+03 0.000000000000000000e+00
-1.106640388469438392e+02 -1.106683258480519925e+02 5.250987996207620231e-03 5.229486688394853445e+03 0.000000000000000000e+00
-1.043509573733588809e+02 -1.043458332343416401e+02 1.341155930915303301e-02 5.216650884898720506e+03 0.000000000000000000e+00
-1.052841107473185644e+02 -1.052865018513702324e+02 2.909841442727432222e-03 5.203749016748871327e+03 0.000000000000000000e+00
-1.026917692554514758e+02 -1.026936107828077382e+02 7.113409001916422975e-03 5.190570606577593026e+03 0.000000000000000000e+00
-1.107716976664566175e+02 -1.107771004759722331e+02 4.113793694717016690e-03 5.177499091548772412e+03 0.000000000000000000e+00
-1.053838241568116416e+02 -1.053851531579344822e+02 2.232193334436553041e-03 8.019309246058629697e+02 0.000000000000000000e+00
-1.081260542887081328e+02 -1.081173510408300018e+02 5.915480647020045918e-03 2.236638645774192992e+04 0.000000000000000000e+00
-1.023980492519370245e+02 -1.023948261355369169e+02 6.356178101241322272e-03 5.139162075373846164e+03 0.000000000000000000e+00
-1.053608914565903092e+02 -1.053611310905892822e+02 2.337046218376219626e-03 5.126297561882190166e+03 0.000000000000000000e+00
-1.024591619211933846e+02 -1.024603661812389959e+02 4.314168746609255492e-03 7.938915867513017020e+02 0.000000000000000000e+00
-9.872368447154123317e+01 -9.881625711431215109e+01 1.428168171535029729e-02 2.214729724751098183e+04 0.000000000000000000e+00
-1.032495296011945527e+02 -1.032104736551633124e+02 1.503888280496298857e-02 2.228625490231394724e+04 0.000000000000000000e+00
-1.018801905483610852e+02 -1.018582397024766379e+02 8.320679484315876562e-03 5.125448945586762420e+03 0.000000000000000000e+00
-9.709307505098871616e+01 -9.710830392414997903e+01 5.543092706408913467e-03 5.123284186701637736e+03 0.000000000000000000e+00
-1.025349303346739021e+02 -1.025378778349223126e+02 4.285552055022269491e-03 5.115297119908219429e+03 0.000000000000000000e+00
-1.027022370354853535e+02 -1.026866981441656321e+02 8.428499090916431388e-03 2.215155278757259657e+04 0.000000000000000000e+00
-1.037431534715504569e+02 -1.037542229699696463e+02 1.129951186247511036e-02 5.091378992559523795e+03 0.000000000000000000e+00
-1.080756158512197374e+02 -1.080704386274209270e+02 5.126116829622596321e-03 2.206911398029533666e+04 0.000000000000000000e+00
-1.080794251833273449e+02 -1.080808172176695052e+02 3.350593537963951832e-03 5.068815881672733667e+03 0.000000000000000000e+00
-1.080512877525924296e+02 -1.080552666268219895e+02 3.158550990593513887e-03 5.056434968044498419e+03 0.000000000000000000e+00
-9.928046223423709193e+01 -9.926143824691199313e+01 8.398170323173383828e-03 5.044429772551836322e+03 0.000000000000000000e+00
-1.080099845688410340e+02 -1.080084548063904037e+02 3.559947222890920936e-03 5.040167632444461560e+03 0.000000000000000000e+00
-1.053227516893012705e+02 -1.053259017764534633e+02 2.628593304258903911e-03 5.027952995991850912e+03 0.000000000000000000e+00
-9.991862439273965890e+01 -9.992708933704139440e+01 5.229326193013334768e-03 5.015953222054739854e+03 0.000000000000000000e+00
-1.107696662170695276e+02 -1.107752817685547768e+02 4.006664507052543241e-03 5.005600011914048082e+03 0.000000000000000000e+00
-1.079718790371266266e+02 -1.079737434644876117e+02 3.848441494076599700e-03 4.994278043089198036e+03 0.000000000000000000e+00
-1.042211659975489795e+02 -1.042090063141629912e+02 8.112973352810999919e-03 4.982340331829694151e+03 0.000000000000000000e+00
-1.026192902341695401e+02 -1.026243105126969084e+02 4.066024177764442603e-03 4.973395831156271015e+03 0.000000000000000000e+00
-1.080544336682109758e+02 -1.080436377867775235e+02 4.747929835268584024e-03 2.155122172660593060e+04 0.000000000000000000e+00
-1.025576668593787133e+02 -1.025597206636839189e+02 2.819751707691552176e-03 4.950211097259993949e+03 0.000000000000000000e+00
-1.019105961117934811e+02 -1.018954067621111932e+02 5.196225009160445468e-03 4.938454592036069698e+03 0.000000000000000000e+00
-1.052294518012095921e+02 -1.052293344475404808e+02 3.408970353285035223e-03 4.932141439916202216e+03 0.000000000000000000e+00
-1.024760260970601564e+02 -1.024765017661573410e+02 3.499285986131639870e-03 4.920425665292694248e+03 0.000000000000000000e+00
-1.106941234655709394e+02 -1.106979933070794715e+02 3.635975334294207825e-03 4.908770752258928042e+03 0.000000000000000000e+00
-9.994022246463778458e+01 -9.994659681253054373e+01 4.294389046837367337e-03 4.897571057410493268e+03 0.000000000000000000e+00
