0.000000000000000000e+00 0.000000000000000000e+00 0.000000000000000000e+00 0.000000000000000000e+00 0.000000000000000000e+00
-1.025844414039050037e+02 -1.026038341042447826e+02 4.198347254370092818e-01 1.995556575836520642e+04 0.000000000000000000e+00
-9.715924143659790957e+01 -9.709624146087190866e+01 7.304824573346312133e-02 1.938607901323756960e+04 0.000000000000000000e+00
-1.053522177770692849e+02 -1.052765071588842005e+02 9.030123433861894644e-02 1.917696484576548391e+04 0.000000000000000000e+00
-1.080558970397843837e+02 -1.079689983561508342e+02 7.986368412036712328e-02 1.892392140377660326e+04 0.000000000000000000e+00
-1.052657508762435583e+02 -1.052691995703671495e+02 4.420583208894051513e-02 1.886315315012712381e+04 0.000000000000000000e+00
-9.880867566670988822e+01 -9.875547692881929152e+01 9.858841300152292042e-02 1.837783295202795489e+04 0.000000000000000000e+00
-9.717042197712589768e+01 -9.719068453295703591e+01 5.405404185551519053e-02 1.801936559618026877e+04 0.000000000000000000e+00
-9.986792783384632344e+01 -9.988574884009602783e+01 3.020017213777898349e-02 1.762487589995008602e+04 0.000000000000000000e+00
-9.707278305510533301e+01 -9.705149525150565637e+01 7.306248253142004490e-02 1.725302742421356379e+04 0.000000000000000000e+00
-1.018168526509914358e+02 -1.017637723644232040e+02 1.131606510984507347e-01 1.688429600909588407e+04 0.000000000000000000e+00
-1.053424847763566419e+02 -1.053035791376382946e+02 4.907417348490149961e-02 9.025830873279967636e+04 0.000000000000000000e+00
-9.990833610600239467e+01 -9.992111107750334043e+01 2.522208415537707457e-02 1.624446271976414573e+04 0.000000000000000000e+00
-1.080266458036438451e+02 -1.081075644771225512e+02 5.490568921325906376e-02 1.592098343226633551e+04 0.000000000000000000e+00
-9.991632214165339576e+01 -9.991132820441579554e+01 5.756165480823728642e-02 8.482617963595458423e+04 0.000000000000000000e+00
-1.107040012064516503e+02 -1.107166796192551601e+02 3.905887146089444956e-02 1.582136648010835052e+04 0.000000000000000000e+00
-1.024890449672743244e+02 -1.024775150628120173e+02 2.406446685117962642e-02 1.551370142976513853e+04 0.000000000000000000e+00
-1.025290688860254278e+02 -1.025390459597561232e+02 2.636876863461739759e-02 1.523041627014648111e+04 0.000000000000000000e+00
-1.053355919193108434e+02 -1.053388767768531409e+02 2.990817652218675030e-02 1.494096519854210055e+04 0.000000000000000000e+00
-1.052727943343404036e+02 -1.052779601459897805e+02 2.794703373694266274e-02 1.465486169739181241e+04 0.000000000000000000e+00
-1.024892169827185739e+02 -1.024540755827102032e+02 3.039541676257779754e-02 1.437983970331430464e+04 0.000000000000000000e+00
-9.983281932037279205e+01 -9.981031885685224836e+01 4.608464755565981619e-02 7.409390631093412230e+04 0.000000000000000000e+00
-1.052986079093603990e+02 -1.053105225099378117e+02 2.636139520223030816e-02 1.402055029973624733e+04 0.000000000000000000e+00
-1.043158066083537108e+02 -1.042828428048140950e+02 4.631153011468477215e-02 1.378434795353581649e+04 0.000000000000000000e+00
-1.026172310230713549e+02 -1.026305573383806120e+02 1.705186386244468208e-02 1.360009237509446393e+04 0.000000000000000000e+00
-1.026366559583909179e+02 -1.026269073961395151e+02 2.556686271426652363e-02 1.339072644731293258e+04 0.000000000000000000e+00
-1.005457554792877346e+02 -1.006064470069109404e+02 5.316398244080684787e-02 1.317298082988753413e+04 0.000000000000000000e+00
-1.041050663787235067e+02 -1.041089980613449768e+02 4.042591025227171286e-02 1.315724865699112343e+04 0.000000000000000000e+00
-1.068075669523081785e+02 -1.068256227966847547e+02 3.714317590102129973e-02 1.294055657666879597e+04 0.000000000000000000e+00
-1.025912987434904977e+02 -1.026039803371109826e+02 2.266453163989753938e-02 1.275375018218379046e+04 0.000000000000000000e+00
-1.080008122829594868e+02 -1.079984010921050697e+02 1.454606090953795144e-02 1.256783188501287259e+04 0.000000000000000000e+00
-1.025626061930531989e+02 -1.025643573149192918e+02 1.911343088131750231e-02 1.237141314903041348e+04 0.000000000000000000e+00
-1.014105655999389342e+02 -1.014487011055991843e+02 3.361911092990561151e-02 1.218059596462648369e+04 0.000000000000000000e+00
-1.011297604243093247e+02 -1.011156367853460694e+02 4.039201313412476430e-02 1.210261389222306570e+04 0.000000000000000000e+00
-1.043946002274048084e+02 -1.042973750329974223e+02 5.734937599896760413e-02 1.193156514289125880e+04 0.000000000000000000e+00
-1.053158112669596704e+02 -1.053316141160794217e+02 1.262514429647011542e-02 1.209741751301047589e+04 0.000000000000000000e+00
-9.257178001710929038e+01 1.209819122777240371e+19 1.093279059002627491e+02 1.195259100853670679e+04 0.000000000000000000e+00
-1.945161257107200000e+13 -6.441265217738512661e+01 1.495650194668310750e+15 2.061082835523526496e+36 0.000000000000000000e+00
-1.195993003968000000e+13 -7.725001444509747728e+01 8.764451968507065000e+14 2.032468208562844304e+36 0.000000000000000000e+00
-5.938394100777600000e+13 -4.833463715334767841e+01 1.638799817844294750e+15 2.004629892099932907e+36 0.000000000000000000e+00
-5.758236671968000000e+12 -6.661159077379952009e+01 4.530101406070638125e+14 1.977557643570932927e+36 0.000000000000000000e+00
-4.995330902720000000e+12 -6.621002528471321114e+01 5.837107657620941250e+14 1.951199956489458951e+36 0.000000000000000000e+00
-3.614991241472000000e+12 -5.947533822602979114e+01 9.028156313490528750e+14 1.925535509558642253e+36 0.000000000000000000e+00
-4.418609669376000000e+12 -6.791290421444581682e+01 4.083164240215747500e+14 1.900537278705086752e+36 0.000000000000000000e+00
-3.950666308224000000e+12 -5.921178375451239617e+01 1.070842715773391000e+15 1.876179743355533967e+36 0.000000000000000000e+00
-5.002580354272000000e+12 -8.062150002886181710e+01 3.517455937577860000e+14 1.852438444089914516e+36 0.000000000000000000e+00
-2.773590719552000000e+12 -6.770690753765852321e+01 3.637797957170598125e+14 1.829290454389890535e+36 0.000000000000000000e+00
-3.214580447712000000e+12 -7.360725187115808410e+01 1.901912810299108750e+14 1.806713758304401090e+36 0.000000000000000000e+00
-2.881154309600000000e+12 -7.009830352455320224e+01 2.887132166718123125e+14 1.784687437109174668e+36 0.000000000000000000e+00
-1.435426412480000000e+12 -7.116126129255600574e+01 2.761220181986556562e+14 1.763191636335459769e+36 0.000000000000000000e+00
-3.195622040992000000e+12 -7.931676437560025761e+01 2.282700224465029375e+14 1.742207408813689646e+36 0.000000000000000000e+00
-2.770917142608000000e+12 -7.299926213688198118e+01 3.723252454294109375e+14 1.721716684015635301e+36 0.000000000000000000e+00
-2.339525876416000000e+12 -7.815804298169656761e+01 3.015831744334455000e+14 1.701702316961275798e+36 0.000000000000000000e+00
-1.752351763936000000e+12 -6.578689593535034419e+01 2.762843761315700000e+14 1.682147846167259220e+36 0.000000000000000000e+00
-3.487680500640000000e+11 -6.780353196347670064e+01 2.376299791147131562e+14 1.663037617001720029e+36 0.000000000000000000e+00
-1.879349589808000000e+12 -6.856446927274843972e+01 1.893477394816925000e+14 1.644356657277517382e+36 0.000000000000000000e+00
-1.173294799264000000e+12 -6.529875434925891398e+01 2.796784121984840938e+14 1.626090665219427813e+36 0.000000000000000000e+00
-2.104139085344000000e+12 -7.806513540480794688e+01 1.635174055673224688e+14 1.608225974403705030e+36 0.000000000000000000e+00
-1.683333693344000000e+12 -7.219479685964405746e+01 1.826019080688088438e+14 1.590749509847834302e+36 0.000000000000000000e+00
-9.686848131520000000e+11 -6.717313356855640905e+01 2.510656257106704688e+14 1.573648735306044823e+36 0.000000000000000000e+00
-2.054087246288000000e+12 -7.159438395588310300e+01 1.522939462956162812e+14 1.556911685541114590e+36 0.000000000000000000e+00
-1.610558117424000000e+12 -7.166291357856847810e+01 1.167699381032314062e+14 1.540526869954173984e+36 0.000000000000000000e+00
-1.427178412224000000e+12 -7.242202261552831999e+01 1.785964501871575312e+14 1.524483285538721357e+36 0.000000000000000000e+00
-1.667016366160000000e+12 -7.340593890787086195e+01 2.196985686615238125e+14 1.508770383947992615e+36 0.000000000000000000e+00
-1.050642841424000000e+12 -6.928651019750739692e+01 1.936947228207447500e+14 1.493378048905881527e+36 0.000000000000000000e+00
-1.327828513584000000e+12 -7.419910960305637104e+01 1.838349256420686250e+14 1.478296575494243059e+36 0.000000000000000000e+00
-1.522102039040000000e+12 -7.987042960285964455e+01 1.788381543975882188e+14 1.463516637144032159e+36 0.000000000000000000e+00
-1.576020571344000000e+12 -7.895327882725835877e+01 1.492573255777029688e+14 1.449029284868467297e+36 0.000000000000000000e+00
-1.116920631152000000e+12 -6.857927562477016181e+01 1.021446798965852031e+14 1.434825905212088563e+36 0.000000000000000000e+00
-1.251725133056000000e+12 -7.642384858532848568e+01 1.630155818165559375e+14 1.420898241631856022e+36 0.000000000000000000e+00
-1.191205476704000000e+12 -7.270437365150681330e+01 1.563119302490350625e+14 1.407238339238936137e+36 0.000000000000000000e+00
-1.202255977152000000e+12 -7.458423582774534566e+01 1.249841101906336094e+14 1.393838551232982775e+36 0.000000000000000000e+00
-8.661945246400000000e+11 -7.958958091792082712e+01 1.534835653221905000e+14 1.380691517778317812e+36 0.000000000000000000e+00
-3.029540892800000000e+10 -5.976438545628658972e+01 2.344658554145315938e+14 1.367790159377549866e+36 0.000000000000000000e+00
-7.699438139680000000e+11 -7.202807791313563257e+01 2.073376660299989375e+14 1.355127649371195391e+36 0.000000000000000000e+00
-4.775157715200000000e+11 -6.908653662793346939e+01 1.618746826412168750e+14 1.342697414764354015e+36 0.000000000000000000e+00
-6.534722236000000000e+11 -6.421505099151953289e+01 1.122354628837458438e+14 1.330493131198591848e+36 0.000000000000000000e+00
-1.446816467408000000e+12 -7.898670024466997575e+01 1.437203802454725000e+14 1.318508687837099173e+36 0.000000000000000000e+00
-6.096221980640000000e+11 -7.461112539081150885e+01 1.364037346192754375e+14 1.306738196814468078e+36 0.000000000000000000e+00
-2.576404078400000000e+10 -6.579738167099836232e+01 1.951167893607804688e+14 1.295175983910131400e+36 0.000000000000000000e+00
-1.613069043344000000e+12 -7.847663814871449972e+01 1.388127648025018438e+14 1.283816569140857765e+36 0.000000000000000000e+00
-6.843880101600000000e+11 -6.534855269351588447e+01 1.266421534894246719e+14 1.272654668858209699e+36 0.000000000000000000e+00
-1.228335220432000000e+12 -7.740251860026872066e+01 9.385877399816029688e+13 1.261685164426528836e+36 0.000000000000000000e+00
-1.096856040128000000e+12 -7.716590420292612862e+01 1.036484753621622812e+14 1.250903129406195825e+36 0.000000000000000000e+00
-1.239986349568000000e+12 -7.826578628872971422e+01 1.182098174590094062e+14 1.240303803967055070e+36 0.000000000000000000e+00
-3.581398193440000000e+11 -6.976020843543675198e+01 1.243882952687931094e+14 1.229882575427593366e+36 0.000000000000000000e+00
-7.290054897600000000e+10 -6.661764013873269619e+01 1.532743902525671875e+14 1.219634998378414649e+36 0.000000000000000000e+00
-6.269015564000000000e+11 -6.741047497394549737e+01 8.772867427327785938e+13 1.209556766670827834e+36 0.000000000000000000e+00
-7.887519752960000000e+11 -7.053690276916536561e+01 7.463969533358125000e+13 1.199643718940175500e+36 0.000000000000000000e+00
-1.347239423648000000e+12 -8.453547834626114366e+01 1.032883819640378281e+14 1.189891825187365593e+36 0.000000000000000000e+00
-1.064937578464000000e+12 -8.661129370820479778e+01 1.363426569082420781e+14 1.180297190307234914e+36 0.000000000000000000e+00
-7.756737150560000000e+11 -7.153809393675594208e+01 1.341439758037058281e+14 1.170856036196798804e+36 0.000000000000000000e+00
-7.271602116160000000e+11 -6.913219750643095551e+01 1.820845022584358750e+14 1.161564713426255838e+36 0.000000000000000000e+00
-3.316923682720000000e+11 -6.847726387765598588e+01 1.358136922696666406e+14 1.152419679427624035e+36 0.000000000000000000e+00
-8.424065819360000000e+11 -7.494663107324325324e+01 1.358890576692967812e+14 1.143417512795486382e+36 0.000000000000000000e+00
-1.010221322832000000e+12 -8.127102023608037484e+01 1.217276312092903125e+14 1.134554888644952476e+36 0.000000000000000000e+00
-7.788463636480000000e+11 -7.260208264163411229e+01 1.112625786580405625e+14 1.125828587164223712e+36 0.000000000000000000e+00
-9.349170167520000000e+11 -7.722874241466124090e+01 1.069642241654851562e+14 1.117235490142295062e+36 0.000000000000000000e+00
-4.727413775040000000e+11 -6.825245108592464760e+01 1.170235615876864062e+14 1.108772565369442926e+36 0.000000000000000000e+00
-5.851834290080000000e+11 -6.906394941793659825e+01 1.134305491507223594e+14 1.100436881232123315e+36 0.000000000000000000e+00
-4.931711989920000000e+11 -7.081474956328995063e+01 9.151136326856320312e+13 1.092225589477366472e+36 0.000000000000000000e+00
-5.543737626560000000e+11 -7.666704701169186364e+01 1.071190928968468594e+14 1.084135925559887037e+36 0.000000000000000000e+00
-4.946037920960000000e+11 -7.018384254718509396e+01 9.096045564187809375e+13 1.076165206915228556e+36 0.000000000000000000e+00
-4.211783715360000000e+11 -7.071947088718346208e+01 7.776866406573728125e+13 1.068310830946473731e+36 0.000000000000000000e+00
-7.320981708480000000e+11 -7.554793357140920307e+01 1.049470683166105000e+14 1.060570268144231787e+36 0.000000000000000000e+00
-6.171942293440000000e+11 -7.034094306856070489e+01 1.301417907834260000e+14 1.052941062303074417e+36 0.000000000000000000e+00
-3.176569208160000000e+11 -6.693608448045745263e+01 1.257110769136027656e+14 1.045420828697447502e+36 0.000000000000000000e+00
-6.403474558720000000e+11 -7.319397610398335985e+01 7.502945405873418750e+13 1.038007247612799653e+36 0.000000000000000000e+00
3.772326679200000000e+11 -5.946617877563385690e+01 1.585224252611395625e+14 1.030698068156807786e+36 0.000000000000000000e+00
5.234739636800000000e+10 -6.115030088950985743e+01 1.759816562579408750e+14 1.030698068156807786e+36 0.000000000000000000e+00
-4.825150737760000000e+11 -7.300191579940390341e+01 9.687583343952106250e+13 1.030698068156807786e+36 0.000000000000000000e+00
-8.104890636480000000e+11 -7.844460486018519418e+01 1.231388506796429219e+14 1.023491099643526017e+36 0.000000000000000000e+00
-5.804625659040000000e+11 -7.311620824604270297e+01 1.287166005785173281e+14 1.016384212348582971e+36 0.000000000000000000e+00
-5.203999485440000000e+11 -7.166131002800035787e+01 9.887328203712726562e+13 1.009375337274236376e+36 0.000000000000000000e+00
-6.890577659680000000e+11 -8.012743440764947422e+01 8.950173971866929688e+13 1.002462460430541501e+36 0.000000000000000000e+00
-2.130753628480000000e+11 -7.066686837526958698e+01 1.145342387982912188e+14 9.956436230220595115e+35 0.000000000000000000e+00
-4.224389408960000000e+11 -7.667989143345725722e+01 9.507617434607879688e+13 9.889169184526901789e+35 0.000000000000000000e+00
-5.750008298240000000e+11 -8.047305599713922675e+01 1.412133954840544375e+14 9.822804931128763549e+35 0.000000000000000000e+00
-7.668554333440000000e+11 -7.981625020606533383e+01 7.317729019678826562e+13 9.757325441153923121e+35 0.000000000000000000e+00
-2.310472848960000000e+11 -6.748633806292077963e+01 1.161673985375795000e+14 9.692713077769590027e+35 0.000000000000000000e+00
4.402493790560000000e+11 -5.027928119623489778e+01 1.995397562740105938e+14 9.628950770677612797e+35 0.000000000000000000e+00
-1.682488783520000000e+11 -7.116560388167722806e+01 1.129329653323285469e+14 9.628950770677612797e+35 0.000000000000000000e+00
-2.996340535360000000e+11 -6.904278048863301365e+01 1.174211651136027188e+14 9.566021849342508397e+35 0.000000000000000000e+00
-2.596408832320000000e+11 -6.705629954861608155e+01 6.566681103438118750e+13 9.503910080217701607e+35 0.000000000000000000e+00
-5.460227864000000000e+11 -7.715187227194901709e+01 7.599360667983317188e+13 9.442599655891490317e+35 0.000000000000000000e+00
-5.828043351200000000e+11 -7.369668775312622699e+01 7.878866802080450000e+13 9.382075158117332485e+35 0.000000000000000000e+00
-1.103619964480000000e+11 -6.445339586630778683e+01 9.831730189833020312e+13 9.322321584276571192e+35 0.000000000000000000e+00
-2.614806465760000000e+11 -6.870536045611423503e+01 8.732074075441834375e+13 9.263324285866067962e+35 0.000000000000000000e+00
-3.383999765120000000e+11 -7.023540132543720915e+01 6.019866067020971094e+13 9.205069002243303921e+35 0.000000000000000000e+00
-3.506169815520000000e+11 -7.505810641478431933e+01 1.060584584461026875e+14 9.147541823127054835e+35 0.000000000000000000e+00
-5.415894541120000000e+11 -8.348812748886069812e+01 8.569892981842009375e+13 9.090729186029788798e+35 0.000000000000000000e+00
-5.845557344000000000e+11 -8.202135989335224053e+01 9.276045475339395312e+13 9.034617852660493815e+35 0.000000000000000000e+00
-6.691382146880000000e+11 -8.073922889150145465e+01 8.730793545807564062e+13 8.979194935208922497e+35 0.000000000000000000e+00
-7.199870409600000000e+10 -5.993554391278657079e+01 1.607252322719078750e+14 8.924447821896936959e+35 0.000000000000000000e+00
-5.166271915520000000e+11 -7.570482046330033654e+01 6.916660606816514062e+13 8.870364233936429001e+35 0.000000000000000000e+00
-7.267754356000000000e+11 -8.515039086238012089e+01 7.389267548378767188e+13 8.816932185708163965e+35 0.000000000000000000e+00
-2.182916892160000000e+11 -6.863168123982454460e+01 1.001728596487619688e+14 8.764139974014011090e+35 0.000000000000000000e+00
-6.205575533760000000e+11 -8.511577012270511489e+01 7.041557009174912500e+13 8.711976171889974907e+35 0.000000000000000000e+00
-6.139073342160000000e+11 -8.008559822737792899e+01 9.893902663193443750e+13 8.660429625619931535e+35 0.000000000000000000e+00
-2.532905170960000000e+11 -6.835364677968178171e+01 8.163592245090589062e+13 8.609489436727471437e+35 0.000000000000000000e+00
3.191302769920000000e+11 -4.938394516641671572e+01 1.809266411451802188e+14 8.559144985877009254e+35 0.000000000000000000e+00
-1.958342393600000000e+11 -6.771401854419076471e+01 6.364908930131064844e+13 8.559144985877009254e+35 0.000000000000000000e+00
2.308355944800000000e+10 -6.122993932258911087e+01 8.773858496471934375e+13 8.509385877312835549e+35 0.000000000000000000e+00
-4.241187245840000000e+11 -7.933949305547733388e+01 7.509567520982998438e+13 8.509385877312835549e+35 0.000000000000000000e+00
-2.010171461280000000e+11 -6.539268408781700259e+01 8.240179421821120312e+13 8.460201957959483627e+35 0.000000000000000000e+00
-1.117939610880000000e+11 -6.226426554852731243e+01 9.108767585799795312e+13 8.411583316040087589e+35 0.000000000000000000e+00
-2.964094224480000000e+11 -7.025490162439571407e+01 7.546391703110243750e+13 8.363520258566139296e+35 0.000000000000000000e+00
-5.682942210160000000e+11 -8.102745002968708832e+01 7.190040018301010938e+13 8.316003321435764394e+35 0.000000000000000000e+00
-3.739971875120000000e+11 -7.537176281864347516e+01 5.459817428517655469e+13 8.269023247583595275e+35 0.000000000000000000e+00
-3.002619138400000000e+11 -7.292534362060897024e+01 7.460812842020590625e+13 8.222570985263058971e+35 0.000000000000000000e+00
-1.494682984800000000e+11 -6.408646304635574609e+01 8.612122044123612500e+13 8.176637694029646478e+35 0.000000000000000000e+00
-1.204537218480000000e+11 -6.595370746051965227e+01 8.838195817101835938e+13 8.131214724909159098e+35 0.000000000000000000e+00
-3.114763155680000000e+11 -7.331523838562256401e+01 1.111300799435134375e+14 8.086293619471513651e+35 0.000000000000000000e+00
2.006575950320000000e+11 -5.965383036798144900e+01 9.892965295205025000e+13 8.041866107400903406e+35 0.000000000000000000e+00
-2.978046027280000000e+11 -7.257628258841920399e+01 7.784115475529314062e+13 8.041866107400903406e+35 0.000000000000000000e+00
2.349093452880000000e+11 -5.448328619752770408e+01 1.277573278407532500e+14 7.997924097561402402e+35 0.000000000000000000e+00
-2.071561814960000000e+11 -7.208678194092789226e+01 6.183957379714261719e+13 7.997924097561402402e+35 0.000000000000000000e+00
-2.394936790640000000e+11 -6.927481770692214980e+01 6.333566860183498438e+13 7.954459677010801042e+35 0.000000000000000000e+00
-1.352553197600000000e+11 -7.087873995237156066e+01 7.540723404762676562e+13 7.911465099060711912e+35 0.000000000000000000e+00
-4.240295440000000000e+08 -6.269644200851253402e+01 8.996029614570603125e+13 7.868932789196683365e+35 0.000000000000000000e+00
-3.591444440800000000e+11 -7.658078377339030851e+01 6.105454289036916406e+13 7.826855329822740692e+35 0.000000000000000000e+00
2.300790681280000000e+11 -5.488619828762217878e+01 1.160637153449799062e+14 7.785225465040792887e+35 0.000000000000000000e+00
-1.958683873600000000e+11 -6.825784057704001384e+01 5.761824523855565625e+13 7.785225465040792887e+35 0.000000000000000000e+00
-2.908288576720000000e+11 -7.410111199064404275e+01 5.440266308157833594e+13 7.744036091508696351e+35 0.000000000000000000e+00
1.376715786640000000e+11 -5.879168522626873283e+01 1.004656326812921406e+14 7.703280254115657758e+35 0.000000000000000000e+00
8.259639658400000000e+10 -5.684877908944280733e+01 1.155843594604754844e+14 7.703280254115657758e+35 0.000000000000000000e+00
-4.692346761840000000e+11 -7.941779162699134531e+01 6.275492603156148438e+13 7.703280254115657758e+35 0.000000000000000000e+00
-1.870395751840000000e+11 -7.107400985051788211e+01 6.358492358067653125e+13 7.662951142142107462e+35 0.000000000000000000e+00
-3.190010711120000000e+11 -7.629414512019933170e+01 6.032179346818710938e+13 7.623042092229687272e+35 0.000000000000000000e+00
-3.882564598480000000e+11 -8.054088659184155574e+01 5.826646862907495312e+13 7.583546575235680041e+35 0.000000000000000000e+00
-6.808180472800000000e+10 -6.377379715318416942e+01 8.636569837173409375e+13 7.544458195414864096e+35 0.000000000000000000e+00
1.789696184800000000e+10 -6.526637172009810683e+01 8.428828280591962500e+13 7.505770688257802762e+35 0.000000000000000000e+00
-3.589722047440000000e+11 -7.705433521853227319e+01 5.601173829584487500e+13 7.505770688257802762e+35 0.000000000000000000e+00
-5.627985445280000000e+11 -8.900972035028379992e+01 6.759449700295291406e+13 7.467477921618144073e+35 0.000000000000000000e+00
2.123093852800000000e+11 -5.701452405477293439e+01 1.032879252969076562e+14 7.429573880483444870e+35 0.000000000000000000e+00
-1.820559451520000000e+11 -6.982248490391255302e+01 5.495603694519973438e+13 7.429573880483444870e+35 0.000000000000000000e+00
-1.917423011040000000e+11 -6.604977145624637558e+01 7.080446287180973438e+13 7.392052680655438539e+35 0.000000000000000000e+00
-9.595853213600000000e+10 -6.422396446102406742e+01 5.776480396926447656e+13 7.354908550616612569e+35 0.000000000000000000e+00
-4.467828584160000000e+11 -8.500724476180722888e+01 6.505061413262151562e+13 7.318135832432632135e+35 0.000000000000000000e+00
-6.376992884800000000e+10 -6.494440556278431131e+01 7.723884559796437500e+13 7.281728984376035257e+35 0.000000000000000000e+00
-3.496022912480000000e+11 -7.899655679186288637e+01 6.445825848863335938e+13 7.245682573703721545e+35 0.000000000000000000e+00
-6.895515616000000000e+09 -6.034496187937105560e+01 6.789238905506440625e+13 7.209991273871948365e+35 0.000000000000000000e+00
-3.399959915120000000e+11 -7.754205495939811499e+01 6.040092121997746875e+13 7.174649863398931172e+35 0.000000000000000000e+00
1.625851170400000000e+10 -7.668143110667544704e+01 9.899214693478545312e+13 7.139653221609257857e+35 0.000000000000000000e+00
-2.137198946960000000e+11 -7.960460597121888782e+01 7.092579222713806250e+13 7.139653221609257857e+35 0.000000000000000000e+00
-4.691144062160000000e+11 -8.491018937845022663e+01 8.080174023743029688e+13 7.104996330828484614e+35 0.000000000000000000e+00
-2.179661314160000000e+11 -7.389848588776263227e+01 6.448817335597947656e+13 7.070674264489112177e+35 0.000000000000000000e+00
-2.949496647760000000e+11 -7.463194832817764279e+01 5.897593711832749219e+13 7.036682196796312259e+35 0.000000000000000000e+00
-1.660175077200000000e+11 -6.779086432083602176e+01 6.017946858235992188e+13 7.003015388994530235e+35 0.000000000000000000e+00
-1.926395796240000000e+11 -6.829815547708452073e+01 7.776288269529037500e+13 6.969669193990256923e+35 0.000000000000000000e+00
-1.788327009520000000e+11 -6.712595174374209250e+01 5.164133893355489062e+13 6.936639056286976504e+35 0.000000000000000000e+00
-4.406868975360000000e+11 -8.278475057288729033e+01 5.335899004192870312e+13 6.903920502317328307e+35 0.000000000000000000e+00
-4.055432542000000000e+11 -8.352491054779224555e+01 6.115090214916061719e+13 6.871509144890129810e+35 0.000000000000000000e+00
-2.443463942880000000e+11 -7.417366366154078605e+01 5.875508605308864062e+13 6.839400675457866032e+35 0.000000000000000000e+00
2.857807798400000000e+10 -5.729163176801773716e+01 8.286794700105685938e+13 6.807590871203229103e+35 0.000000000000000000e+00
-1.664007405760000000e+11 -7.008956869583472837e+01 4.721016609059857031e+13 6.807590871203229103e+35 0.000000000000000000e+00
-1.482437411120000000e+11 -6.856788364682137171e+01 5.709530101442569531e+13 6.776075584442309399e+35 0.000000000000000000e+00
2.366024847200000000e+10 -5.923466204221941211e+01 7.220379648490132812e+13 6.744850741628813725e+35 0.000000000000000000e+00
-7.677517416000000000e+09 -6.102571125695382648e+01 6.298127474784382812e+13 6.744850741628813725e+35 0.000000000000000000e+00
6.914686661600000000e+10 -5.498812205142379383e+01 9.071941337224587500e+13 6.713912346472832731e+35 0.000000000000000000e+00
-4.615700413680000000e+11 -8.919103079847822357e+01 6.380139315227569531e+13 6.713912346472832731e+35 0.000000000000000000e+00
-1.395577609920000000e+11 -6.755490091321006219e+01 4.491772400053969531e+13 6.683256477205334861e+35 0.000000000000000000e+00
-7.997722064000000000e+09 -6.223303074168673987e+01 7.623178222896309375e+13 6.652879278671509626e+35 0.000000000000000000e+00
-2.924922228160000000e+11 -7.827859444956186508e+01 5.560095880677251562e+13 6.622776970383995519e+35 0.000000000000000000e+00
-1.928032481680000000e+11 -7.178907203998298314e+01 5.749000272017876562e+13 6.592945838414076487e+35 0.000000000000000000e+00
-5.273308608000000000e+09 -5.976302774570967813e+01 8.957277764591540625e+13 6.563382233071023237e+35 0.000000000000000000e+00
-1.785013001280000000e+11 -6.994828903298868283e+01 5.095326426355788281e+13 6.534082572635697264e+35 0.000000000000000000e+00
-8.081113504800000000e+10 -6.705207333976788675e+01 5.298857456643982031e+13 6.505043339090308164e+35 0.000000000000000000e+00
-1.958714480240000000e+11 -7.528252719456067155e+01 6.919618683520171875e+13 6.476261073640549147e+35 0.000000000000000000e+00
-1.596008967680000000e+11 -6.998403627172498886e+01 5.123308953457956250e+13 6.447732382699230876e+35 0.000000000000000000e+00
-8.331020632000000000e+10 -6.536715660110732529e+01 4.779158335770339062e+13 6.419453929002271224e+35 0.000000000000000000e+00
-2.160131161600000000e+10 -6.389667438148192247e+01 9.124208688153803125e+13 6.391422433848884845e+35 0.000000000000000000e+00
-3.954802073600000000e+10 -6.234082017840625412e+01 5.280557048002379688e+13 6.363634676615631746e+35 0.000000000000000000e+00
-6.169699976000000000e+09 -6.549152971427510295e+01 6.544389312169291406e+13 6.336087492770376619e+35 0.000000000000000000e+00
-6.916317458400000000e+10 -6.582208523244997878e+01 5.969928245627073438e+13 6.308777771192793754e+35 0.000000000000000000e+00
5.327190194400000000e+10 -5.850743918317305514e+01 7.683145409180567188e+13 6.281702455249871243e+35 0.000000000000000000e+00
-1.418619661600000000e+10 -6.576631017496471543e+01 6.893697942261139062e+13 6.281702455249871243e+35 0.000000000000000000e+00
-2.673491629840000000e+11 -7.800402637039600506e+01 3.762424018240285938e+13 6.254858539181064881e+35 0.000000000000000000e+00
-2.108145949600000000e+10 -6.228677811747963489e+01 7.882096337592581250e+13 6.228243070188041989e+35 0.000000000000000000e+00
-7.761153215200000000e+10 -6.483463883119378579e+01 4.934620791591579688e+13 6.201853143082462668e+35 0.000000000000000000e+00
2.607074220000000000e+10 -5.778434145209982375e+01 6.058055865208278906e+13 6.175685904084999666e+35 0.000000000000000000e+00
-1.669760479440000000e+11 -7.324165192895846133e+01 4.672171208011561719e+13 6.175685904084999666e+35 0.000000000000000000e+00
-1.852021922800000000e+11 -7.161033018194210342e+01 4.678760977181067969e+13 6.149738546953177906e+35 0.000000000000000000e+00
1.140323773840000000e+11 -5.130992252875905280e+01 1.032275915757262500e+14 6.124008310395302557e+35 0.000000000000000000e+00
-3.314525890160000000e+11 -8.406895207288408756e+01 5.031242114773203906e+13 6.124008310395302557e+35 0.000000000000000000e+00
-4.510154005600000000e+10 -7.124529275158396047e+01 4.860326022643871094e+13 6.098492479214973995e+35 0.000000000000000000e+00
-8.629476440800000000e+10 -6.748233939208688525e+01 5.667876036594510938e+13 6.073188388678886458e+35 0.000000000000000000e+00
-2.019253726320000000e+11 -7.596971693079512988e+01 5.065084013727710938e+13 6.048093413498435816e+35 0.000000000000000000e+00
-1.107438916800000000e+11 -6.807036915812322775e+01 4.790831660974337500e+13 6.023204970003962767e+35 0.000000000000000000e+00
-5.453343257520000000e+11 -9.606341561303118226e+01 7.483802602158354688e+13 5.998520519404919704e+35 0.000000000000000000e+00
-2.119735053920000000e+11 -7.644812339187546968e+01 4.795256113280861719e+13 5.974037566615585670e+35 0.000000000000000000e+00
8.813313361600000000e+10 -5.122400379611257648e+01 1.068872892191265312e+14 5.949753651109348470e+35 0.000000000000000000e+00
2.958347243200000000e+10 -6.282022105078417695e+01 6.978981926328717188e+13 5.949753651109348470e+35 0.000000000000000000e+00
2.049471465440000000e+11 -4.059239419142244998e+01 1.801930998053408438e+14 5.949753651109348470e+35 0.000000000000000000e+00
-1.448521573920000000e+11 -7.002054329990693304e+01 5.364690527977342188e+13 5.949753651109348470e+35 0.000000000000000000e+00
-3.702557851200000000e+10 -6.847858327105187470e+01 7.307112093877485938e+13 5.925666355459488888e+35 0.000000000000000000e+00
-7.855988979200000000e+10 -6.579863208450814227e+01 5.349810115722995312e+13 5.901773302870254435e+35 0.000000000000000000e+00
-4.143540361600000000e+10 -6.312625467106165189e+01 5.504273799578926562e+13 5.878072153424249279e+35 0.000000000000000000e+00
-2.940899055760000000e+11 -8.706686678262103385e+01 6.654425512780325000e+13 5.854560604160292041e+35 0.000000000000000000e+00
-2.398763352240000000e+11 -7.863668235692497888e+01 5.309279156851190625e+13 5.831236386558346130e+35 0.000000000000000000e+00
-1.214337813920000000e+11 -7.473067292075727153e+01 4.614123099675818750e+13 5.808097276165201244e+35 0.000000000000000000e+00
9.063730356800000000e+10 -5.501103540164173467e+01 7.471889783376242188e+13 5.785141074409873030e+35 0.000000000000000000e+00
-2.552062873440000000e+11 -7.762836087780843286e+01 4.916385045152592188e+13 5.785141074409873030e+35 0.000000000000000000e+00
-1.861521434880000000e+11 -7.808681255763762863e+01 4.571760006547283594e+13 5.762365621604159948e+35 0.000000000000000000e+00
-4.511588992000000000e+09 -7.748604309993773143e+01 7.577182404323193750e+13 5.739768792119061722e+35 0.000000000000000000e+00
-7.055652821600000000e+10 -6.556802641775583140e+01 6.969247528612530469e+13 5.717348491702072293e+35 0.000000000000000000e+00
7.313684036800000000e+10 -6.458769161189623276e+01 6.411116924679041406e+13 5.695102660947314175e+35 0.000000000000000000e+00
-2.680549000000000000e+10 -6.414667865105570854e+01 4.457190704396487500e+13 5.695102660947314175e+35 0.000000000000000000e+00
6.557730455200000000e+10 -5.285171726139608950e+01 8.425228702762546875e+13 5.673029270322914586e+35 0.000000000000000000e+00
-1.667144538800000000e+11 -7.911657252064189549e+01 5.093486447305548438e+13 5.673029270322914586e+35 0.000000000000000000e+00
-8.806776144800000000e+10 -6.981841381927431200e+01 4.717581004647169531e+13 5.651126322783230426e+35 0.000000000000000000e+00
-1.923475216400000000e+11 -7.467137065356047287e+01 4.571412214038169531e+13 5.629391852231840479e+35 0.000000000000000000e+00
-1.934579587840000000e+11 -8.384308646795533093e+01 5.339900160373667188e+13 5.607823922146549454e+35 0.000000000000000000e+00
-1.092422573440000000e+11 -6.710339638706757626e+01 4.449482069129448438e+13 5.586420625421221178e+35 0.000000000000000000e+00
-1.564614605040000000e+11 -7.249041480137546500e+01 3.883735894715240625e+13 5.565180084343821802e+35 0.000000000000000000e+00
-1.475898869360000000e+11 -7.498485120417258543e+01 5.105633529057538281e+13 5.544100450736067561e+35 0.000000000000000000e+00
-6.662124440000000000e+10 -6.740390534556031810e+01 4.680732640213955469e+13 5.523179900892303016e+35 0.000000000000000000e+00
-4.871539241600000000e+10 -6.677728353813517970e+01 6.232764331765953906e+13 5.502416642103564724e+35 0.000000000000000000e+00
-1.431910314720000000e+11 -7.332172289284608269e+01 4.439452596790716406e+13 5.481808907036403049e+35 0.000000000000000000e+00
-1.885599003520000000e+11 -7.434221243148114411e+01 3.905891238787550781e+13 5.461354953981480821e+35 0.000000000000000000e+00
2.504062557600000000e+10 -5.597763338540639211e+01 6.324133464969270312e+13 5.441053068778878456e+35 0.000000000000000000e+00
1.348020210320000000e+11 -4.026511783054402827e+01 1.725676984884447812e+14 5.441053068778878456e+35 0.000000000000000000e+00
-1.241669609840000000e+11 -7.115552957974929882e+01 3.344368547052967188e+13 5.441053068778878456e+35 0.000000000000000000e+00
-1.041467820800000000e+10 -6.003472718233334859e+01 6.076594504383590625e+13 5.420901561233366221e+35 0.000000000000000000e+00
-2.264029301840000000e+11 -7.993455118123928571e+01 3.789463964128920312e+13 5.400898767596287476e+35 0.000000000000000000e+00
-1.475287541600000000e+10 -6.085505941400611363e+01 6.104129682524582812e+13 5.381043047854345509e+35 0.000000000000000000e+00
-1.655983073440000000e+11 -7.483383904418241173e+01 3.451556332710292969e+13 5.361332784922924468e+35 0.000000000000000000e+00
1.156015186560000000e+11 -4.393198010982840884e+01 1.378555207462253594e+14 5.341766387253941725e+35 0.000000000000000000e+00
-4.525997868800000000e+10 -6.712362960109967958e+01 5.652294855601181250e+13 5.341766387253941725e+35 0.000000000000000000e+00
3.182016202400000000e+10 -5.662287987720765869e+01 7.048875404892856250e+13 5.322342284554146071e+35 0.000000000000000000e+00
-3.996033999200000000e+10 -6.909066716296175059e+01 5.598753068512532812e+13 5.322342284554146071e+35 0.000000000000000000e+00
3.170365540000000000e+10 -5.511202498052053755e+01 6.461555284488935156e+13 5.303058930851002736e+35 0.000000000000000000e+00
-2.420598709600000000e+10 -6.026706237075593009e+01 6.140232038469758594e+13 5.303058930851002736e+35 0.000000000000000000e+00
3.887815405600000000e+10 -5.141832422350397991e+01 8.560115093752429688e+13 5.283914801756554252e+35 0.000000000000000000e+00
-1.219577734960000000e+11 -7.333806164725787369e+01 6.550546906219365625e+13 5.283914801756554252e+35 0.000000000000000000e+00
4.843704172000000000e+10 -5.450010911629153298e+01 7.238998732116687500e+13 5.264908395587581270e+35 0.000000000000000000e+00
5.827982789600000000e+10 -5.735240361651308660e+01 7.394444704615643750e+13 5.264908395587581270e+35 0.000000000000000000e+00
2.495659013600000000e+10 -5.889921652806658869e+01 7.422772139071301562e+13 5.264908395587581270e+35 0.000000000000000000e+00
-6.251264224800000000e+10 -6.624582254797118708e+01 5.845613948555920312e+13 5.264908395587581270e+35 0.000000000000000000e+00
-1.936022895600000000e+11 -8.079678321568357546e+01 4.326826452191635156e+13 5.246038230248547757e+35 0.000000000000000000e+00
4.848808768800000000e+10 -5.488018073986010137e+01 7.411347587049759375e+13 5.227302847011668678e+35 0.000000000000000000e+00
-6.780516364000000000e+10 -6.930704704580473674e+01 4.156861174929549219e+13 5.227302847011668678e+35 0.000000000000000000e+00
-1.951918658240000000e+11 -8.016397281547641285e+01 4.767936376382624219e+13 5.208700805846163407e+35 0.000000000000000000e+00
2.905178245600000000e+10 -5.298052674330183720e+01 7.898796066983343750e+13 5.190230689747447570e+35 0.000000000000000000e+00
9.283513144800000000e+10 -4.668254265199535524e+01 1.143643607752432500e+14 5.190230689747447570e+35 0.000000000000000000e+00
1.949647987760000000e+11 -3.482142509865224156e+01 2.024967275021537812e+14 5.190230689747447570e+35 0.000000000000000000e+00
-1.197490413520000000e+11 -7.358946818447414273e+01 4.768988690857003906e+13 5.190230689747447570e+35 0.000000000000000000e+00
-2.590509995760000000e+11 -8.470121124057862971e+01 4.013522511224639844e+13 5.171891099888376113e+35 0.000000000000000000e+00
8.638786184000000000e+09 -5.509953018169473893e+01 7.143691465450334375e+13 5.153680656918212842e+35 0.000000000000000000e+00
5.736722240800000000e+10 -5.475955532887452648e+01 6.977545828976459375e+13 5.153680656918212842e+35 0.000000000000000000e+00
-7.141125413600000000e+10 -6.722113435399042203e+01 3.692016186980056250e+13 5.153680656918212842e+35 0.000000000000000000e+00
-1.168629647520000000e+11 -7.220920686348419792e+01 4.746043391275912500e+13 5.135598001814208871e+35 0.000000000000000000e+00
-1.166739527520000000e+11 -7.174728098074515970e+01 4.881596291715218750e+13 5.117641794186188199e+35 0.000000000000000000e+00
4.827824673600000000e+10 -5.670742786616609976e+01 5.979509794641661719e+13 5.099810712627184892e+35 0.000000000000000000e+00
8.507800942400000000e+10 -4.434102673452555621e+01 1.247490027466779375e+14 5.099810712627184892e+35 0.000000000000000000e+00
-7.075406123200000000e+10 -6.957378239560910060e+01 5.434724157801465625e+13 5.099810712627184892e+35 0.000000000000000000e+00
-7.397168928000000000e+10 -6.959701196163931058e+01 4.263884617750773438e+13 5.082103453259631580e+35 0.000000000000000000e+00
2.089932041600000000e+10 -5.715751892207342166e+01 6.335669045509731250e+13 5.064518730965536656e+35 0.000000000000000000e+00
-3.111529056320000000e+11 -8.912431982395200691e+01 4.401197344085910938e+13 5.064518730965536656e+35 0.000000000000000000e+00
-6.012642564800000000e+10 -7.164644240658967078e+01 4.666228053358739844e+13 5.047055280826351529e+35 0.000000000000000000e+00
-1.198129322320000000e+11 -7.340816180583287576e+01 3.429472927922816016e+13 5.029711847840172558e+35 0.000000000000000000e+00
3.165561216800000000e+10 -5.403864011622219721e+01 7.357378402733012500e+13 5.012487201632567877e+35 0.000000000000000000e+00
-6.527644722400000000e+10 -6.812403508135163577e+01 3.363132062633585938e+13 5.012487201632567877e+35 0.000000000000000000e+00
5.084175739200000000e+10 -5.748202486009633105e+01 6.382248735520764062e+13 4.995380125123575937e+35 0.000000000000000000e+00
-2.243688484320000000e+11 -8.212210486985584623e+01 3.475089022731631250e+13 4.995380125123575937e+35 0.000000000000000000e+00
-1.974015584640000000e+11 -8.175880347242583923e+01 4.737363574486832812e+13 4.978389419159620225e+35 0.000000000000000000e+00
-4.897799900000000000e+10 -6.837556881589240732e+01 4.317542288327730469e+13 4.961513901720185635e+35 0.000000000000000000e+00
-8.108992904800000000e+10 -7.215652822082222428e+01 4.377168803990940625e+13 4.944752403419742995e+35 0.000000000000000000e+00
2.720382159200000000e+10 -5.094300563832489104e+01 9.023223093918667188e+13 4.928103773208124293e+35 0.000000000000000000e+00
-3.969051620000000000e+10 -6.374559501532679917e+01 4.233888077626184375e+13 4.928103773208124293e+35 0.000000000000000000e+00
4.695423214400000000e+10 -5.554477176172354547e+01 6.287942967588244531e+13 4.911566874902452146e+35 0.000000000000000000e+00
-1.085689662560000000e+11 -7.207620843177654990e+01 5.527297168873237500e+13 4.911566874902452146e+35 0.000000000000000000e+00
1.051590620800000000e+10 -5.597323419647023002e+01 5.893039174989027344e+13 4.895140587681561239e+35 0.000000000000000000e+00
3.296424489600000000e+10 -6.312423425667653731e+01 4.572794046231170312e+13 4.895140587681561239e+35 0.000000000000000000e+00
-6.650154848000000000e+09 -5.818171496364639239e+01 5.235649684091830469e+13 4.895140587681561239e+35 0.000000000000000000e+00
-1.285584452720000000e+11 -7.560926931922369931e+01 3.559799393998150781e+13 4.878823805470381782e+35 0.000000000000000000e+00
4.925505293600000000e+10 -4.463002522390074489e+01 1.175330998899266094e+14 4.862615436642874614e+35 0.000000000000000000e+00
-2.240981743280000000e+11 -8.298349498819595738e+01 4.619388197771709375e+13 4.862615436642874614e+35 0.000000000000000000e+00
2.330259933600000000e+10 -5.425465833371720237e+01 6.625528508891097656e+13 4.846514406590383187e+35 0.000000000000000000e+00
7.622038160800000000e+10 -3.447611865013427490e+01 1.995583408641288125e+14 4.846514406590383187e+35 0.000000000000000000e+00
4.686706500000000000e+10 -3.768561950948939199e+01 1.736326528080553438e+14 4.846514406590383187e+35 0.000000000000000000e+00
2.261786024000000000e+09 -5.905433308328640152e+01 5.103644413386317188e+13 4.846514406590383187e+35 0.000000000000000000e+00
-9.205687074400000000e+10 -6.947338017395870224e+01 4.213848316137721875e+13 4.846514406590383187e+35 0.000000000000000000e+00
1.445264750400000000e+10 -5.291144026771226549e+01 7.564674623107464062e+13 4.830519648617705676e+35 0.000000000000000000e+00
6.052213128000000000e+10 -4.001575395353179943e+01 1.533152265722473125e+14 4.830519648617705676e+35 0.000000000000000000e+00
1.090900634400000000e+11 -3.076942468650005580e+01 2.263643778070970312e+14 4.830519648617705676e+35 0.000000000000000000e+00
-5.190174417600000000e+10 -6.611120662032686823e+01 4.009583765303381250e+13 4.830519648617705676e+35 0.000000000000000000e+00
-3.079273259200000000e+10 -6.749283644093132750e+01 5.876364235548371875e+13 4.814630116222980349e+35 0.000000000000000000e+00
-7.752548952000000000e+10 -6.925111002851154751e+01 3.874047756638642188e+13 4.798844774054647424e+35 0.000000000000000000e+00
4.115034055200000000e+10 -5.128791343039581818e+01 8.564877432033720312e+13 4.783162599980143693e+35 0.000000000000000000e+00
9.578876615200000000e+10 -4.298586113284815013e+01 1.262980436872404219e+14 4.783162599980143693e+35 0.000000000000000000e+00
2.613477818400000000e+10 -5.246459496360451169e+01 7.819538831932348438e+13 4.783162599980143693e+35 0.000000000000000000e+00
-2.734430751200000000e+10 -6.260647346202944163e+01 3.710083959894339062e+13 4.783162599980143693e+35 0.000000000000000000e+00
2.247027243200000000e+10 -5.889437940359111678e+01 5.235301075077497656e+13 4.767582587430445319e+35 0.000000000000000000e+00
-9.281475438400000000e+10 -7.380892223996065127e+01 6.047194857690572656e+13 4.767582587430445319e+35 0.000000000000000000e+00
5.216081920000000000e+10 -4.004970772339380147e+01 1.513096855596293438e+14 4.752103740191479125e+35 0.000000000000000000e+00
-4.803675904000000000e+09 -5.702332243543463619e+01 5.610525552483132031e+13 4.752103740191479125e+35 0.000000000000000000e+00
1.701492712000000000e+10 -5.451853515657842308e+01 6.322971755923377344e+13 4.736725076860098905e+35 0.000000000000000000e+00
-3.812455440000000000e+08 -5.761906859156296434e+01 5.423621573941295312e+13 4.736725076860098905e+35 0.000000000000000000e+00
-1.020786873200000000e+11 -7.226866051918126743e+01 3.811425248933177344e+13 4.721445627646563701e+35 0.000000000000000000e+00
1.555742203200000000e+10 -5.210889604697911182e+01 7.107947786241846875e+13 4.706264435822120958e+35 0.000000000000000000e+00
-2.066602259680000000e+11 -8.736680109923331372e+01 6.683731736629818750e+13 4.706264435822120958e+35 0.000000000000000000e+00
2.477340600800000000e+10 -5.470198467877248305e+01 6.834098672743410938e+13 4.691180555405516970e+35 0.000000000000000000e+00
-2.974735456800000000e+10 -6.150448296022901928e+01 4.926599148696189844e+13 4.691180555405516970e+35 0.000000000000000000e+00
-5.311765944000000000e+09 -6.609850242995848646e+01 4.550473812355720312e+13 4.676193055256504999e+35 0.000000000000000000e+00
-5.855627767200000000e+10 -6.772080509947166149e+01 4.053849488648542969e+13 4.661301014159357808e+35 0.000000000000000000e+00
3.894539155200000000e+10 -5.880169416940107396e+01 4.957621332046502344e+13 4.646503523206912315e+35 0.000000000000000000e+00
-2.136462841600000000e+11 -8.291584437216636161e+01 3.253671639805746094e+13 4.646503523206912315e+35 0.000000000000000000e+00
-9.677662936000000000e+09 -5.925737761589996921e+01 4.823068249092156250e+13 4.631799684099022738e+35 0.000000000000000000e+00
-2.894733061200000000e+11 -8.889435894825915341e+01 4.316048047436044531e+13 4.617188610981547505e+35 0.000000000000000000e+00
-5.479122116000000000e+10 -6.956787936379150494e+01 2.767519943552046094e+13 4.602669428319779076e+35 0.000000000000000000e+00
-1.334497832960000000e+11 -7.554694032271774518e+01 4.569955133484184375e+13 4.588241272891431652e+35 0.000000000000000000e+00
-1.100491865440000000e+11 -7.424212212057726390e+01 3.952146452789335156e+13 4.573903291085655629e+35 0.000000000000000000e+00
1.381874312000000000e+10 -5.739056700668653832e+01 5.177220928336909375e+13 4.559654640033751431e+35 0.000000000000000000e+00
2.455588488000000000e+10 -5.414159390679591155e+01 6.295714634165900781e+13 4.559654640033751431e+35 0.000000000000000000e+00
-5.902411128000000000e+10 -6.924482905805596999e+01 5.284817815604914062e+13 4.559654640033751431e+35 0.000000000000000000e+00
5.764777172800000000e+10 -3.384487837883878569e+01 1.885552670578392188e+14 4.545494486875945377e+35 0.000000000000000000e+00
3.548197051200000000e+10 -3.761942046554543140e+01 1.633626464006709062e+14 4.545494486875945377e+35 0.000000000000000000e+00
-2.429726089440000000e+11 -8.680810023066653969e+01 4.156991511859323438e+13 4.545494486875945377e+35 0.000000000000000000e+00
-7.251446602400000000e+10 -6.753943924412536148e+01 3.517681033538732422e+13 4.531422010461670355e+35 0.000000000000000000e+00
1.648001608800000000e+10 -5.101460394118017661e+01 7.425085881579746875e+13 4.517436398883593270e+35 0.000000000000000000e+00
1.309399957600000000e+10 -5.748460694229039092e+01 5.299666167304381250e+13 4.517436398883593270e+35 0.000000000000000000e+00
3.176876796000000000e+10 -4.525524274716891426e+01 1.054427297982753438e+14 4.517436398883593270e+35 0.000000000000000000e+00
4.196254178400000000e+10 -4.992013342832976264e+01 8.706663739507792188e+13 4.517436398883593270e+35 0.000000000000000000e+00
-1.234833736080000000e+11 -7.889608687002538545e+01 6.987960768753172656e+13 4.517436398883593270e+35 0.000000000000000000e+00
-2.202268754400000000e+10 -6.224706285192804245e+01 4.179401693081375781e+13 4.503536850043482195e+35 0.000000000000000000e+00
4.022995262400000000e+10 -5.409913968002031481e+01 7.203842745240587500e+13 4.489722571960093605e+35 0.000000000000000000e+00
-1.072495410400000000e+11 -7.426766044250575760e+01 3.235485182225505469e+13 4.489722571960093605e+35 0.000000000000000000e+00
-2.448986588000000000e+10 -5.971478704858846953e+01 3.743837764674216406e+13 4.475992782436503787e+35 0.000000000000000000e+00
-5.915355227200000000e+10 -7.122289216960085412e+01 5.271191903247760938e+13 4.462346708970999264e+35 0.000000000000000000e+00
4.886564578400000000e+10 -4.455892634284526821e+01 1.085779300620860000e+14 4.448783588115796398e+35 0.000000000000000000e+00
2.570523228000000000e+10 -4.685922773616495363e+01 9.267445092156860938e+13 4.448783588115796398e+35 0.000000000000000000e+00
-1.396200989840000000e+11 -7.809148282181467948e+01 3.684647609067309375e+13 4.448783588115796398e+35 0.000000000000000000e+00
5.005407232000000000e+10 -5.624572716723787380e+01 5.830824279034471875e+13 4.435302665780794331e+35 0.000000000000000000e+00
1.206822630400000000e+10 -5.417190486836679497e+01 6.407090413760170312e+13 4.435302665780794331e+35 0.000000000000000000e+00
-2.170081280000000000e+11 -8.473993878105933675e+01 3.329640381177203125e+13 4.435302665780794331e+35 0.000000000000000000e+00
-3.742277627200000000e+10 -6.524663289356199414e+01 3.679760429521061719e+13 4.421903197091500377e+35 0.000000000000000000e+00
8.592465808000000000e+09 -4.104936539988496946e+01 1.283549411843597188e+14 4.408584445563356706e+35 0.000000000000000000e+00
2.356330849600000000e+10 -5.285063769023427938e+01 6.606388313663327344e+13 4.408584445563356706e+35 0.000000000000000000e+00
-8.123835888000000000e+09 -5.550047178877132126e+01 5.258314639595460938e+13 4.408584445563356706e+35 0.000000000000000000e+00
-4.747327110400000000e+10 -6.449715694648794795e+01 2.877586171921825000e+13 4.395345684450862160e+35 0.000000000000000000e+00
-1.371734171360000000e+11 -7.914170425078918925e+01 3.435091015222670703e+13 4.382186195363573549e+35 0.000000000000000000e+00
4.690203880000000000e+09 -6.877579215604485796e+01 4.534540043857395312e+13 4.369105268535956428e+35 0.000000000000000000e+00
-7.112582376800000000e+10 -7.116517216771210030e+01 3.217945425780701953e+13 4.369105268535956428e+35 0.000000000000000000e+00
-2.398158932800000000e+10 -5.647886043019367008e+01 5.576518368143509375e+13 4.356102202076998114e+35 0.000000000000000000e+00
-3.395620666400000000e+10 -6.992442230444791562e+01 4.782692763295239062e+13 4.343176303207546652e+35 0.000000000000000000e+00
-2.209638154120000000e+11 -8.737330815260952477e+01 3.906202139848525000e+13 4.330326886972078023e+35 0.000000000000000000e+00
-1.187296561520000000e+11 -7.985413964862186731e+01 4.159865441437332031e+13 4.317553276407533281e+35 0.000000000000000000e+00
-9.974170754400000000e+10 -7.612720447592120365e+01 3.771705535483907031e+13 4.304854802488441709e+35 0.000000000000000000e+00
-1.106874685160000000e+11 -7.390334301104563508e+01 4.809589429420743750e+13 4.292230805121282226e+35 0.000000000000000000e+00
-8.446565788000000000e+09 -5.288587908083133726e+01 6.115568557907645312e+13 4.279680630875419495e+35 0.000000000000000000e+00
-6.058113704800000000e+10 -7.293465718019093913e+01 3.348254733128017188e+13 4.267203632922249593e+35 0.000000000000000000e+00
-9.915646610800000000e+10 -7.420395781174964611e+01 3.369714306173661328e+13 4.254799173802173987e+35 0.000000000000000000e+00
-1.740193253560000000e+11 -8.299677178997961846e+01 3.719334137646232812e+13 4.242466623150031140e+35 0.000000000000000000e+00
-1.218015234800000000e+10 -5.515717737592492398e+01 5.138347665821435156e+13 4.230205357181791499e+35 0.000000000000000000e+00
3.230535388400000000e+10 -4.559352739907010488e+01 9.589639723376801562e+13 4.218014759334777584e+35 0.000000000000000000e+00
-2.233192188520000000e+11 -8.963455636100420065e+01 4.429557340248314062e+13 4.218014759334777584e+35 0.000000000000000000e+00
8.039585604000000000e+09 -5.991523996534571239e+01 5.392672377105511719e+13 4.205894221529405778e+35 0.000000000000000000e+00
-3.727845983600000000e+10 -6.226585612131424341e+01 3.551535526579252344e+13 4.205894221529405778e+35 0.000000000000000000e+00
1.352331773200000000e+10 -4.722502456200479060e+01 8.304746222390928125e+13 4.193843139932746934e+35 0.000000000000000000e+00
