0.000000000000000000e+00 0.000000000000000000e+00 0.000000000000000000e+00 0.000000000000000000e+00 0.000000000000000000e+00
-9.745266275595901106e+01 -9.719494243754510876e+01 1.935400823082636113e-01 1.231668392569097632e+05 0.000000000000000000e+00
-9.985568828663247132e+01 -9.990425663835389969e+01 1.074641649148064954e-01 1.244651446187156544e+05 0.000000000000000000e+00
-1.031824969738780027e+02 -1.032120998736068884e+02 1.950692978469763250e-01 1.212504816320499085e+05 0.000000000000000000e+00
-9.924884876382567711e+01 -9.922677685564772787e+01 6.789216621088021986e-02 1.179491282978956879e+05 0.000000000000000000e+00
-1.053666573239111131e+02 -1.053725326420339314e+02 6.673705401835437756e-02 1.148536574003953720e+05 0.000000000000000000e+00
-9.739319741415032183e+01 -9.727543733317334329e+01 7.461209497712632810e-02 1.118370758336488361e+05 0.000000000000000000e+00
-1.080340639371972884e+02 -1.080600140181311701e+02 7.989228148546440034e-02 1.113494698875194881e+05 0.000000000000000000e+00
-9.995057613794259055e+01 -9.994729272577311008e+01 6.958533664703719923e-02 1.086769093596092425e+05 0.000000000000000000e+00
-1.080116943355290573e+02 -1.080312059886425970e+02 3.458286119666027086e-02 2.770810640186502860e+04 0.000000000000000000e+00
-1.080991056195798308e+02 -1.080818028062056015e+02 4.961179622752969615e-02 2.710785385193613547e+04 0.000000000000000000e+00
-1.080582819682706344e+02 -1.080480737632570651e+02 4.415490573673896274e-02 1.011048487425463391e+05 0.000000000000000000e+00
-1.053203979059448443e+02 -1.052978133121775954e+02 4.706285857180196597e-02 9.882440436304089963e+04 0.000000000000000000e+00
-1.026424943612063174e+02 -1.026209694358834952e+02 3.979242799178293877e-02 9.671915286325365014e+04 0.000000000000000000e+00
-1.024338798402540789e+02 -1.025055582459400512e+02 5.952130433954070515e-02 2.506751372079680732e+04 0.000000000000000000e+00
-1.051170027197675267e+02 -1.051688178902624315e+02 7.578775281293194388e-02 9.341181284081142803e+04 0.000000000000000000e+00
-9.695663859742757040e+01 -9.691996704276938601e+01 1.281211881171699374e-01 9.181678866829723120e+04 0.000000000000000000e+00
-1.079482653273124413e+02 -1.079826227379884358e+02 3.857115881987904088e-02 9.003114225664730475e+04 0.000000000000000000e+00
-1.106529332419978857e+02 -1.106510615883243105e+02 4.811619773451467769e-02 2.396065317813545335e+04 0.000000000000000000e+00
-1.025581788498396776e+02 -1.025283663472179256e+02 3.920123593122408490e-02 8.676744336179029779e+04 0.000000000000000000e+00
-9.867026486045955380e+01 -9.870201697818531272e+01 5.569627917989657812e-02 8.524476925124070840e+04 0.000000000000000000e+00
-9.996401437756270525e+01 -9.990808449482763365e+01 5.438512180135657986e-02 8.377119818869893788e+04 0.000000000000000000e+00
-1.052323406032609370e+02 -1.052613816263492907e+02 3.198670308985478161e-02 8.265246317039526184e+04 0.000000000000000000e+00
-1.080476379868480450e+02 -1.080417390519515664e+02 3.107934368914755732e-02 8.128266411627923662e+04 0.000000000000000000e+00
-1.052570851956266580e+02 -1.052615148213546803e+02 1.730980347429077887e-02 2.203498055219886373e+04 0.000000000000000000e+00
-1.079680646278214482e+02 -1.079816600305302927e+02 2.758262623507296701e-02 7.843774660839817079e+04 0.000000000000000000e+00
-1.106959339850985771e+02 -1.107152423967282147e+02 3.763843065422090017e-02 7.711376750225217256e+04 0.000000000000000000e+00
-1.053861862318603642e+02 -1.053795576877481039e+02 2.412147249863342072e-02 2.105438284571582335e+04 0.000000000000000000e+00
-1.025702610655621356e+02 -1.025315393249831715e+02 3.097070669763028056e-02 2.070604607908016260e+04 0.000000000000000000e+00
-1.081072061702983262e+02 -1.081003562252230665e+02 3.005478276462917459e-02 2.054114129059364859e+04 0.000000000000000000e+00
-1.080050745635842020e+02 -1.080082092802575886e+02 2.606187582994034732e-02 7.230132911331095966e+04 0.000000000000000000e+00
-9.436796789136364794e+01 -9.423858863506913508e+01 6.954396914877537805e-02 7.115474931223696331e+04 0.000000000000000000e+00
-1.080050428527805195e+02 -1.079921630322915860e+02 2.580387043927612895e-02 7.157164465057011694e+04 0.000000000000000000e+00
-1.080716514667165313e+02 -1.080616947024534795e+02 2.267100835115248847e-02 7.049376483291499608e+04 0.000000000000000000e+00
-1.026256727887784166e+02 -1.025821752518903622e+02 5.755956744042346057e-02 6.943874290790090163e+04 0.000000000000000000e+00
-1.107411843283407649e+02 -1.107482328944781500e+02 2.004708406111178898e-02 1.892580261770365905e+04 0.000000000000000000e+00
-1.026395743293664111e+02 -1.026385797524144010e+02 3.045307352651431196e-02 6.759504622721350461e+04 0.000000000000000000e+00
-9.912608445165162152e+01 -9.904541993095958219e+01 4.629195707756819655e-02 1.839576539046460312e+04 0.000000000000000000e+00
-1.107481419070582405e+02 -1.107603880158434748e+02 2.940140576523865915e-02 6.592834495754646196e+04 0.000000000000000000e+00
-1.053705845534218497e+02 -1.053676546839780030e+02 2.311111323168859102e-02 6.502035650968019036e+04 0.000000000000000000e+00
-9.986124018496769850e+01 -9.984042486372914027e+01 2.434959170882787169e-02 1.808362063196950839e+04 0.000000000000000000e+00
-1.052652025068972677e+02 -1.052727355245389447e+02 2.461484055600604223e-02 6.325010120870245737e+04 0.000000000000000000e+00
-9.399350552817558935e+01 -9.379277948038094337e+01 6.948602376897504429e-02 6.240150745751788054e+04 0.000000000000000000e+00
-1.053066755002627417e+02 -1.052953450991892907e+02 1.681371111842526120e-02 1.849511894772996675e+04 0.000000000000000000e+00
-1.078691669832027173e+02 -1.079046267815919151e+02 2.643454267747510911e-02 6.377359272190391493e+04 0.000000000000000000e+00
-1.080283837102919193e+02 -1.080297541737289322e+02 1.821692797740974076e-02 1.804016867156914668e+04 0.000000000000000000e+00
-9.590157381825595451e+01 -9.600468143723176695e+01 3.815771224993217553e-02 1.780893935818136015e+04 0.000000000000000000e+00
-1.025175647710395168e+02 -1.025376177363880998e+02 2.841357400703942507e-02 6.312361956390078558e+04 0.000000000000000000e+00
-1.080636889314016287e+02 -1.080497017651530172e+02 1.363581649707599347e-02 1.808422213944550458e+04 0.000000000000000000e+00
-1.080326196072891491e+02 -1.080353747539866873e+02 1.774880771814752248e-02 6.162036961876731948e+04 0.000000000000000000e+00
-1.053198127320163735e+02 -1.053196442125480274e+02 1.462437278065607804e-02 6.086969515795758343e+04 0.000000000000000000e+00
-9.954688719139790010e+01 -9.944828596771954210e+01 5.261195477469034903e-02 6.013626337302626780e+04 0.000000000000000000e+00
-1.079919093911031496e+02 -1.080073300873534805e+02 2.060213533852371312e-02 6.022950324050461495e+04 0.000000000000000000e+00
-1.053871550976412550e+02 -1.053437763799369833e+02 2.235972868887870640e-02 5.954751675954257371e+04 0.000000000000000000e+00
-1.079996655711171201e+02 -1.080123656935739263e+02 2.292360140321721487e-02 5.905789168544711720e+04 0.000000000000000000e+00
-9.982368268177928883e+01 -9.980040807299398864e+01 2.410992294812207282e-02 5.839626145007245213e+04 0.000000000000000000e+00
-1.080091959630652099e+02 -1.080029180807306801e+02 1.353442859659392469e-02 1.703258597933606870e+04 0.000000000000000000e+00
-1.034949903750918168e+02 -1.034926239692123175e+02 3.757709497421333339e-02 2.512405801746408088e+03 0.000000000000000000e+00
-1.081125199088325815e+02 -1.081031198113911245e+02 1.677526000529426173e-02 1.670837055380958918e+04 0.000000000000000000e+00
-9.186306778563488251e+01 -9.179117045793853435e+01 4.260754338505537420e-02 5.636490696470369585e+04 0.000000000000000000e+00
-1.052391196630153161e+02 -1.052346728401047358e+02 1.403929495503647776e-02 1.666163497334354179e+04 0.000000000000000000e+00
-1.080439331551122990e+02 -1.080507895690431042e+02 1.111508251943667258e-02 2.430114960854863057e+03 0.000000000000000000e+00
-1.080589902626798988e+02 -1.080589065817178636e+02 1.588623802988739508e-02 5.511078495675281738e+04 0.000000000000000000e+00
-1.053303779057600593e+02 -1.053236575148916643e+02 1.444021084189998569e-02 1.617137944235235955e+04 0.000000000000000000e+00
-1.026476830648858964e+02 -1.026347721543772451e+02 2.395942401205447547e-02 5.399810862017081672e+04 0.000000000000000000e+00
-1.044962283429123318e+02 -1.045616167463674344e+02 3.698168803225685558e-02 5.345734777707658213e+04 0.000000000000000000e+00
-1.026210533940605387e+02 -1.026048595443476614e+02 1.568941678863526243e-02 5.326172359420055000e+04 0.000000000000000000e+00
-1.053542246270258858e+02 -1.053526864454460963e+02 1.503775873465345095e-02 5.275001340813473507e+04 0.000000000000000000e+00
-1.027199074767389533e+02 -1.027038621345116951e+02 2.130864824697398241e-02 5.222272302902972297e+04 0.000000000000000000e+00
-1.052262923639003276e+02 -1.052261521864792826e+02 2.191745131145586556e-02 1.521819474256258036e+04 0.000000000000000000e+00
-9.737056569825131191e+01 -9.744248842026811985e+01 7.045740383982335153e-02 5.138604602557493490e+04 0.000000000000000000e+00
-1.025715333277573507e+02 -1.025712606351057872e+02 2.040312671139475967e-02 5.113545302291669941e+04 0.000000000000000000e+00
-1.042468598826550874e+02 -1.042840230721256205e+02 3.561493672388849063e-02 5.064376430769018771e+04 0.000000000000000000e+00
-1.025371027933365582e+02 -1.025282084511095775e+02 1.993653351519150338e-02 5.026898760495597526e+04 0.000000000000000000e+00
-9.994110480741824176e+01 -9.992541284376154920e+01 1.906996260815480015e-02 4.980223965874910209e+04 0.000000000000000000e+00
-1.053411163334359344e+02 -1.053248876930532845e+02 1.515530580073125647e-02 4.935918557483227778e+04 0.000000000000000000e+00
-1.025692159540913195e+02 -1.025671617043386590e+02 1.189591145059157654e-02 2.127212177517453256e+03 0.000000000000000000e+00
-1.051359795810045767e+02 -1.051596113792407863e+02 2.189625159322606748e-02 4.858154828116721183e+04 0.000000000000000000e+00
-1.079825846945947347e+02 -1.079896005632983105e+02 1.275516455765193097e-02 4.818642934873720515e+04 0.000000000000000000e+00
-9.896291347141652750e+01 3.207024162053434880e+17 1.193186368672156590e+02 1.423693710385047416e+04 0.000000000000000000e+00
-1.418380610157500000e+12 -5.929718373377579610e+01 2.139495056036457422e+13 9.159372484274447532e+32 0.000000000000000000e+00
-6.455879240730000000e+11 -5.823616385987468647e+01 1.319922046665992969e+13 9.079233373368708191e+32 0.000000000000000000e+00
-5.427544548021000000e+12 1.549177263207238184e+03 6.847866481366741250e+14 8.942792652099919956e+32 0.000000000000000000e+00
-1.393635221753865000e+14 1.284052205091246378e+03 2.709323710330768750e+14 8.960096988676572037e+32 0.000000000000000000e+00
-5.995010022697000000e+12 2.707336418526305692e+02 2.369303192669131875e+14 8.789947524984209312e+32 0.000000000000000000e+00
-5.852033539154000000e+12 4.485388406606971330e+03 4.239073786420912500e+14 8.715467469569773675e+32 0.000000000000000000e+00
-7.749994186765000000e+11 -4.910148691673260402e+01 5.031367492969856250e+13 8.642238903022761151e+32 0.000000000000000000e+00
-1.772269760361500000e+12 9.326061031213372416e+02 1.757934097526136875e+14 8.570230547308678693e+32 0.000000000000000000e+00
-6.491724719325000000e+11 -6.376420697173334418e+01 2.324178044004412109e+13 8.499412157999208724e+32 0.000000000000000000e+00
-2.607321425059500000e+12 5.535685825825635220e+03 1.885419081222219688e+14 8.429754481930074485e+32 0.000000000000000000e+00
-1.033680805463650000e+13 -2.806516754752874476e+01 2.910934366280019141e+13 8.524758542155227581e+32 0.000000000000000000e+00
-2.268992216387000000e+12 4.418703754477713233e+02 8.194705451077043750e+13 8.293808973457154925e+32 0.000000000000000000e+00
-4.748371429260500000e+12 -4.224231905063452785e+01 1.719825412300665234e+13 8.397292567164883467e+32 0.000000000000000000e+00
-4.974400810730000000e+12 1.303220926696084689e+03 2.741613492340688281e+13 8.334569246092064403e+32 0.000000000000000000e+00
-1.690066789464000000e+12 -2.886212271509611682e+01 1.345007207776957617e+13 8.270928045439680989e+32 0.000000000000000000e+00
-5.249184919545000000e+11 -5.838762711526399585e+01 2.122639408103580078e+13 8.034660371903502803e+32 0.000000000000000000e+00
-1.679381204422500000e+12 9.806787881252282659e+02 4.301322533265607031e+13 7.972383876536844796e+32 0.000000000000000000e+00
-7.223051787750000000e+11 -4.494672260743513448e+01 1.099068426172536133e+13 8.085891460022418765e+32 0.000000000000000000e+00
-1.271648696652500000e+12 1.954276901243780912e+03 5.898751810866965625e+13 7.850682723235796945e+32 0.000000000000000000e+00
-1.029320678270000000e+12 1.317776156330768572e+03 1.051533501080762188e+14 7.791214866117093126e+32 0.000000000000000000e+00
-5.476334338565000000e+11 6.239786865218738967e+02 3.228848880010769531e+13 7.732641104923425222e+32 0.000000000000000000e+00
-1.819133063050500000e+12 1.962568968706451589e+00 1.137466327557715781e+14 7.674941427267593911e+32 0.000000000000000000e+00
-9.763682605140000000e+11 1.213298350631688436e+03 4.455909248507682031e+13 7.618096413549019320e+32 0.000000000000000000e+00
-8.569006343675000000e+11 1.011922209640346955e+04 8.367009767048890625e+13 7.562087215168038272e+32 0.000000000000000000e+00
-4.961011507220000000e+11 -3.343686828199540173e+01 2.940875274677571094e+13 7.506895533693010458e+32 0.000000000000000000e+00
-8.803505433721000000e+12 2.868015464255509869e+03 2.511625527599001172e+13 7.641894940681632447e+32 0.000000000000000000e+00
-6.155833591885000000e+11 2.750931079147303990e+03 4.885651333296249219e+13 7.398894159876358792e+32 0.000000000000000000e+00
-6.036874797200000000e+11 2.011531413210866049e+03 4.658979170081794531e+13 7.346050446427998162e+32 0.000000000000000000e+00
-2.546347856909000000e+12 -1.995495788286401861e+01 1.030115930105862109e+13 7.486484032099194821e+32 0.000000000000000000e+00
-5.449125224315500000e+12 2.965875621850483185e+03 1.931787582047959375e+13 7.435618085755868383e+32 0.000000000000000000e+00
-8.218959652330000000e+11 2.151775503252539693e+03 5.838293035816885938e+13 7.191953062868593062e+32 0.000000000000000000e+00
-5.173673094330000000e+11 1.939997683908143927e+03 2.656049981696025781e+13 7.142013881091062754e+32 0.000000000000000000e+00
-2.631142028715000000e+11 -4.905424462662068663e+01 1.473228210985615820e+13 7.092763413830200446e+32 0.000000000000000000e+00
-3.693283298992500000e+11 1.550492102636937261e+03 2.330573709215200781e+13 7.044187512196557820e+32 0.000000000000000000e+00
-3.055798389672500000e+11 -3.912076217650848520e+01 2.347390166880610938e+13 6.996272412210606923e+32 0.000000000000000000e+00
-3.784857881540000000e+11 2.581387963163680070e+03 2.201070013931766797e+13 6.949004721802529875e+32 0.000000000000000000e+00
-1.921366523827500000e+11 -2.702306402905860239e+01 1.813686296419389453e+13 6.902371408335548777e+32 0.000000000000000000e+00
-1.905676693725250000e+12 -1.446483686619330733e+01 1.521959117573758008e+13 7.043750689854386939e+32 0.000000000000000000e+00
-4.422231634112500000e+11 -2.228308956612843872e+01 3.109792204430383984e+13 6.810957507452434681e+32 0.000000000000000000e+00
-2.379728442405000000e+11 8.404171415818298101e+02 1.257661310793635742e+13 6.766152546486078532e+32 0.000000000000000000e+00
-2.221738431262500000e+11 1.042553763215559229e+03 1.408514314172280273e+13 6.721933193697152780e+32 0.000000000000000000e+00
-7.279523766425000000e+11 -1.236444519289236332e+01 5.363416733858714062e+13 6.678288043142777186e+32 0.000000000000000000e+00
-2.362648618327500000e+11 2.577671640219626852e+02 1.566853885214289453e+13 6.635205983162409342e+32 0.000000000000000000e+00
-6.627598636617500000e+11 6.054292695020802057e+03 7.497911672071168750e+13 6.592676186948168860e+32 0.000000000000000000e+00
-1.605968905932500000e+11 -7.204714844798415641e+01 8.505957331545396484e+12 6.550688103475376032e+32 0.000000000000000000e+00
-3.533336129170000000e+11 1.505706078144077765e+03 2.155121820788637109e+13 6.509231448777880314e+32 0.000000000000000000e+00
-3.008853707612500000e+11 1.389233262898892690e+03 2.480534082627858594e+13 6.468296197551553504e+32 0.000000000000000000e+00
-2.154419759655000000e+11 1.104651074976530708e+03 1.202715353184078516e+13 6.427872575073241697e+32 0.000000000000000000e+00
-2.997462114507500000e+11 5.500726909974473529e+03 2.149446747720200391e+13 6.387951049420959785e+32 0.000000000000000000e+00
-1.717283960685000000e+11 -2.983376378376319948e+01 9.599721125799677734e+12 6.348522323981607994e+32 0.000000000000000000e+00
-3.311903410367500000e+11 3.402264848912720936e+03 3.380127441776288281e+13 6.309577330234588312e+32 0.000000000000000000e+00
-1.587884299822500000e+11 2.873212738424946110e+03 1.227411588623840430e+13 6.271107220799656111e+32 0.000000000000000000e+00
-1.264748096432500000e+11 8.355165951902996540e+02 9.921879640841820312e+12 6.233103362737088639e+32 0.000000000000000000e+00
-1.000201803247500000e+11 1.174527606286834640e+02 8.141890246021069336e+12 6.195557331090044853e+32 0.000000000000000000e+00
-9.453009135650000000e+10 -6.634729061163186259e+01 6.861587952163327148e+12 6.158460902659147418e+32 0.000000000000000000e+00
-1.814385148295000000e+11 1.951849255641411446e+03 1.163099056222946680e+13 6.121806049999100819e+32 0.000000000000000000e+00
-6.129046907725000000e+10 9.027106608510116814e+00 5.884480033362628906e+12 6.085584935628341261e+32 0.000000000000000000e+00
-1.687998327937500000e+11 1.137329362054532425e+02 1.565539729783318359e+13 6.049789906443180259e+32 0.000000000000000000e+00
-1.072223978532500000e+11 -2.982740100410376272e+01 8.976480858360958984e+12 6.014413488327794282e+32 0.000000000000000000e+00
-4.431735835845000000e+11 3.757151478707351089e+03 4.139622944385264062e+13 5.979448380952185276e+32 0.000000000000000000e+00
-1.865173794192500000e+11 2.391940864810650055e+03 1.863243422513063672e+13 5.944887452750560438e+32 0.000000000000000000e+00
-1.844325885737500000e+11 1.066945931179345280e+03 1.222561863627114648e+13 5.910723736072819543e+32 0.000000000000000000e+00
-1.994164375352500000e+11 3.732938322622052056e+03 1.767291279435721484e+13 5.876950422502075228e+32 0.000000000000000000e+00
-7.636725751125000000e+10 -7.472243807852613884e+01 5.623018570281804688e+12 5.843560858332185075e+32 0.000000000000000000e+00
-1.138823531647500000e+11 1.926504766532136273e+03 8.705692270549785156e+12 5.810548540197978075e+32 0.000000000000000000e+00
-1.934397530630000000e+11 2.801481352481969793e+02 1.575103232019902930e+13 5.777907110853302192e+32 0.000000000000000000e+00
-6.518518529400000000e+10 -7.137762633653134969e+01 4.699262000846918945e+12 5.745630355090038202e+32 0.000000000000000000e+00
-1.124836048490000000e+11 -4.480188994136538594e-01 1.093023433436693555e+13 5.713712195793592775e+32 0.000000000000000000e+00
-8.595281685125000000e+10 -2.258606609190796988e+01 6.720567107759158203e+12 5.682146690128760321e+32 0.000000000000000000e+00
-5.413037452950000000e+10 -7.537446895239969535e+01 4.542983223349561523e+12 5.650928025851516285e+32 0.000000000000000000e+00
-2.003656350787500000e+11 1.005522073765474852e+04 4.375062638832141406e+13 5.620050517741540065e+32 0.000000000000000000e+00
-9.102316311925000000e+10 1.359997151872426230e+03 6.795903302159478516e+12 5.589508604151229833e+32 0.000000000000000000e+00
-7.056909136200000000e+10 -3.487234157372025578e+01 8.542857290903767578e+12 5.559296843666426087e+32 0.000000000000000000e+00
-7.160901699075000000e+10 1.243825903784124421e+03 4.121761556393197266e+12 5.529409911874940570e+32 0.000000000000000000e+00
-5.866776887875000000e+10 -7.439261828527372700e+01 6.408357762764584961e+12 5.499842598238783984e+32 0.000000000000000000e+00
-8.659079056425000000e+10 2.666660853498317465e+03 9.998371756828148438e+12 5.470589803066107017e+32 0.000000000000000000e+00
-3.981149772625000000e+10 -6.119225107436056987e+01 4.332129047978294922e+12 5.441646534579241691e+32 0.000000000000000000e+00
-6.336924540950000000e+10 1.650603181251181468e+03 5.775397039503551758e+12 5.413007906075360498e+32 0.000000000000000000e+00
-9.629432876250000000e+10 1.716565836795810355e+03 1.162114491243196875e+13 5.384669133176378148e+32 0.000000000000000000e+00
-8.881923389725000000e+10 1.617938188215421178e+04 2.405502297314716406e+13 5.356625531164640767e+32 0.000000000000000000e+00
-1.632567826260000000e+11 6.599174038507305340e+03 1.470453746490645898e+13 5.328872512401435205e+32 0.000000000000000000e+00
-7.975934737575000000e+10 4.652720831011480186e+03 1.627511624825703516e+13 5.301405583825508942e+32 0.000000000000000000e+00
-1.183616923470000000e+11 1.522987893935668808e+03 9.056135455916718750e+12 5.274220344528260707e+32 0.000000000000000000e+00
-4.286421927025000000e+10 -5.312475185984393988e+01 3.580924516231364258e+12 5.247312483403420646e+32 0.000000000000000000e+00
-9.631617798625000000e+10 4.855267346926176515e+02 8.775617075955997070e+12 5.220677776868089111e+32 0.000000000000000000e+00
-4.728685284450000000e+10 -6.758969511630189686e+01 4.290784270246097168e+12 5.194312086652929859e+32 0.000000000000000000e+00
-7.116667127600000000e+10 2.602065304923406686e+01 5.497476039682460938e+12 5.168211357658999934e+32 0.000000000000000000e+00
-7.360720929325000000e+10 2.738517563498017807e+03 6.929276590060195312e+12 5.142371615878704341e+32 0.000000000000000000e+00
-6.440323721125000000e+10 2.575342697514401152e+03 6.009652071706549805e+12 5.116788966379075482e+32 0.000000000000000000e+00
-5.877147289475000000e+10 4.674904421172842603e+02 4.992331944683963867e+12 5.091459591344579372e+32 0.000000000000000000e+00
-5.682517787500000000e+10 8.664939819405651633e+02 3.852967205478398926e+12 5.066379748178155927e+32 0.000000000000000000e+00
-5.405023585350000000e+10 5.536435834562326818e+03 7.639495189587337891e+12 5.041545767657811328e+32 0.000000000000000000e+00
-1.123798220345000000e+11 1.823830211752933792e+03 1.222006051899073047e+13 5.016954052147273034e+32 0.000000000000000000e+00
-4.820686835325000000e+10 1.827229746568603332e+03 5.852861700178602539e+12 4.992601073858661739e+32 0.000000000000000000e+00
-6.093592655650000000e+10 -2.064354467207186161e+01 5.132867362884500000e+12 4.968483373165700195e+32 0.000000000000000000e+00
-4.993893738450000000e+10 7.001377740226286733e+03 9.611683302590642578e+12 4.944597556965375722e+32 0.000000000000000000e+00
-2.546258469050000000e+10 -5.590679577296200620e+01 3.422947635012710449e+12 4.920940297086697410e+32 0.000000000000000000e+00
-7.495162424950000000e+10 4.485889465492698037e+03 7.791233366802615234e+12 4.897508328744951191e+32 0.000000000000000000e+00
-5.546658528700000000e+10 7.827889265734511355e+02 5.213889673522506836e+12 4.874298449039867547e+32 0.000000000000000000e+00
-4.653857387800000000e+10 1.132724307588135161e+03 4.000411904077687500e+12 4.851307515496218152e+32 0.000000000000000000e+00
-5.356835090875000000e+10 3.033550846954698045e+03 4.526223430064010742e+12 4.828532444645707295e+32 0.000000000000000000e+00
-2.444977126225000000e+10 -6.122829091095023557e+01 2.636362172358650879e+12 4.805970210648389048e+32 0.000000000000000000e+00
-4.863015931325000000e+10 1.782389941217209923e+02 3.970352758800958008e+12 4.783617843952664792e+32 0.000000000000000000e+00
-6.308083668800000000e+10 2.172268986747350937e+03 5.588477152279229492e+12 4.761472429992545325e+32 0.000000000000000000e+00
-5.291723478200000000e+10 2.579980728211014139e+03 6.689975208459704102e+12 4.739531107920849540e+32 0.000000000000000000e+00
-4.110936480375000000e+10 7.851370385306681783e+02 2.726678460794922852e+12 4.717791069377237178e+32 0.000000000000000000e+00
-3.709240386250000000e+10 4.858146082241660224e+03 7.125416998497198242e+12 4.696249557290084874e+32 0.000000000000000000e+00
-4.014254899900000000e+10 1.823807254404993046e+02 2.642086286913549805e+12 4.674903864710988441e+32 0.000000000000000000e+00
-3.691601581900000000e+10 1.237489536922167190e+03 2.949855049788607422e+12 4.653751333680844396e+32 0.000000000000000000e+00
-3.374372023725000000e+10 4.677237672624561128e+03 5.609522894032227539e+12 4.632789354126709441e+32 0.000000000000000000e+00
-3.528790994525000000e+10 7.042010555018531477e+02 2.752676244077644531e+12 4.612015362788162490e+32 0.000000000000000000e+00
-3.176635876250000000e+10 9.723251171467011318e+02 2.896509345906619141e+12 4.591426842172602142e+32 0.000000000000000000e+00
-3.344793227050000000e+10 -7.487835134125049308e+01 3.268957399125540527e+12 4.571021319538242368e+32 0.000000000000000000e+00
-4.251186611975000000e+10 3.068336838277547031e+03 3.543881405131673340e+12 4.550796365904202585e+32 0.000000000000000000e+00
-4.475543843800000000e+10 3.673912783836915885e+00 5.436176201863470703e+12 4.530749595086731563e+32 0.000000000000000000e+00
-4.091601560725000000e+10 4.288042115509190921e+01 5.372367300176279297e+12 4.510878662760767517e+32 0.000000000000000000e+00
-2.720934673875000000e+10 -6.703563448098671529e+01 4.382687710005556641e+12 4.491181265546105858e+32 0.000000000000000000e+00
-2.150199900450000000e+10 -7.018497173834603586e+01 2.348693650844420410e+12 4.471655140117438190e+32 0.000000000000000000e+00
-3.228500114025000000e+10 6.981279770541269727e+02 2.725688520131197754e+12 4.452298062337384877e+32 0.000000000000000000e+00
-2.959517594500000000e+10 8.848051280839058563e+02 2.377019537692358398e+12 4.433107846412120557e+32 0.000000000000000000e+00
-2.293668227550000000e+10 -3.795147726615052619e+01 2.678008810604708008e+12 4.414082344068570094e+32 0.000000000000000000e+00
-3.126363488550000000e+10 4.482171889002152625e+02 2.774786978391896973e+12 4.395219443752803867e+32 0.000000000000000000e+00
-3.146180746800000000e+10 3.784303431445875503e+03 3.110111507171445312e+12 4.376517069848880858e+32 0.000000000000000000e+00
-1.662419470525000000e+10 -5.639519189521269027e+01 2.333856338805158203e+12 4.357973181917522693e+32 0.000000000000000000e+00
-2.737162541550000000e+10 8.682196897237448638e+02 2.421626170381215332e+12 4.339585773954039320e+32 0.000000000000000000e+00
-2.515975063550000000e+10 -7.977518775834604980e+01 2.982552445682225098e+12 4.321352873665080456e+32 0.000000000000000000e+00
-2.828611080525000000e+10 7.445305134677769843e+01 3.125198287920751465e+12 4.303272541763352428e+32 0.000000000000000000e+00
-2.544087396950000000e+10 -7.682951068705949638e+01 2.040936044484130371e+12 4.285342871280139004e+32 0.000000000000000000e+00
-2.580300444525000000e+10 8.450184274207537101e+02 2.183457654924834717e+12 4.267561986894829261e+32 0.000000000000000000e+00
-2.468618950900000000e+10 -2.799063739291735686e+01 4.105585785664434082e+12 4.249928044281110934e+32 0.000000000000000000e+00
-2.081669801575000000e+10 8.919373678022432159e+02 4.767972096327166992e+12 4.232439229469315468e+32 0.000000000000000000e+00
-2.545111579725000000e+10 1.827993750017078582e+03 3.103737877177437500e+12 4.215093758224361386e+32 0.000000000000000000e+00
-2.722358578225000000e+10 2.256192424969604247e+02 5.678127683375533203e+12 4.197889875439057449e+32 0.000000000000000000e+00
-2.916395138125000000e+10 -8.471706225021436865e+01 2.690906206113590332e+12 4.180825854542091151e+32 0.000000000000000000e+00
-1.999820706325000000e+10 -2.755518985526997255e+01 2.899024427523472168e+12 4.163899996920459004e+32 0.000000000000000000e+00
-3.216653694125000000e+10 2.765080904286413443e+03 5.089026091698493164e+12 4.147110631355833479e+32 0.000000000000000000e+00
-2.239181428075000000e+10 1.142652479148267503e+03 1.707275662875208740e+12 4.130456113474535136e+32 0.000000000000000000e+00
-4.073262030650000000e+10 1.924254954592460081e+03 3.954306153297094727e+12 4.113934825210676893e+32 0.000000000000000000e+00
-2.816366596925000000e+10 5.948349586746670248e+00 3.468951722542911133e+12 4.097545174282190742e+32 0.000000000000000000e+00
-1.817120782825000000e+10 -2.464969078386701540e+01 2.039036555766037109e+12 4.081285593679246214e+32 0.000000000000000000e+00
-2.336491755525000000e+10 2.033957378063982446e+02 2.619549332636184082e+12 4.065154541164902063e+32 0.000000000000000000e+00
-1.730550029450000000e+10 -4.361854974000944907e+01 3.439118904113135742e+12 4.049150498787435598e+32 0.000000000000000000e+00
-2.584010025800000000e+10 -8.541433754442836346e+01 2.409445272541891602e+12 4.033271972404279059e+32 0.000000000000000000e+00
-2.457444386025000000e+10 2.065936027183169244e+03 5.082979244315675781e+12 4.017517491216975756e+32 0.000000000000000000e+00
-2.153614273400000000e+10 1.645516797474417217e+03 2.674054855134488281e+12 4.001885607317099775e+32 0.000000000000000000e+00
-2.491646583725000000e+10 2.509750816905579541e+03 8.516789798253780273e+12 3.986374895242662939e+32 0.000000000000000000e+00
-2.585675495925000000e+10 1.008294915858087847e+03 3.721570328299524414e+12 3.970983951544862765e+32 0.000000000000000000e+00
-2.037809378775000000e+10 1.081407640854232113e+03 2.047857639747523438e+12 3.955711394364753464e+32 0.000000000000000000e+00
-4.273774336775000000e+10 4.797889675580200674e+03 5.084899699471983398e+12 3.940555863019695158e+32 0.000000000000000000e+00
-1.447387651200000000e+10 -2.762155242650528919e+01 2.277553023669699707e+12 3.925516017599281554e+32 0.000000000000000000e+00
-3.293102865150000000e+10 2.211165975162326447e+02 7.151558955056176758e+12 3.910590538570451362e+32 0.000000000000000000e+00
-2.417045726975000000e+10 -8.229815289604799489e+01 2.514991122146058594e+12 3.895778126391580242e+32 0.000000000000000000e+00
-2.262597546325000000e+10 -1.636627220430725416e+01 2.795106822985888184e+12 3.881077501135345772e+32 0.000000000000000000e+00
-2.185597573700000000e+10 -8.299150929900523010e+01 1.798020289829486572e+12 3.866487402120020988e+32 0.000000000000000000e+00
-2.694874949275000000e+10 1.467671204398302962e+03 4.299335227343649414e+12 3.852006587549154708e+32 0.000000000000000000e+00
-2.033823464100000000e+10 1.445598390970646392e+02 2.135843516264507568e+12 3.837633834159230793e+32 0.000000000000000000e+00
-1.938696160800000000e+10 5.444665078998656327e+02 2.064702647895156738e+12 3.823367936875235734e+32 0.000000000000000000e+00
-2.243328144550000000e+10 4.593598929198132282e+03 3.221786451983591309e+12 3.809207708473849203e+32 0.000000000000000000e+00
-1.849570410200000000e+10 -1.366432856954987862e+01 2.413433404194082031e+12 3.795151979254123556e+32 0.000000000000000000e+00
-2.209124056250000000e+10 -8.605952964645244663e+01 1.998890974902499023e+12 3.781199596715393592e+32 0.000000000000000000e+00
-1.859496241050000000e+10 1.551403555647260646e+03 2.685319042422315430e+12 3.767349425242274625e+32 0.000000000000000000e+00
-1.724837018475000000e+10 -1.097802757719312083e+01 2.501210035904054688e+12 3.753600345796588158e+32 0.000000000000000000e+00
-1.722594740550000000e+10 1.227791681826763579e+03 1.683467559282970947e+12 3.739951255615952900e+32 0.000000000000000000e+00
-1.644570890525000000e+10 6.331276980580367990e+02 1.948294559242337646e+12 3.726401067918978413e+32 0.000000000000000000e+00
-2.017416124000000000e+10 -8.546378845819963033e+01 1.915504700514395020e+12 3.712948711616811352e+32 0.000000000000000000e+00
-1.777101752975000000e+10 -8.109849346050734198e+01 1.870703167210669922e+12 3.699593131030923348e+32 0.000000000000000000e+00
-2.891325793350000000e+10 2.965090402150150112e+03 2.417846939219517578e+12 3.686333285616958198e+32 0.000000000000000000e+00
-1.735491337575000000e+10 2.727210120715413268e+03 3.891886299759872070e+12 3.673168149694517331e+32 0.000000000000000000e+00
-1.626614538375000000e+10 9.208789770748659294e+02 2.222492531513105957e+12 3.660096712182655115e+32 0.000000000000000000e+00
-2.581301702425000000e+10 3.254162649347542356e+03 2.725223184804813477e+12 3.647117976341104905e+32 0.000000000000000000e+00
-1.611132757300000000e+10 -8.306812559881518609e+01 1.928822069651002197e+12 3.634230959516871221e+32 0.000000000000000000e+00
-2.558583997375000000e+10 3.892799994162261555e+03 2.783640510491112793e+12 3.621434692896264432e+32 0.000000000000000000e+00
-1.632586201000000000e+10 4.797970863247770694e+02 6.077848289275230469e+12 3.608728221262127914e+32 0.000000000000000000e+00
-1.759216057425000000e+10 -8.422654368204258901e+01 1.505314808047830078e+12 3.596110602756133741e+32 0.000000000000000000e+00
-1.747694529725000000e+10 -8.631807886990443990e+01 1.715150132465296875e+12 3.583580908646105827e+32 0.000000000000000000e+00
-1.523824488550000000e+10 2.281267170810813695e+03 2.644392762638234375e+12 3.571138223098085906e+32 0.000000000000000000e+00
-1.575309971650000000e+10 2.668472680384838824e+01 2.146933792408627686e+12 3.558781642953268442e+32 0.000000000000000000e+00
-1.783990949537500000e+10 4.531980437727401295e+03 4.887643836072867188e+12 3.546510277509434811e+32 0.000000000000000000e+00
-1.493556350725000000e+10 9.104596093080369883e+02 2.150681958532051270e+12 3.534323248306950177e+32 0.000000000000000000e+00
-1.609086664287500000e+10 -8.362901283211446923e+01 1.362193753660387939e+12 3.522219688919167402e+32 0.000000000000000000e+00
-1.472476460850000000e+10 -1.275992722011658920e+01 2.068222869909871826e+12 3.510198744747061467e+32 0.000000000000000000e+00
-1.390267554475000000e+10 2.020257405428451705e+02 1.459204862285235107e+12 3.498259572818121765e+32 0.000000000000000000e+00
-1.356015453362500000e+10 1.824116359434314063e+03 2.509583186626932617e+12 3.486401341589293323e+32 0.000000000000000000e+00
-1.348219928775000000e+10 -2.207173466476905332e+01 2.282575852628371094e+12 3.474623230753939545e+32 0.000000000000000000e+00
-1.651802503937500000e+10 2.456747012490205179e+03 3.525043999024349121e+12 3.462924431052675902e+32 0.000000000000000000e+00
-1.578716265912500000e+10 5.832700659187382371e+03 2.433944165445360840e+12 3.451304144088023382e+32 0.000000000000000000e+00
-1.759088845525000000e+10 -8.898401385720558210e+01 2.270440694063411621e+12 3.439761582142802462e+32 0.000000000000000000e+00
-1.295481079387500000e+10 7.101903955518237126e+02 1.417961318052861084e+12 3.428295968002135716e+32 0.000000000000000000e+00
-1.321072464512500000e+10 4.439580410424131856e+02 1.701405010656026123e+12 3.416906534778985571e+32 0.000000000000000000e+00
-1.123536933600000000e+10 -7.379865998238904012e+01 2.093275275873097168e+12 3.405592525743178209e+32 0.000000000000000000e+00
-2.097430978325000000e+10 3.184140193090187495e+03 2.465007190541317871e+12 3.394353194153848047e+32 0.000000000000000000e+00
-9.682648417750000000e+09 -4.798083540288475035e+01 1.971649302890776123e+12 3.383187803095091656e+32 0.000000000000000000e+00
-1.070492770312500000e+10 -7.190836012787220000e+01 2.199186182479871582e+12 3.372095625314948580e+32 0.000000000000000000e+00
-1.211385201262500000e+10 -7.592558788892037569e+01 1.694307921828754395e+12 3.361075943067517389e+32 0.000000000000000000e+00
-6.443976997625000000e+09 -6.833123517729036678e+01 2.016799809310668945e+12 3.350128047958107505e+32 0.000000000000000000e+00
-9.756053541625000000e+09 -7.116644031094996592e+01 1.320195795670908203e+12 3.339251240791467901e+32 0.000000000000000000e+00
-2.073814673387500000e+10 3.315188434404044983e+03 2.154097958770854736e+12 3.328444831422924034e+32 0.000000000000000000e+00
-1.396410066837500000e+10 6.321293209481224949e+03 3.709003210485967773e+12 3.317708138612433836e+32 0.000000000000000000e+00
-1.264748034262500000e+10 4.458431222419541768e+02 1.663053762763718262e+12 3.307040489881407835e+32 0.000000000000000000e+00
-1.178654697650000000e+10 1.291633910354183399e+03 1.587324098003041016e+12 3.296441221372327269e+32 0.000000000000000000e+00
-1.662410439487500000e+10 1.298051892185673751e+03 2.581350772447380859e+12 3.285909677711021848e+32 0.000000000000000000e+00
-1.249157131512500000e+10 2.695791966191777789e+01 1.942198575265812012e+12 3.275445211871630220e+32 0.000000000000000000e+00
-1.174514878075000000e+10 6.464125663981209300e+02 1.428746199237006104e+12 3.265047185044029133e+32 0.000000000000000000e+00
-1.146878155587500000e+10 1.260942326565435224e+03 1.748923024070939941e+12 3.254714966503906382e+32 0.000000000000000000e+00
-2.590887745012500000e+10 2.606105339929001730e+03 3.988621798411721191e+12 3.244447933485215989e+32 0.000000000000000000e+00
-1.072413238100000000e+10 6.958995884789094816e+03 2.922277065148802246e+12 3.234245471055032174e+32 0.000000000000000000e+00
-1.164369937512500000e+10 8.819147348886145892e+02 1.953224917289901611e+12 3.224106971990808614e+32 0.000000000000000000e+00
-2.006795138862500000e+10 4.207331129169474480e+03 3.302471961343199707e+12 3.214031836659900665e+32 0.000000000000000000e+00
-1.833872496562500000e+10 2.241915481605201876e+03 3.355652492530179688e+12 3.204019472901342272e+32 0.000000000000000000e+00
-1.242915185375000000e+10 4.468735010879248875e+03 2.816291858031787109e+12 3.194069295909847650e+32 0.000000000000000000e+00
-1.650272364325000000e+10 6.214313505292614082e+01 5.030354386300794922e+12 3.184180728121950921e+32 0.000000000000000000e+00
-1.050163547962500000e+10 3.678467002471317755e+03 2.657976886263352539e+12 3.174353199104234336e+32 0.000000000000000000e+00
-1.204541975212500000e+10 4.249760767143178075e-01 2.397106854865986816e+12 3.164586145443674634e+32 0.000000000000000000e+00
-1.121149724262500000e+10 2.697398783431426068e+02 1.592167605442135498e+12 3.154879010639949359e+32 0.000000000000000000e+00
-1.066590321500000000e+10 -2.375232902940695823e+01 1.720238721725624023e+12 3.145231244999752154e+32 0.000000000000000000e+00
-8.201881707000000000e+09 -3.707518111343115663e+01 1.683056372239537354e+12 3.135642305533048560e+32 0.000000000000000000e+00
-1.075551262687500000e+10 5.835485325948250193e+02 1.639149243125656006e+12 3.126111655851175405e+32 0.000000000000000000e+00
-9.677611588000000000e+09 -2.650914031970357954e+01 1.860435615290150635e+12 3.116638766066850449e+32 0.000000000000000000e+00
-1.023578626075000000e+10 4.818011084484646176e+02 1.210017907261455566e+12 3.107223112695973731e+32 0.000000000000000000e+00
-8.237396859375000000e+09 -7.283514548201866035e+01 1.462024331091543213e+12 3.097864178561175964e+32 0.000000000000000000e+00
-1.003464757200000000e+10 9.911645529540708139e+02 1.115256601615454346e+12 3.088561452697148899e+32 0.000000000000000000e+00
-9.767139679125000000e+09 1.299932407048395646e+02 1.700096971316026123e+12 3.079314430257646002e+32 0.000000000000000000e+00
-1.451602607700000000e+10 -8.966513766862729540e+01 2.383526967851369141e+12 3.070122612424157373e+32 0.000000000000000000e+00
-9.332579820875000000e+09 1.391699430814379866e+03 2.903858368265848633e+12 3.060985506316227946e+32 0.000000000000000000e+00
-6.992938295000000000e+09 -3.045895217587431958e+01 2.104133488176403320e+12 3.051902624903345108e+32 0.000000000000000000e+00
-9.513323432625000000e+09 -1.642442607309886426e+01 1.809471732804320312e+12 3.042873486918417338e+32 0.000000000000000000e+00
-8.541112589500000000e+09 -7.154924777436724526e+01 1.382561027834931641e+12 3.033897616772757058e+32 0.000000000000000000e+00
-9.689075901750000000e+09 1.188406519739970236e+03 1.386977860850393799e+12 3.024974544472611639e+32 0.000000000000000000e+00
-1.271109724837500000e+10 -8.737909598007587419e+01 1.229886411573428711e+12 3.016103805537079349e+32 0.000000000000000000e+00
-8.568514498500000000e+09 -7.203656891397510265e+01 1.446261728923800781e+12 3.007284940917567703e+32 0.000000000000000000e+00
-9.171949254500000000e+09 5.325257336941086805e+02 1.254360270417705078e+12 2.998517496918581987e+32 0.000000000000000000e+00
-9.089154250125000000e+09 1.194906016123143900e+03 1.400159243711885986e+12 2.989801025119922873e+32 0.000000000000000000e+00
-8.841426957750000000e+09 7.564001231754001537e+02 1.111089930286557861e+12 2.981135082300259975e+32 0.000000000000000000e+00
-1.085497567225000000e+10 -8.491246375326595341e+01 1.295094790268980713e+12 2.972519230361968211e+32 0.000000000000000000e+00
-6.578907063750000000e+09 -4.918963200895758803e+01 1.819081024757445312e+12 2.963953036257328576e+32 0.000000000000000000e+00
-1.122383899925000000e+10 -8.657085674044681411e+01 1.405087681075256836e+12 2.955436071915980919e+32 0.000000000000000000e+00
-1.740340118387500000e+10 2.900520974283502255e+03 2.520411608060323242e+12 2.946967914173616106e+32 0.000000000000000000e+00
-7.032781532000000000e+09 -2.986723794163560086e+01 1.377798953654545166e+12 2.938548144701856776e+32 0.000000000000000000e+00
-1.118474605787500000e+10 5.253359366869050064e+03 5.735224100705369141e+12 2.930176349939430810e+32 0.000000000000000000e+00
-1.377213313312500000e+10 4.876748958630396373e+03 2.058107221429579346e+12 2.921852121024420978e+32 0.000000000000000000e+00
-6.576118627500000000e+09 -1.712082858480184555e+01 1.375707773940525146e+12 2.913575053727718314e+32 0.000000000000000000e+00
-9.611411232000000000e+09 -7.998328653094766594e+01 1.329851700280038086e+12 2.905344748387587689e+32 0.000000000000000000e+00
-7.060738330000000000e+09 -4.324186089950973155e+01 1.595870282584685059e+12 2.897160809845338761e+32 0.000000000000000000e+00
-1.228593938662500000e+10 -9.022331555153527916e+01 1.403948130311046143e+12 2.889022847382091106e+32 0.000000000000000000e+00
-8.443648178375000000e+09 7.751827478291262423e+02 1.620194366215895752e+12 2.880930474656585640e+32 0.000000000000000000e+00
-1.427038171850000000e+10 2.906522357214389103e+03 1.942933472541528564e+12 2.872883309644067163e+32 0.000000000000000000e+00
-1.098442826912500000e+10 1.723480599088728923e+03 2.104869503299891113e+12 2.864880974576138606e+32 0.000000000000000000e+00
-9.961315326625000000e+09 -8.359742898304777725e+01 1.039365115968287720e+12 2.856923095881668043e+32 0.000000000000000000e+00
-1.091385180537500000e+10 -8.834919458125240510e+01 1.112037146715538818e+12 2.849009304128667034e+32 0.000000000000000000e+00
-8.123959479750000000e+09 3.312424065853686557e+02 1.244167722952093018e+12 2.841139233967082659e+32 0.000000000000000000e+00
-1.028864815137500000e+10 3.802645850717983222e+01 2.507226832145256348e+12 2.833312524072630063e+32 0.000000000000000000e+00
-1.147642881425000000e+10 -9.471881608257328367e+01 1.497929880496631836e+12 2.825528817091450069e+32 0.000000000000000000e+00
-7.531673325750000000e+09 -2.005266572974771577e+01 1.254227484465249512e+12 2.817787759585743515e+32 0.000000000000000000e+00
-7.762642571500000000e+09 7.710484810982802628e+02 9.789216838535532227e+11 2.810089001980274624e+32 0.000000000000000000e+00
-7.943082347000000000e+09 1.667580978007438944e+03 1.225741630085559814e+12 2.802432198509743374e+32 0.000000000000000000e+00
-8.824396267000000000e+09 2.041824662031045364e+03 4.165753195857533691e+12 2.794817007167037340e+32 0.000000000000000000e+00
-4.727925973625000000e+09 -6.360193612400659902e+01 1.771404586787432861e+12 2.787243089652276165e+32 0.000000000000000000e+00
-9.152177298625000000e+09 -8.364745278082264690e+01 1.441424162806905029e+12 2.779710111322770805e+32 0.000000000000000000e+00
-8.634227175500000000e+09 2.942144722966770132e+03 2.809614899525858398e+12 2.772217741143675964e+32 0.000000000000000000e+00
-7.895258802125000000e+09 2.487821680052741513e+01 1.650220544439666260e+12 2.764765651639548299e+32 0.000000000000000000e+00
-7.233552990250000000e+09 -7.621502790416643336e+01 1.148229904935226318e+12 2.757353518846600693e+32 0.000000000000000000e+00
-7.401380573000000000e+09 2.663221770596753402e+01 1.255646924795817383e+12 2.749981022265792767e+32 0.000000000000000000e+00
-6.103483388250000000e+09 -8.130735033032772208e+01 1.710307158665903809e+12 2.742647844816601967e+32 0.000000000000000000e+00
-7.023411751250000000e+09 -2.175271987713963640e+01 1.134543238200865234e+12 2.735353672791582605e+32 0.000000000000000000e+00
-9.231752852125000000e+09 -8.799679547279647807e+01 1.105708965394134277e+12 2.728098195811638626e+32 0.000000000000000000e+00
-7.390103077250000000e+09 6.277994872298825157e+02 9.733482365669108887e+11 2.720881106781974808e+32 0.000000000000000000e+00
-1.468371765525000000e+10 3.984428065476353822e+03 2.706420079249888184e+12 2.713702101848807076e+32 0.000000000000000000e+00
-7.415133214625000000e+09 -7.753855124979902769e+01 1.231212906656127197e+12 2.706560880356683509e+32 0.000000000000000000e+00
-6.912525089125000000e+09 -1.653144842229277245e+01 1.370987721430276855e+12 2.699457144806537817e+32 0.000000000000000000e+00
-7.289402519375000000e+09 1.182233247039421713e+03 1.024993827772757690e+12 2.692390600814360347e+32 0.000000000000000000e+00
-7.057184069250000000e+09 7.405861299475278656e+02 9.613610432779284668e+11 2.685360957070550389e+32 0.000000000000000000e+00
-6.663489308625000000e+09 2.479857183180396078e+03 2.897722555189727539e+12 2.678367925299864772e+32 0.000000000000000000e+00
-6.761872462625000000e+09 2.692236679803339143e+02 1.117400338814565674e+12 2.671411220222040543e+32 0.000000000000000000e+00
-8.794047159625000000e+09 -8.657304741958576244e+01 1.004681083497054565e+12 2.664490559512973584e+32 0.000000000000000000e+00
-6.706331577125000000e+09 -7.857151174521968073e+01 1.126996525063304443e+12 2.657605663766542854e+32 0.000000000000000000e+00
-6.438323468625000000e+09 -1.777956520501559012e+01 1.352836955349322754e+12 2.650756256457007137e+32 0.000000000000000000e+00
-5.393389021875000000e+09 -2.863325392919594492e+01 1.445034361808123779e+12 2.643942063901975723e+32 0.000000000000000000e+00
-6.389879524375000000e+09 4.505766522934039131e+03 3.326404441206672363e+12 2.637162815225964921e+32 0.000000000000000000e+00
-8.398734078625000000e+09 4.981034904332382212e+03 3.361491498308485352e+12 2.630418242324509054e+32 0.000000000000000000e+00
-6.600494494500000000e+09 5.999872526591558426e+02 9.808102174198364258e+11 2.623708079828805040e+32 0.000000000000000000e+00
-7.519290457125000000e+09 4.059410324310221313e+03 1.612858562349667236e+12 2.617032065070913615e+32 0.000000000000000000e+00
-5.526355333125000000e+09 -2.729585019988714478e+01 1.062461838500321655e+12 2.610389938049493069e+32 0.000000000000000000e+00
-8.971561488125000000e+09 -8.848082794178050392e+01 1.141346131378446777e+12 2.603781441396039182e+32 0.000000000000000000e+00
-6.600403002375000000e+09 8.758778416916221659e+02 9.615137241217122803e+11 2.597206320341646492e+32 0.000000000000000000e+00
-6.438108624625000000e+09 1.297950541033771742e+03 1.075515617825309814e+12 2.590664322684257766e+32 0.000000000000000000e+00
-6.334146732250000000e+09 9.242285212244527202e+02 1.055230589756778442e+12 2.584155198756440198e+32 0.000000000000000000e+00
-6.311019534500000000e+09 4.006384812877532113e+03 1.882423132142518555e+12 2.577678701393610173e+32 0.000000000000000000e+00
-7.368916127250000000e+09 9.352275964716385488e+02 2.732741527561577148e+12 2.571234585902745863e+32 0.000000000000000000e+00
-6.001694898750000000e+09 -6.393955876874490407e+00 1.101820721873249268e+12 2.564822610031573593e+32 0.000000000000000000e+00
-6.084776673000000000e+09 1.203918893255797457e+03 1.039874954362561035e+12 2.558442533938229439e+32 0.000000000000000000e+00
-5.856675890875000000e+09 -7.470471683155278875e+00 1.175028745796531250e+12 2.552094120161326495e+32 0.000000000000000000e+00
-5.779804381625000000e+09 4.003767883843719915e+02 8.995851826769990234e+11 2.545777133590503861e+32 0.000000000000000000e+00
-5.448779767875000000e+09 -2.163967182321991345e+01 1.229119632685979736e+12 2.539491341437416973e+32 0.000000000000000000e+00
-6.147613013125000000e+09 1.485047112074545566e+03 1.845621808131887451e+12 2.533236513207123531e+32 0.000000000000000000e+00
-5.815740838500000000e+09 4.353716897957781953e+02 1.271616042669178955e+12 2.527012420669929160e+32 0.000000000000000000e+00
-9.007791502750000000e+09 3.011771555806761171e+03 3.522146846133072266e+12 2.520818837833599834e+32 0.000000000000000000e+00
-5.524615745000000000e+09 1.795060077551502786e+02 1.022101687567947876e+12 2.514655540916040165e+32 0.000000000000000000e+00
-5.775366935250000000e+09 9.353447150313080556e+02 9.539283359725140381e+11 2.508522308318320439e+32 0.000000000000000000e+00
-5.301794740625000000e+09 -1.903010202419279295e+01 1.293803341538910645e+12 2.502418920598133484e+32 0.000000000000000000e+00
-5.663589033375000000e+09 1.199718210855282905e+03 9.149018369052080078e+11 2.496345160443613981e+32 0.000000000000000000e+00
-5.606648150625000000e+09 1.323853569270205298e+03 1.188120179078197998e+12 2.490300812647544012e+32 0.000000000000000000e+00
-4.156927427500000000e+09 -3.983757700264278157e+01 1.186577481919160156e+12 2.484285664081952753e+32 0.000000000000000000e+00
-5.359354492125000000e+09 6.244292606470049805e+02 7.716502866672120361e+11 2.478299503673037550e+32 0.000000000000000000e+00
-3.576742628000000000e+09 -7.237364664077192344e+01 1.882528382614640137e+12 2.472342122376502572e+32 0.000000000000000000e+00
-1.132926506712500000e+10 3.384828708468421155e+03 1.566553067844389648e+12 2.466413313153213427e+32 0.000000000000000000e+00
-7.989869851125000000e+09 -8.644580948105259210e+01 1.453137020834974365e+12 2.460512870945213514e+32 0.000000000000000000e+00
-5.369250009125000000e+09 5.966506186676826928e+02 1.089539216785252441e+12 2.454640592652079407e+32 0.000000000000000000e+00
-4.116125171000000000e+09 -3.131641124667558529e+01 1.141311614021905029e+12 2.448796277107621388e+32 0.000000000000000000e+00
-6.698284171750000000e+09 -8.179600852516134069e+01 9.814722748187954102e+11 2.442979725056919777e+32 0.000000000000000000e+00
-1.215621050025000000e+10 3.153348018237490578e+03 1.701369409002689453e+12 2.437190739133661733e+32 0.000000000000000000e+00
-5.295580176250000000e+09 1.564936080079724434e+03 1.442961585954600098e+12 2.431429123837849521e+32 0.000000000000000000e+00
-9.054546864750000000e+09 3.125593403661689536e+03 1.740812735653998535e+12 2.425694685513746202e+32 0.000000000000000000e+00
-5.080481325625000000e+09 7.000503768993113454e+02 1.291604574726579102e+12 2.419987232328223770e+32 0.000000000000000000e+00
-7.286633007000000000e+09 1.467449769529241621e+02 2.682515868239126465e+12 2.414306574249344386e+32 0.000000000000000000e+00
-6.771309901875000000e+09 6.932151584169431544e+02 1.702283208645365479e+12 2.408652523025286063e+32 0.000000000000000000e+00
-1.139438642075000000e+10 3.135690331175960182e+03 2.227616274298738770e+12 2.403024892163541433e+32 0.000000000000000000e+00
-5.025615544875000000e+09 1.144797023037841427e+03 1.061361638288645386e+12 2.397423496910406553e+32 0.000000000000000000e+00
-5.080787069125000000e+09 -1.489559714433207027e+01 1.330033895739305420e+12 2.391848154230771639e+32 0.000000000000000000e+00
-8.735229136500000000e+09 -9.198216323479367418e+01 1.177073253624412842e+12 2.386298682788182000e+32 0.000000000000000000e+00
-7.323928074000000000e+09 5.310422618222414712e+03 1.860585304316844727e+12 2.380774902925180732e+32 0.000000000000000000e+00
