0.000000000000000000e+00 0.000000000000000000e+00 0.000000000000000000e+00 0.000000000000000000e+00 0.000000000000000000e+00
-1.080034209468457078e+02 -1.079345222780647049e+02 1.225465591224220857e-01 4.398176148322834342e+04 0.000000000000000000e+00
-1.054393217139353709e+02 -1.052839803592101617e+02 1.097773905438015896e-01 1.992253117475575418e+05 0.000000000000000000e+00
-9.981911948766537535e+01 -9.981698265583519003e+01 1.579977255972251360e-01 1.977651479103986640e+05 0.000000000000000000e+00
-1.080940289320615193e+02 -1.080252404826849784e+02 1.109200241530729908e-01 1.922767224227351544e+05 0.000000000000000000e+00
-1.053840996274060444e+02 -1.052910905822858325e+02 9.722197929065254374e-02 1.878194952107001445e+05 0.000000000000000000e+00
-1.029368510317341503e+02 -1.025578855926384136e+02 1.426529643893801602e-01 1.843987206099744944e+05 0.000000000000000000e+00
-1.080572753967784649e+02 -1.079980590110107528e+02 7.757870077801334863e-02 1.972635664188502706e+05 0.000000000000000000e+00
-1.079891358022805008e+02 -1.079450145239291743e+02 7.112984008896250376e-02 1.929973346330868080e+05 0.000000000000000000e+00
-1.080322382632928111e+02 -1.080179413934227028e+02 6.316910822304311335e-02 1.886535910017917340e+05 0.000000000000000000e+00
-1.055542651101245042e+02 -1.053121709874566818e+02 1.226587712152589771e-01 1.842017814992805943e+05 0.000000000000000000e+00
-1.010975691232045364e+02 -1.009941853056125041e+02 1.349379385436683121e-01 1.874536688098699669e+05 0.000000000000000000e+00
-9.888199814914933938e+01 -9.909459939430577435e+01 8.645244548863861844e-02 1.844450800103336805e+05 0.000000000000000000e+00
-1.020167933849454158e+02 -1.018439727644907720e+02 1.228492413771965081e-01 1.875203438411023817e+05 0.000000000000000000e+00
-1.029882642700915909e+02 -1.031262941469614276e+02 1.705434098303763302e-01 1.870096625126136933e+05 0.000000000000000000e+00
-1.025291497930582807e+02 -1.024431163567452501e+02 9.533404621961220904e-02 4.437649343334677542e+04 0.000000000000000000e+00
-1.052793722188141601e+02 -1.052487470375084655e+02 4.722498977500450001e-02 4.390895834066315001e+04 0.000000000000000000e+00
-1.080135810176970352e+02 -1.080429378799060061e+02 3.258446214916475847e-02 4.313723783804795676e+04 0.000000000000000000e+00
-1.026878671281568671e+02 -1.025655003258057008e+02 6.431099248370215904e-02 1.768182192443904933e+05 0.000000000000000000e+00
-1.079784374881302682e+02 -1.079888246688614828e+02 6.186730909305603737e-02 1.757500704557176796e+05 0.000000000000000000e+00
-9.998017339149231475e+01 -9.991200155453776688e+01 8.568045377091990100e-02 1.723921707249522733e+05 0.000000000000000000e+00
-1.054284788493645806e+02 -1.052835385717120857e+02 9.119078363076113525e-02 1.697585250849691511e+05 0.000000000000000000e+00
-1.051397604733948299e+02 -1.051932267398187548e+02 6.075137345018628843e-02 1.692178176507709723e+05 0.000000000000000000e+00
-1.053884468573472191e+02 -1.053225694734878175e+02 5.166269542377527335e-02 1.665808958299842780e+05 0.000000000000000000e+00
-9.432383025762636919e+01 8.469798651317477376e+19 1.961851903121596195e+02 3.848862889781828562e+04 0.000000000000000000e+00
-1.811905129866240000e+15 2.016016520419507651e+04 3.346991942500702720e+17 1.236472455521616912e+38 0.000000000000000000e+00
-5.753520077107200000e+14 9.747691530008523841e+02 4.145047147102375200e+16 1.215528088140070985e+38 0.000000000000000000e+00
-1.454075048461056000e+15 7.804793431352575310e+06 1.744030774903260160e+17 1.195281233767902227e+38 0.000000000000000000e+00
-4.521862016467200000e+15 2.982339922978151008e+05 6.851647947965204000e+16 1.175697621996269876e+38 0.000000000000000000e+00
-2.763646332270080000e+14 -6.206528673033924548e+01 1.148974444704847000e+16 1.156745217141064359e+38 0.000000000000000000e+00
-2.196849659269120000e+14 7.687014069222548642e+03 6.198867912914469000e+15 1.138393974117405219e+38 0.000000000000000000e+00
-1.625496841783552000e+15 -2.993426575045942073e+01 8.427869614677048000e+16 1.120615743322446980e+38 0.000000000000000000e+00
-2.323396712702208000e+15 4.121832235008582007e+06 2.158394425027534720e+17 1.103384122867896239e+38 0.000000000000000000e+00
-4.258327676889600000e+14 7.526088720535140485e+06 1.374908924005380000e+16 1.086674292405807680e+38 0.000000000000000000e+00
-1.560128666967040000e+14 -5.131307599968769750e+01 1.034531921747840400e+16 1.070462895656074973e+38 0.000000000000000000e+00
-9.608556290355200000e+13 -5.267518196720888568e+01 5.453953414876013000e+15 1.054727969558786855e+38 0.000000000000000000e+00
-1.296909822973440000e+14 2.704805368186995565e+03 4.299835209799397000e+15 1.039448818746008156e+38 0.000000000000000000e+00
-1.281084271754240000e+14 7.346330640960854944e+05 6.490175265375440000e+15 1.024605927632011562e+38 0.000000000000000000e+00
-1.492960160253440000e+14 1.325151892032724163e+03 4.285792477163890500e+15 1.010180878780480047e+38 0.000000000000000000e+00
-1.132238939586560000e+14 1.996151882934744435e+03 4.839492506479765000e+15 9.961562766037637035e+37 0.000000000000000000e+00
-6.418603853859840000e+14 -3.035133743484825786e+01 2.413309540327606800e+16 9.825156680994925366e+37 0.000000000000000000e+00
-8.280811691315200000e+13 6.601529758093062128e+02 3.723927951946429000e+15 9.692435268101240488e+37 0.000000000000000000e+00
-6.520864498688000000e+13 4.182329311913680669e+01 4.299167336519265500e+15 9.563250978973767396e+37 0.000000000000000000e+00
-5.585994136115200000e+13 6.388552165350150744e+02 2.867216390096058000e+15 9.437464387912618004e+37 0.000000000000000000e+00
-5.106622539110400000e+13 -6.019343156599810385e+01 3.386643176294364000e+15 9.314943215419804894e+37 0.000000000000000000e+00
-2.731527525052160000e+14 -3.562473255745113931e+01 1.376651409950667800e+16 9.195561871358212348e+37 0.000000000000000000e+00
-3.212771594227200000e+13 -5.380282921057065693e+01 2.389457805140922000e+15 9.079201455713499172e+37 0.000000000000000000e+00
-3.647739104665600000e+13 -7.520985996117998695e+01 2.635765016994807000e+15 8.965748515078978991e+37 0.000000000000000000e+00
-2.275087368435200000e+13 -7.645572311172730906e+01 1.786271304196873250e+15 8.855095516502476506e+37 0.000000000000000000e+00
-2.193336411712000000e+13 -4.574549103767579084e+01 2.314264496555810000e+15 8.747140089269636532e+37 0.000000000000000000e+00
-2.300553197017600000e+13 -7.128214098968626899e+01 1.547418263799254750e+15 8.641784793344853913e+37 0.000000000000000000e+00
-2.146740708454400000e+13 -7.421079924199243294e+01 1.636033719366159000e+15 8.538936822603409630e+37 0.000000000000000000e+00
-2.003523895023360000e+14 -2.056240001237141346e+00 1.300709302786359600e+16 8.438507663930093430e+37 0.000000000000000000e+00
-3.096489203865600000e+13 9.646863411914797553e+02 2.272890081074808500e+15 8.340413207373639143e+37 0.000000000000000000e+00
-1.493836955564800000e+14 2.473818746455391869e+07 1.634425762204778000e+16 8.244572775558356112e+37 0.000000000000000000e+00
-1.839141126464384000e+15 -4.442039965288057601e+01 8.554969094391438400e+16 8.150909570259577793e+37 0.000000000000000000e+00
-1.274405875171840000e+14 1.271229853914653417e+06 7.855130531371522000e+15 8.059350443171166575e+37 0.000000000000000000e+00
-2.878715702169600000e+13 -6.385875358172069838e+01 2.880335638333677500e+15 7.969825111021662741e+37 0.000000000000000000e+00
-1.941847308582400000e+13 -6.769147308651359651e+01 1.787127994899777750e+15 7.882266607261621110e+37 0.000000000000000000e+00
-1.983710706841600000e+13 -6.400275047199541234e+01 1.792007256264796750e+15 7.796610836728391889e+37 0.000000000000000000e+00
-1.769057688678400000e+13 -6.424019782936137801e+01 1.768264916596737250e+15 7.712796450197053843e+37 0.000000000000000000e+00
-1.360310028198400000e+13 -6.334961323955506884e+01 1.403304396661177250e+15 7.630764710347582202e+37 0.000000000000000000e+00
-9.324933393792000000e+13 2.107685209023533016e+07 9.743406021973972000e+15 7.550459347911755347e+37 0.000000000000000000e+00
-4.773701911872000000e+13 1.868781606812387705e+06 3.589629933688068500e+15 7.471826440292155487e+37 0.000000000000000000e+00
-1.877892934310400000e+13 -6.438257447321699090e+01 1.871662573885738250e+15 7.394814289416197902e+37 0.000000000000000000e+00
-1.509195210444800000e+13 -6.151049407273281844e+01 1.832877821210496750e+15 7.319373292660620071e+37 0.000000000000000000e+00
-1.310424488012800000e+13 -5.889703567606086665e+01 1.591000238425984250e+15 7.245455865126674130e+37 0.000000000000000000e+00
-1.103528907980800000e+13 -5.911013942389260478e+01 1.057243976576859125e+15 7.173016319775933719e+37 0.000000000000000000e+00
-1.196243354316800000e+13 -7.010505070031399555e+01 1.138246320952271750e+15 7.102010776962743400e+37 0.000000000000000000e+00
-8.548599848448000000e+12 -5.606510340708002360e+01 1.018640133527673625e+15 7.032397077881419220e+37 0.000000000000000000e+00
-5.908331643656960000e+14 4.112048986789807677e+07 6.008827856110469600e+16 6.964134644397018713e+37 0.000000000000000000e+00
-7.606369019249920000e+14 1.162774618125894107e+06 4.707361081349967200e+16 6.897184622538151650e+37 0.000000000000000000e+00
-8.796557395161600000e+13 -3.033177413705946179e+01 9.437178948215466000e+15 6.831509474917470033e+37 0.000000000000000000e+00
-1.606823156172800000e+13 -7.044554574953926362e+01 1.721260173408258750e+15 6.767073193808754870e+37 0.000000000000000000e+00
-1.136085517171200000e+13 -6.206144375901514820e+01 1.261596365465223250e+15 6.703840938434838682e+37 0.000000000000000000e+00
-9.210641262720000000e+12 -5.165373024674305924e+01 1.259986279747967750e+15 6.641779335186940329e+37 0.000000000000000000e+00
-9.091862952576000000e+12 -4.640014131760916882e+01 9.780815982059826250e+14 6.580856175487941726e+37 0.000000000000000000e+00
-8.960257615104000000e+12 -5.694242313504292241e+01 1.107213855000377375e+15 6.521040421885292745e+37 0.000000000000000000e+00
-7.579601332864000000e+12 -5.756869552695486902e+01 9.929569360352520000e+14 6.462302154893218777e+37 0.000000000000000000e+00
-6.567641550720000000e+12 -4.905908184832571095e+01 8.573518055814455000e+14 6.404612522864705124e+37 0.000000000000000000e+00
-3.538125780012800000e+14 1.166281845137847587e+06 1.499958873339438200e+16 6.347943641766266005e+37 0.000000000000000000e+00
-1.465093827916800000e+13 2.024317918954762490e+03 1.570544832355016000e+15 6.292268820298409839e+37 0.000000000000000000e+00
-5.410469857011200000e+13 2.023971924517131643e+06 2.731717183348769000e+15 6.237561972186951868e+37 0.000000000000000000e+00
-1.374763240051200000e+13 -5.341785683828690168e+01 1.941810694030503750e+15 6.183798125241521733e+37 0.000000000000000000e+00
-1.045719636774400000e+13 -5.835982377207619720e+01 1.421345947155298000e+15 6.130953108831797715e+37 0.000000000000000000e+00
-9.304600323072000000e+12 -3.715352876404279669e+01 1.359475462208360500e+15 6.079003568905896799e+37 0.000000000000000000e+00
-7.269841642624000000e+12 -6.135815697159659976e+01 8.659672024650323750e+14 6.027926937530067217e+37 0.000000000000000000e+00
-7.354657550208000000e+12 -6.584184776575230558e+01 8.746094904275172500e+14 5.977701398141475254e+37 0.000000000000000000e+00
-8.278666238336000000e+12 -7.477292104413136542e+01 9.698002066746592500e+14 5.928305855545729334e+37 0.000000000000000000e+00
-6.460939374080000000e+12 -5.344100458640496498e+01 1.113066469787620000e+15 5.879719905784319904e+37 0.000000000000000000e+00
-6.638942265856000000e+12 -7.354600647764056021e+01 7.526929083206520000e+14 5.831923808242697551e+37 0.000000000000000000e+00
-5.624339757696000000e+12 -5.607394065184521992e+01 7.599845865553970000e+14 5.784898458778666564e+37 0.000000000000000000e+00
-5.102821400064000000e+12 -4.919675628022712033e+01 8.219755248125902500e+14 5.738625364402408333e+37 0.000000000000000000e+00
-5.635510210432000000e+12 -5.047555782220023701e+01 7.953957366791487500e+14 5.693086619143916420e+37 0.000000000000000000e+00
-4.966787240960000000e+12 -5.037062615134471599e+01 7.083677161385037500e+14 5.648264880629275836e+37 0.000000000000000000e+00
-5.098979345536000000e+12 -5.084798486520860195e+01 5.878185153730305000e+14 5.604143348352013096e+37 0.000000000000000000e+00
-5.452700947456000000e+12 -6.794128391885730878e+01 7.210564470690453750e+14 5.560705742584091766e+37 0.000000000000000000e+00
-4.396599967488000000e+12 -5.609185986659964129e+01 7.174872586393370000e+14 5.517936284293594700e+37 0.000000000000000000e+00
-4.871356586624000000e+12 -3.966191436664819747e+01 8.879276245852971250e+14 5.475819676186529731e+37 0.000000000000000000e+00
-4.530815078656000000e+12 -5.721881695527804368e+01 5.034403818954072500e+14 5.434341084390996210e+37 0.000000000000000000e+00
-4.785326791296000000e+12 -6.533707863212556788e+01 7.208529544417996250e+14 5.393486120857855427e+37 0.000000000000000000e+00
-4.441957985792000000e+12 -7.006127145103553744e+01 7.228879546876782500e+14 5.353240827099632811e+37 0.000000000000000000e+00
-4.387413176320000000e+12 -5.978540721169980543e+01 5.678413841764343750e+14 5.313591657970398924e+37 0.000000000000000000e+00
-6.348376220787200000e+13 -3.697159567866164309e+01 3.103843008562309000e+15 5.274525426992507288e+37 0.000000000000000000e+00
-1.914560835430400000e+13 4.193033436126401284e+03 1.255766441073996750e+15 5.236029490231399848e+37 0.000000000000000000e+00
-4.444712110720000000e+12 -3.504733664811202942e+01 1.333432508606795500e+15 5.198091335070706773e+37 0.000000000000000000e+00
-4.142889962752000000e+12 -5.624092951797784679e+01 8.201580382039730000e+14 5.160698964990598534e+37 0.000000000000000000e+00
-3.215309732480000000e+12 -5.697051567020889706e+01 7.169558289750497500e+14 5.123840686776672426e+37 0.000000000000000000e+00
-4.048043821184000000e+12 -5.786387114519757091e+01 6.468562826731988750e+14 5.087505139258558874e+37 0.000000000000000000e+00
-3.473804956416000000e+12 -3.542003626906960534e+01 8.808144831097552500e+14 5.051681281091150445e+37 0.000000000000000000e+00
-2.161325541770240000e+14 2.011992520157936495e+06 1.051554449733025000e+16 5.016358343996565192e+37 0.000000000000000000e+00
-3.867772863488000000e+12 -4.753915678813893209e+01 9.951409198622906250e+14 4.981526001964113267e+37 0.000000000000000000e+00
-4.487967620736000000e+12 -2.623320813112972516e+01 1.328455727796276750e+15 4.947173998641903565e+37 0.000000000000000000e+00
-5.253940049408000000e+12 -8.033512987046925957e+01 6.948809571116931250e+14 4.913292502170200530e+37 0.000000000000000000e+00
-4.943110368512000000e+12 -6.889464934391199336e+01 6.388009727712920000e+14 4.879871912115929203e+37 0.000000000000000000e+00
-3.098451028288000000e+12 -4.140275370292270196e+01 5.861615454158477500e+14 4.846902887669091521e+37 0.000000000000000000e+00
-3.099971039808000000e+12 -4.381860785898022925e+01 5.809695103061712500e+14 4.814376338577192163e+37 0.000000000000000000e+00
-2.177768962560000000e+12 -6.218730869436630115e+01 7.720972047245526250e+14 4.782283417001794271e+37 0.000000000000000000e+00
-4.498288956224000000e+12 -7.425548478122466634e+01 5.855195692653481250e+14 4.750615509394561561e+37 0.000000000000000000e+00
-2.745855410816000000e+12 -5.648267855962778583e+01 3.855479434949094375e+14 4.719364228844238424e+37 0.000000000000000000e+00
-3.633364835392000000e+12 -2.491757247590421187e+01 1.200556162056287250e+15 4.688521407656042235e+37 0.000000000000000000e+00
-4.096994061760000000e+12 -7.737300285304004888e+01 6.943857143741275000e+14 4.658079090248315581e+37 0.000000000000000000e+00
-2.168364612160000000e+12 -4.612194145603822903e+01 6.601158216898870000e+14 4.628029526237517798e+37 0.000000000000000000e+00
-3.151169652032000000e+12 -6.041719352865440129e+01 5.091970671301669375e+14 4.598365163979514223e+37 0.000000000000000000e+00
-1.697461495936000000e+12 -5.372627411537098396e+01 5.150233125980213750e+14 4.569078644193898814e+37 0.000000000000000000e+00
-2.831108598208000000e+12 -5.869428752982855713e+01 4.544484947909311250e+14 4.540162793845248457e+37 0.000000000000000000e+00
-2.426940425088000000e+12 -5.099447979355775118e+01 5.960559864482042500e+14 4.511610620326570944e+37 0.000000000000000000e+00
-5.765966444288000000e+12 -8.696056740790314166e+01 5.348796087242347500e+14 4.483415305808593025e+37 0.000000000000000000e+00
-3.532295312652800000e+13 1.406696523989706839e+04 2.990140662670491000e+15 4.455570172342287170e+37 0.000000000000000000e+00
-2.047112007872000000e+12 -4.885246554985787526e+01 6.152036311905467500e+14 4.428068823902515561e+37 0.000000000000000000e+00
-2.203356387712000000e+12 -6.144909752240332779e+01 6.110475807866080000e+14 4.400904846997834200e+37 0.000000000000000000e+00
-1.886827504448000000e+12 -4.957608161459680218e+01 5.417653934022550625e+14 4.374072100003796407e+37 0.000000000000000000e+00
-3.296342756352000000e+12 -6.894385630926777253e+01 4.665885947755744375e+14 4.347564561476313929e+37 0.000000000000000000e+00
-3.268536163264000000e+12 -7.315266415765259467e+01 5.119208682423790625e+14 4.321376355030763789e+37 0.000000000000000000e+00
-2.902395021376000000e+12 -6.397549348389954815e+01 4.758511262474056250e+14 4.295501745021906037e+37 0.000000000000000000e+00
-3.497516061056000000e+12 -7.067274454552490681e+01 5.718080041138550000e+14 4.269935132343966838e+37 0.000000000000000000e+00
-2.386556057600000000e+12 -3.168203642700800415e+01 6.703987758370107500e+14 4.244671050385565123e+37 0.000000000000000000e+00
-6.017215929280000000e+12 -8.833863110326353763e+01 5.190616657936888750e+14 4.219704161146542274e+37 0.000000000000000000e+00
-1.887297573568000000e+12 -5.300922313847046041e+01 4.198191176989939375e+14 4.195029251489170986e+37 0.000000000000000000e+00
-2.788920125248000000e+12 -7.167531167011237869e+01 5.705074773640652500e+14 4.170641229381769634e+37 0.000000000000000000e+00
-2.325042049280000000e+12 -6.441423963940630415e+01 4.219741649400912500e+14 4.146535120624619473e+37 0.000000000000000000e+00
-2.000788996224000000e+12 -5.063231695897135864e+01 7.060145682269622500e+14 4.122706065317682205e+37 0.000000000000000000e+00
-2.040423784384000000e+12 -4.851754471395486235e+01 5.759874839414390000e+14 4.099149314593433093e+37 0.000000000000000000e+00
-3.144672397696000000e+12 -7.309283798902649210e+01 5.712256899378026250e+14 4.075860227557130150e+37 0.000000000000000000e+00
-3.471692742400000000e+12 -7.657734213489221986e+01 7.198935614826961250e+14 4.052834268111528927e+37 0.000000000000000000e+00
-2.896761282816000000e+12 -7.581330130248358046e+01 5.214459389917087500e+14 4.030067002107654019e+37 0.000000000000000000e+00
-2.953341337664000000e+12 -7.381491136065872638e+01 4.699653202465025000e+14 4.007554094469945612e+37 0.000000000000000000e+00
-2.031866343936000000e+12 -6.815025787358042919e+01 5.640336610827023750e+14 3.985291306428698186e+37 0.000000000000000000e+00
-3.473703822656000000e+12 -7.931119230741063575e+01 5.132178226930561250e+14 3.963274492881924642e+37 0.000000000000000000e+00
-2.183974238528000000e+12 -6.791544249885627949e+01 4.483106102321463750e+14 3.941499599827170495e+37 0.000000000000000000e+00
-1.793639540608000000e+12 -6.162583996789848584e+01 3.821956025495306875e+14 3.919962661827791884e+37 0.000000000000000000e+00
-2.085104496896000000e+12 -6.752636428406708546e+01 4.777409506857545000e+14 3.898659799656414889e+37 0.000000000000000000e+00
-2.046232471168000000e+12 -3.492390385075019310e+01 6.555803865462586250e+14 3.877587217952474115e+37 0.000000000000000000e+00
-1.616162025920000000e+12 -4.503752185956039256e+01 4.887162713437754375e+14 3.856741202958581733e+37 0.000000000000000000e+00
-5.089739705523200000e+13 1.121037856326555084e+04 3.851430588209236500e+15 3.836118098542937866e+37 0.000000000000000000e+00
-1.324720207872000000e+12 -6.106051748992286576e+01 4.000793262298724375e+14 3.815714413074891798e+37 0.000000000000000000e+00
-1.900870493056000000e+12 -3.538687589729304506e+01 5.137149102863717500e+14 3.795526599455605708e+37 0.000000000000000000e+00
-1.646199837504000000e+12 -6.299529702629307337e+01 3.587479787046393750e+14 3.775551271008793512e+37 0.000000000000000000e+00
-2.017301248768000000e+12 -6.516813055155530776e+01 3.946709854168921875e+14 3.755785090632257281e+37 0.000000000000000000e+00
-1.527894225216000000e+12 -5.553995124058743471e+01 4.665576233648056875e+14 3.736224790775554530e+37 0.000000000000000000e+00
-1.362273406656000000e+12 -6.040210153293391215e+01 4.253046328230633125e+14 3.716867171558214982e+37 0.000000000000000000e+00
-1.929671910464000000e+12 -6.871422307349735092e+01 4.077586872893119375e+14 3.697709099106584956e+37 0.000000000000000000e+00
-1.226913328448000000e+12 -5.296461992244477557e+01 3.394073992872368750e+14 3.678747503791985157e+37 0.000000000000000000e+00
-2.417881996096000000e+12 -7.516262550417494026e+01 3.685107254518510000e+14 3.659979378647787124e+37 0.000000000000000000e+00
-1.282039752460800000e+13 5.813763046950637545e+03 1.031093330823610625e+15 3.641401777731137409e+37 0.000000000000000000e+00
-8.617510863360000000e+11 -5.135807880836141948e+01 5.482264062986517500e+14 3.623011814538665008e+37 0.000000000000000000e+00
-2.846610990784000000e+12 -6.986364655048976147e+01 6.509885897638716250e+14 3.604806660819430964e+37 0.000000000000000000e+00
-1.992710255616000000e+12 -2.832752072966255596e+01 7.809454214634217500e+14 3.586783544590564939e+37 0.000000000000000000e+00
-1.116104367616000000e+12 -4.869477372267503057e+01 5.074124486267808125e+14 3.568939749259917999e+37 0.000000000000000000e+00
-1.305920983040000000e+12 -4.047529089147142400e+01 4.759947462691133750e+14 3.551272611837972072e+37 0.000000000000000000e+00
-1.026376699904000000e+12 -5.430801425314474074e+01 5.226649162849275000e+14 3.533779521892540822e+37 0.000000000000000000e+00
-2.754486941248000000e+12 -7.807839210994647772e+01 6.356827621867226250e+14 3.516457920150638908e+37 0.000000000000000000e+00
-5.375732648448000000e+12 5.741875836522735881e+02 1.178591934763960500e+15 3.499305297290019908e+37 0.000000000000000000e+00
-1.071599944384000000e+12 -4.803708805381828029e+01 5.481632232815039375e+14 3.482319192624453897e+37 0.000000000000000000e+00
-2.289816138560000000e+12 -7.413980285027317052e+01 4.448374665521825000e+14 3.465497193195459124e+37 0.000000000000000000e+00
-2.579185892544000000e+12 -7.547800402616582005e+01 3.968286338740053125e+14 3.448836932266457398e+37 0.000000000000000000e+00
-1.597044663872000000e+12 -6.793149746210499984e+01 3.952142099995867500e+14 3.432336088457668659e+37 0.000000000000000000e+00
-9.317288032576000000e+12 7.330747257218347841e+03 7.834526898197151250e+14 3.415992384597925656e+37 0.000000000000000000e+00
-1.808081887104000000e+12 -3.331058982936465895e+01 5.702497240258307500e+14 3.399803586558019915e+37 0.000000000000000000e+00
-9.416459194240000000e+11 -5.417892393569025700e+01 3.858688829753803125e+14 3.383767502698202809e+37 0.000000000000000000e+00
-8.840625317120000000e+11 -5.148321453074763809e+01 3.502179189471240000e+14 3.367881982196261452e+37 0.000000000000000000e+00
-1.056471037824000000e+12 -4.573026467105946580e+01 4.553140043286317500e+14 3.352144914546614456e+37 0.000000000000000000e+00
-3.477227238592000000e+12 1.330827277063327301e+03 1.204461638376082500e+15 3.336554228499920120e+37 0.000000000000000000e+00
-1.735965348736000000e+12 -6.287459498287783788e+01 5.739102977363862500e+14 3.321107891083948518e+37 0.000000000000000000e+00
-2.764853505664000000e+12 7.986929952881737336e+02 7.501199538909138750e+14 3.305803907003430110e+37 0.000000000000000000e+00
-6.216940277120000000e+11 -5.973494446637621991e+01 6.171231807355945000e+14 3.290640317375458421e+37 0.000000000000000000e+00
-1.489461926016000000e+12 -3.007463893066185889e+01 6.906442888804867500e+14 3.275615199167802789e+37 0.000000000000000000e+00
-1.900473157696000000e+12 -7.023168790541154749e+01 4.149132421175242500e+14 3.260726664282151121e+37 0.000000000000000000e+00
-9.783181066880000000e+11 -5.410054113489236727e+01 3.615003643263290000e+14 3.245972858797932451e+37 0.000000000000000000e+00
-1.125703635520000000e+12 -5.783481611319241011e+01 3.495075365274625000e+14 3.231351962202430953e+37 0.000000000000000000e+00
-1.495967853440000000e+12 -6.892230269360885586e+01 3.021564826186691250e+14 3.216862186636263696e+37 0.000000000000000000e+00
-1.603241572096000000e+12 -7.016253333639747325e+01 4.590708850210629375e+14 3.202501776156714613e+37 0.000000000000000000e+00
-3.407692502400000000e+12 -9.110070808133956177e+01 6.977889176709228750e+14 3.188269006026967816e+37 0.000000000000000000e+00
-2.384406460160000000e+12 -7.937598827421670933e+01 4.492466702137446250e+14 3.174162182078122022e+37 0.000000000000000000e+00
-8.385299077120000000e+11 -4.554115200242400618e+01 3.551036695023013125e+14 3.160179639906504423e+37 0.000000000000000000e+00
-1.450956572160000000e+12 -6.939650623935978047e+01 4.414335834794658125e+14 3.146319744376451772e+37 0.000000000000000000e+00
-2.307636120832000000e+12 -7.946663917168278601e+01 4.441005770405303125e+14 3.132580888892367982e+37 0.000000000000000000e+00
-8.643310428800000000e+11 -5.037469736093842698e+01 3.373896377956141875e+14 3.118961494793669501e+37 0.000000000000000000e+00
-8.594979342080000000e+11 -4.160843704912601027e+01 4.551616775637061875e+14 3.105460010748975112e+37 0.000000000000000000e+00
-6.534326397440000000e+11 -3.973111578724200399e+01 4.829165877280685000e+14 3.092074912177970689e+37 0.000000000000000000e+00
-1.164286572864000000e+12 -3.414719620702765468e+01 5.307107546775323125e+14 3.078804700673945001e+37 0.000000000000000000e+00
-1.350411759744000000e+12 -2.793678696560084163e+01 5.640750860091447500e+14 3.065647903432531649e+37 0.000000000000000000e+00
-8.723009064320000000e+11 -6.461445840568536880e+01 3.882650610092389375e+14 3.052603072720753569e+37 0.000000000000000000e+00
-1.259243539712000000e+12 -6.650511816931394549e+01 2.854236739183748750e+14 3.039668785335350594e+37 0.000000000000000000e+00
-3.121911685760000000e+11 -5.452714183468200559e+01 3.918663446849368125e+14 3.026843642099458305e+37 0.000000000000000000e+00
-7.402402894080000000e+11 -5.451430201897008487e+01 3.421414431907236250e+14 3.014126267346359395e+37 0.000000000000000000e+00
-1.216111140352000000e+12 -7.288377384460019925e+01 3.701964263882371250e+14 3.001515308429578760e+37 0.000000000000000000e+00
-9.878515618560000000e+11 -6.324405567980713982e+01 3.190754356009233750e+14 2.989009435247392198e+37 0.000000000000000000e+00
-5.874324632320000000e+11 -4.238769474884815480e+01 3.027523272376991250e+14 2.976607339773982775e+37 0.000000000000000000e+00
-8.895130795520000000e+11 -3.407160167628370573e+01 4.388887488153102500e+14 2.964307735595703030e+37 0.000000000000000000e+00
-6.857550218240000000e+11 -4.598097158321333922e+01 3.522466355723039375e+14 2.952109357479249965e+37 0.000000000000000000e+00
-7.362397127040000000e+11 -4.180751983350834422e+01 4.298202809351740000e+14 2.940010960924663319e+37 0.000000000000000000e+00
-2.992999715641600000e+13 1.429579437399707331e+03 2.430114137992490000e+15 2.928011309272620928e+37 0.000000000000000000e+00
-2.112296346054400000e+13 -4.732473186069121596e+01 1.779839574132202500e+15 2.916109223307867900e+37 0.000000000000000000e+00
-1.375473941696000000e+12 -6.506168321013726086e+01 5.626359915882970000e+14 2.904303517933634086e+37 0.000000000000000000e+00
-2.286919630272000000e+12 -8.211084636839176198e+01 3.912475258566720625e+14 2.892593002860888974e+37 0.000000000000000000e+00
-1.492096585408000000e+12 -2.946060501763597728e+01 6.390060119930028750e+14 2.880976543513849277e+37 0.000000000000000000e+00
-1.217897117632000000e+12 -7.150944025933264925e+01 3.175854836356245000e+14 2.869453011280711760e+37 0.000000000000000000e+00
-8.355654409600000000e+11 -4.738621634828039930e+01 5.307392952954825000e+14 2.858021295561833459e+37 0.000000000000000000e+00
-1.036281748608000000e+12 -3.472605337933271841e+01 5.647675463952121250e+14 2.846680303375912760e+37 0.000000000000000000e+00
-7.316928108160000000e+11 -4.730259044268280633e+01 3.015306126082546250e+14 2.835428959019083179e+37 0.000000000000000000e+00
-8.232429957760000000e+11 -5.077178115592754182e+01 3.917185896580227500e+14 2.824266203718679843e+37 0.000000000000000000e+00
-5.355013822144000000e+12 2.169664240204548150e+03 8.116955197234895000e+14 2.813190995319431625e+37 0.000000000000000000e+00
-7.054317489920000000e+11 -5.293729074119141842e+01 4.212577333924121250e+14 2.802202307989736086e+37 0.000000000000000000e+00
-1.037002599104000000e+12 -6.736422341940098590e+01 4.620768889597401875e+14 2.791299131732545563e+37 0.000000000000000000e+00
-1.297810264960000000e+12 -7.016337330216666146e+01 2.639157618135879375e+14 2.780480472337342591e+37 0.000000000000000000e+00
-7.683485665696000000e+13 4.302579197080568410e+06 1.582159649416723000e+16 2.769745339698167869e+37 0.000000000000000000e+00
-1.584979749120000000e+12 -7.167821294137895904e+01 5.194998383519487500e+14 2.759092803323410942e+37 0.000000000000000000e+00
-4.546339712384000000e+12 4.583935389685915652e+03 8.429911653088950000e+14 2.748521881064674045e+37 0.000000000000000000e+00
-8.676417983360000000e+11 -3.486820032770543776e+01 4.109658169237765000e+14 2.738031649261682879e+37 0.000000000000000000e+00
-7.675949203200000000e+11 -4.879375892422309846e+01 3.479982834433100000e+14 2.727621187572788249e+37 0.000000000000000000e+00
-2.123053282758400000e+13 1.763466753894728143e+06 1.580634294811638000e+15 2.717289589555699226e+37 0.000000000000000000e+00
-5.908363863232000000e+12 7.171602894788980848e+03 8.065807957294258750e+14 2.707035963011653945e+37 0.000000000000000000e+00
-2.289328160896000000e+12 7.454758234241458013e+03 9.348392182916932500e+14 2.696859427539999260e+37 0.000000000000000000e+00
-2.621790478144000000e+12 2.972546397422221617e+03 6.894874322586713750e+14 2.686759117490137306e+37 0.000000000000000000e+00
-4.229301686592000000e+12 9.843312228751517523e+02 7.045470799344250000e+14 2.676734179693192490e+37 0.000000000000000000e+00
-7.927240133120000000e+11 -5.628862686287765627e+01 4.169112346549436250e+14 2.666783773626811216e+37 0.000000000000000000e+00
-3.492611252864000000e+12 5.902432781257298302e+03 6.849607162413087500e+14 2.656907071173135879e+37 0.000000000000000000e+00
-1.524120866880000000e+12 9.253421328427908520e+03 6.474208832370368750e+14 2.647103256417178710e+37 0.000000000000000000e+00
-1.230117204288000000e+12 -3.610412986846594663e+01 5.994993045756662500e+14 2.637371525607228035e+37 0.000000000000000000e+00
-4.880417546176000000e+12 1.876651646837317912e+03 6.199395387663347500e+14 2.627711086619699316e+37 0.000000000000000000e+00
-1.269900430656000000e+12 -7.717379879425983802e+01 3.731185159339611875e+14 2.618121158939583612e+37 0.000000000000000000e+00
-8.635024222080000000e+11 -5.008874543186080786e+01 3.758506447567338750e+14 2.608600973345210252e+37 0.000000000000000000e+00
-1.177772927552000000e+12 -6.872010567790135838e+01 2.900454859867704375e+14 2.599149771834072154e+37 0.000000000000000000e+00
-7.434807651840000000e+11 -5.378722367702744123e+01 3.652913478172542500e+14 2.589766807330590203e+37 0.000000000000000000e+00
-7.144090528640000000e+11 -4.785593328047774975e+01 3.415948455028085000e+14 2.580451343498240510e+37 0.000000000000000000e+00
-4.842846265600000000e+11 -5.443180531383675458e+01 3.679535641008453125e+14 2.571202654564794742e+37 0.000000000000000000e+00
-7.752589797120000000e+11 -6.119008409145693861e+01 3.599604496921461250e+14 2.562020025123862200e+37 0.000000000000000000e+00
-9.029384116480000000e+11 -6.523046897122981136e+01 3.170579098133815000e+14 2.552902749947156855e+37 0.000000000000000000e+00
-3.477574856819200000e+13 6.625111193813513637e+03 1.300629240214445400e+16 2.543850124191593755e+37 0.000000000000000000e+00
-1.288413530240000000e+12 -5.720345993598783707e+01 4.722973864759060000e+14 2.534861491601135396e+37 0.000000000000000000e+00
-1.112590139904000000e+12 -6.048690348647866699e+01 3.574001893614317500e+14 2.525936147017136019e+37 0.000000000000000000e+00
-1.081000711360000000e+12 -3.650930667007795449e+01 5.176787866371798750e+14 2.517073434075830078e+37 0.000000000000000000e+00
-1.149533496192000000e+12 -6.388239103819913112e+01 3.562748004002214375e+14 2.508272695838207345e+37 0.000000000000000000e+00
-2.853201012480000000e+13 1.361051171444251388e+07 2.682912398804025500e+15 2.499533284510106592e+37 0.000000000000000000e+00
-6.032145000960000000e+11 -4.967992409418163646e+01 3.241817915630811875e+14 2.490854561871346004e+37 0.000000000000000000e+00
-4.399262053184000000e+12 2.455313968751490393e+03 7.009672195076323750e+14 2.482235896835005368e+37 0.000000000000000000e+00
-4.074411150400000000e+12 2.691403707560952625e+03 4.683549174503483125e+14 2.473676668724525995e+37 0.000000000000000000e+00
-7.559753974016000000e+12 -2.702135853817150135e+01 1.215093071166945500e+15 2.465176254912043277e+37 0.000000000000000000e+00
-1.678560925555200000e+13 2.203214895024456382e+03 2.081519952174123250e+15 2.456734070904973774e+37 0.000000000000000000e+00
-7.908661857280000000e+11 -5.237446057504432417e+01 4.569011036399271875e+14 2.448349520468853600e+37 0.000000000000000000e+00
-2.229697056748800000e+13 1.269323358003142662e+07 2.445368158911730500e+15 2.440021995988994722e+37 0.000000000000000000e+00
-1.259461236064000000e+12 -5.899311439147285085e+01 4.973077704664336250e+14 2.431750927965383753e+37 0.000000000000000000e+00
-1.250494794048000000e+12 -4.326894673907239053e+01 5.378000502594803750e+14 2.423535742947364760e+37 0.000000000000000000e+00
-1.140735847616000000e+12 -3.740723702374793902e+01 3.854805153535545625e+14 2.415375877131314345e+37 0.000000000000000000e+00
-8.920816057600000000e+11 -5.588401750180963035e+01 3.658683062870671250e+14 2.407270773631510494e+37 0.000000000000000000e+00
-8.198096925440000000e+11 -3.860883474297075679e+01 4.376400315730278125e+14 2.399219883019087297e+37 0.000000000000000000e+00
-1.251813191971200000e+13 1.263481514229637757e+07 1.090206989877921875e+15 2.391222663193029333e+37 0.000000000000000000e+00
-1.185077902976000000e+12 -4.358289963223071339e+01 4.894128833745038750e+14 2.383278579594939238e+37 0.000000000000000000e+00
-8.917689559360000000e+11 -4.887165132245394261e+01 4.353018315942705625e+14 2.375387103719197187e+37 0.000000000000000000e+00
-1.165418051104000000e+12 -2.996383228263900023e+01 4.689243706463775625e+14 2.367547715062432646e+37 0.000000000000000000e+00
-1.268546753952000000e+12 -6.278151627982546046e+01 3.836324759750435000e+14 2.359759899627510779e+37 0.000000000000000000e+00
-9.038370413440000000e+11 -5.557649771479659506e+01 3.484020472179831250e+14 2.352023150160829004e+37 0.000000000000000000e+00
-1.246820584640000000e+12 -7.048192710896198321e+01 3.368232918485956875e+14 2.344336966036143001e+37 0.000000000000000000e+00
-4.423004866400000000e+12 6.994470736134234357e+03 6.602117199665390000e+14 2.336700853154815217e+37 0.000000000000000000e+00
-2.666176700800000000e+11 -6.423344156153910944e+01 5.006930903635068125e+14 2.329114323816674675e+37 0.000000000000000000e+00
-4.099037793536000000e+12 6.168909053721407872e+03 4.465758823461900625e+14 2.321576896669059802e+37 0.000000000000000000e+00
-6.426415739200000000e+11 -4.017557728383911098e+01 4.039525164553246250e+14 2.314088096523595336e+37 0.000000000000000000e+00
-4.763184256640000000e+11 -5.131112207140144221e+01 3.599833200521426875e+14 2.306647454364611357e+37 0.000000000000000000e+00
-5.983118378880000000e+11 -5.299982408187075578e+01 3.156400351399460625e+14 2.299254507136191479e+37 0.000000000000000000e+00
-3.403200227232000000e+12 3.357798600458962937e+03 5.380030560352001250e+14 2.291908797717924443e+37 0.000000000000000000e+00
-8.582598034240000000e+11 -6.757355092026810439e+01 3.805284642651867500e+14 2.284609874812889580e+37 0.000000000000000000e+00
-6.557123071360000000e+11 -3.754885438945230192e+01 2.992651694840216250e+14 2.277357292849807492e+37 0.000000000000000000e+00
-7.692422149120000000e+11 -2.898102363285365612e+01 4.118123402893598125e+14 2.270150611904054223e+37 0.000000000000000000e+00
-5.880384952640000000e+11 -5.083826574637097906e+01 2.525806122026751875e+14 2.262989397597069183e+37 0.000000000000000000e+00
-3.596276279616000000e+12 7.353872488907678417e+03 4.756518845555818750e+14 2.255873221016231704e+37 0.000000000000000000e+00
-1.007139193152000000e+12 2.846513130098343254e+02 4.595869817424008750e+14 2.248801658606854375e+37 0.000000000000000000e+00
-5.586138528320000000e+11 -5.836664776806176747e+01 3.178142426325053125e+14 2.241774292162252854e+37 0.000000000000000000e+00
-6.792469141440000000e+11 -3.796551441703793017e+01 2.620391306166210312e+14 2.234790708642081150e+37 0.000000000000000000e+00
-3.556657692672000000e+12 3.149326304414165406e+03 7.558024437651120000e+14 2.227850500142734663e+37 0.000000000000000000e+00
-6.481102533440000000e+11 -3.950720623320390246e+01 2.811150995059621875e+14 2.220953263774172449e+37 0.000000000000000000e+00
-4.446758296960000000e+11 -4.668077391466934500e+01 2.393014065446917812e+14 2.214098601744312048e+37 0.000000000000000000e+00
-7.455536320000000000e+11 -6.643067719070874944e+01 3.313214368612180000e+14 2.207286121034049448e+37 0.000000000000000000e+00
-5.034349355200000000e+11 -4.899887446486738440e+01 2.109835530696231562e+14 2.200515433486298354e+37 0.000000000000000000e+00
-1.108266063168000000e+12 -7.112252128977397092e+01 3.036036883398296875e+14 2.193786155690856069e+37 0.000000000000000000e+00
-6.164319414560000000e+13 2.586780413072564639e+06 4.509359809923265000e+15 2.187097900340778908e+37 0.000000000000000000e+00
-5.236999193600000000e+11 -4.675872901321400832e+01 2.645027412008530000e+14 2.180450319038924875e+37 0.000000000000000000e+00
-4.932239965440000000e+11 -5.486720638450656651e+01 2.708311244584058750e+14 2.173843016451815757e+37 0.000000000000000000e+00
-2.637633750336000000e+12 3.184220907156139674e+03 4.417526630141024375e+14 2.167275636033927581e+37 0.000000000000000000e+00
-5.155367079040000000e+11 -4.394030888727326811e+01 2.965523114969246875e+14 2.160747817057377223e+37 0.000000000000000000e+00
-5.437032711680000000e+11 -3.591045080267218736e+01 2.955203165874974375e+14 2.154259203121776034e+37 0.000000000000000000e+00
-4.374074809920000000e+11 -4.568831715444802910e+01 2.438644707370419688e+14 2.147809442100917157e+37 0.000000000000000000e+00
-1.049434169600000000e+12 -7.381942858957400233e+01 3.268925666227760625e+14 2.141398186071668019e+37 0.000000000000000000e+00
-4.886541437120000000e+11 -3.693338426914794326e+01 2.441717401448624688e+14 2.135025091249712622e+37 0.000000000000000000e+00
-5.709135691520000000e+11 -5.385963107589642362e+01 2.726495406794649062e+14 2.128689817936372500e+37 0.000000000000000000e+00
-2.687786062112000000e+12 4.349986628466152069e+03 4.270711307449147500e+14 2.122392030448173803e+37 0.000000000000000000e+00
-4.676371595520000000e+11 -4.997020491585620050e+01 2.737558911390927500e+14 2.116131397064778719e+37 0.000000000000000000e+00
-4.949039866880000000e+11 -5.706619838066848160e+01 1.965295355656110312e+14 2.109907589966480471e+37 0.000000000000000000e+00
-4.269903424640000000e+11 -4.493927623054101161e+01 2.104051506087601875e+14 2.103720285179897516e+37 0.000000000000000000e+00
-1.118940585696000000e+12 -7.459687458445449693e+01 2.876917912712966250e+14 2.097569162520261034e+37 0.000000000000000000e+00
-6.462743047040000000e+11 -7.067483814723142643e+01 2.982587358935713125e+14 2.091453905536455080e+37 0.000000000000000000e+00
-1.070798852256000000e+12 -8.095342312742488389e+01 3.854675294053283750e+14 2.085374201458155126e+37 0.000000000000000000e+00
-4.293139524480000000e+11 -5.801036749023833750e+01 2.310759690506266562e+14 2.079329741140935267e+37 0.000000000000000000e+00
-5.841180839040000000e+11 -3.189057404353570746e+01 3.210452645867647500e+14 2.073320219011429275e+37 0.000000000000000000e+00
-4.062962425920000000e+11 -2.665286364035948097e+01 4.348353336011760625e+14 2.067345333022844483e+37 0.000000000000000000e+00
-8.554535773760000000e+11 -7.020598774262700204e+01 3.178718427118351250e+14 2.061404784596146134e+37 0.000000000000000000e+00
-2.611831534688000000e+12 3.762149176469831218e+03 3.207982647003905000e+14 2.055498278576047752e+37 0.000000000000000000e+00
-6.150402146240000000e+11 -6.071505820564949119e+01 2.245892722699400625e+14 2.049625523184121591e+37 0.000000000000000000e+00
-5.707661220800000000e+11 -5.914767219630750361e+01 2.146685027840075000e+14 2.043786229955633908e+37 0.000000000000000000e+00
-7.973781776960000000e+11 -7.061131094891526061e+01 2.215794801065936562e+14 2.037980113714711697e+37 0.000000000000000000e+00
-3.979017620480000000e+11 -4.484115109839446234e+01 2.127256153337687500e+14 2.032206892513669481e+37 0.000000000000000000e+00
-3.365178573120000000e+11 -5.350393421011723660e+01 2.853324560753825625e+14 2.026466287589548197e+37 0.000000000000000000e+00
-1.107893379616000000e+12 -7.953554206214529643e+01 2.936972091246607500e+14 2.020758023321259957e+37 0.000000000000000000e+00
-7.651028162240000000e+11 -6.698599418579841824e+01 1.950581270996215938e+14 2.015081827185099340e+37 0.000000000000000000e+00
-4.150937232960000000e+11 -6.086592748354089366e+01 2.391500756211425625e+14 2.009437429705835729e+37 0.000000000000000000e+00
-4.230557575680000000e+11 -4.325415012459084352e+01 1.908688334164657188e+14 2.003824564424661906e+37 0.000000000000000000e+00
-6.363775616960000000e+11 -6.719340955435754381e+01 1.957830167406828438e+14 1.998242967850327002e+37 0.000000000000000000e+00
-1.147310918976000000e+12 -7.970706108919652877e+01 2.509832825828430312e+14 1.992692379417846485e+37 0.000000000000000000e+00
-1.276343616768000000e+12 -8.281628053213205476e+01 2.962995501179268750e+14 1.987172541450263267e+37 0.000000000000000000e+00
-4.416008525120000000e+11 -3.530905061509668030e+01 2.693776164201092500e+14 1.981683199117861575e+37 0.000000000000000000e+00
-3.351670624640000000e+11 -4.863613352664195588e+01 2.085700966580232812e+14 1.976224100398013846e+37 0.000000000000000000e+00
-1.154229580864000000e+12 -7.868257970417704428e+01 2.810696737952693750e+14 1.970794996036717524e+37 0.000000000000000000e+00
-9.071513814400000000e+11 -7.363370660556606140e+01 2.170025688994699375e+14 1.965395639513140948e+37 0.000000000000000000e+00
-2.815843730080000000e+12 4.017110373906509267e+03 3.479408317183381875e+14 1.960025786999611218e+37 0.000000000000000000e+00
-3.977409094080000000e+11 -5.233280631938033167e+01 2.161041296598800625e+14 1.954685197331443226e+37 0.000000000000000000e+00
-6.493704672000000000e+11 -7.031186987752043649e+01 2.143075110284708438e+14 1.949373631951533550e+37 0.000000000000000000e+00
-1.088768762080000000e+12 -7.868542762004803137e+01 2.878311821144873125e+14 1.944090854901424320e+37 0.000000000000000000e+00
-3.218443365760000000e+11 -4.458077552470130200e+01 2.384898499387484062e+14 1.938836632768394294e+37 0.000000000000000000e+00
-5.264191869760000000e+11 -3.211461386647940941e+01 2.879677316511773125e+14 1.933610734657476948e+37 0.000000000000000000e+00
-3.699165402240000000e+11 -4.474145539554202600e+01 2.444094654669265625e+14 1.928412932155798111e+37 0.000000000000000000e+00
-2.874060124838400000e+13 2.284710167395646218e+06 4.295165617836495500e+15 1.923242992647888884e+37 0.000000000000000000e+00
-4.455786916800000000e+11 -5.488246939886951026e+01 2.441045354050426562e+14 1.918100712523434273e+37 0.000000000000000000e+00
-5.222038103360000000e+11 -6.745168006581734232e+01 2.220504277300872188e+14 1.912985850702639374e+37 0.000000000000000000e+00
-1.286647765536000000e+12 -8.335567067750071146e+01 2.592515385228440312e+14 1.907898195009108946e+37 0.000000000000000000e+00
-4.422624436800000000e+11 -6.704695849445548106e+01 2.399414674224023750e+14 1.902837528953134300e+37 0.000000000000000000e+00
-5.999919881280000000e+11 -6.747286515545816599e+01 2.399296322100934375e+14 1.897803638340098583e+37 0.000000000000000000e+00
-8.500118408320000000e+11 -7.706992209225894896e+01 2.874398273725488125e+14 1.892796311230545624e+37 0.000000000000000000e+00
-3.649913269760000000e+11 -4.986479936813859126e+01 2.270391177470859062e+14 1.887815337921136519e+37 0.000000000000000000e+00
-7.047914787520000000e+11 -7.263695446796958777e+01 2.262324387766367812e+14 1.882860510904571146e+37 0.000000000000000000e+00
-4.431103372480000000e+11 -6.107815049401406071e+01 1.881744682067967188e+14 1.877931624850456438e+37 0.000000000000000000e+00
-3.283362236480000000e+11 -4.998649202624594068e+01 2.738894274296647812e+14 1.873028476571166509e+37 0.000000000000000000e+00
-4.568482760320000000e+11 -6.502148543184377161e+01 1.765222432377640000e+14 1.868150864996105047e+37 0.000000000000000000e+00
-4.452581240000000000e+11 -6.691583164827959251e+01 2.356660017109431250e+14 1.863298591143846895e+37 0.000000000000000000e+00
-7.131683834560000000e+11 -7.353837293814369502e+01 2.190407799507326250e+14 1.858471458094427439e+37 0.000000000000000000e+00
-3.814093066880000000e+11 -4.404055941697357213e+01 2.393345732574204688e+14 1.853669270962148862e+37 0.000000000000000000e+00
-3.686643551040000000e+11 -5.453863895527959471e+01 1.880919855467964375e+14 1.848891836872023325e+37 0.000000000000000000e+00
-4.178710777280000000e+11 -6.730658431568656397e+01 2.681072224847137812e+14 1.844138964931602402e+37 0.000000000000000000e+00
-1.349000631488000000e+12 -8.546708424648977598e+01 2.269205528974921250e+14 1.839410466206877422e+37 0.000000000000000000e+00
-6.151559303680000000e+11 -7.567596615793935655e+01 2.807983428427840625e+14 1.834706153696806558e+37 0.000000000000000000e+00
-2.699910199360000000e+11 -5.619914195229044651e+01 1.897127291169675625e+14 1.830025842307013363e+37 0.000000000000000000e+00
-7.350326648640000000e+11 -7.612287211485885052e+01 2.555072791642846250e+14 1.825369348825604012e+37 0.000000000000000000e+00
-3.432200985280000000e+11 -4.568304167900041080e+01 2.416759973439285625e+14 1.820736491904341583e+37 0.000000000000000000e+00
-4.742371760320000000e+11 -3.055501115181273875e+01 3.294281591069093750e+14 1.816127092029916122e+37 0.000000000000000000e+00
-3.701306428480000000e+11 -5.807961024169161846e+01 2.073939816496286875e+14 1.811540971502473701e+37 0.000000000000000000e+00
-2.265343591040000000e+11 -4.896206792971576505e+01 1.810298163279485625e+14 1.806977954410951022e+37 0.000000000000000000e+00
-2.906157692800000000e+11 -4.248852338675153106e+01 2.621429722456080625e+14 1.802437866613813122e+37 0.000000000000000000e+00
-3.494641764800000000e+11 -6.437191751733098499e+01 1.799948462870684375e+14 1.797920535714865880e+37 0.000000000000000000e+00
-8.319526864000000000e+11 -7.938200095435493608e+01 2.713500743955112188e+14 1.793425791041429010e+37 0.000000000000000000e+00
-3.437650982400000000e+11 -5.560421846148686598e+01 2.469977052758939062e+14 1.788953463625971951e+37 0.000000000000000000e+00
-4.200720760320000000e+11 -6.522208450187766005e+01 1.817336467842512500e+14 1.784503386174807181e+37 0.000000000000000000e+00
-3.083862549760000000e+11 -4.441717075644163515e+01 2.692078654876845312e+14 1.780075393062888053e+37 0.000000000000000000e+00
-3.463307725440000000e+11 -6.234102664481581257e+01 1.852369741208665938e+14 1.775669320300807248e+37 0.000000000000000000e+00
-6.870070371520000000e+11 -7.499220014278712654e+01 1.890641191149121875e+14 1.771285005519924861e+37 0.000000000000000000e+00
-3.604083196160000000e+11 -6.120891616492514231e+01 1.889913003907972188e+14 1.766922287951577949e+37 0.000000000000000000e+00
-3.286350336960000000e+11 -6.087887106468780729e+01 1.976077674380973125e+14 1.762581008404637242e+37 0.000000000000000000e+00
-2.834367343040000000e+11 -5.212352035412867224e+01 2.335082116544595312e+14 1.758261009251824332e+37 0.000000000000000000e+00
-1.920009693760000000e+11 -5.300807684610065706e+01 2.093055059902989062e+14 1.753962134405980827e+37 0.000000000000000000e+00
-7.569229417280000000e+11 -7.712695674666976231e+01 2.093175196515690312e+14 1.749684229302700438e+37 0.000000000000000000e+00
-3.638827000960000000e+11 -3.850388696515238962e+01 2.365711138400915938e+14 1.745427140881773854e+37 0.000000000000000000e+00
-2.611466984960000000e+11 -6.420485516966007822e+01 1.979389048126645312e+14 1.741190717568710123e+37 0.000000000000000000e+00
-3.380377317760000000e+11 -4.231678600381171407e+01 2.164672797295211562e+14 1.736974809257619488e+37 0.000000000000000000e+00
-3.274595498240000000e+11 -3.530691178500352123e+01 2.464498162888285938e+14 1.732779267292511639e+37 0.000000000000000000e+00
-2.057779304640000000e+11 -5.996762937274024807e+01 1.992047042418541562e+14 1.728603944450692578e+37 0.000000000000000000e+00
-2.999802788800000000e+11 -4.537007475912601251e+01 1.883642889761163750e+14 1.724448694923792748e+37 0.000000000000000000e+00
-1.136718667232000000e+12 -8.397231690362640677e+01 2.415946543794992188e+14 1.720313374303546808e+37 0.000000000000000000e+00
-3.885661925120000000e+11 -3.550803357481866840e+01 2.484810395522927812e+14 1.716197839561877523e+37 0.000000000000000000e+00
-6.442404801600000000e+11 -7.563535866149152298e+01 2.489772130908933750e+14 1.712101949038441941e+37 0.000000000000000000e+00
-4.613685718144000000e+12 6.282025323837068754e+03 6.608531705356265000e+14 1.708025562420137502e+37 0.000000000000000000e+00
-5.618999538880000000e+11 -7.577922599714936780e+01 3.446912773971425625e+14 1.703968540756887727e+37 0.000000000000000000e+00
-6.992035358080000000e+11 -7.581101069579034402e+01 2.386448392304335625e+14 1.699930746327078863e+37 0.000000000000000000e+00
-3.649394032000000000e+11 -6.101104563312608775e+01 1.923633839777029062e+14 1.695912042800075866e+37 0.000000000000000000e+00
-2.022988911200000000e+12 3.835176657208777669e+03 3.431908807607547500e+14 1.691912295101312192e+37 0.000000000000000000e+00
-4.491231917760000000e+11 -7.438617804281405199e+01 2.594852781791261250e+14 1.687931369431310540e+37 0.000000000000000000e+00
-3.504145043200000000e+11 -4.204031220881021369e+01 1.887382059500757500e+14 1.683969133237742969e+37 0.000000000000000000e+00
-7.806717157440000000e+11 -7.715428231622325939e+01 2.099510602595716875e+14 1.680025455218801491e+37 0.000000000000000000e+00
-2.977136232320000000e+11 -6.392892155608557658e+01 1.939225588409748750e+14 1.676100205295186174e+37 0.000000000000000000e+00
-5.193396362880000000e+11 -7.609776224279568169e+01 2.381653025723290625e+14 1.672193254604832849e+37 0.000000000000000000e+00
-4.811104944857600000e+13 5.881880676237006485e+07 1.163495294669017800e+16 1.668304470449773198e+37 0.000000000000000000e+00
-6.166651365120000000e+11 -3.334310886855185174e+01 3.487316519851351875e+14 1.664433741669067018e+37 0.000000000000000000e+00
-2.178659027136000000e+12 5.676736172715043722e+03 4.106530243118419375e+14 1.660580927402099162e+37 0.000000000000000000e+00
