0.000000000000000000e+00 0.000000000000000000e+00 0.000000000000000000e+00 0.000000000000000000e+00 0.000000000000000000e+00
-1.051746728350127995e+02 -1.052530298020422492e+02 1.345649974207761002e-01 2.132926110344577683e+04 0.000000000000000000e+00
-1.079632979201554832e+02 -1.080721022198735994e+02 1.345994389104993305e-01 2.083001139786653221e+04 0.000000000000000000e+00
-1.012176718660949746e+02 -1.013365590574886568e+02 1.286857450238430012e-01 1.270636694707991846e+05 0.000000000000000000e+00
-1.033672041885536004e+02 -1.031857859350792381e+02 2.041301942563618910e-01 2.018855458071664907e+04 0.000000000000000000e+00
-9.999527458912142208e+01 -9.989317727626358590e+01 1.334258114304746057e-01 1.214096305193281878e+05 0.000000000000000000e+00
-9.724744398560756053e+01 -9.714028316695593901e+01 9.685553361833464103e-02 2.017247708749234152e+04 0.000000000000000000e+00
-1.067263147809918706e+02 -1.068182392766471764e+02 4.219360787469674662e-02 2.020719915931852665e+04 0.000000000000000000e+00
-1.080191217722824177e+02 -1.079981881160070429e+02 3.261246726840345139e-02 2.085225359282952923e+04 0.000000000000000000e+00
-1.026927997675227857e+02 -1.027059996752564217e+02 9.473072976853538774e-02 1.118438450153677986e+05 0.000000000000000000e+00
-1.026402028924264584e+02 -1.025783635486957195e+02 4.649456530236199814e-02 1.089219533195181430e+05 0.000000000000000000e+00
-1.053670215087078788e+02 -1.053971042027852292e+02 3.487337105833257511e-02 1.958337101435908335e+04 0.000000000000000000e+00
-9.990468868657501389e+01 -9.978846602488916062e+01 5.596282472819825993e-02 1.043044249263222300e+05 0.000000000000000000e+00
-1.080364126890536625e+02 -1.080277013698823794e+02 6.064556115759062865e-02 1.042973131442695158e+05 0.000000000000000000e+00
-1.052222413577651707e+02 -1.051690401321350947e+02 8.854312552959875404e-02 1.018247325786660804e+05 0.000000000000000000e+00
-1.026796221995751779e+02 -1.026635901668428517e+02 6.802135733808133133e-02 9.981728584010752093e+04 0.000000000000000000e+00
-1.081131450584635019e+02 -1.081222246434425358e+02 5.186515875094674377e-02 9.759328150149006979e+04 0.000000000000000000e+00
-1.107060272932489795e+02 -1.106621652797433626e+02 6.038603583457810564e-02 9.544039486781295273e+04 0.000000000000000000e+00
-1.052242169959901048e+02 -1.052290442786705995e+02 4.186568664887609093e-02 9.364348664945234486e+04 0.000000000000000000e+00
-9.993807014709160796e+01 -9.988995192263185174e+01 3.886339015397557994e-02 9.165465381781193719e+04 0.000000000000000000e+00
-1.079290160026321246e+02 -1.079344099495568656e+02 3.392947483529784591e-02 9.016775684285040188e+04 0.000000000000000000e+00
-1.024741902240469926e+02 -1.024428010592544638e+02 5.940458673990865052e-02 8.833246016881091055e+04 0.000000000000000000e+00
-1.081264926418244556e+02 -1.081123530439861469e+02 2.232273335397506539e-02 1.780391820525806452e+03 0.000000000000000000e+00
-9.721730528608040345e+01 -9.716760150271205987e+01 4.142211720795675733e-02 8.502697543950115505e+04 0.000000000000000000e+00
-9.715503440827652071e+01 -9.705719058673687982e+01 6.413407045901638182e-02 8.379868549530293967e+04 0.000000000000000000e+00
-1.080590453343648107e+02 -1.080531444388416418e+02 2.029932857333988094e-02 1.645559439392275453e+04 0.000000000000000000e+00
-9.164723954065804890e+01 -9.158590406718634824e+01 6.672110687494869907e-02 8.199298913701216225e+04 0.000000000000000000e+00
-1.042138482567304720e+02 -1.043234035220526437e+02 5.684598897260041001e-02 1.586166583060511221e+04 0.000000000000000000e+00
-1.053468195565509262e+02 -1.053306579913683549e+02 3.059140052329331963e-02 7.970559210211431491e+04 0.000000000000000000e+00
-1.025910057434738007e+02 -1.026248206454204563e+02 4.056543356347619422e-02 7.834774467988708057e+04 0.000000000000000000e+00
-1.052628110266182375e+02 -1.052992513356747253e+02 2.755816571932901554e-02 7.715361339961178601e+04 0.000000000000000000e+00
-1.054036797822761287e+02 -1.054024744025336702e+02 1.805931098476287397e-02 1.585937309205550991e+04 0.000000000000000000e+00
-1.079876305631987492e+02 -1.079963810626879024e+02 2.162477522602202981e-02 7.480983949558436871e+04 0.000000000000000000e+00
-9.427774955904813226e+01 -9.435227093806761900e+01 6.217227248225142694e-02 1.533982935141566304e+04 0.000000000000000000e+00
-1.053482241915745448e+02 -1.053288514405416976e+02 2.593598918597495376e-02 7.299191135960540851e+04 0.000000000000000000e+00
-9.989587414228060425e+01 -9.988494125999909556e+01 2.481253530809535146e-02 7.188747237212755135e+04 0.000000000000000000e+00
-9.726713929677951853e+01 -9.720785737167848595e+01 4.338258712540647016e-02 1.479294506550417282e+03 0.000000000000000000e+00
-1.080243669237505770e+02 -1.080415699612824483e+02 3.024434478554575284e-02 6.989732677220145706e+04 0.000000000000000000e+00
-9.439190678472228058e+01 -9.433615928720999477e+01 5.724544379337940386e-02 6.887756628887841362e+04 0.000000000000000000e+00
-1.107502247677804945e+02 -1.107209638240317844e+02 2.906940355532562290e-02 6.816685793185957300e+04 0.000000000000000000e+00
-1.044133343977948414e+02 -1.044287911019710293e+02 3.297564526329156698e-02 1.411210373592497308e+04 0.000000000000000000e+00
-1.026516024807660017e+02 -1.026222660229095140e+02 1.903894857622593847e-02 1.392891285081202295e+04 0.000000000000000000e+00
-1.080545757510624725e+02 -1.080742679463415641e+02 2.603615988069993975e-02 6.558253600832128723e+04 0.000000000000000000e+00
-1.026371268358007427e+02 -1.026072074202015472e+02 1.531113131173389083e-02 1.364903005728891549e+04 0.000000000000000000e+00
-1.025420585538687277e+02 -1.024935157421671192e+02 3.924748552559837594e-02 6.395075208930909139e+04 0.000000000000000000e+00
-1.043579885994717671e+02 -1.043955358884209943e+02 4.017203626619102880e-02 1.341941128331665277e+04 0.000000000000000000e+00
-1.079929469568350555e+02 -1.079907953175703739e+02 2.270089419119488208e-02 6.261904674807966512e+04 0.000000000000000000e+00
-1.024943337507236976e+02 -1.024905531734591193e+02 1.857052681461281857e-02 1.318238375204352087e+04 0.000000000000000000e+00
-9.455295621064810518e+01 -9.447992198356216420e+01 4.395429806905806758e-02 1.301032531857221511e+04 0.000000000000000000e+00
-1.081071785970523251e+02 -1.081005614376715869e+02 1.732458160707949640e-02 1.313695916309193126e+04 0.000000000000000000e+00
-1.025826979274016679e+02 -1.025912860894715379e+02 1.928479671150021627e-02 6.008808961791409092e+04 0.000000000000000000e+00
-9.982245418436944817e+01 -9.981139538431175140e+01 1.339114891076331401e-02 1.283529993345239563e+04 0.000000000000000000e+00
-1.079107336376416697e+02 -1.079147648796713668e+02 2.206168344359548533e-02 5.859497289690394246e+04 0.000000000000000000e+00
-1.052203190776878898e+02 -1.051968197500192304e+02 2.246861225578021190e-02 5.787343046417563164e+04 0.000000000000000000e+00
-9.996665359604423884e+01 -9.999902300024952240e+01 2.719468284581440937e-02 1.244906162217800011e+04 0.000000000000000000e+00
-1.041229920951223562e+02 -1.041172459824367849e+02 1.936092535285691141e-02 1.400656715594299385e+03 0.000000000000000000e+00
-1.025528483537282938e+02 -1.025675304723651209e+02 1.331143178194621642e-02 1.277896400877168162e+04 0.000000000000000000e+00
-9.974497264830969812e+01 -9.972715526606523895e+01 1.578485783456613084e-02 1.264848894848389682e+04 0.000000000000000000e+00
-1.026136369859440833e+02 -1.026211582325188090e+02 1.987338971284758823e-02 5.633328347934388148e+04 0.000000000000000000e+00
-1.052401807042216859e+02 -1.052444659966848945e+02 1.178627857998553602e-02 1.240806050700191190e+04 0.000000000000000000e+00
-1.053746990368994858e+02 -1.053698877565966825e+02 1.870999487793408717e-02 5.508279069037437148e+04 0.000000000000000000e+00
-9.979563595375124407e+01 -9.977565406449673446e+01 3.658694322954039041e-02 5.446627473114150780e+04 0.000000000000000000e+00
-1.064125591001156010e+02 -1.063641320193012945e+02 3.882261910166451974e-02 5.389581694149627583e+04 0.000000000000000000e+00
-1.053047793396304996e+02 -1.053213543526629223e+02 2.546603712150163554e-02 5.350704287341384770e+04 0.000000000000000000e+00
-9.706721770674928962e+01 -9.711162734757775183e+01 2.452188116188874431e-02 5.295155900819729140e+04 0.000000000000000000e+00
-1.079644830305856971e+02 -1.079645057881799772e+02 1.812444512044394940e-02 5.256827923247314175e+04 0.000000000000000000e+00
-1.053276306052278670e+02 -1.053225363672025168e+02 1.658326761425321649e-02 5.200891051758959657e+04 0.000000000000000000e+00
-1.019354566270373681e+02 -1.018551356387565505e+02 2.621536161109816118e-02 1.167324020175052465e+04 0.000000000000000000e+00
-1.008807693417454630e+02 -1.009308499501277652e+02 2.762230964378295170e-02 1.198879182941544241e+04 0.000000000000000000e+00
-1.052814371791443477e+02 -1.052756550874069745e+02 1.299937161347603995e-02 5.146628309489310050e+04 0.000000000000000000e+00
-1.052095640547445043e+02 -1.052157570908804445e+02 1.420043391925919149e-02 1.191516882112298117e+04 0.000000000000000000e+00
-9.863089167746674946e+01 -9.868460471797361322e+01 3.114697807677947045e-02 5.043580606053622614e+04 0.000000000000000000e+00
-9.448407066693627598e+01 -9.428030642181732901e+01 5.739557935524772225e-02 5.017077791004113533e+04 0.000000000000000000e+00
-9.976599896095095232e+01 -9.979555170166241851e+01 2.006440016036840218e-02 1.296294725380432283e+04 0.000000000000000000e+00
-9.724238503407708833e+01 2.075635651015595600e+16 3.832455929889604107e+01 1.468771845454598861e+03 0.000000000000000000e+00
-2.694767858516562500e+11 4.411718178759858233e+02 2.798174519952255469e+13 4.142170193570262971e+30 0.000000000000000000e+00
-2.473279013430312500e+11 -2.854963156235506005e+01 8.653705604292756836e+12 4.102728328220183175e+30 0.000000000000000000e+00
-1.063032488394375000e+11 -4.572438961086363918e+01 3.291002308781873535e+12 4.064030483877745754e+30 0.000000000000000000e+00
-1.010607406550625000e+11 -4.079646807292807864e+01 4.096798022714549805e+12 4.026055783119150815e+30 0.000000000000000000e+00
-2.634656855428125000e+10 -7.630113715760678872e+01 8.884658148481069336e+11 3.988784114793440050e+30 0.000000000000000000e+00
-1.057117636137812500e+11 -3.888217504251009871e+01 5.138761161749156250e+12 3.952196112274298323e+30 0.000000000000000000e+00
-4.297984403146875000e+10 -5.406083614124885628e+01 1.126051584522259277e+12 3.916273194237342554e+30 0.000000000000000000e+00
-7.500117820990625000e+10 -4.601582397249018896e+01 2.839781206608876953e+12 3.880997350307304448e+30 0.000000000000000000e+00
-4.521513853459375000e+10 -5.250742053481875615e+01 2.171020049741437988e+12 3.846351294942943672e+30 0.000000000000000000e+00
-3.783947065103125000e+10 -4.650823355735377618e+01 1.706581839258498535e+12 3.812318280116905518e+30 0.000000000000000000e+00
-8.037557459981250000e+10 9.232363959159185470e+03 2.210349133399598828e+13 3.778882193097599601e+30 0.000000000000000000e+00
-4.216326395706250000e+10 3.252179273882285884e+02 3.783614279786789062e+12 3.746027455508451909e+30 0.000000000000000000e+00
-4.737748176931250000e+10 -3.654695120761383720e+01 2.667989877789658203e+12 3.713739087780146861e+30 0.000000000000000000e+00
-2.138079094734375000e+10 -6.510978167522739568e+01 7.480945133833973389e+11 3.682002515360706072e+30 0.000000000000000000e+00
-1.622663694443750000e+10 -6.903522959275224480e+01 8.193005850700693359e+11 3.650803727784358260e+30 0.000000000000000000e+00
-2.778428847056250000e+10 -2.096525098123824549e+01 2.160476376661489990e+12 3.620129164515659919e+30 0.000000000000000000e+00
-1.672423120218750000e+10 -5.939652525592931909e+01 9.012409945557624512e+11 3.589965728660707765e+30 0.000000000000000000e+00
-1.856332945203125000e+10 -5.632389036970143081e+01 1.028826947665138062e+12 3.560300750133759566e+30 0.000000000000000000e+00
-2.833873256155312500e+11 -4.473193154894483570e+01 3.003329862834805078e+13 3.531121856381878031e+30 0.000000000000000000e+00
-4.369596647706250000e+10 -2.121657976816000613e+01 3.178043162227447754e+12 3.502417583392304959e+30 0.000000000000000000e+00
-1.588493496656250000e+10 -6.450906608184911306e+01 9.504256353804482422e+11 3.474176058194603780e+30 0.000000000000000000e+00
-1.692101467790625000e+10 -7.820324178809208604e+01 9.019199192729936523e+11 3.446386322302721336e+30 0.000000000000000000e+00
-1.674347461525000000e+10 -3.997410439114021585e+01 1.246376446778072998e+12 3.419037588457891267e+30 0.000000000000000000e+00
-1.858282495572500000e+11 3.844243190719892937e+03 2.744800030788258594e+13 3.392119334955723758e+30 0.000000000000000000e+00
-9.824919054781250000e+09 -5.402317872506756657e+01 5.715906964019105225e+11 3.365621854872315038e+30 0.000000000000000000e+00
-1.462013094409375000e+10 -3.503941534296978944e+01 9.295816954181752930e+11 3.339534983884902627e+30 0.000000000000000000e+00
-1.604658068459375000e+10 -3.322754394664999467e+01 1.416578493114907959e+12 3.313849374882311159e+30 0.000000000000000000e+00
-1.082854100087500000e+10 -4.529086305088755182e+01 6.142408497867767334e+11 3.288555844292162514e+30 0.000000000000000000e+00
-1.146624658762500000e+10 -3.888083124725605444e+01 1.085713798014216919e+12 3.263645482059616390e+30 0.000000000000000000e+00
-1.067521510428125000e+10 -7.222077728108777706e+01 5.297871883084020386e+11 3.239109641128381898e+30 0.000000000000000000e+00
-7.863659479781250000e+09 -4.486473707863572713e+01 4.697710064947791748e+11 3.214939943735860379e+30 0.000000000000000000e+00
-8.837756032906250000e+09 -3.651800942358429580e+01 6.897130537027131348e+11 3.191128256660157139e+30 0.000000000000000000e+00
-9.166489274718750000e+09 -4.186055284406842958e+01 6.418886709645158691e+11 3.167666674932321941e+30 0.000000000000000000e+00
-7.840681304250000000e+09 -3.744706501027065570e+01 7.371484599258613281e+11 3.144547546535454515e+30 0.000000000000000000e+00
-8.149502949156250000e+09 -4.607463068382109128e+01 4.598663547177808838e+11 3.121763426733980524e+30 0.000000000000000000e+00
-6.554747669750000000e+09 -3.656952993908382155e+01 4.353874634999688721e+11 3.099307083958155605e+30 0.000000000000000000e+00
-4.718052545945000000e+11 -3.809302906604745687e+01 1.081504650438255737e+12 3.869734221136736975e+30 0.000000000000000000e+00
-1.585410195818750000e+10 -2.949661417268294983e+01 9.575196299133868408e+11 3.055349829093091251e+30 0.000000000000000000e+00
-1.722489245571875000e+10 -3.939229646290191056e+01 1.621736090820942627e+12 3.033835470350706344e+30 0.000000000000000000e+00
-6.778850985593750000e+09 -4.511403053367844507e+01 3.154056527652863159e+11 3.012621962306847436e+30 0.000000000000000000e+00
-7.194295733343750000e+09 -3.564007357617237659e+01 5.054864506711651611e+11 2.991703045079546355e+30 0.000000000000000000e+00
-5.079525643718750000e+09 -5.869734927491560939e+01 3.125879806797960815e+11 2.971072621174175468e+30 0.000000000000000000e+00
-2.491165895434062500e+11 -5.459487662189320645e+01 5.499072554189443359e+11 3.715118086533494220e+30 0.000000000000000000e+00
-8.002221094437500000e+09 -4.356525754150331409e+01 5.424795461457243042e+11 2.930653704638233722e+30 0.000000000000000000e+00
-4.320017611315625000e+10 2.281635155686179496e+04 8.115502447320243164e+12 2.910853843581127112e+30 0.000000000000000000e+00
-3.804428633662031250e+11 -4.750194616090466582e+01 4.994423385948745312e+13 2.891319621832783102e+30 0.000000000000000000e+00
-6.304571867207812500e+10 -5.248521278432043857e+01 5.374566585710700195e+12 2.872046006023055175e+30 0.000000000000000000e+00
-5.558158796176562500e+11 -4.351330103513256375e+01 2.202955102892596484e+13 2.853027448071719580e+30 0.000000000000000000e+00
-1.188472265117500000e+11 -5.462828876576443804e+01 1.001413304145536719e+13 2.834259193636595356e+30 0.000000000000000000e+00
-1.916786051233750000e+11 -5.419594114683279429e+01 8.446052493008341797e+12 2.815736243360545454e+30 0.000000000000000000e+00
-3.505165641914843750e+11 -1.113223466406920181e+01 2.215414894013744531e+13 2.797453819432520455e+30 0.000000000000000000e+00
-1.671398705465625000e+10 -3.467535345344496278e+01 1.170917232071888916e+12 2.779407352402538821e+30 0.000000000000000000e+00
-3.204616772026562500e+10 6.610030128959323520e+03 4.293218772136205078e+12 2.761592138542987006e+30 0.000000000000000000e+00
-1.695849225353750000e+11 6.324685293991236904e+03 1.375948829866762500e+13 2.744003753146674052e+30 0.000000000000000000e+00
-1.644905982150000000e+10 -6.406141028118976521e+01 9.914449587773532715e+11 2.726638152680481116e+30 0.000000000000000000e+00
-5.750555910887500000e+10 -5.567897274955122811e+01 4.017147698926972656e+12 2.709490783590951714e+30 0.000000000000000000e+00
-4.493197922906250000e+09 -6.626593531194795617e+01 2.892600892949369507e+11 2.692557904754854521e+30 0.000000000000000000e+00
-1.427121650792187500e+10 -3.414247353367130700e+01 1.672808028678966064e+12 2.675835261281690426e+30 0.000000000000000000e+00
-1.945534188349062500e+11 -4.372064173955630650e+01 1.034451902321935938e+13 2.659318961423037790e+30 0.000000000000000000e+00
-2.141177345265312500e+11 -4.223557236145796878e+01 2.227555425603979297e+13 2.643005376144670485e+30 0.000000000000000000e+00
-1.509538561947500000e+11 -4.635734135275895085e+01 1.430561767680300000e+13 2.626890714141848597e+30 0.000000000000000000e+00
-1.266788090492187500e+10 -5.337784239617883486e+01 1.079256477378949097e+12 2.610971444096464824e+30 0.000000000000000000e+00
-9.986437623828125000e+09 -2.577640259310679838e+01 8.265906663873496094e+11 2.595243866026573412e+30 0.000000000000000000e+00
-4.722186901421875000e+09 -4.959663545656864159e+01 3.861806049701614380e+11 2.579704621682937674e+30 0.000000000000000000e+00
-4.808770776578125000e+09 3.547310625423317987e+01 6.284607747158583984e+11 2.564350348225215227e+30 0.000000000000000000e+00
-6.485350478625000000e+09 -7.734044098501519215e+01 4.988353514386124268e+11 2.549177758167277458e+30 0.000000000000000000e+00
-5.941583317750000000e+09 -2.954025830423638865e+01 4.375560762755694580e+11 2.534183654651222819e+30 0.000000000000000000e+00
-4.927476459250000000e+09 -2.881253085136599879e+01 4.902873309534147949e+11 2.519364901359419107e+30 0.000000000000000000e+00
-5.032864734437500000e+09 -2.788446349348905784e+01 3.522374923051008301e+11 2.504718440052983792e+30 0.000000000000000000e+00
-7.766875717343750000e+09 -4.142747611005162867e+01 6.079900336669967041e+11 2.490241285312288692e+30 0.000000000000000000e+00
-4.594465767515625000e+09 -3.219526314646217457e+01 2.896398573058902588e+11 2.475930518591598790e+30 0.000000000000000000e+00
-3.786293270890625000e+09 -3.205470386782914005e+01 2.340027104997106018e+11 2.461783286169994359e+30 0.000000000000000000e+00
-1.304176961618750000e+10 7.181413773113745265e+03 2.023012201384536621e+12 2.447796801919940531e+30 0.000000000000000000e+00
-7.401074061734375000e+09 1.217717962816496851e+02 6.319972789663684082e+11 2.433968351464853980e+30 0.000000000000000000e+00
-6.445102830843750000e+09 -4.164969108217081128e+01 6.383490550563536377e+11 2.420295251135624559e+30 0.000000000000000000e+00
-3.683595273984375000e+09 -5.532265633091489576e+01 3.176129782876005859e+11 2.406774908265209615e+30 0.000000000000000000e+00
-4.105202171328125000e+09 -2.718071232189218378e+01 3.751084194537379761e+11 2.393404778997900503e+30 0.000000000000000000e+00
-2.937774250953125000e+09 -4.632607540667104473e+01 1.766991922046695251e+11 2.380182371176864875e+30 0.000000000000000000e+00
-5.538349396015625000e+09 -7.760014666626975099e+01 4.613248104762110596e+11 2.367105250643107707e+30 0.000000000000000000e+00
-4.067584100171875000e+09 -3.489485802005224713e+01 5.446031350000137939e+11 2.354171036811859539e+30 0.000000000000000000e+00
-3.644317571359375000e+09 -3.173118374860497681e+01 2.979079730581661987e+11 2.341377398457437756e+30 0.000000000000000000e+00
-3.133930963593750000e+09 -2.491754526666411351e+01 2.790943923834224854e+11 2.328722058375177294e+30 0.000000000000000000e+00
-3.317394500221875000e+11 1.342480811062659086e+04 3.516828130701755469e+13 2.316202712020555791e+30 0.000000000000000000e+00
-4.001084583031250000e+09 -7.033277090324241954e+01 4.884001135028558960e+11 2.303817395529776502e+30 0.000000000000000000e+00
-9.191080717917187500e+10 4.540438388986184691e+03 1.143417451499079297e+13 2.291563682229725731e+30 0.000000000000000000e+00
-1.675662151630000000e+11 1.336559049986442369e+04 1.565336761007001172e+13 2.279439698290648010e+30 0.000000000000000000e+00
-2.680793495718750000e+09 -4.776056717809851904e+01 2.838551153004249268e+11 2.267443393717877159e+30 0.000000000000000000e+00
-2.184796257578125000e+09 -5.906725955155803831e+01 2.718453532683135376e+11 2.255572625695514610e+30 0.000000000000000000e+00
-3.178809567765625000e+09 -3.289203323785881850e+01 2.370726760729696655e+11 2.243825499992594000e+30 0.000000000000000000e+00
-5.547121838328125000e+09 -4.899241397524988173e+01 5.898540320935042725e+11 2.232200096490247123e+30 0.000000000000000000e+00
-3.367615114406250000e+09 1.511917915661020970e+03 6.399834557464071045e+11 2.220694532955143187e+30 0.000000000000000000e+00
-3.875699262656250000e+09 -8.835312620131833228e+01 2.130196502473560486e+11 2.209306965231224784e+30 0.000000000000000000e+00
-4.630830781203125000e+09 -5.370088622630099451e+01 7.723330103131655273e+11 2.198035587652061408e+30 0.000000000000000000e+00
-2.777058008546875000e+09 -5.987027224791729196e+01 2.393945328034559631e+11 2.186878631073506010e+30 0.000000000000000000e+00
-2.402300831734375000e+09 -3.900915592977328572e+01 1.555359142400961609e+11 2.175834363202112954e+30 0.000000000000000000e+00
-9.061478309353125000e+10 1.419743344727016847e+03 7.904748041350285156e+12 2.164901020847989012e+30 0.000000000000000000e+00
-2.247511880546875000e+09 -3.832345366587817637e+01 1.826749812936262512e+11 2.154077125256091425e+30 0.000000000000000000e+00
-1.234822179273437500e+10 9.577641571932417719e+03 7.668875095830799561e+11 2.143360863320239576e+30 0.000000000000000000e+00
-6.393925375062500000e+09 6.492255491848009115e+03 4.398284202871246948e+11 2.132750702142396819e+30 0.000000000000000000e+00
-9.313756517906250000e+09 7.641333559818139292e+03 1.013644179230567017e+12 2.122245064395498649e+30 0.000000000000000000e+00
-2.379352751437500000e+09 -5.807227436034877854e+01 3.043715196337329712e+11 2.111842409668611687e+30 0.000000000000000000e+00
-1.888478942796875000e+09 -6.864063184352406211e+01 1.570630509087224426e+11 2.101541238115082148e+30 0.000000000000000000e+00
-3.605057136578125000e+09 -4.319980542295900250e+01 4.900236567789456177e+11 2.091340070317343578e+30 0.000000000000000000e+00
-5.096564980468750000e+09 1.079570972699572121e+04 5.496895315124165039e+11 2.081237458592646396e+30 0.000000000000000000e+00
-2.489577176765625000e+09 2.517680078012896047e+03 5.491802616797450562e+11 2.071231979093554433e+30 0.000000000000000000e+00
-5.316585206281250000e+09 2.508838687381401996e+03 8.655203948292995605e+11 2.061322239522886660e+30 0.000000000000000000e+00
-1.675198209984375000e+09 -4.413996801372980627e+01 2.536043435116913452e+11 2.051506872877963413e+30 0.000000000000000000e+00
-2.900740237187500000e+09 -6.030579313948653208e+01 4.459244479313944702e+11 2.041784535063224305e+30 0.000000000000000000e+00
-2.923575400953125000e+09 -2.986006357141690515e+01 7.517629376679210205e+11 2.032153911754388755e+30 0.000000000000000000e+00
-3.702030838890625000e+09 -4.101232352169339634e+01 4.500093348717025757e+11 2.022613710630122399e+30 0.000000000000000000e+00
-3.136191020093750000e+09 -3.369799495851383142e+01 4.433807772432905884e+11 2.013162665011108845e+30 0.000000000000000000e+00
-1.885124177218750000e+09 -4.357348387413774304e+01 2.942341286207175903e+11 2.003799529166177746e+30 0.000000000000000000e+00
-2.901928606812500000e+09 -8.419989833616638464e+01 2.106962944166882324e+11 1.994523083379873321e+30 0.000000000000000000e+00
-2.611155246671875000e+09 9.725102748344245640e+01 4.050518449822960205e+11 1.985332128980881466e+30 0.000000000000000000e+00
-2.540330296625000000e+09 -6.042720858534075745e+01 3.180911100574374390e+11 1.976225488262954710e+30 0.000000000000000000e+00
-1.756449801515625000e+09 -6.955390050469007690e+01 1.371432267431447906e+11 1.967202009594246273e+30 0.000000000000000000e+00
-1.814471662031250000e+09 -7.482960598750005943e+01 1.735110480754776917e+11 1.958260557481194690e+30 0.000000000000000000e+00
-2.206259165406250000e+09 -3.383289074310289379e+01 1.937927214109214783e+11 1.949400018240951100e+30 0.000000000000000000e+00
-1.902332199796875000e+09 -6.848917996820355825e+01 1.865121205881776733e+11 1.940619298692674003e+30 0.000000000000000000e+00
-2.048634475171875000e+09 -3.228300568808971605e+01 1.906376811154106750e+11 1.931917325459807399e+30 0.000000000000000000e+00
-3.362975917140625000e+09 7.647323090215612865e+03 3.088242928499277954e+11 1.923293043603173847e+30 0.000000000000000000e+00
-1.925333392234375000e+09 -3.395165579175306902e+01 2.046559565919893494e+11 1.914745417774115799e+30 0.000000000000000000e+00
-1.935396690453125000e+09 -3.611722117902917972e+01 3.263703704182383423e+11 1.906273429844774940e+30 0.000000000000000000e+00
-1.631782162015625000e+09 -3.077508494323526733e+01 1.690174803979060669e+11 1.897876080059101356e+30 0.000000000000000000e+00
-3.220561217500000000e+09 7.203267718194586450e+03 3.490953652904554443e+11 1.889552387307612510e+30 0.000000000000000000e+00
-1.250779172171875000e+09 -4.027034243572447281e+01 1.509217343343161621e+11 1.881301387434769656e+30 0.000000000000000000e+00
-2.447330125062500000e+09 -8.541470825426826252e+01 1.768303940021759033e+11 1.873122130029206647e+30 0.000000000000000000e+00
-2.260606504953125000e+09 7.590280865419922520e+03 2.550199485530718079e+11 1.865013684459075852e+30 0.000000000000000000e+00
-2.081006962140625000e+09 -2.731003268795477013e+01 3.478456067692154541e+11 1.856975136277419055e+30 0.000000000000000000e+00
-1.422429617140625000e+09 -3.427639273544597387e+01 1.367611955057677917e+11 1.849005584198628548e+30 0.000000000000000000e+00
-1.498606381937500000e+09 -7.439961130371787590e+01 1.580133543934622192e+11 1.841104143762017633e+30 0.000000000000000000e+00
-2.298589019015625000e+09 6.070071802580742570e+01 3.252376345814058838e+11 1.833269945795714558e+30 0.000000000000000000e+00
-1.665341434406250000e+09 -3.604613154572856359e+01 1.762469587900926514e+11 1.825502135758386281e+30 0.000000000000000000e+00
-2.629957208718750000e+09 7.803136602046730331e+03 4.011813787540913086e+11 1.817799873288213662e+30 0.000000000000000000e+00
-2.825501011812500000e+09 9.616513493337963155e+03 2.855754204269973755e+11 1.810162332918713291e+30 0.000000000000000000e+00
-1.951536608187500000e+09 5.184919034275668309e+03 2.278589400761335449e+11 1.802588701485292919e+30 0.000000000000000000e+00
-2.918088864875000000e+09 -4.408051328104517808e+01 3.876660821005188599e+11 1.795078180117331495e+30 0.000000000000000000e+00
-1.342829684906250000e+09 -6.887961773118884423e+01 1.650193637583270874e+11 1.787629983035112051e+30 0.000000000000000000e+00
-1.687593848703125000e+09 1.899289352995605640e+01 3.257311925363464355e+11 1.780243338054480717e+30 0.000000000000000000e+00
-1.445496878203125000e+09 -6.449200490855221801e+01 2.030414212030225830e+11 1.772917485400195514e+30 0.000000000000000000e+00
-1.542579476484375000e+09 1.685415356239837514e+00 2.512230981986119080e+11 1.765651677463759068e+30 0.000000000000000000e+00
-1.144650150515625000e+09 -2.681616956293976983e+01 1.714989339101770325e+11 1.758445179025998334e+30 0.000000000000000000e+00
-1.600461847171875000e+09 -3.660961682090380265e+01 1.699628570500943909e+11 1.751297267397672600e+30 0.000000000000000000e+00
-1.332368020812500000e+09 -7.338288433022394486e+01 1.172775817487148743e+11 1.744207230573287840e+30 0.000000000000000000e+00
-1.070089536515625000e+09 -5.633523056128730389e+01 2.567792920263757629e+11 1.737174368616707958e+30 0.000000000000000000e+00
-1.263889030046875000e+09 -7.007166674094509062e+01 1.440636617672953186e+11 1.730197992837937023e+30 0.000000000000000000e+00
-1.407279895031250000e+09 -3.447469237329535474e+01 1.411996356506684265e+11 1.723277425327418918e+30 0.000000000000000000e+00
-1.822914388031250000e+09 5.981660442045824311e+03 2.728923123872100525e+11 1.716411998923517135e+30 0.000000000000000000e+00
-1.038244268046875000e+09 -3.907292254920216124e+01 1.464389999607521057e+11 1.709601058013182160e+30 0.000000000000000000e+00
-1.405070876906250000e+09 -3.424931315559959444e+01 1.535097439548141785e+11 1.702843955420588169e+30 0.000000000000000000e+00
-1.250342969296875000e+09 -3.670540465780002393e+01 1.310182687415614624e+11 1.696140055997054460e+30 0.000000000000000000e+00
-1.211626042812500000e+09 2.743190012732926775e+01 2.092752305885105896e+11 1.689488733553778577e+30 0.000000000000000000e+00
-1.047148589796875000e+09 -3.881977682332203727e+01 1.049094868686089325e+11 1.682889372085560590e+30 0.000000000000000000e+00
-1.722788857328125000e+09 -8.144480303748355254e+01 2.257302548822686768e+11 1.676341365233430213e+30 0.000000000000000000e+00
-1.009091271593750000e+09 3.518898613468171988e+01 1.745154454627536621e+11 1.669844115763783550e+30 0.000000000000000000e+00
-7.478231565781250000e+08 -4.443067788556766828e+01 1.101134834254660492e+11 1.663397035796076367e+30 0.000000000000000000e+00
-1.587447963140625000e+09 5.727144221651053158e+03 3.336566148397472534e+11 1.656999546642560404e+30 0.000000000000000000e+00
-6.971508255937500000e+08 -4.350846566196692322e+01 2.148915769121945190e+11 1.650651078342242439e+30 0.000000000000000000e+00
-7.416266428125000000e+08 -3.722466964355204766e+01 1.585701665738106995e+11 1.644351069223245871e+30 0.000000000000000000e+00
-7.784538560937500000e+08 -3.607426928390277254e+01 1.409338745451383057e+11 1.638098966818797564e+30 0.000000000000000000e+00
-1.246625665796875000e+09 -3.574297501862180582e+01 1.072153130244646912e+11 1.631894226810078207e+30 0.000000000000000000e+00
-1.071614735421875000e+09 -7.775188502884194008e+01 1.429526837194673767e+11 1.625736312951902782e+30 0.000000000000000000e+00
-1.151911549687500000e+09 -3.459143433628474895e+01 1.225961118255718994e+11 1.619624697136799473e+30 0.000000000000000000e+00
-8.706480241562500000e+08 -6.795683507714801408e+01 1.307236265933096161e+11 1.613558859226078515e+30 0.000000000000000000e+00
-7.534857753437500000e+08 -5.674367846782166680e+01 1.465972080740665588e+11 1.607538286911481333e+30 0.000000000000000000e+00
-8.802576207656250000e+08 -6.787166087533795178e+01 9.847516491856852722e+10 1.601562475358403411e+30 0.000000000000000000e+00
-1.218441229046875000e+09 1.111493242507231693e+00 2.030887198447651978e+11 1.595630927172267599e+30 0.000000000000000000e+00
-5.803646114531250000e+08 -6.685976922477109952e+01 1.196927126411071167e+11 1.589743152440926350e+30 0.000000000000000000e+00
-1.813871855265625000e+09 8.552353889571435502e+03 1.871932845849153442e+11 1.583898668398929626e+30 0.000000000000000000e+00
-1.821854263468750000e+09 -8.637020915489675588e+01 1.782459321875042725e+11 1.578096999722418071e+30 0.000000000000000000e+00
-9.818887275468750000e+08 -3.933532504552881193e+01 1.394735410881188354e+11 1.572337676844919735e+30 0.000000000000000000e+00
-6.046238290000000000e+08 -4.085233493392819781e+01 1.712379741572284851e+11 1.566620238345225873e+30 0.000000000000000000e+00
-1.048354667078125000e+09 -3.604544473999010279e+01 1.036840369614172821e+11 1.560944228851243411e+30 0.000000000000000000e+00
-1.292046796093750000e+09 -8.011487198758464956e+01 1.166698574939454346e+11 1.555309199739490952e+30 0.000000000000000000e+00
-1.030894000515625000e+09 -3.352892251116632139e+01 1.290569871789665527e+11 1.549714708799501781e+30 0.000000000000000000e+00
-6.589625033750000000e+08 -3.962585461758381911e+01 1.024635829717862701e+11 1.544160320110839855e+30 0.000000000000000000e+00
-1.087696532937500000e+09 -1.369561293406338143e+00 1.861708942639803467e+11 1.538645604133242444e+30 0.000000000000000000e+00
-9.731257947812500000e+08 -3.474474510713944397e+01 1.003124307023176117e+11 1.533170137314029245e+30 0.000000000000000000e+00
-8.510853943750000000e+08 -7.186028576591372996e+01 1.537002923947064514e+11 1.527733502098866553e+30 0.000000000000000000e+00
-6.040586703125000000e+08 -6.481148847281640712e+01 1.403390282665330811e+11 1.522335286846125681e+30 0.000000000000000000e+00
-1.383943552765625000e+09 -8.552122573266301231e+01 2.211619532389998779e+11 1.516975085801788622e+30 0.000000000000000000e+00
-9.452949860781250000e+08 -3.387581693552071727e+01 1.099991442254897766e+11 1.511652498761363107e+30 0.000000000000000000e+00
-7.372903629687500000e+08 -3.698440093977922771e+01 1.077932792643264771e+11 1.506367131190529256e+30 0.000000000000000000e+00
-9.169312674062500000e+08 -3.858207956607833466e+01 1.119160040377966003e+11 1.501118594085316878e+30 0.000000000000000000e+00
-8.972771825781250000e+08 -7.518088015833292559e+00 1.689340897461912842e+11 1.495906503839086594e+30 0.000000000000000000e+00
-8.557129389375000000e+08 -3.424228644138295152e+01 9.590325054364547729e+10 1.490730482107423255e+30 0.000000000000000000e+00
-6.819984097968750000e+08 -3.532729396263894017e+01 1.118115834043191223e+11 1.485590155745511699e+30 0.000000000000000000e+00
-1.657934864046875000e+09 8.068853717395719286e+03 2.280664246604521179e+11 1.480485156883006843e+30 0.000000000000000000e+00
-6.245820557656250000e+08 -3.357343216986151901e+01 1.086996759149692230e+11 1.475415122913355086e+30 0.000000000000000000e+00
-1.128079057031250000e+09 6.859297649368842031e+03 1.568009327689845886e+11 1.470379695054765595e+30 0.000000000000000000e+00
-1.786290105890625000e+09 -4.391277638587292387e+01 2.971287858948099365e+11 1.465378520771532080e+30 0.000000000000000000e+00
-7.378216493593750000e+08 -4.266331650174458900e+01 1.671126855282402039e+11 1.460411251391832381e+30 0.000000000000000000e+00
-1.704008182593750000e+09 -4.723073070912698768e+01 2.570232550748825684e+11 1.455477543469525797e+30 0.000000000000000000e+00
-6.097061003515625000e+08 -6.707783953438243429e+01 9.071934480340718079e+10 1.450577058010939636e+30 0.000000000000000000e+00
-6.665153506015625000e+08 -4.297997785551801542e+01 1.349591545180885010e+11 1.445709460555552046e+30 0.000000000000000000e+00
-8.514654576718750000e+08 -3.552965312861336855e+01 1.393510543454469910e+11 1.440874421172397864e+30 0.000000000000000000e+00
-8.072513609765625000e+08 -3.694883396374179085e+01 1.064319383024921722e+11 1.436071614257818707e+30 0.000000000000000000e+00
-6.661107986953125000e+08 -4.880980593458741623e+01 1.289117028212700195e+11 1.431300718644129206e+30 0.000000000000000000e+00
-3.749134851718750000e+08 -6.359509271894479809e+01 8.270778656910171509e+10 1.426561417352428776e+30 0.000000000000000000e+00
-5.555513568281250000e+08 -2.479999342166430765e+01 1.344049617442963715e+11 1.421853397504743143e+30 0.000000000000000000e+00
-7.655023004531250000e+08 -3.342283611711639679e+01 1.077384225451998291e+11 1.417176350430093966e+30 0.000000000000000000e+00
-5.565698770937500000e+08 -3.915855175446677094e+01 9.942837721821119690e+10 1.412529971513464712e+30 0.000000000000000000e+00
-7.259697194765625000e+08 -3.458404151775710034e+01 8.271972979433828735e+10 1.407913960112836475e+30 0.000000000000000000e+00
-6.914338370859375000e+08 -7.489002925401634059e+01 2.220658976725189209e+11 1.403328019473866145e+30 0.000000000000000000e+00
-5.809393417109375000e+08 2.324926778876144340e+01 2.358928576403842773e+11 1.398771856743800852e+30 0.000000000000000000e+00
-6.887160028828125000e+08 2.201045120591113573e+03 2.510608047753799133e+11 1.394245182593486059e+30 0.000000000000000000e+00
-6.168312438125000000e+08 -7.116854575404600780e+01 1.171820653923137512e+11 1.389747712092891789e+30 0.000000000000000000e+00
-6.487352742343750000e+08 -3.310710456262410872e+01 1.663919992939718628e+11 1.385279163253474192e+30 0.000000000000000000e+00
-5.724980630390625000e+08 -5.154325025011799966e+01 1.899722632949024048e+11 1.380839258081919342e+30 0.000000000000000000e+00
-1.245063748335937500e+09 -8.631375145445655050e+01 9.679249326192913818e+10 1.376427722032209411e+30 0.000000000000000000e+00
-4.809902469296875000e+08 -4.113205419535454155e+01 1.106777642791898499e+11 1.372044284048900851e+30 0.000000000000000000e+00
-4.127030192578125000e+08 -5.085861510318166268e+01 1.256327654617026672e+11 1.367688676570044141e+30 0.000000000000000000e+00
-1.312385350789062500e+09 -9.074172130051324814e+01 1.136153835442761536e+11 1.363360635440821061e+30 0.000000000000000000e+00
-1.028333192382812500e+09 -5.066254163767941066e+01 3.350946007598858643e+11 1.359059899714252539e+30 0.000000000000000000e+00
-8.062150207578125000e+08 -1.026255728486323449e+01 1.458998380568434448e+11 1.354786211738732011e+30 0.000000000000000000e+00
-1.196833858304687500e+09 -8.801742151666474001e+01 1.021517372109402618e+11 1.350539317367187230e+30 0.000000000000000000e+00
-4.800292892656250000e+08 -3.984477631623397542e+01 1.412642601771132507e+11 1.346318965259183889e+30 0.000000000000000000e+00
-1.140663876859375000e+09 -8.872239605782642968e+01 9.238376977857447815e+10 1.342124907412372612e+30 0.000000000000000000e+00
-7.023140419453125000e+08 -3.458385295550804273e+01 8.156876697087695312e+10 1.337956898787082683e+30 0.000000000000000000e+00
-5.152302884687500000e+08 -3.546196756993161614e+01 9.444708491557954407e+10 1.333814697542278017e+30 0.000000000000000000e+00
-6.175568868750000000e+08 -7.636164412456105310e+01 1.187482447175693817e+11 1.329698064694958360e+30 0.000000000000000000e+00
-7.907838952343750000e+08 -8.015614602482395412e+01 1.091123249145433807e+11 1.325606764259849694e+30 0.000000000000000000e+00
-6.621201821718750000e+08 -3.555201669298372025e+01 7.465173963393070984e+10 1.321540563123340037e+30 0.000000000000000000e+00
-6.407242043593750000e+08 -3.642551282417468883e+01 8.079282639006101990e+10 1.317499230979363950e+30 0.000000000000000000e+00
-6.235197152656250000e+08 -3.527513259455065509e+01 9.090888237766833496e+10 1.313482540413400296e+30 0.000000000000000000e+00
-3.583563601562500000e+08 -2.604236132566309436e+01 9.746155310921440125e+10 1.309490266708603537e+30 0.000000000000000000e+00
-4.232247369218750000e+08 -6.927724637901580707e+01 1.185394413882668762e+11 1.305522187959237867e+30 0.000000000000000000e+00
-4.535136256562500000e+08 -4.047963937184838557e+01 7.564693122258651733e+10 1.301578084839987078e+30 0.000000000000000000e+00
-6.068731867265625000e+08 -3.527893022910539145e+01 8.081847410678497314e+10 1.297657740722940064e+30 0.000000000000000000e+00
-1.062114348484375000e+09 -8.975232417087723036e+01 1.072790538224488525e+11 1.293760941573170075e+30 0.000000000000000000e+00
-5.876044948203125000e+08 -3.640181259525751045e+01 7.633310604669535828e+10 1.289887475906662095e+30 0.000000000000000000e+00
-4.436275781250000000e+08 -3.918899541173766465e+01 7.865538826269343567e+10 1.286037134781415976e+30 0.000000000000000000e+00
-4.281181886484375000e+08 -4.181468658269021432e+01 7.482881604115238953e+10 1.282209711748872022e+30 0.000000000000000000e+00
-2.763250892968750000e+08 -4.013815649983542500e+01 1.280548955907216034e+11 1.278405002770212153e+30 0.000000000000000000e+00
-1.108989559046875000e+09 -9.386673325327321038e+01 9.946844772765866089e+10 1.274622806278954028e+30 0.000000000000000000e+00
-1.127530169812500000e+09 8.828550844609195337e+03 1.249572814444930878e+11 1.270862923033821824e+30 0.000000000000000000e+00
-3.868041378203125000e+08 2.070886847137803599e+01 2.053960037761957703e+11 1.267125156278239525e+30 0.000000000000000000e+00
-4.722040946875000000e+08 -3.629161774482290781e+01 7.226930147272250366e+10 1.263409311124361363e+30 0.000000000000000000e+00
-4.835759645312500000e+08 -5.843031692613680406e+01 1.145689794467288513e+11 1.259715195609162545e+30 0.000000000000000000e+00
-4.594099483281250000e+08 -3.737410915259759037e+01 7.710973474330027771e+10 1.256042619582108980e+30 0.000000000000000000e+00
-5.362981479531250000e+08 -3.591363964798161845e+01 9.740971149501979065e+10 1.252391395160564083e+30 0.000000000000000000e+00
-5.229639432421875000e+08 -3.348761302069858914e+01 9.571969109023768616e+10 1.248761336711992947e+30 0.000000000000000000e+00
-4.193997484609375000e+08 -3.760796296789158077e+01 5.937652223857822418e+10 1.245152260724824433e+30 0.000000000000000000e+00
-3.152252846953125000e+08 -4.163410834214908363e+01 1.313107600646654205e+11 1.241563985824084998e+30 0.000000000000000000e+00
-8.603961930000000000e+08 -1.512572962023926415e+01 2.415805828915672607e+11 1.237996332665044077e+30 0.000000000000000000e+00
-1.043016192726562500e+09 -4.552692023724866033e+01 1.500739528247293396e+11 1.234449124113360742e+30 0.000000000000000000e+00
-5.470443561796875000e+08 -3.537696739236563559e+01 1.094630942635567017e+11 1.230922184678920992e+30 0.000000000000000000e+00
-3.056593952265625000e+08 -4.538834836882772095e+01 9.581796615759718323e+10 1.227415341298207589e+30 0.000000000000000000e+00
-8.872599125859375000e+08 -5.129282640695925011e+01 1.711780690091784973e+11 1.223928422663736726e+30 0.000000000000000000e+00
-5.332096963515625000e+08 6.165891912045332646e+01 2.774903714321242676e+11 1.220461259445931383e+30 0.000000000000000000e+00
-5.294455228046875000e+08 -7.291075985931429670e+01 1.244473688612168732e+11 1.217013684173142904e+30 0.000000000000000000e+00
-7.827622948281250000e+08 -8.075897939309022888e+01 8.959661868132923889e+10 1.213585531479031887e+30 0.000000000000000000e+00
-1.001683759367187500e+09 -9.491033278359408598e+01 1.057089837294441071e+11 1.210176637597989110e+30 0.000000000000000000e+00
-2.501972752890625000e+08 -1.286242008088166600e+01 1.136543873129336548e+11 1.206786840720263360e+30 0.000000000000000000e+00
-5.183812395781250000e+08 -3.494068203346774482e+01 6.874117988248739624e+10 1.203415980798198984e+30 0.000000000000000000e+00
-5.914588944296875000e+08 -9.945337415475273835e-01 1.382546709010788269e+11 1.200063899608558248e+30 0.000000000000000000e+00
-4.962726891718750000e+08 -3.502147751777233253e+01 6.604003054654047394e+10 1.196730440680764500e+30 0.000000000000000000e+00
-3.808785577187500000e+08 -3.867253991853936412e+01 8.361558467527427673e+10 1.193415449210171708e+30 0.000000000000000000e+00
-5.034241335625000000e+08 -3.698885997485773913e+01 9.091022018523333740e+10 1.190118772181711773e+30 0.000000000000000000e+00
-4.721661357656250000e+08 -3.523014515363675514e+01 6.244583548547933960e+10 1.186840258257683965e+30 0.000000000000000000e+00
-9.513302256953125000e+08 6.909823341987788808e+03 1.440567977295531921e+11 1.183579757715606235e+30 0.000000000000000000e+00
-8.937122121406250000e+08 -8.934510928607585356e+01 8.671477039654391479e+10 1.180337122612523276e+30 0.000000000000000000e+00
-4.104704745156250000e+08 -3.648191697054092941e+01 6.990306742751742554e+10 1.177112206335309013e+30 0.000000000000000000e+00
-4.452993109531250000e+08 -7.223743763813892826e+01 9.384351192726153564e+10 1.173904864140466927e+30 0.000000000000000000e+00
-9.392612498984375000e+08 8.749464296462447237e+03 1.150449231848877869e+11 1.170714952780254163e+30 0.000000000000000000e+00
-4.558464233671875000e+08 -3.559449895281788656e+01 7.665470372102584839e+10 1.167542330585596034e+30 0.000000000000000000e+00
-3.746710071562500000e+08 -4.886209477014423186e+01 1.334482737374984894e+11 1.164386857243808613e+30 0.000000000000000000e+00
-4.355392791406250000e+08 -3.393999179203369465e+01 7.318194551857473755e+10 1.161248394181624529e+30 0.000000000000000000e+00
-7.446161627187500000e+08 6.206033321465038171e+03 1.977283698687771912e+11 1.158126804189051769e+30 0.000000000000000000e+00
-8.350304170781250000e+08 -8.979257871785536338e+01 1.062334637550360718e+11 1.155021951619225549e+30 0.000000000000000000e+00
-2.430984433750000000e+08 -4.040847128054223703e+01 9.327260357600523376e+10 1.151933702122455138e+30 0.000000000000000000e+00
-4.259591749453125000e+08 -3.503632483548846466e+01 7.665880799150529480e+10 1.148861922962541639e+30 0.000000000000000000e+00
-4.249710267500000000e+08 1.990267916356422617e+01 1.337537940843058777e+11 1.145806482688968707e+30 0.000000000000000000e+00
-4.254115859687500000e+08 -3.597303780672751827e+01 5.561612024305226135e+10 1.142767251261976804e+30 0.000000000000000000e+00
-6.290817240703125000e+08 -2.571979999803716055e+01 1.420693006337698975e+11 1.139744100121906387e+30 0.000000000000000000e+00
-9.724290800781250000e+07 -1.283214516260592752e+01 1.231029122481991730e+11 1.136736902022912062e+30 0.000000000000000000e+00
-2.931935583515625000e+08 -5.470328920608245227e+01 1.605438541914922485e+11 1.133745530877162668e+30 0.000000000000000000e+00
-3.409749710546875000e+08 -6.038822771035753334e+01 9.882838139226994324e+10 1.130769862157192442e+30 0.000000000000000000e+00
-8.553454206171875000e+08 -9.358586900520668905e+01 1.322672040193950500e+11 1.127809772532271380e+30 0.000000000000000000e+00
-3.240616634296875000e+08 -4.838196997021295687e+01 1.095857380232231140e+11 1.124865139976872606e+30 0.000000000000000000e+00
-6.592848010781250000e+08 -5.442279460007574698e+01 1.357911845784974365e+11 1.121935843723948647e+30 0.000000000000000000e+00
-7.191202169375000000e+08 -8.632609406378968231e+01 1.077022882927758942e+11 1.119021764237539561e+30 0.000000000000000000e+00
-4.112240980781250000e+08 -3.421036346090791369e+01 6.309911626288342285e+10 1.116122783330390205e+30 0.000000000000000000e+00
-4.008671136640625000e+08 -3.524975654284059345e+01 5.461039769246946716e+10 1.113238783939210487e+30 0.000000000000000000e+00
-2.827570883593750000e+08 -4.198118885305676429e+01 6.071683399808512878e+10 1.110369650217907474e+30 0.000000000000000000e+00
-3.893159573593750000e+08 -3.516579061409741058e+01 5.198713505099912262e+10 1.107515267531435867e+30 0.000000000000000000e+00
-5.555001231953125000e+08 6.039759299147121055e+03 1.300127200495530396e+11 1.104675522414784988e+30 0.000000000000000000e+00
-3.561213299531250000e+08 -3.489186669096545046e+01 6.427174030011564636e+10 1.101850302611175498e+30 0.000000000000000000e+00
-3.635104560937500000e+08 1.403275161044965280e+01 2.375857814173464661e+11 1.099039496861952679e+30 0.000000000000000000e+00
-2.773253870390625000e+08 -3.931379178510650974e+01 8.577104420850294495e+10 1.096242995183332070e+30 0.000000000000000000e+00
-3.788164691796875000e+08 -3.562436985877821627e+01 5.229480585806325531e+10 1.093460688666391089e+30 0.000000000000000000e+00
-2.116991411484375000e+08 -4.685851727055413107e+01 7.094090544813665771e+10 1.090692469503324457e+30 0.000000000000000000e+00
-6.227119712656250000e+08 -2.896501571721914203e+01 1.911903838386104431e+11 1.087938230977742596e+30 0.000000000000000000e+00
-2.139708011015625000e+08 -4.146118473104349533e+01 8.058045684954112244e+10 1.085197867498371367e+30 0.000000000000000000e+00
-2.646520781406250000e+08 5.121100273413371440e+01 1.697158988296999207e+11 1.082471274371867560e+30 0.000000000000000000e+00
-7.443812438437500000e+08 -9.149887857365577304e+01 9.511566476928042603e+10 1.079758348053952278e+30 0.000000000000000000e+00
-3.729569885859375000e+08 -3.731976101612335839e+01 6.537768513632279205e+10 1.077058986174956197e+30 0.000000000000000000e+00
-3.712976383125000000e+08 -3.602235063183871944e+01 4.912249572071320343e+10 1.074373087191911007e+30 0.000000000000000000e+00
-7.953178680703125000e+08 -4.176763059980176251e+01 1.678541853389769287e+11 1.071700550634625393e+30 0.000000000000000000e+00
-3.649783193593750000e+08 -3.548758127102993853e+01 5.447596422273309326e+10 1.069041277056303203e+30 0.000000000000000000e+00
-3.013285229921875000e+08 -3.411069981257858075e+01 5.792186186974716187e+10 1.066395167931866103e+30 0.000000000000000000e+00
-6.372989332656250000e+08 -3.218452336079238307e+01 2.047421439999314575e+11 1.063762125797235983e+30 0.000000000000000000e+00
-3.530616688046875000e+08 -3.701870688744362781e+01 5.113267056351071930e+10 1.061142054095434566e+30 0.000000000000000000e+00
-1.681857091718750000e+08 -2.446680775646526129e+01 1.013220938615847931e+11 1.058534857165237582e+30 0.000000000000000000e+00
-3.467410245000000000e+08 -3.627242651659516781e+01 5.734615279789748383e+10 1.055940440385221552e+30 0.000000000000000000e+00
-6.444164888906250000e+08 -8.600539997916624202e+01 7.437114303707940674e+10 1.053358710005372370e+30 0.000000000000000000e+00
-3.421820619609375000e+08 -3.666938787648651754e+01 4.775818864082224274e+10 1.050789573187437839e+30 0.000000000000000000e+00
-2.497114334375000000e+08 -3.780241837972262431e+01 6.699150545679173279e+10 1.048232938039739931e+30 0.000000000000000000e+00
-2.295174613671875000e+08 -4.533639235720339400e+01 7.222667792329548645e+10 1.045688713523702152e+30 0.000000000000000000e+00
-3.304169567265625000e+08 -3.670464766223751241e+01 4.861819612583666229e+10 1.043156809499807236e+30 0.000000000000000000e+00
-2.643438552109375000e+08 -6.949872553550929410e+01 1.303339530165732117e+11 1.040637136665787764e+30 0.000000000000000000e+00
-3.242483069609375000e+08 -3.473052491780500617e+01 4.908952872432371521e+10 1.038129606622719875e+30 0.000000000000000000e+00
-3.053975688046875000e+08 -3.505134765820726273e+01 5.453753786470271301e+10 1.035634131803056440e+30 0.000000000000000000e+00
-6.005627657968750000e+08 -3.193383734051130673e+01 1.423671230360339661e+11 1.033150625473203829e+30 0.000000000000000000e+00
-1.997583327890625000e+08 -5.449009944370320824e+01 8.082563141219168091e+10 1.030679001799665011e+30 0.000000000000000000e+00
-3.205913506640625000e+08 -3.621306852818457855e+01 4.516188971403935242e+10 1.028219175594141024e+30 0.000000000000000000e+00
-2.668076652734375000e+08 2.924792276784319967e+01 1.549556580560402527e+11 1.025771062642619412e+30 0.000000000000000000e+00
-1.124166614296875000e+08 -3.976490787252033243e+01 8.009661988534132385e+10 1.023334579454283768e+30 0.000000000000000000e+00
-4.435100851562500000e+08 -6.510740366351947728e+01 1.011346686418497314e+11 1.020909643419266105e+30 0.000000000000000000e+00
-3.132918916875000000e+08 -3.476974893358256935e+01 5.141956872171718597e+10 1.018496172576897109e+30 0.000000000000000000e+00
-2.412757756796875000e+08 -4.562223809764096671e+01 7.970270019302810669e+10 1.016094085870040732e+30 0.000000000000000000e+00
-3.067802290078125000e+08 -3.523238659601999956e+01 4.835430302911579895e+10 1.013703302905156339e+30 0.000000000000000000e+00
-3.016828938125000000e+08 -3.519355536678442320e+01 4.893321817843499756e+10 1.011323744082753916e+30 0.000000000000000000e+00
-1.697862729062500000e+08 -4.881094047128240732e+01 9.071261393946305847e+10 1.008955330548763497e+30 0.000000000000000000e+00
-2.921489024218750000e+08 -3.505854685204319310e+01 4.305364030041202545e+10 1.006597984187324053e+30 0.000000000000000000e+00
