0.000000000000000000e+00 0.000000000000000000e+00 0.000000000000000000e+00 0.000000000000000000e+00 0.000000000000000000e+00
-1.133502096702498534e+02 -1.134199662952026983e+02 2.181390267133779537e-01 1.355323196601809468e+05 0.000000000000000000e+00
-1.053632105669238257e+02 -1.052905874038795986e+02 6.429293419643045127e-02 1.318259669432029477e+05 0.000000000000000000e+00
-1.107402883781128793e+02 -1.107216804805949550e+02 1.008613851033698383e-01 1.291228319356748252e+05 0.000000000000000000e+00
-1.053124027376169067e+02 -1.052617838794398324e+02 5.559481054356607554e-02 1.254793987999184319e+05 0.000000000000000000e+00
-1.079800910520047523e+02 -1.079825705716892514e+02 7.870986050509139187e-02 1.225635883216901420e+05 0.000000000000000000e+00
-1.053846541045883640e+02 -1.052805799057880733e+02 1.135825862327016489e-01 1.192528073272714682e+05 0.000000000000000000e+00
-1.026415946336888965e+02 -1.026132474814686191e+02 9.656360454579278330e-02 1.174923632608081534e+05 0.000000000000000000e+00
-1.107582274598549219e+02 -1.107474581028697287e+02 6.077312012734552987e-02 1.145987308654858207e+05 0.000000000000000000e+00
-1.079631931752930711e+02 -1.079746168058623255e+02 4.171650536648380952e-02 1.117518913857255538e+05 0.000000000000000000e+00
-1.042517725592997380e+02 -1.041924014021058440e+02 1.536287464827432725e-01 1.090546891805468331e+05 0.000000000000000000e+00
-1.026532166849723495e+02 -1.025868514714238700e+02 4.550993064624999501e-02 1.067019481080497353e+05 0.000000000000000000e+00
-1.015922076792163864e+02 -1.017790539329758843e+02 8.751444542008941785e-02 1.050834919032745529e+05 0.000000000000000000e+00
-1.039531845780118715e+02 -1.040841924824426883e+02 6.899385616994682668e-02 1.073046118103997287e+05 0.000000000000000000e+00
-1.040499953018584876e+02 -1.041699015065128719e+02 1.162796174407041971e-01 1.075540046192175796e+05 0.000000000000000000e+00
-1.053637146095641981e+02 -1.053288428664387339e+02 4.912508511618447760e-02 2.541481926681388722e+04 0.000000000000000000e+00
-9.937352060976358814e+01 -9.926399156070588958e+01 8.039417900093311087e-02 1.043233276907242252e+05 0.000000000000000000e+00
-9.703050401213188536e+01 -9.693646212980847565e+01 9.971521414898233682e-02 1.036838787058998569e+05 0.000000000000000000e+00
-1.106959468557265325e+02 -1.106933789628468219e+02 4.103509749394244205e-02 1.024813766873945715e+05 0.000000000000000000e+00
-1.080583787227781585e+02 -1.080308376504368084e+02 3.969651258892988727e-02 1.004326410806683853e+05 0.000000000000000000e+00
-1.027081905360940794e+02 -1.026572997873457780e+02 1.011936624555924008e-01 9.858981584392633522e+04 0.000000000000000000e+00
-9.995456585562168073e+01 -9.993263793621390789e+01 3.845635445063223107e-02 2.667971527729427180e+04 0.000000000000000000e+00
-9.983915822638559234e+01 -9.979718420029865911e+01 5.480713443689018416e-02 2.623389434703509687e+04 0.000000000000000000e+00
-1.000513049945743376e+02 -9.997368715571613507e+01 6.211302151100198121e-02 9.346648058604753169e+04 0.000000000000000000e+00
-1.026557203384233503e+02 -1.025745175667726983e+02 7.324578423968389207e-02 9.255980975931747525e+04 0.000000000000000000e+00
-1.107488476096687151e+02 -1.107190206939371677e+02 3.767121498027322518e-02 9.165639023983797233e+04 0.000000000000000000e+00
-1.027121857348891467e+02 -1.026746832152298765e+02 4.845200212123633443e-02 9.017911246080318233e+04 0.000000000000000000e+00
-1.053343389186884309e+02 -1.052920866269912352e+02 5.000441291302808178e-02 8.881946311220861389e+04 0.000000000000000000e+00
-1.081183815578035876e+02 -1.080743850481886881e+02 3.974245541163853868e-02 8.755050419703681837e+04 0.000000000000000000e+00
-9.457522319223896545e+01 -9.451900420032616523e+01 5.900094088712817125e-02 8.636058992724269046e+04 0.000000000000000000e+00
-1.043063666405330281e+02 -1.044731021215196165e+02 5.365988713024354151e-02 8.531246189832699019e+04 0.000000000000000000e+00
-1.045220887447996603e+02 -1.044739619296478281e+02 4.244928902536601600e-02 8.730433112913153309e+04 0.000000000000000000e+00
-1.107669527833004111e+02 -1.107521527962415604e+02 3.265345269955846619e-02 8.621911618397491111e+04 0.000000000000000000e+00
-1.025978169775675184e+02 -1.026087837013130866e+02 5.326309655192999065e-02 8.490052197973337024e+04 0.000000000000000000e+00
-1.025313066901005925e+02 -1.025342231749977913e+02 2.345101515594651478e-02 2.372428228004093398e+04 0.000000000000000000e+00
-1.052686248930038460e+02 -1.052774870694247227e+02 2.014641872208254234e-02 2.336585150637079641e+04 0.000000000000000000e+00
-1.080178205135372878e+02 -1.080274255682387974e+02 1.940414888500900312e-02 2.302735838509196765e+04 0.000000000000000000e+00
-9.595003110681001601e+01 -9.592051826035662998e+01 5.524014475946758401e-02 7.995274805529454898e+04 0.000000000000000000e+00
-1.080529569584273304e+02 -1.080322475660390609e+02 2.420255440967729321e-02 7.888714060787193011e+04 0.000000000000000000e+00
-1.080518139505707893e+02 -1.080781589068968174e+02 3.709630568682765334e-02 7.781678671304396994e+04 0.000000000000000000e+00
-1.079831848643325145e+02 -1.079842989130572306e+02 2.295874967470968447e-02 7.680498426029327675e+04 0.000000000000000000e+00
-1.040647999177211318e+02 -1.040600414942735910e+02 4.081958580163796285e-02 7.573846936659843777e+04 0.000000000000000000e+00
-1.107049218691235808e+02 -1.106945230538307925e+02 2.451181772322943986e-02 7.470363941175707441e+04 0.000000000000000000e+00
-9.994220332615905988e+01 -9.990982045854867977e+01 5.425483834713248216e-02 7.370687393603567034e+04 0.000000000000000000e+00
-9.894276989146860046e+01 -9.885724956611542780e+01 4.395838901740042187e-02 7.282811885870118567e+04 0.000000000000000000e+00
-1.025392381760169513e+02 -1.025490451599343658e+02 1.624019340885319782e-02 2.068602027104067020e+04 0.000000000000000000e+00
-1.053605928697875527e+02 -1.053304841871945285e+02 2.229359608829730582e-02 7.169576855891624291e+04 0.000000000000000000e+00
-1.079718536450254476e+02 -1.079799996681116596e+02 1.427353361168244225e-02 2.024353779010641665e+04 0.000000000000000000e+00
-1.053244663241594594e+02 -1.053157237130041750e+02 1.290575346221716109e-02 1.999560334367499672e+04 0.000000000000000000e+00
-1.054034993360027386e+02 -1.053825895972025535e+02 2.698091053059890540e-02 6.916865974394771911e+04 0.000000000000000000e+00
-1.025626441222282210e+02 -1.025336193485225920e+02 2.274514137615935017e-02 6.836361095913205645e+04 0.000000000000000000e+00
-9.963006375204138010e+01 -9.955879825310005060e+01 6.358929570496668626e-02 6.762597109539466328e+04 0.000000000000000000e+00
-1.080601724683669573e+02 -1.080417732687680257e+02 2.913912685324634641e-02 6.720192959887345205e+04 0.000000000000000000e+00
-1.053529132027668993e+02 -1.053213338529369310e+02 2.774004373168032292e-02 6.643669644246219832e+04 0.000000000000000000e+00
-9.995543940488171586e+01 -9.996465543769164697e+01 2.600320135810497632e-02 1.906415389612464060e+04 0.000000000000000000e+00
-1.107556866559470450e+02 -1.107459340555393510e+02 2.125752967187318626e-02 6.502019606355042924e+04 0.000000000000000000e+00
-1.053218540179554594e+02 -1.052985779509394320e+02 2.154840151104748733e-02 6.428224030437455076e+04 0.000000000000000000e+00
-1.107629060109136532e+02 -1.107473046754527672e+02 2.175421861733736750e-02 6.360981444976280181e+04 0.000000000000000000e+00
-9.993996584132388250e+01 -9.992228698170423229e+01 2.831301457886557446e-02 1.822173355139131672e+04 0.000000000000000000e+00
-1.053239720434382747e+02 -1.053078833885408443e+02 1.877190656597454294e-02 6.229188067411482189e+04 0.000000000000000000e+00
-1.025122186648578833e+02 -1.024739543656665006e+02 3.192811054697115847e-02 6.163418059147587337e+04 0.000000000000000000e+00
-1.068147692352176819e+02 -1.069538955415329724e+02 4.573756635573826557e-02 6.109977432396805671e+04 0.000000000000000000e+00
-1.053894289907444204e+02 -1.053826043030324371e+02 1.843866679226662322e-02 1.764407706174915438e+04 0.000000000000000000e+00
-1.052348329527663253e+02 -1.052264451427570293e+02 1.875401444112269680e-02 1.746042446569553431e+04 0.000000000000000000e+00
-1.052555026763340891e+02 -1.052672856125960550e+02 1.472076109487943478e-02 1.728204443574332254e+04 0.000000000000000000e+00
-1.052366910235289197e+02 -1.052447700081458208e+02 1.772337950035759307e-02 1.711468774803805354e+04 0.000000000000000000e+00
-9.664950466674491736e+01 2.078125311994299219e+13 4.510458966565457217e+01 2.034424008907073357e+03 0.000000000000000000e+00
-5.142566506386108398e+08 -3.770474949541726772e+01 7.829746049541057587e+09 4.405561308142106374e+24 0.000000000000000000e+00
-1.550207607610168457e+08 -4.237911506174503273e+01 3.720862699779942989e+09 4.361712855267598664e+24 0.000000000000000000e+00
-1.619216650037536621e+08 -4.892124142735931258e+01 3.089029625241507053e+09 4.318521046649084098e+24 0.000000000000000000e+00
-8.107641733740234375e+07 -5.270396498148122788e+01 3.421700488339983463e+09 4.276285322108439796e+24 0.000000000000000000e+00
-1.112142913916931152e+08 -5.693766399019830260e+01 1.745938306157522202e+09 4.234766077066065469e+24 0.000000000000000000e+00
-7.476492102926635742e+07 -5.029469164625183453e+01 2.106511591434968472e+09 4.194069400188183231e+24 0.000000000000000000e+00
-7.317115536849975586e+07 -5.436798511996628491e+01 2.240512632371300697e+09 4.154157283536045741e+24 0.000000000000000000e+00
-8.133366610681152344e+07 -5.963078483261331542e+01 1.595304315283268452e+09 4.114959737779956023e+24 0.000000000000000000e+00
-1.986651740219116211e+07 -5.365275266135967769e+01 1.196950869572732210e+09 4.076574593601136012e+24 0.000000000000000000e+00
-1.158176183808898926e+08 -5.331611860524524360e+01 1.610067661745436430e+09 4.038805515256043259e+24 0.000000000000000000e+00
-8.769909677813720703e+07 -6.919999814560068785e+01 1.038002262480732083e+09 4.001866559402465542e+24 0.000000000000000000e+00
-9.141843222122192383e+07 -3.501953911544931231e+01 3.144955671008817673e+09 3.965671253318151122e+24 0.000000000000000000e+00
-4.438153615164184570e+07 -5.379367120490039866e+01 1.021521782599888802e+09 3.929942053833708103e+24 0.000000000000000000e+00
-4.459653924188232422e+07 -4.559601444319088870e+01 2.318231913918803692e+09 3.894830807681792341e+24 0.000000000000000000e+00
-3.537958584841918945e+07 -6.048585470593795321e+01 6.921927036963466406e+08 3.860350572477867545e+24 0.000000000000000000e+00
-1.024511352495117188e+08 -5.483161453878727798e+01 2.496475108108763218e+09 3.826506291087334460e+24 0.000000000000000000e+00
-2.678652244308471680e+07 -4.804064192306279324e+01 1.421230650671016216e+09 3.793297652548565618e+24 0.000000000000000000e+00
-1.094647471006469727e+08 -5.500783996435789192e+01 4.075378565753975868e+09 3.760577097164887459e+24 0.000000000000000000e+00
-2.625003377557373047e+07 -5.549785651657646213e+01 9.147278458189854622e+08 3.728449539955630788e+24 0.000000000000000000e+00
-8.309555392901611328e+07 -2.693200866053915732e+01 2.990532435008723736e+09 3.696847581609838374e+24 0.000000000000000000e+00
-3.120007988192749023e+07 -4.555198207536675170e+01 9.528673186757010221e+08 3.665786989763277084e+24 0.000000000000000000e+00
-3.605895715933227539e+07 -6.139902300061073959e+01 6.028415507649240494e+08 3.635232863302996426e+24 0.000000000000000000e+00
-3.528805154815673828e+07 -6.255200591528575416e+01 5.765243109354189634e+08 3.605202204855740454e+24 0.000000000000000000e+00
-3.528382935885620117e+07 -6.994602632129858932e+01 1.019776238584145546e+09 3.575675909763654348e+24 0.000000000000000000e+00
-3.365595275070190430e+07 -6.817582723177406478e+01 5.568909739391987324e+08 3.546622613204086771e+24 0.000000000000000000e+00
-1.695619915023803711e+07 -5.549819178492266758e+01 6.058978867507762909e+08 3.518039296496629744e+24 0.000000000000000000e+00
-3.470989622802734375e+05 -5.427607699465361435e+01 5.785253343066203594e+08 3.489888551569834572e+24 0.000000000000000000e+00
-3.108070443350219727e+07 -4.242831197758360418e+01 7.709174955277119875e+08 3.462173541054397408e+24 0.000000000000000000e+00
-1.560340742459106445e+07 -4.140034151456272582e+01 8.856718825624665022e+08 3.434913887572071564e+24 0.000000000000000000e+00
-3.653594569567871094e+07 -5.704084012869532927e+01 6.286720154329371452e+08 3.408065671041047696e+24 0.000000000000000000e+00
-2.025559794210815430e+07 -4.808843616944498223e+01 5.818883268920197487e+08 3.381672069056270931e+24 0.000000000000000000e+00
-1.827387657308959961e+07 -7.145508167560282686e+01 9.381629128971241713e+08 3.355656156717148069e+24 0.000000000000000000e+00
-2.455314609011840820e+07 -4.282647457774275068e+01 7.659137922330553532e+08 3.330037253777499024e+24 0.000000000000000000e+00
-2.260762572839355469e+07 -4.538805204220748379e+01 8.880989377634346485e+08 3.304805059988813808e+24 0.000000000000000000e+00
-2.991754522552490234e+06 -5.382989551348714485e+01 3.058408136493808627e+08 3.279951082935846003e+24 0.000000000000000000e+00
-1.085868515524291992e+07 -6.097384782624563115e+01 3.390274061534368992e+08 3.255458586930380452e+24 0.000000000000000000e+00
-2.083567631829833984e+07 -5.980462695626866321e+01 8.052919429754543304e+08 3.231334516830175672e+24 0.000000000000000000e+00
-1.181065242654418945e+07 -5.210170110424551382e+01 4.362847641234783530e+08 3.207569379349070690e+24 0.000000000000000000e+00
-3.929113925170898438e+04 -5.164280394322575773e+01 4.318514541442330480e+08 3.184147971837363982e+24 0.000000000000000000e+00
-1.352178570635986328e+07 -4.937052848387964588e+01 6.575807143524880409e+08 3.161060842544894080e+24 0.000000000000000000e+00
-3.425399361083984375e+06 -5.126525571911783175e+01 3.698641756129527092e+08 3.138307691984602362e+24 0.000000000000000000e+00
-3.012010699221801758e+07 -6.573125832637445853e+01 4.760166382134282589e+08 3.115878849865150494e+24 0.000000000000000000e+00
-6.159802067871093750e+05 -6.004054664171221845e+01 8.412613540293087959e+08 3.093806892812226439e+24 0.000000000000000000e+00
-2.414986623144531250e+07 -2.678513168542094647e+01 1.200295883573224068e+09 3.072007025779162716e+24 0.000000000000000000e+00
-2.164051894531250000e+06 -5.460384472585560189e+01 3.382309722481812239e+08 3.050519706668147034e+24 0.000000000000000000e+00
-6.005202525573730469e+06 -5.548899393290655269e+01 4.307848404480528235e+08 3.029323464652385298e+24 0.000000000000000000e+00
-1.198325443222045898e+07 -4.469166086458242404e+01 5.231790384544157982e+08 3.008420905521700655e+24 0.000000000000000000e+00
-3.783130303649902344e+06 -5.692731655972403360e+01 3.476076103063793182e+08 2.987809849878202060e+24 0.000000000000000000e+00
-6.031983096710205078e+06 -4.734394248871630850e+01 4.271728403954743147e+08 2.967472940462184759e+24 0.000000000000000000e+00
-1.148671609967041016e+07 -5.303918903273757479e+01 3.886539655441154838e+08 2.947411424918775878e+24 0.000000000000000000e+00
-1.432192133944702148e+07 -6.391107115872718225e+01 3.782966936585239172e+08 2.927625961623482691e+24 0.000000000000000000e+00
-2.637995208435058594e+06 -4.959136464772792863e+01 2.737915670043197274e+08 2.908105763692127451e+24 0.000000000000000000e+00
-2.614633517944335938e+06 -5.423069171132440403e+01 4.311104853515833616e+08 2.888836687081904217e+24 0.000000000000000000e+00
-9.209796552856445312e+06 -5.357507644586846141e+01 5.027769425257479548e+08 2.869820691573506325e+24 0.000000000000000000e+00
-2.034901050277709961e+07 -6.761853135072549037e+01 3.006780320002807975e+08 2.851058121754435729e+24 0.000000000000000000e+00
-1.692174867294311523e+06 -5.276807917706640438e+01 3.512950607276829481e+08 2.832553938712731027e+24 0.000000000000000000e+00
-3.530459867523193359e+06 -6.460262729088269396e+01 3.153671877647826076e+08 2.814269955531551204e+24 0.000000000000000000e+00
-3.321037407516479492e+06 -5.890514329240312463e+01 2.579136684279211462e+08 2.796220872370272460e+24 0.000000000000000000e+00
-1.115133299801635742e+07 -5.788269704450701170e+01 3.293659383847326040e+08 2.778401454407287992e+24 0.000000000000000000e+00
-3.644019903244018555e+06 -5.438314867312077894e+01 4.001876701957706809e+08 2.760812536901158264e+24 0.000000000000000000e+00
-9.501417988906860352e+06 -5.251010402056522963e+01 2.018064912212052047e+08 2.743440691264432613e+24 0.000000000000000000e+00
-5.238537834518432617e+06 -5.865019173622294346e+01 3.392457590037182570e+08 2.726287427014995409e+24 0.000000000000000000e+00
-3.952575333354187012e+07 -5.529093749481262421e+01 9.885434572500135899e+08 2.709346668028838990e+24 0.000000000000000000e+00
-2.993710020675659180e+06 -5.336897190866872620e+01 2.159426797125546634e+08 2.692639652921110386e+24 0.000000000000000000e+00
-3.175958968933105469e+07 -6.714085773973215510e+01 5.344119435099170804e+08 2.676112281236604478e+24 0.000000000000000000e+00
-8.445878912246704102e+06 -4.964292888188786179e+01 5.023402739586161971e+08 2.659817040616729168e+24 0.000000000000000000e+00
-2.843988352111816406e+06 -5.883834488833598897e+01 2.388698062740634680e+08 2.643692123465883364e+24 0.000000000000000000e+00
-1.493784246492004395e+07 -5.772177614725072914e+01 2.734570203174635768e+08 2.627758619300822967e+24 0.000000000000000000e+00
-6.628071217803955078e+05 -5.075558879449830130e+01 4.833847225166322589e+08 2.612023828995981634e+24 0.000000000000000000e+00
-4.064554729644775391e+06 -5.681740604958691421e+01 1.838525409813687503e+08 2.596468382919708434e+24 0.000000000000000000e+00
1.176433534927368164e+06 -4.803531107675411249e+01 3.276843133313218951e+08 2.581097449010213161e+24 0.000000000000000000e+00
-1.866257157444763184e+07 -7.616980475080626434e+01 5.583331517771370411e+08 2.581097449010213161e+24 0.000000000000000000e+00
-8.350586826583862305e+06 -4.975194407670284136e+01 2.618674357016370893e+08 2.565919191956249484e+24 0.000000000000000000e+00
-1.048283990139770508e+07 -6.090509802755876478e+01 2.128438103122331798e+08 2.550908052406532668e+24 0.000000000000000000e+00
-2.201128844131469727e+06 -6.024469430947430482e+01 2.703410709529604316e+08 2.536074417725369859e+24 0.000000000000000000e+00
1.155523202575683594e+06 -5.491151387724313082e+01 3.493539348417891860e+08 2.521407856830584174e+24 0.000000000000000000e+00
-6.449898008361816406e+06 -5.603188257212980972e+01 2.895780346760709882e+08 2.521407856830584174e+24 0.000000000000000000e+00
-5.985323699462890625e+06 -5.136917752795216074e+01 4.408263521525279880e+08 2.506911664358361435e+24 0.000000000000000000e+00
-5.735451862640380859e+05 -4.715444303936612158e+01 2.693484804936335087e+08 2.492581334284689786e+24 0.000000000000000000e+00
-5.081263917327880859e+06 -5.523005813141934794e+01 2.595439840622436702e+08 2.478412128811124557e+24 0.000000000000000000e+00
-4.073952334091186523e+06 -6.650970496925511100e+01 2.815217634059078693e+08 2.464404648690617248e+24 0.000000000000000000e+00
-9.270424646362304688e+06 -3.369612369556729448e+01 4.932242954361348748e+08 2.450554009626317890e+24 0.000000000000000000e+00
-2.571479916839599609e+05 -6.206968232231855609e+01 2.594488884773734510e+08 2.436859108222068687e+24 0.000000000000000000e+00
3.184431327346801758e+06 -6.467601894740469959e+01 3.931009984999769330e+08 2.423314738291794957e+24 0.000000000000000000e+00
8.014902084503173828e+05 -6.294603353618479247e+01 2.777067423685345054e+08 2.423314738291794957e+24 0.000000000000000000e+00
-4.473299167282104492e+06 -5.364210266231809499e+01 3.099177816752715707e+08 2.423314738291794957e+24 0.000000000000000000e+00
-2.644496320373535156e+06 -4.010857500183008995e+01 3.561093816449371576e+08 2.409921118978381305e+24 0.000000000000000000e+00
-4.332249667297363281e+06 -4.619918273506323914e+01 2.541045504036355019e+08 2.396673811838131994e+24 0.000000000000000000e+00
-2.335481593719482422e+07 -7.588510552515970176e+01 3.439860569859771132e+08 2.383571525966398604e+24 0.000000000000000000e+00
-7.867816989089965820e+06 -5.815041923343928687e+01 2.015161757806366086e+08 2.370629887230234780e+24 0.000000000000000000e+00
3.049638932403564453e+06 -6.098503474784890699e+01 2.187172947123365104e+08 2.357811492328078888e+24 0.000000000000000000e+00
-4.687899098846435547e+06 -6.153563897078167599e+01 2.150647197157223821e+08 2.357811492328078888e+24 0.000000000000000000e+00
-4.333661003067016602e+06 -5.331955404249144692e+01 3.180440215512992144e+08 2.345130539021886242e+24 0.000000000000000000e+00
-6.247597781692504883e+06 -5.823428224311608403e+01 2.531091175290633440e+08 2.332584704327945055e+24 0.000000000000000000e+00
4.196582516601562500e+06 -4.834174260557855973e+01 2.737222066270503402e+08 2.320173528294075304e+24 0.000000000000000000e+00
-1.459229092773437500e+06 -4.844035706951370912e+01 2.129023191595426798e+08 2.320173528294075304e+24 0.000000000000000000e+00
4.685510870666503906e+05 -5.642666553555017828e+01 2.130147697524081767e+08 2.307892044287102752e+24 0.000000000000000000e+00
-4.812626500823974609e+06 -6.656395794931661669e+01 2.761805351020299196e+08 2.307892044287102752e+24 0.000000000000000000e+00
-1.980106771697998047e+06 -6.044100043072000261e+01 2.104814110711571574e+08 2.295741299869632552e+24 0.000000000000000000e+00
-1.076987532928466797e+06 -4.432274263969542716e+01 3.448317740482279658e+08 2.283716578038777905e+24 0.000000000000000000e+00
-5.772083659637451172e+06 -5.969748054805508275e+01 3.103418004512166381e+08 2.271817024262339184e+24 0.000000000000000000e+00
-2.424780598266601562e+06 -4.460197751212806594e+01 2.359959644953147471e+08 2.260041572250429761e+24 0.000000000000000000e+00
3.797840373565673828e+06 -6.310241911460546049e+01 1.990014461054748893e+08 2.248386988982358344e+24 0.000000000000000000e+00
-5.577391673309326172e+06 -6.634860930283183222e+01 2.685394274492157102e+08 2.248386988982358344e+24 0.000000000000000000e+00
-2.985942181640625000e+06 -6.495468229805881322e+01 2.577968206766045392e+08 2.236853181940672764e+24 0.000000000000000000e+00
-4.389151831359863281e+05 -5.510749309066450508e+01 2.057943350100654960e+08 2.225436175949042974e+24 0.000000000000000000e+00
9.220160955978393555e+06 -4.624863475607337193e+01 2.719921016753533483e+08 2.214134714862606135e+24 0.000000000000000000e+00
-7.762173638259887695e+06 -6.832719431950189914e+01 2.391475009788904786e+08 2.214134714862606135e+24 0.000000000000000000e+00
-4.390280137557983398e+06 -4.914374029105124464e+01 2.950647462647120357e+08 2.202950036727719575e+24 0.000000000000000000e+00
8.009184748733520508e+06 -5.554005996798049694e+01 2.408378687275960147e+08 2.191875854149400499e+24 0.000000000000000000e+00
-1.465825850517272949e+07 -7.511825178955142235e+01 5.519422193879649639e+08 2.191875854149400499e+24 0.000000000000000000e+00
-3.897964713287353516e+06 -5.761610339812735049e+01 2.497759984972532690e+08 2.180917386666289433e+24 0.000000000000000000e+00
1.482956707092285156e+06 -5.702146493603486022e+01 2.644803709247100949e+08 2.170063318729220344e+24 0.000000000000000000e+00
-8.083733242126464844e+06 -6.123637150463477496e+01 2.031818656172852516e+08 2.170063318729220344e+24 0.000000000000000000e+00
2.212260469955444336e+06 -4.991906126798372867e+01 3.470145585100808144e+08 2.159318162971731331e+24 0.000000000000000000e+00
-9.692933093971252441e+07 -1.799811397498826437e+01 9.593530231800292969e+09 2.137870043072083496e+24 0.000000000000000000e+00
9.665954402465820312e+05 -5.655343963140186503e+01 2.054456956220720410e+08 2.148697700864338201e+24 0.000000000000000000e+00
-5.747484583190917969e+06 -6.564358480603550561e+01 1.703265383721173406e+08 2.148697700864338201e+24 0.000000000000000000e+00
-1.459434383331298828e+06 -5.152469320490472882e+01 2.434684770616261363e+08 2.138161756391431167e+24 0.000000000000000000e+00
2.499172057800292969e+05 -5.427923228434995195e+01 2.575985565178731978e+08 2.127727363798529617e+24 0.000000000000000000e+00
-4.487289313751220703e+06 -5.671986275024310231e+01 2.122298306646186113e+08 2.127727363798529617e+24 0.000000000000000000e+00
-3.558651694869995117e+06 -6.313322978870805002e+01 2.088272047124403715e+08 2.117395173732725404e+24 0.000000000000000000e+00
-1.178304581517181396e+08 -3.802764577517832123e+01 1.334114682052844238e+10 2.086233146394706170e+24 0.000000000000000000e+00
-3.352394198364257812e+06 -5.792097237981786861e+01 2.924536020976361632e+08 2.097058940525611619e+24 0.000000000000000000e+00
3.410677297882080078e+06 -5.384525220764481190e+01 2.954216077330487967e+08 2.087021830833734200e+24 0.000000000000000000e+00
-2.632738045867919922e+06 -6.051463921910714561e+01 2.158906740349733531e+08 2.087021830833734200e+24 0.000000000000000000e+00
-8.233801968002319336e+06 -6.121767390694066080e+01 4.057557677335324883e+08 2.077080035839423466e+24 0.000000000000000000e+00
-5.371817993789672852e+06 -6.165067112461251497e+01 2.547777434678302705e+08 2.067234615646878444e+24 0.000000000000000000e+00
1.668382409973144531e+05 -5.804783434096567873e+01 2.211871218344553709e+08 2.057480827127513345e+24 0.000000000000000000e+00
-1.501337086056518555e+07 -5.940709314458027990e+01 2.816688352755045891e+08 2.057480827127513345e+24 0.000000000000000000e+00
-4.394675036315917969e+05 -5.819160186053908035e+01 1.799992643095125854e+08 2.047826369728763941e+24 0.000000000000000000e+00
-1.016420968565368652e+07 -6.121453128639979724e+01 2.108058409577809572e+08 2.038253262753193940e+24 0.000000000000000000e+00
-4.426275998608398438e+07 -3.363229429435260442e+01 2.713080738136130810e+09 2.008609339348600773e+24 0.000000000000000000e+00
-2.251667707824707031e+05 -5.224939526848435634e+01 2.525320422322480679e+08 2.019380411299262936e+24 0.000000000000000000e+00
-9.886878184143066406e+06 -5.249924391645218691e+01 2.829892105440768600e+08 2.010070857944787208e+24 0.000000000000000000e+00
-3.847513805328369141e+06 -5.492428666230184575e+01 2.685304108485764861e+08 2.000849492449079060e+24 0.000000000000000000e+00
-4.227824033193969727e+07 -7.250879223362807124e+01 3.110266432088812828e+09 1.971923976454214196e+24 0.000000000000000000e+00
-8.098133883180236816e+07 -2.938816202947753098e+01 8.011121353933226585e+09 1.962961062009981022e+24 0.000000000000000000e+00
-3.999293529716491699e+07 -3.709543150829432534e+01 2.205680699118308544e+09 1.954079254816325542e+24 0.000000000000000000e+00
-4.336621965087890625e+06 -4.954683897903627354e+01 2.181648889541234076e+08 1.964792235075873767e+24 0.000000000000000000e+00
-1.781938316955566406e+06 -6.291135875011644174e+01 1.911278534986217916e+08 1.955978710566771494e+24 0.000000000000000000e+00
-4.674519887794494629e+07 -4.854351969483927576e+01 3.244000264977449894e+09 1.927909615058830896e+24 0.000000000000000000e+00
5.397809474029541016e+05 -5.870632028901192712e+01 1.969657195094393492e+08 1.938586361980170088e+24 0.000000000000000000e+00
-5.373520974472045898e+06 -5.172975930040244208e+01 2.105458926380780935e+08 1.938586361980170088e+24 0.000000000000000000e+00
-7.054656565475463867e+06 -6.894677056086331390e+01 2.325468021495810747e+08 1.930006063072014867e+24 0.000000000000000000e+00
-9.170576589294433594e+06 -4.389541178820316958e+01 2.997680292354246974e+08 1.921502510593899485e+24 0.000000000000000000e+00
4.764921351776123047e+05 -4.494886489338185243e+01 3.798844017615398169e+08 1.913073842674047973e+24 0.000000000000000000e+00
-1.379537450759887695e+06 -5.228319710198677228e+01 2.882372912975359559e+08 1.913073842674047973e+24 0.000000000000000000e+00
-6.743214675460815430e+06 -6.373852246315162517e+01 2.263992226960886419e+08 1.904716797038686387e+24 0.000000000000000000e+00
-6.008045585052490234e+06 -6.234656994467117386e+01 1.595682909697742760e+08 1.896434232160849806e+24 0.000000000000000000e+00
-3.879835146423339844e+06 -5.523117478161589133e+01 6.176344944108541012e+08 1.888223071471811030e+24 0.000000000000000000e+00
-5.255901153564453125e+05 -4.970720683436723419e+01 2.909949924725698829e+08 1.880081755153622876e+24 0.000000000000000000e+00
-6.211059439147949219e+06 -5.681070707040621670e+01 1.802715322143983543e+08 1.872009811595398341e+24 0.000000000000000000e+00
6.483287112136840820e+06 -6.137906623331004141e+01 2.556735405894389749e+08 1.864008012695729380e+24 0.000000000000000000e+00
4.221115713699340820e+06 -4.611067020411707773e+01 1.922994169432685077e+08 1.864008012695729380e+24 0.000000000000000000e+00
2.186988596511840820e+06 -4.738182892003682412e+01 2.005740089957897067e+08 1.864008012695729380e+24 0.000000000000000000e+00
-3.320563848800659180e+06 -5.406939294240851268e+01 1.502235593845426738e+08 1.864008012695729380e+24 0.000000000000000000e+00
-7.951136145870971680e+07 -1.684818163450899320e+01 1.011917715736614037e+10 1.837670430013392794e+24 0.000000000000000000e+00
-2.908343808001708984e+07 -3.871186463880877682e+01 2.249955843220552921e+09 1.829883974719113785e+24 0.000000000000000000e+00
4.203229613845825195e+06 -6.301417261789814006e+01 2.704031033519327044e+08 1.840409569015241598e+24 0.000000000000000000e+00
-5.087529167404174805e+06 -5.494173571868377337e+01 2.655814496817235351e+08 1.840409569015241598e+24 0.000000000000000000e+00
-5.720433934478759766e+05 -5.770248083356509738e+01 1.761649543060843349e+08 1.832674951620333473e+24 0.000000000000000000e+00
-9.194139563186645508e+06 -5.818467125650943927e+01 2.323775612418476641e+08 1.825004162999027012e+24 0.000000000000000000e+00
2.705676944198608398e+06 -4.723553836561323749e+01 2.421627777274486125e+08 1.817399745750616265e+24 0.000000000000000000e+00
5.304438678573608398e+06 -4.533653951584432207e+01 3.364129897706258893e+08 1.817399745750616265e+24 0.000000000000000000e+00
-3.314144653627014160e+07 -4.071988813722095557e+01 4.643509146100130081e+09 1.799386990004794479e+24 0.000000000000000000e+00
5.725057980606079102e+06 -5.532095927333499219e+01 2.522645180260900855e+08 1.809856834355914315e+24 0.000000000000000000e+00
-8.400687581893920898e+06 -4.561530591687564140e+01 3.832770374785782695e+08 1.809856834355914315e+24 0.000000000000000000e+00
-1.387513128504943848e+07 -3.679292330213485229e+01 4.837624567269611955e+08 1.802377085175978862e+24 0.000000000000000000e+00
-1.915584618908691406e+07 -5.649710483248689741e+01 1.338745122822274446e+09 1.777173102421518118e+24 0.000000000000000000e+00
-4.113661385452270508e+06 -6.797018379526213039e+01 2.287183105429145098e+08 1.787603002893186349e+24 0.000000000000000000e+00
7.003069062805175781e+04 -5.696829117811153509e+01 1.603435912752999067e+08 1.780304873463919816e+24 0.000000000000000000e+00
-1.516055699491882324e+07 -7.801696768731051179e+01 9.012627695219054222e+08 1.762666058289360396e+24 0.000000000000000000e+00
-5.542695888305664062e+06 -6.517285486114218429e+01 2.091612644658443928e+08 1.773065529925416862e+24 0.000000000000000000e+00
-4.379060318721008301e+07 -2.572356361582588136e+01 5.139552740819595337e+09 1.748393934206103380e+24 0.000000000000000000e+00
-2.544464847070312500e+07 -4.367045047106416433e+01 2.452108105309120655e+09 1.741344191192547870e+24 0.000000000000000000e+00
-2.202001112365722656e+06 -5.703195408012516765e+01 3.397072818964899182e+08 1.751697286113331077e+24 0.000000000000000000e+00
7.041693227432250977e+06 -6.093477260047870203e+01 3.857613183570341468e+08 1.744688417415606972e+24 0.000000000000000000e+00
-1.531209073348999023e+06 -5.904985026435459616e+01 1.438700953038083017e+08 1.744688417415606972e+24 0.000000000000000000e+00
-1.132378450704956055e+07 -6.747843906656490276e+01 2.340659555305944681e+08 1.737735172533353718e+24 0.000000000000000000e+00
-7.144012770492553711e+06 -6.480356693788350242e+01 1.592775536940765679e+08 1.730840887880025090e+24 0.000000000000000000e+00
5.523617350769042969e+05 -5.129096855445254022e+01 1.444848080021607578e+08 1.723999128387487497e+24 0.000000000000000000e+00
-1.284786083218383789e+07 -6.544135130517692289e+01 1.194004897415338516e+09 1.706931373625567957e+24 0.000000000000000000e+00
-9.542506623672485352e+06 -4.856727935242638239e+01 2.537879292527541220e+08 1.717209472920034109e+24 0.000000000000000000e+00
5.985501925964355469e+05 -6.292584676117351705e+01 1.936958028912571669e+08 1.710475527103325170e+24 0.000000000000000000e+00
1.840648614471435547e+06 -5.936339666865087139e+01 1.136886826663831770e+08 1.710475527103325170e+24 0.000000000000000000e+00
5.560213630096435547e+06 -5.718346589395576274e+01 2.086362914565007985e+08 1.710475527103325170e+24 0.000000000000000000e+00
1.109463075509643555e+07 -5.611923815940971139e+01 2.411628899457530975e+08 1.710475527103325170e+24 0.000000000000000000e+00
-1.540036378396606445e+07 -6.643474135934999936e+01 1.877510036616388857e+08 1.710475527103325170e+24 0.000000000000000000e+00
-3.823610479919433594e+06 -4.737727149195979592e+01 3.345437318746208549e+08 1.703800263803105821e+24 0.000000000000000000e+00
-3.441302102722167969e+06 -5.925067867510153974e+01 2.407479253804123402e+08 1.697169338074010311e+24 0.000000000000000000e+00
-7.922125628707885742e+06 -6.861642747544621557e+01 2.800424236373729110e+08 1.690589325535387314e+24 0.000000000000000000e+00
-6.258923327789306641e+06 -4.907158348459844888e+01 1.591894267876004875e+08 1.684061419350798027e+24 0.000000000000000000e+00
-1.242040246200561523e+06 -5.750441543154308022e+01 1.619974644424880147e+08 1.677583262056160623e+24 0.000000000000000000e+00
-8.533381433944702148e+06 -4.730599485520369996e+01 2.324210882183764577e+08 1.671153618791049084e+24 0.000000000000000000e+00
-3.112173701690673828e+06 -5.623694051936001870e+01 1.417811768243793249e+08 1.664774644838074893e+24 0.000000000000000000e+00
-4.016461004257202148e+06 -6.104407062851733201e+01 2.222550776552077532e+08 1.658442821775272274e+24 0.000000000000000000e+00
-3.526348241365051270e+07 -4.729923076206370780e+01 5.770128405668719292e+09 1.635811342787540188e+24 0.000000000000000000e+00
-2.639623584135437012e+07 -2.516734382945980286e+01 1.302745120132347584e+09 1.629638647947109058e+24 0.000000000000000000e+00
4.177699143630981445e+06 -4.934773077131458763e+01 1.537753940960420966e+08 1.639732959632762098e+24 0.000000000000000000e+00
2.234268164871215820e+06 -5.571059792970857671e+01 1.269222054634615183e+08 1.639732959632762098e+24 0.000000000000000000e+00
-3.334140217575073242e+06 -4.073850371383986158e+01 2.701504614259856343e+08 1.639732959632762098e+24 0.000000000000000000e+00
-7.160234736053466797e+06 -6.818631206346898921e+01 2.649109886619082689e+08 1.633589822225233436e+24 0.000000000000000000e+00
-4.064117020828247070e+06 -5.179625594126309807e+01 2.331194524140856862e+08 1.627494345280398461e+24 0.000000000000000000e+00
1.742883333786010742e+06 -6.018424763889400708e+01 3.069311566081190705e+08 1.621442681928088715e+24 0.000000000000000000e+00
4.991355755661010742e+06 -6.724806674631953740e+01 1.697019346611949503e+08 1.621442681928088715e+24 0.000000000000000000e+00
-8.504029810745239258e+06 -5.286813344633701206e+01 8.276841494392243624e+08 1.605406785468961063e+24 0.000000000000000000e+00
2.802846718338012695e+06 -5.795848654098242747e+01 1.517950890130201876e+08 1.615435786524022589e+24 0.000000000000000000e+00
-1.500328705314636230e+07 -4.020213787009124928e+01 2.087346454117671013e+09 1.599460999676244687e+24 0.000000000000000000e+00
-7.751205903060913086e+06 -5.333217083673103076e+01 1.814097259334098101e+08 1.609473853812258632e+24 0.000000000000000000e+00
4.855717689193725586e+06 -6.929104651639781309e+01 2.314505051049183309e+08 1.603556298486238346e+24 0.000000000000000000e+00
-6.360452248306274414e+06 -3.909009557952376213e+01 3.127872730154775381e+08 1.603556298486238346e+24 0.000000000000000000e+00
-2.094876801910400391e+05 -4.880979954201895765e+01 1.630137952853411734e+08 1.597681492819266041e+24 0.000000000000000000e+00
1.723714268295288086e+06 -5.569609171020125871e+01 1.916150401963942647e+08 1.591848700710081064e+24 0.000000000000000000e+00
-9.911178501480102539e+06 -7.521743021788638828e+01 2.002378224643379748e+08 1.591848700710081064e+24 0.000000000000000000e+00
3.991658304946899414e+06 -5.445989455828422621e+01 2.426427064121095836e+08 1.586060818669801073e+24 0.000000000000000000e+00
-1.659084039817810059e+07 -5.315974021974893304e+01 1.924996871062536716e+09 1.570380675419885380e+24 0.000000000000000000e+00
-7.310092168762207031e+06 -4.786849901044128330e+01 2.653077560540289879e+08 1.580314124636593270e+24 0.000000000000000000e+00
1.574914270370483398e+06 -5.151775897755536704e+01 2.099633455226203203e+08 1.574609058888541666e+24 0.000000000000000000e+00
-1.188609186244201660e+07 -3.912756580547314655e+01 3.150061078710106611e+08 1.574609058888541666e+24 0.000000000000000000e+00
-1.357901491683959961e+06 -5.915774397687335551e+01 1.241431457635820359e+08 1.568946175423726857e+24 0.000000000000000000e+00
-6.693086411087036133e+06 -6.283129239489648654e+01 3.370747572135379910e+08 1.563321053175618858e+24 0.000000000000000000e+00
3.066575275070190430e+06 -4.681272308051093489e+01 2.017651315564142466e+08 1.557737117224730796e+24 0.000000000000000000e+00
3.021705993820190430e+06 -5.551359992793674536e+01 1.675854273921763897e+08 1.557737117224730796e+24 0.000000000000000000e+00
2.963612907882690430e+06 -6.450894619391547735e+01 1.921665178476519585e+08 1.557737117224730796e+24 0.000000000000000000e+00
-7.673445029617309570e+06 -7.006592642148665107e+01 2.285010635129518509e+08 1.557737117224730796e+24 0.000000000000000000e+00
-5.390420546432495117e+06 -4.208013384151028191e+01 3.764887164272097945e+08 1.552193360344197009e+24 0.000000000000000000e+00
-1.305929746275329590e+07 -7.059986642296208004e+01 1.558385078783033609e+09 1.531400598449551093e+24 0.000000000000000000e+00
5.968595008544921875e+05 -5.032203649368958764e+01 1.434818595751195550e+08 1.541225552838699671e+24 0.000000000000000000e+00
1.705799680541992188e+06 -5.397800106161032829e+01 1.488341724149838984e+08 1.541225552838699671e+24 0.000000000000000000e+00
-2.460335686645507812e+06 -5.516070400830284370e+01 3.403515126518551707e+08 1.541225552838699671e+24 0.000000000000000000e+00
-4.531510181320190430e+06 -5.579506746613213153e+01 2.796059327135739923e+08 1.535797285780843766e+24 0.000000000000000000e+00
-9.466787383728027344e+05 -4.024120223352334591e+01 2.097451220796346068e+08 1.530407376631902503e+24 0.000000000000000000e+00
-4.903487374420166016e+05 -4.098526845900796900e+01 2.200042482732231021e+08 1.525054656351374582e+24 0.000000000000000000e+00
-7.148693158935546875e+06 -5.105241430615285481e+01 1.463206423096014559e+08 1.519739262492835414e+24 0.000000000000000000e+00
-5.171094002258300781e+06 -5.568700783355957640e+01 1.683291595380951464e+08 1.514462114820317730e+24 0.000000000000000000e+00
-3.087457077590942383e+06 -6.411285304305758359e+01 1.825812956000176668e+08 1.509220934029070029e+24 0.000000000000000000e+00
-4.288707951995849609e+06 -3.668176029211265643e+01 2.140991848027490079e+08 1.504015529607837579e+24 0.000000000000000000e+00
4.947027778625488281e+05 -5.248743541919015598e+01 1.970475790515543222e+08 1.498845754102089863e+24 0.000000000000000000e+00
5.660378906768798828e+06 -4.880717605858177421e+01 1.777940848710877001e+08 1.498845754102089863e+24 0.000000000000000000e+00
-8.509323080749511719e+05 -5.963198592121570840e+01 1.962592729251826108e+08 1.498845754102089863e+24 0.000000000000000000e+00
-7.928166128540039062e+04 -5.605043740835932198e+01 1.388262830252948999e+08 1.493711262225665282e+24 0.000000000000000000e+00
-1.876604159576416016e+06 -4.316242790653137718e+01 2.019091240939640701e+08 1.488611777818279247e+24 0.000000000000000000e+00
-3.984831111206054688e+06 -5.089068872708914881e+01 1.856445102091505826e+08 1.483547109782897442e+24 0.000000000000000000e+00
-8.756910502853393555e+06 -5.696628310870584500e+01 8.571139821134669781e+08 1.463916751687114094e+24 0.000000000000000000e+00
4.795907278396606445e+06 -4.816509048949998117e+01 1.252582017420470566e+08 1.473523821914329004e+24 0.000000000000000000e+00
6.115754658966064453e+05 -5.801149318399856725e+01 2.237098358058716059e+08 1.473523821914329004e+24 0.000000000000000000e+00
-1.254660809855651855e+07 -4.418281862743867805e+01 2.044056065530811071e+09 1.458971201228126326e+24 0.000000000000000000e+00
9.960586525726318359e+05 -5.244291453874529196e+01 1.186579321959845573e+08 1.468562956886592713e+24 0.000000000000000000e+00
-5.921564089614868164e+06 -4.388582980719355930e+01 2.248200800468971133e+08 1.468562956886592713e+24 0.000000000000000000e+00
-2.723656979400634766e+06 -5.622269277507095353e+01 2.199164449838470817e+08 1.463634183243182190e+24 0.000000000000000000e+00
-1.686332720840454102e+06 -4.655603685845510142e+01 1.007749241975095570e+08 1.458737874445683390e+24 0.000000000000000000e+00
-5.269298216033935547e+06 -6.470020845241160146e+01 1.633755158600740135e+08 1.453874047768453167e+24 0.000000000000000000e+00
-3.711174353637695312e+05 -5.740569038151625847e+01 1.233873350925049484e+08 1.449043335658258949e+24 0.000000000000000000e+00
8.741866074111938477e+06 -6.247614929806247375e+01 1.778856826400723457e+08 1.444243805402716155e+24 0.000000000000000000e+00
3.490075040908813477e+06 -5.936012817018182375e+01 2.267325988419707119e+08 1.444243805402716155e+24 0.000000000000000000e+00
1.260664198036193848e+07 -4.733464188964688901e+01 1.887668097134059668e+08 1.444243805402716155e+24 0.000000000000000000e+00
-3.073830753021240234e+05 -5.250653502820094332e+01 1.456828249439068437e+08 1.444243805402716155e+24 0.000000000000000000e+00
-2.538143985086059570e+07 -1.427863389412951456e+01 3.456066561549604416e+09 1.425266346357935145e+24 0.000000000000000000e+00
5.269892035621643066e+06 -5.639393111084115162e+01 2.131373857749120593e+08 1.434798873872485849e+24 0.000000000000000000e+00
-1.995339063625335693e+07 -4.001875855032422180e+01 3.004362342242760658e+09 1.420578072860812259e+24 0.000000000000000000e+00
-5.144981376976013184e+06 -6.670899518369454029e+01 1.349185810294186175e+08 1.430098694745545519e+24 0.000000000000000000e+00
-5.960093580444335938e+06 -6.885379381241772023e+01 1.706655210445854068e+08 1.425424544172003306e+24 0.000000000000000000e+00
-1.386712655798339844e+07 -3.304442072055760349e+01 3.053463617271168232e+08 1.420781106063112300e+24 0.000000000000000000e+00
2.708957416915893555e+05 -5.791074242710629250e+01 3.005019685281617641e+08 1.416170378847769997e+24 0.000000000000000000e+00
1.792870960441589355e+06 -5.599291725729081293e+01 2.610169292078222632e+08 1.416170378847769997e+24 0.000000000000000000e+00
-1.168328984619903564e+07 -2.925053259294554309e+01 8.267760534573504925e+08 1.402129402364788461e+24 0.000000000000000000e+00
1.731105076038360596e+07 -6.307561087402186217e+01 2.196340351807862520e+08 1.411586999752701719e+24 0.000000000000000000e+00
-7.845942450553894043e+06 -6.918853650106076714e+01 5.072406933552030325e+08 1.397591862893500512e+24 0.000000000000000000e+00
-5.489413360511779785e+06 -7.413164569033975226e+01 1.640590836979238391e+08 1.407036744411319684e+24 0.000000000000000000e+00
-8.212914388374328613e+06 -3.755145291635657401e+01 7.946454979317762852e+08 1.388604322139751036e+24 0.000000000000000000e+00
-1.617619226890563965e+06 -5.890817645261230950e+01 1.031391041765893102e+08 1.398016678910527267e+24 0.000000000000000000e+00
-8.807359389389038086e+06 -4.451950651362899691e+01 9.072217290343465805e+08 1.379731634550974141e+24 0.000000000000000000e+00
-2.560240785667419434e+06 -5.987369988061610826e+01 1.661500767749348283e+08 1.389115332516884056e+24 0.000000000000000000e+00
-4.362257342086791992e+06 -4.331857142341179667e+01 1.924109476668994427e+08 1.384704465408715789e+24 0.000000000000000000e+00
-1.515737389373779297e+07 -6.072345112245051268e+01 2.541303209624138832e+09 1.366633182644298427e+24 0.000000000000000000e+00
-7.877035412826538086e+06 -4.878158016604420766e+01 9.592031084467984438e+08 1.362322123717462368e+24 0.000000000000000000e+00
2.683241409355163574e+06 -5.172873751021243294e+01 2.134793000540464818e+08 1.371654812071033223e+24 0.000000000000000000e+00
3.695465471855163574e+06 -6.096630004539981940e+01 1.212976991452538073e+08 1.371654812071033223e+24 0.000000000000000000e+00
9.681867971855163574e+06 -5.397474758056621624e+01 1.933860832117276192e+08 1.371654812071033223e+24 0.000000000000000000e+00
-1.011665471759796143e+07 -4.466885294164950437e+01 1.039913268371610284e+09 1.358038177551583141e+24 0.000000000000000000e+00
-1.711419543334960938e+06 -4.923912851658821666e+01 1.458052237146457434e+08 1.367359549748990970e+24 0.000000000000000000e+00
-1.966332315261840820e+07 -3.017402880666307396e+01 3.442809684466199875e+08 1.363085456849022631e+24 0.000000000000000000e+00
-4.283432928237915039e+06 -6.936561914923314021e+01 3.403877673189474940e+08 1.345346481817682908e+24 0.000000000000000000e+00
-1.152173526221466064e+07 -5.964279418427717872e+01 1.344711104653005838e+09 1.341168468630753518e+24 0.000000000000000000e+00
8.892983973953247070e+06 -5.008394761968708053e+01 2.623477293503779173e+08 1.350428234972857197e+24 0.000000000000000000e+00
-3.088215822921752930e+06 -4.660055572544174396e+01 1.447174903683353364e+08 1.350428234972857197e+24 0.000000000000000000e+00
-1.162998761747741699e+07 -1.944827104548410546e+01 1.393977804403937578e+09 1.332889810621035648e+24 0.000000000000000000e+00
-7.363251952812194824e+06 -4.465537156350719528e+01 1.060030143786597013e+09 1.328788689703662342e+24 0.000000000000000000e+00
-6.528056081062316895e+06 -4.738382068131325298e+01 1.082237772097761869e+09 1.324712728316040771e+24 0.000000000000000000e+00
-3.348423829505920410e+06 -6.395205057542045068e+01 2.211725694636103511e+08 1.320661695645600876e+24 0.000000000000000000e+00
-8.446484291992187500e+06 -2.815694212274805608e+01 1.028690847036330819e+09 1.316635363694436199e+24 0.000000000000000000e+00
2.475645023269653320e+06 -5.419985722870622169e+01 2.484832578287374079e+08 1.325804196396644790e+24 0.000000000000000000e+00
-7.448662657394409180e+06 -7.185119823159601538e+01 8.902285235263264179e+08 1.312633507236501579e+24 0.000000000000000000e+00
-3.527169767997741699e+06 -5.355504438521585087e+01 1.655149336489188075e+08 1.321788391309400542e+24 0.000000000000000000e+00
-4.646427713539123535e+06 -3.643373324928280255e+01 5.978092273637825251e+08 1.304702333504431403e+24 0.000000000000000000e+00
-4.050844909347534180e+06 -5.592257565870798430e+01 5.701785144907305241e+08 1.300772579263447740e+24 0.000000000000000000e+00
-2.546580182723999023e+05 -4.517124263755005131e+01 1.538390623146518767e+08 1.309880017216146090e+24 0.000000000000000000e+00
-3.167545432472229004e+06 -6.511054601408061160e+01 2.926313767038897276e+08 1.292983663237856923e+24 0.000000000000000000e+00
-4.533699559753417969e+06 -4.155948561386161089e+01 5.747063850353113413e+08 1.289124080021093019e+24 0.000000000000000000e+00
-8.875646439903259277e+06 -5.363258806511223042e+01 9.510178335980314016e+08 1.285287469894256720e+24 0.000000000000000000e+00
-2.236731552024841309e+06 -4.774471958335103494e+01 1.945683546719121039e+08 1.294329714443869873e+24 0.000000000000000000e+00
-3.607807606750488281e+06 -3.995116824673293365e+01 4.022186512888270617e+08 1.277682353326905358e+24 0.000000000000000000e+00
-4.395040731056213379e+06 -4.937126116544617105e+01 4.942787402716071606e+08 1.273913445109006231e+24 0.000000000000000000e+00
-4.129855125953674316e+06 -8.332957977167994557e+01 3.803812995872467160e+08 1.270166706355527662e+24 0.000000000000000000e+00
-5.845162204826354980e+06 -2.878241127319074266e+01 7.757954926460624933e+08 1.266441942034031695e+24 0.000000000000000000e+00
-7.255581038612365723e+06 -5.812075280276192757e+01 9.850721578738704920e+08 1.262738959393053485e+24 0.000000000000000000e+00
-5.088239290695190430e+06 -7.172882187388141517e+01 5.226139104861273170e+08 1.259057567928885365e+24 0.000000000000000000e+00
-5.316665454307556152e+06 -5.882869543086258801e+01 6.445668962968665361e+08 1.255397579352861001e+24 0.000000000000000000e+00
-3.261330911949157715e+06 -6.075541891365928393e+01 4.010570605715932250e+08 1.251758807559281117e+24 0.000000000000000000e+00
-9.738668174812316895e+06 -1.591007233285169420e+01 2.204119012347360134e+09 1.248141068593868034e+24 0.000000000000000000e+00
-4.481190162269592285e+06 -6.575182028573556181e+01 5.415142996320716143e+08 1.244544180622763521e+24 0.000000000000000000e+00
-2.216743379241943359e+06 -5.899895692190037266e+01 1.708809657182244658e+08 1.240967963902075866e+24 0.000000000000000000e+00
-5.542634197433471680e+06 -2.346808198512857757e+01 7.525771049127284288e+08 1.237412240747916845e+24 0.000000000000000000e+00
-3.031639641937255859e+06 -6.512988543677616349e+01 2.118739661555083096e+08 1.233876835506975553e+24 0.000000000000000000e+00
-3.072870035514831543e+06 -6.895528263415070569e+01 3.185624609520213008e+08 1.230361574527637440e+24 0.000000000000000000e+00
-6.759041948181152344e+06 -3.592485391046053422e+01 1.265735104031207323e+09 1.226866286131495251e+24 0.000000000000000000e+00
-6.273087306053161621e+06 -4.749720993544123360e+01 9.879803323233673573e+08 1.223390800585421541e+24 0.000000000000000000e+00
-6.141822720230102539e+06 -2.418899062808547384e+01 7.080987256546378136e+08 1.219934950074122221e+24 0.000000000000000000e+00
-8.094369138305664062e+06 -2.008080805024857440e+01 1.829526530643892288e+09 1.216498568673078536e+24 0.000000000000000000e+00
-2.140663753265380859e+06 -6.439889614698805076e+01 1.574413340635284483e+08 1.213081492322043623e+24 0.000000000000000000e+00
-4.456175481948852539e+06 -3.865683133962907192e+01 8.912945069608398676e+08 1.209683558798889652e+24 0.000000000000000000e+00
-4.826789883941650391e+06 -3.338374474076670850e+01 1.062011819907783270e+09 1.206304607693946470e+24 0.000000000000000000e+00
-3.193879660354614258e+06 -6.894991033341530340e+01 5.511528069796267748e+08 1.202944480384783030e+24 0.000000000000000000e+00
-2.474620117904663086e+06 -7.503492917600792111e+01 2.083665853641836047e+08 1.199603020011374962e+24 0.000000000000000000e+00
-1.733683926228332520e+07 -4.697295087438939731e+01 2.842865521716439724e+08 1.208941869465482325e+24 0.000000000000000000e+00
-2.153660701675415039e+06 -5.453820071786874024e+01 1.839575698797858357e+08 1.192975481297617077e+24 0.000000000000000000e+00
-2.365730304199218750e+06 -6.864784889635397747e+01 2.055515372043670118e+08 1.189689097831544047e+24 0.000000000000000000e+00
-1.767922761375427246e+06 -5.779771622542841669e+01 1.309785738519368470e+08 1.186420771002948577e+24 0.000000000000000000e+00
-3.543818118873596191e+06 -3.454715855133452607e+01 6.053218129790159464e+08 1.183170352405642637e+24 0.000000000000000000e+00
-6.135632798789978027e+06 -4.766384814582535512e+01 1.240484295973641396e+09 1.179937695255302943e+24 0.000000000000000000e+00
-2.076919023101806641e+06 -6.634447298417062200e+01 1.705794556877512634e+08 1.176722654367388648e+24 0.000000000000000000e+00
-3.595930256973266602e+06 -4.352131570281811435e+01 7.952699628562270403e+08 1.173525086135380089e+24 0.000000000000000000e+00
