0.000000000000000000e+00 0.000000000000000000e+00 0.000000000000000000e+00 0.000000000000000000e+00 0.000000000000000000e+00
-9.981869062627507105e+01 -9.976440172346313773e+01 2.868930471808552318e-01 1.935928954000618251e+05 0.000000000000000000e+00
-1.079555840447464305e+02 -1.080442263162029377e+02 1.154603371145468405e-01 1.888710219826484972e+05 0.000000000000000000e+00
-1.026974601788310935e+02 -1.026471597415356456e+02 7.231868308500409570e-02 4.924518226408763439e+04 0.000000000000000000e+00
-1.027532460023324035e+02 -1.026937251436691696e+02 1.020037552641809703e-01 1.810558943989987019e+05 0.000000000000000000e+00
-9.913107203031600534e+01 -9.909929644505052693e+01 1.377218101762570368e-01 1.773640751331219799e+05 0.000000000000000000e+00
-9.981876582873036341e+01 -9.977783491713412900e+01 5.150087072063750521e-02 1.734432527773772599e+05 0.000000000000000000e+00
-1.024923583718643556e+02 -1.025338415351578476e+02 6.323536415334016225e-02 1.699144942486173532e+05 0.000000000000000000e+00
-9.992169323699788208e+01 -9.986186252090847404e+01 5.118045991252442167e-02 1.665239276767617557e+05 0.000000000000000000e+00
-9.970767144371161805e+01 -9.972415935183161650e+01 8.124344104990444126e-02 1.636423334050156409e+05 0.000000000000000000e+00
-1.080438154624923897e+02 -1.080604252332841355e+02 5.923523658908049633e-02 4.264847830033799255e+04 0.000000000000000000e+00
-1.026297644132749554e+02 -1.026116344655387280e+02 7.818673101173366502e-02 1.578493152184104838e+05 0.000000000000000000e+00
-1.000482067663515835e+02 -9.996306601919351920e+01 7.006096841836782774e-02 1.547408611265440704e+05 0.000000000000000000e+00
-1.080106818815715854e+02 -1.080349286019148565e+02 6.787640904546755893e-02 1.528074472130769282e+05 0.000000000000000000e+00
-1.024894697845408729e+02 -1.025314259790088585e+02 4.224908866115204692e-02 3.961825746848302515e+04 0.000000000000000000e+00
-1.051867249857311464e+02 -1.052321312227734609e+02 3.925568940814181534e-02 3.908308100436887617e+04 0.000000000000000000e+00
-1.044690758400708432e+02 -1.045477783368816063e+02 1.137326814409578418e-01 1.459081599572787818e+05 0.000000000000000000e+00
-1.052616655512641159e+02 -1.052911230406101879e+02 4.525795178421990889e-02 1.438548113227620779e+05 0.000000000000000000e+00
-9.983083215112687014e+01 -9.980951675885164320e+01 5.392046296543772516e-02 1.414266201028659416e+05 0.000000000000000000e+00
-9.435578653939322180e+01 -9.429048400078907832e+01 5.978333050032942630e-02 3.670914248630386282e+03 0.000000000000000000e+00
-9.718692688186530404e+01 -9.708197673054260690e+01 6.147250635739276436e-02 3.725783825745099602e+04 0.000000000000000000e+00
-1.054453179766169058e+02 -1.053882704034384119e+02 5.344203281978433806e-02 3.756323877477810311e+04 0.000000000000000000e+00
-9.870559647123954505e+01 -9.875541066410680457e+01 9.234471409283379062e-02 3.723869404980875697e+04 0.000000000000000000e+00
-1.079927776417302709e+02 -1.079792079497091635e+02 3.412705531531103759e-02 3.675855549424498895e+04 0.000000000000000000e+00
-1.052446785730677163e+02 -1.052721617481373784e+02 4.179968660420019244e-02 1.316824586221270438e+05 0.000000000000000000e+00
-9.109941327452921200e+01 2.071328001316889062e+14 5.928125761750911948e+01 3.514267504713483049e+03 0.000000000000000000e+00
-6.077647655037109375e+09 -3.650838757674625867e+01 9.251754319871105957e+10 6.657923125309351814e+26 0.000000000000000000e+00
-2.761714661288574219e+09 -4.818793118323929292e+01 4.969540083701597595e+10 6.557257810445731530e+26 0.000000000000000000e+00
-1.472656531447753906e+09 -4.050177942368333106e+01 4.359485474571607971e+10 6.459384267081276266e+26 0.000000000000000000e+00
-1.170614254064453125e+09 -4.245705163078963551e+01 3.865131634687256622e+10 6.364345189801713740e+26 0.000000000000000000e+00
-7.034473396586914062e+08 -4.365870360991531385e+01 3.096390447353433609e+10 6.272095815654095310e+26 0.000000000000000000e+00
-1.022675714108886719e+09 -5.526907451960653361e+01 2.051500719349308395e+10 6.182492627885623456e+26 0.000000000000000000e+00
-1.075251902528320312e+09 -4.608776620750782627e+01 2.699740248620222473e+10 6.095492559376052843e+26 0.000000000000000000e+00
-5.481859777753906250e+08 -5.110709209159038124e+01 2.935089155508979416e+10 6.010800593465029285e+26 0.000000000000000000e+00
-5.805645130566406250e+08 -5.032320571578735979e+01 1.576449239110194397e+10 5.928398255092333499e+26 0.000000000000000000e+00
-6.674861671030273438e+08 -5.740106020479881721e+01 1.527781343041943741e+10 5.848293829631427182e+26 0.000000000000000000e+00
-5.278301319570312500e+08 -4.098223505390809862e+01 2.768734502930154419e+10 5.770361599131235842e+26 0.000000000000000000e+00
-3.846176881586914062e+09 -5.708617864202772552e+01 1.787324162918149185e+10 1.471918638380588015e+27 0.000000000000000000e+00
-6.721903738774414062e+08 -5.901663227405084200e+01 1.336086221680780602e+10 5.620339082926354885e+26 0.000000000000000000e+00
-5.596252583398437500e+08 -4.864228738020933207e+01 1.374931676398071861e+10 5.548396526446326321e+26 0.000000000000000000e+00
-3.200566902250976562e+08 -5.399462959628569791e+01 1.277706684904002762e+10 5.478132011998090192e+26 0.000000000000000000e+00
-3.709880932666015625e+08 -5.751707801291598798e+01 1.042046821033316422e+10 5.409602375282112769e+26 0.000000000000000000e+00
-3.802494242387695312e+08 -4.564246902576800125e+01 1.773136760595735168e+10 5.342823304150622944e+26 0.000000000000000000e+00
-2.923299675346679688e+08 -4.342496680342536308e+01 8.247985013133903503e+09 5.277658654325889630e+26 0.000000000000000000e+00
-1.971794349228515625e+08 -4.761219438318504160e+01 7.711027527269594193e+09 5.214023926498683552e+26 0.000000000000000000e+00
-2.221515476015625000e+08 -5.524946414206520018e+01 5.468038192731802940e+09 5.151924468497652603e+26 0.000000000000000000e+00
-2.221673008579101562e+08 -5.571171332970328649e+01 7.063768364451135635e+09 5.091291637109175473e+26 0.000000000000000000e+00
-1.297937928222656250e+08 -5.405426069073349993e+01 8.646552762811920166e+09 5.032058238137058391e+26 0.000000000000000000e+00
-1.393420195913085938e+08 -5.831835056884406043e+01 8.827586462610572815e+09 4.974184751963325644e+26 0.000000000000000000e+00
-1.071306102495117188e+08 -5.602756475122608038e+01 6.093075903015886307e+09 4.917622807062550268e+26 0.000000000000000000e+00
-2.105769895251953125e+09 -7.859375616879064808e+01 3.802175386207074738e+10 4.862338747417928694e+26 0.000000000000000000e+00
-2.459631240815429688e+08 -4.871771163186963349e+01 6.948911985390314102e+09 4.808524922972558698e+26 0.000000000000000000e+00
-2.205825515551757812e+08 -4.255225455118967659e+01 8.878451518287799835e+09 4.755668267818679496e+26 0.000000000000000000e+00
-3.506573219287109375e+08 -6.628082567412734250e+01 9.957154956582695007e+09 4.703954748288391122e+26 0.000000000000000000e+00
-4.151421087749023438e+08 -7.084537820563224386e+01 6.616913360939032555e+09 4.653375150579460957e+26 0.000000000000000000e+00
-2.002262428081054688e+08 -5.689212015546886647e+01 5.497123793936207771e+09 4.603915132813294686e+26 0.000000000000000000e+00
-9.105660063378906250e+07 -4.721604561330362060e+01 6.306439909100974083e+09 4.555430860602407707e+26 0.000000000000000000e+00
-1.515266933918457031e+08 -5.044428866552407698e+01 4.730723707018847466e+09 4.507949040112102057e+26 0.000000000000000000e+00
-2.011196985485839844e+08 -4.539627648163111928e+01 7.857777599234665871e+09 4.461452991614191385e+26 0.000000000000000000e+00
-9.113808892211914062e+07 -4.956137491283992347e+01 5.709799467767049789e+09 4.415916067033354024e+26 0.000000000000000000e+00
-7.339307333422851562e+07 -4.465134251271955890e+01 5.081129560449586868e+09 4.371280059804869969e+26 0.000000000000000000e+00
-4.950323014306640625e+07 -4.904543995498210052e+01 4.102167046878558636e+09 4.327538527590563880e+26 0.000000000000000000e+00
-8.624342474072265625e+07 -4.941788816075491297e+01 4.561389487458745956e+09 4.284661616983545841e+26 0.000000000000000000e+00
-6.495050550585937500e+07 -4.672441230707346449e+01 2.274879232261112690e+09 4.242631020920915933e+26 0.000000000000000000e+00
-8.055127950683593750e+07 -4.963229052780570782e+01 4.200793194147827625e+09 4.201413037361087631e+26 0.000000000000000000e+00
-7.729511956005859375e+07 -5.061107371796290977e+01 4.231222552893232822e+09 4.160990690764716915e+26 0.000000000000000000e+00
-8.109184594433593750e+07 -3.703348225930564297e+01 6.060226952076260567e+09 4.121339496432580452e+26 0.000000000000000000e+00
-9.962321997314453125e+07 -5.973950318716038765e+01 3.225527125918562412e+09 4.082433831937797059e+26 0.000000000000000000e+00
-7.138571613671875000e+07 -5.757729690354158691e+01 5.832182177009158134e+09 4.044260925086548035e+26 0.000000000000000000e+00
-6.854380310107421875e+07 -4.656896863725194891e+01 5.364546200499629021e+09 4.006795542926781529e+26 0.000000000000000000e+00
-5.406849704516601562e+07 -5.378603168405415147e+01 3.832800222585435390e+09 3.970015492495220069e+26 0.000000000000000000e+00
-8.178532164990234375e+07 -5.134201867151170973e+01 5.657823538362429619e+09 3.933902912168589951e+26 0.000000000000000000e+00
-2.279747932294921875e+08 -6.505799445651393853e+01 7.651725814599072456e+09 3.898443363304917063e+26 0.000000000000000000e+00
-7.511436813110351562e+07 -5.792852741744489720e+01 3.622222152705684662e+09 3.863635530089983859e+26 0.000000000000000000e+00
-1.070585375961914062e+08 -5.360686601937717199e+01 3.557492016841614246e+09 3.829426874846716076e+26 0.000000000000000000e+00
-2.919085529921875000e+08 -6.464677420887919368e+01 5.013248018502084732e+09 3.795812961616908421e+26 0.000000000000000000e+00
-1.629418250617675781e+08 -6.385556574284998987e+01 7.128669790413122177e+09 3.762826782949423061e+26 0.000000000000000000e+00
-1.001215803674316406e+08 -5.738506894218340904e+01 4.085067478919168949e+09 3.730384964847405276e+26 0.000000000000000000e+00
-1.023811126530761719e+08 -4.113927355093334626e+01 9.233345999986101151e+09 3.698488469461022263e+26 0.000000000000000000e+00
-8.775595235620117188e+07 -5.739847618173618571e+01 3.252520876747318268e+09 3.667134860069047054e+26 0.000000000000000000e+00
-2.417496698583984375e+08 -7.109632860849129088e+01 6.433231293720371246e+09 3.636302720944412842e+26 0.000000000000000000e+00
-2.087702499990234375e+08 -6.845401430994444070e+01 3.900261784724022865e+09 3.605999918973493241e+26 0.000000000000000000e+00
-3.174130815283203125e+07 -5.315050312538743071e+01 6.320704555990551949e+09 3.576205127662684504e+26 0.000000000000000000e+00
-9.145031796875000000e+05 -4.540276000274751311e+01 4.281658878808141232e+09 3.546876577740459053e+26 0.000000000000000000e+00
-3.992719339086914062e+07 -4.553354417679044985e+01 2.703331700284745693e+09 3.518023538065945962e+26 0.000000000000000000e+00
-6.203296982373046875e+07 -6.162518220694702364e+01 2.856118410142814159e+09 3.489635952071407349e+26 0.000000000000000000e+00
-9.773778236547851562e+07 -6.124809046609358631e+01 4.553596902841688156e+09 3.461703845428655330e+26 0.000000000000000000e+00
-2.302445057023925781e+08 -2.497107103672757589e+01 1.290155429495417786e+10 3.434220327616481087e+26 0.000000000000000000e+00
-4.373820633154296875e+07 -4.847132121680026984e+01 3.305780695849888325e+09 3.407171182282758217e+26 0.000000000000000000e+00
-6.086342619628906250e+07 -4.810332962637829723e+01 3.739980590649982452e+09 3.380538794619275062e+26 0.000000000000000000e+00
-8.895490416308593750e+07 -4.526198528982916258e+01 4.616897487938165665e+09 3.354320664335700829e+26 0.000000000000000000e+00
-1.466410246264648438e+07 -5.380116861123466521e+01 2.311794429643177509e+09 3.328507951409604023e+26 0.000000000000000000e+00
-7.941345103955078125e+07 -5.852029042353385790e+01 2.915995255001937866e+09 3.303085485966817860e+26 0.000000000000000000e+00
-4.740777868554687500e+07 -5.624562424789210269e+01 2.716374737806932449e+09 3.278050465747292715e+26 0.000000000000000000e+00
-3.842354799919433594e+08 -7.540344425253074689e+01 7.122880821465691566e+09 3.253390576129957221e+26 0.000000000000000000e+00
-7.099959663598632812e+07 -4.908315275586583226e+01 2.896600046864064217e+09 3.229143928650064063e+26 0.000000000000000000e+00
-9.320905721435546875e+06 -4.180138185649468596e+01 3.781885223731237411e+09 3.205213720153508549e+26 0.000000000000000000e+00
-8.294145392749023438e+07 -5.541811377385987214e+01 2.384767966135260582e+09 3.181633402455646991e+26 0.000000000000000000e+00
-5.122767043676757812e+07 -6.092659444798090362e+01 4.126775874120442867e+09 3.158401262888926086e+26 0.000000000000000000e+00
-1.936015903320312500e+05 -4.644264855963288596e+01 2.525853498046292782e+09 3.135504359920936213e+26 0.000000000000000000e+00
-2.625756102978515625e+07 -5.374790962589320742e+01 3.510445943402374268e+09 3.112934995522995784e+26 0.000000000000000000e+00
-1.475128055834960938e+07 -5.191149763156606411e+01 2.127713402960807562e+09 3.090688717549278061e+26 0.000000000000000000e+00
-9.709209852099609375e+07 -6.155813542894172485e+01 2.426483747319854259e+09 3.068757743787610091e+26 0.000000000000000000e+00
-9.304788577539062500e+07 -5.879461897469518306e+01 2.170081578478413105e+09 3.047140536425688212e+26 0.000000000000000000e+00
-4.549350529248046875e+07 -5.088328981140400487e+01 2.270764832509537220e+09 3.025826276849481944e+26 0.000000000000000000e+00
-4.532145287426757812e+07 -5.112014961692279513e+01 3.125931949282283306e+09 3.004803817404409792e+26 0.000000000000000000e+00
-4.839242191479492188e+07 -4.582727600387377720e+01 3.677445255871010780e+09 2.984071814179753265e+26 0.000000000000000000e+00
-2.453328839086914062e+07 -4.439170946343136848e+01 3.615587885485843182e+09 2.963623601492982414e+26 0.000000000000000000e+00
-5.917194696972656250e+07 -4.282449931659539999e+01 2.688400332909879684e+09 2.943453496937466063e+26 0.000000000000000000e+00
-3.337172275268554688e+07 -5.853468104761742552e+01 2.734261576111504555e+09 2.923557422078333363e+26 0.000000000000000000e+00
-1.960698317700195312e+07 -4.667366486891765476e+01 2.947545107909024239e+09 2.903927544495704434e+26 0.000000000000000000e+00
-1.859307115698242188e+07 -5.405394269269054064e+01 2.376420467258414745e+09 2.884558590710721976e+26 0.000000000000000000e+00
-1.236646991064453125e+07 -4.603379484100236141e+01 1.794558985681596994e+09 2.865446430124773937e+26 0.000000000000000000e+00
-1.516807333135742188e+09 -5.477429203524646084e+01 1.570288037803170776e+11 2.822507297926474225e+26 0.000000000000000000e+00
-7.564804506323242188e+07 -5.830538239536198120e+01 2.293641855509347439e+09 2.827976354384933390e+26 0.000000000000000000e+00
-9.328913148610839844e+08 -3.820087234557418299e+01 8.682980092021620178e+10 2.785854532531151454e+26 0.000000000000000000e+00
-1.019883122158203125e+08 -4.360389486310308627e+01 4.210157096410597801e+09 2.791479793818905801e+26 0.000000000000000000e+00
-7.900051978027343750e+07 -5.912949529930311598e+01 3.808402808940641403e+09 2.773580696986112343e+26 0.000000000000000000e+00
-9.402918747802734375e+07 -5.318036590483981030e+01 4.334018731888101578e+09 2.755910433681167077e+26 0.000000000000000000e+00
-6.582935608007812500e+07 -4.288186945770259939e+01 3.399897486804869175e+09 2.738463641501549411e+26 0.000000000000000000e+00
-5.739486718750000000e+04 -5.207343239941225477e+01 2.032777422310613394e+09 2.721233879767705202e+26 0.000000000000000000e+00
-7.180465406689453125e+07 -5.132387689291765298e+01 3.410833877942428589e+09 2.704218246805075990e+26 0.000000000000000000e+00
2.134262562768554688e+07 -4.361192219925848690e+01 2.599947263978248596e+09 2.687416289060814510e+26 0.000000000000000000e+00
-5.984072512231445312e+07 -5.714941522243733374e+01 4.922720025149533272e+09 2.687416289060814510e+26 0.000000000000000000e+00
2.493689517285156250e+07 -5.619358037536897399e+01 2.303655183625118732e+09 2.670820820616679486e+26 0.000000000000000000e+00
-5.720324182714843750e+07 -5.902258617472239166e+01 7.348233127016761780e+09 2.670820820616679486e+26 0.000000000000000000e+00
1.970044708862304688e+07 -5.895494689280011613e+01 2.764234909047582626e+09 2.654429413557048435e+26 0.000000000000000000e+00
-4.674786009887695312e+07 -4.534327052281705761e+01 2.752657784778375626e+09 2.654429413557048435e+26 0.000000000000000000e+00
-2.178941183374023438e+07 -5.780598509885275860e+01 3.963748087696908474e+09 2.638237768092929459e+26 0.000000000000000000e+00
5.579211660351562500e+07 -4.634194074669877494e+01 5.690871404337656021e+09 2.622241973470218582e+26 0.000000000000000000e+00
-6.309514300585937500e+07 -5.855694569997469046e+01 4.973967070442509651e+09 2.622241973470218582e+26 0.000000000000000000e+00
-2.764729705336914062e+08 -7.646059600278688606e+01 3.890840605102269173e+09 2.606439175910857847e+26 0.000000000000000000e+00
-1.231885845988769531e+08 -3.430061128003764281e+01 6.669946735353802681e+09 2.590853597276077444e+26 0.000000000000000000e+00
-3.135381002490234375e+07 -6.414095584507442993e+01 3.391172790533877850e+09 2.575430440418669520e+26 0.000000000000000000e+00
1.093673834228515625e+06 -5.329086087488268220e+01 2.206212107412111282e+09 2.560184891351430126e+26 0.000000000000000000e+00
-2.642351641577148438e+07 -5.320903209850862225e+01 2.481668347626675606e+09 2.560184891351430126e+26 0.000000000000000000e+00
-1.375681991350097656e+08 -6.720971170992855548e+01 3.527859967024330616e+09 2.545118409677036068e+26 0.000000000000000000e+00
1.024166478515625000e+07 -5.238528108410807249e+01 3.781261067767949104e+09 2.530234183233373081e+26 0.000000000000000000e+00
1.682702203515625000e+07 -5.050476884855692106e+01 2.294372827231941700e+09 2.530234183233373081e+26 0.000000000000000000e+00
-6.938002796484375000e+07 -5.786487123798267618e+01 3.222881327704817295e+09 2.530234183233373081e+26 0.000000000000000000e+00
8.664000046875000000e+06 -6.170460688375716529e+01 2.830454884688962936e+09 2.515519860704202420e+26 0.000000000000000000e+00
-3.260646520312500000e+07 -5.300140767519468454e+01 2.946130594934926033e+09 2.515519860704202420e+26 0.000000000000000000e+00
-6.045228631184082031e+08 -2.354114046617149114e+01 4.989735866042381287e+10 2.479915743172753826e+26 0.000000000000000000e+00
2.628538564892578125e+07 -5.017004876738005947e+01 3.245859349434339523e+09 2.486594404113815207e+26 0.000000000000000000e+00
-1.708089061948242188e+08 -7.153476550273880719e+01 3.194087455380576134e+09 2.486594404113815207e+26 0.000000000000000000e+00
1.801163367968750000e+07 -5.250351553294219542e+01 6.049012463489500999e+09 2.472390471606835015e+26 0.000000000000000000e+00
-3.111663657031250000e+07 -5.048261285756552041e+01 3.589059059292893410e+09 2.472390471606835015e+26 0.000000000000000000e+00
-2.602424410314941406e+08 -3.226652499657861028e+01 1.033538397386490059e+10 2.437647253029320265e+26 0.000000000000000000e+00
-6.274180732641601562e+07 -6.249021818646523485e+01 2.400526573055440903e+09 2.444454441324852080e+26 0.000000000000000000e+00
-9.106608852636718750e+07 -6.256636224917791367e+01 2.617927700225478172e+09 2.430717513244720634e+26 0.000000000000000000e+00
-2.885757064208984375e+07 -5.625262207494697719e+01 2.416130800545416832e+09 2.417136408846126982e+26 0.000000000000000000e+00
-2.670133053183593750e+08 -6.416708470180350332e+01 1.868151467671583557e+10 2.383480753660098959e+26 0.000000000000000000e+00
-2.926566470190429688e+07 -4.154664607116166763e+01 3.306885595396390915e+09 2.390416716042863091e+26 0.000000000000000000e+00
-2.277623988059082031e+08 -5.404076049754783639e+01 1.648759842312274361e+10 2.357290274412359214e+26 0.000000000000000000e+00
-6.683918198168945312e+07 -5.772877133396575999e+01 1.699250723836727142e+09 2.364283203111156375e+26 0.000000000000000000e+00
-5.365614562966308594e+08 -5.698076560381726807e+01 6.610664424839378357e+10 2.331669101257830182e+26 0.000000000000000000e+00
2.693543408959960938e+07 -5.443121027035304138e+01 3.018369937351988792e+09 2.338714859168881920e+26 0.000000000000000000e+00
-4.505820651977539062e+07 -5.763404660653922917e+01 2.848252442708767891e+09 2.338714859168881920e+26 0.000000000000000000e+00
2.164415524194335938e+07 -4.945048357482348678e+01 8.255665991949498177e+09 2.326137162199063106e+26 0.000000000000000000e+00
-9.870953044555664062e+07 -6.272425346076052222e+01 2.101373693097942114e+09 2.326137162199063106e+26 0.000000000000000000e+00
-3.912787518896484375e+07 -6.577848029223007131e+01 2.948009981555078030e+09 2.313697175248944558e+26 0.000000000000000000e+00
-4.212237205273437500e+07 -4.352280750095199835e+01 2.452578221625071049e+09 2.301385945163542181e+26 0.000000000000000000e+00
2.341147158959960938e+07 -4.569741837651395855e+01 2.432412776187027931e+09 2.289204967573217231e+26 0.000000000000000000e+00
-5.288859373166503906e+08 -4.545222863170437932e+01 4.723097041126473236e+10 2.269988291139194073e+26 0.000000000000000000e+00
7.005055209716796875e+06 -4.848449560706049510e+01 3.158627084415744305e+09 2.277160341628755509e+26 0.000000000000000000e+00
1.268459210847167969e+08 -5.155902459389817949e+01 4.931138599063071251e+09 2.277160341628755509e+26 0.000000000000000000e+00
4.792114108471679688e+07 -4.626858648688767062e+01 3.302050653513005257e+09 2.277160341628755509e+26 0.000000000000000000e+00
-1.746850747902832031e+08 -6.582909888119058905e+01 4.296717418425218582e+09 2.277160341628755509e+26 0.000000000000000000e+00
-1.436843812866210938e+07 -4.260978587534724227e+01 8.657150340890439987e+09 2.265241908489150519e+26 0.000000000000000000e+00
2.024485490991210938e+07 -4.533953239280763370e+01 3.930424114800134659e+09 2.253439213639543046e+26 0.000000000000000000e+00
-5.240267662915039062e+07 -5.156944625045480990e+01 5.838788521837396622e+09 2.253439213639543046e+26 0.000000000000000000e+00
-7.527342081433105469e+07 -6.789517772531154094e+01 2.321680753490034580e+09 2.241759848339393195e+26 0.000000000000000000e+00
-3.612419861767578125e+07 -5.263760562038566349e+01 3.983486121967264175e+09 2.230202826299202659e+26 0.000000000000000000e+00
2.577913438525390625e+07 -5.215254998327773706e+01 2.304375062314773083e+09 2.218761886517430047e+26 0.000000000000000000e+00
-1.107444114746093750e+06 -4.650854588270529888e+01 2.636270621009830952e+09 2.218761886517430047e+26 0.000000000000000000e+00
7.292444450463867188e+07 -4.357590974748593027e+01 3.072654490795624733e+09 2.207437292260506951e+26 0.000000000000000000e+00
-9.727080195825195312e+07 -6.624771598074198664e+01 2.374674728542239666e+09 2.207437292260506951e+26 0.000000000000000000e+00
1.378627682850341797e+08 -6.610082567368689865e+01 5.180501264627063751e+09 2.196231468021539351e+26 0.000000000000000000e+00
2.589509535034179688e+06 -5.508660689922590592e+01 3.072523717609397888e+09 2.196231468021539351e+26 0.000000000000000000e+00
4.099239416003417969e+07 -5.153480991430466673e+01 2.808694491973831177e+09 2.196231468021539351e+26 0.000000000000000000e+00
-3.082840696496582031e+07 -3.827298920768809865e+01 4.812321757297361374e+09 2.196231468021539351e+26 0.000000000000000000e+00
-4.468003372241210938e+07 -6.833802148835032142e+01 2.497958827688003063e+09 2.185135488852490043e+26 0.000000000000000000e+00
-6.028566513134765625e+07 -3.535976213942002033e+01 4.535226310882496834e+09 2.174150910157122708e+26 0.000000000000000000e+00
3.095645658996582031e+07 -5.201510866692153456e+01 2.393964065036336899e+09 2.163277065310529714e+26 0.000000000000000000e+00
2.611431308996582031e+07 -5.167302875649007632e+01 2.114744597802979708e+09 2.163277065310529714e+26 0.000000000000000000e+00
-5.760868303503417969e+07 -3.657908909040499168e+01 2.647398124887304783e+09 2.163277065310529714e+26 0.000000000000000000e+00
-4.060551224597167969e+07 -4.768124845098969189e+01 2.241320752554419994e+09 2.152511653621405168e+26 0.000000000000000000e+00
1.251201311944580078e+08 -4.969404441769632541e+01 3.074329513542617321e+09 2.141852416939060014e+26 0.000000000000000000e+00
1.081062569580078125e+05 -4.062950526193814227e+01 4.806479942206313133e+09 2.141852416939060014e+26 0.000000000000000000e+00
-4.579520743041992188e+06 -5.482041445695609383e+01 2.363673645778436661e+09 2.141852416939060014e+26 0.000000000000000000e+00
-3.868376867843017578e+08 -6.411002379538362561e+01 2.788638447579859543e+10 2.113445376091180645e+26 0.000000000000000000e+00
-2.431255856254882812e+08 -4.906498850815307833e+01 1.593633827656942940e+10 2.103085856294126163e+26 0.000000000000000000e+00
9.610098943933105469e+07 -5.599338424206381148e+01 3.500916789537876606e+09 2.110496817364557247e+26 0.000000000000000000e+00
-3.613635932629394531e+07 -5.670961249493081624e+01 2.017628487616956711e+09 2.110496817364557247e+26 0.000000000000000000e+00
-6.779131391003417969e+07 -6.593911319906621316e+01 2.432145489112619400e+09 2.100248380939546048e+26 0.000000000000000000e+00
2.703313052795410156e+07 -4.530380785204307870e+01 2.498240470845072269e+09 2.090099922953495511e+26 0.000000000000000000e+00
-3.890710459704589844e+07 -5.872556538474221810e+01 2.258483662607453823e+09 2.090099922953495511e+26 0.000000000000000000e+00
6.649650516052246094e+07 -5.544157928321385498e+01 2.507742152303217411e+09 2.080048138380364373e+26 0.000000000000000000e+00
-8.377246519775390625e+05 -5.949253897162980564e+01 2.938565504171137333e+09 2.080048138380364373e+26 0.000000000000000000e+00
6.518728611816406250e+06 -5.965892418308607148e+01 2.683882767961787701e+09 2.070092114809178090e+26 0.000000000000000000e+00
-2.844052463818359375e+07 -4.676523744486947010e+01 2.951666158770190716e+09 2.070092114809178090e+26 0.000000000000000000e+00
1.207592831237792969e+07 -4.967477109065658425e+01 1.993532217711099863e+09 2.060231407693568814e+26 0.000000000000000000e+00
-3.057690231262207031e+07 -4.193073963432142648e+01 2.371374762433911800e+09 2.060231407693568814e+26 0.000000000000000000e+00
-1.631936549438476562e+06 -4.974463443838951804e+01 2.887452849447989464e+09 2.050464084541332345e+26 0.000000000000000000e+00
-6.447239166503906250e+06 -5.626826961019380491e+01 2.354044757989343643e+09 2.040788592987177551e+26 0.000000000000000000e+00
5.708283796606445312e+07 -4.928352780542601863e+01 2.951121580568731785e+09 2.031203995641376626e+26 0.000000000000000000e+00
3.064131867700195312e+07 -5.295089385128477488e+01 2.045554498352712870e+09 2.031203995641376626e+26 0.000000000000000000e+00
6.041905532543945312e+07 -5.449669828098207347e+01 2.371125146356184959e+09 2.031203995641376626e+26 0.000000000000000000e+00
3.224794934106445312e+07 -4.170750722843979474e+01 2.061874633020700455e+09 2.031203995641376626e+26 0.000000000000000000e+00
4.759967145751953125e+06 -4.943547388089677241e+01 2.853700695793792248e+09 2.031203995641376626e+26 0.000000000000000000e+00
-1.466479134479980469e+08 -5.808004536966985398e+01 1.043781995944726372e+10 2.014227135680520069e+26 0.000000000000000000e+00
4.416221440246582031e+07 -5.671469819741946594e+01 3.623636279282678127e+09 2.021709020152611584e+26 0.000000000000000000e+00
5.504659815246582031e+07 -5.497062120221622195e+01 1.847259056357503653e+09 2.021709020152611584e+26 0.000000000000000000e+00
-3.190051040222167969e+07 -5.073531748500622740e+01 2.484044676423435211e+09 2.021709020152611584e+26 0.000000000000000000e+00
-3.885684094274902344e+07 -6.168235165483292093e+01 2.225523922341112614e+09 2.012302665941099525e+26 0.000000000000000000e+00
-3.994499916564941406e+07 -5.147439165232462699e+01 2.529828832818538189e+09 2.002983816198687023e+26 0.000000000000000000e+00
-5.013065750646972656e+07 -6.484752908645074854e+01 2.664372547372762680e+09 1.993750833476620010e+26 0.000000000000000000e+00
1.086145547045898438e+07 -6.312470725542446104e+01 2.978474776621245861e+09 1.984602909549570037e+26 0.000000000000000000e+00
2.922583034545898438e+07 -5.142425656244661525e+01 1.814546665321496248e+09 1.984602909549570037e+26 0.000000000000000000e+00
1.151418345458984375e+06 -4.081248669236604343e+01 3.386378552671383858e+09 1.984602909549570037e+26 0.000000000000000000e+00
-1.039095217041015625e+06 -4.127855347263622576e+01 3.158038839251721382e+09 1.984602909549570037e+26 0.000000000000000000e+00
-4.878636554321289062e+07 -5.749906280187170893e+01 2.444477696983235836e+09 1.975537618094098167e+26 0.000000000000000000e+00
-1.184395617603759766e+08 -6.243504158366445722e+01 3.788417691769725800e+09 1.966555487422013834e+26 0.000000000000000000e+00
-4.126873137939453125e+07 -6.113833944655011976e+01 2.268656794948760509e+09 1.957658587800411244e+26 0.000000000000000000e+00
8.226635560412597656e+07 -5.058867805525430583e+01 3.320008806746477604e+09 1.948837970726439300e+26 0.000000000000000000e+00
-8.832417643493652344e+07 -5.780826972170446254e+01 9.490468068743095398e+09 1.932572709814005536e+26 0.000000000000000000e+00
-8.665365580810546875e+06 -5.070461050455308083e+01 4.679444248282867432e+09 1.940097922784573039e+26 0.000000000000000000e+00
6.954471096435546875e+06 -4.898655708334883485e+01 1.873162220228950500e+09 1.931433849957427748e+26 0.000000000000000000e+00
1.072995856518554688e+07 -4.788118341042836335e+01 3.049148686028721809e+09 1.931433849957427748e+26 0.000000000000000000e+00
-2.378163977856445312e+07 -4.437089023570028701e+01 2.458242085622333050e+09 1.931433849957427748e+26 0.000000000000000000e+00
-1.725477986401367188e+07 -4.270975572118108943e+01 2.060673051855630636e+09 1.922846982341437064e+26 0.000000000000000000e+00
-4.023213192785644531e+07 -5.648243958250089491e+01 1.982599270436850786e+09 1.914335965006226835e+26 0.000000000000000000e+00
1.106255566113281250e+07 -4.909442929564970370e+01 3.135964039441449165e+09 1.905900491946021867e+26 0.000000000000000000e+00
-4.690605309482421875e+08 -6.161015956835998253e+01 3.237852190499820328e+10 1.890006722335856822e+26 0.000000000000000000e+00
2.669514686987304688e+07 -5.136774776529731668e+01 2.153047650201777458e+09 1.897539823526668093e+26 0.000000000000000000e+00
5.714724986987304688e+07 -5.519504863427155783e+01 3.289695644003690720e+09 1.897539823526668093e+26 0.000000000000000000e+00
-1.341177350512695312e+07 -6.367566403495639094e+01 2.058912659288446188e+09 1.897539823526668093e+26 0.000000000000000000e+00
-8.167174920288085938e+06 -5.224402922669972327e+01 2.219243158063486099e+09 1.889250940534474359e+26 0.000000000000000000e+00
-2.899090928526611328e+08 -3.587493163003397711e+01 3.428480452060271835e+10 1.865355411377096568e+26 0.000000000000000000e+00
3.776432468505859375e+06 -4.252201780422853261e+01 4.633991467336680412e+09 1.872888449911601044e+26 0.000000000000000000e+00
3.871948729663085938e+07 -5.069635744864556415e+01 1.622328601529427528e+09 1.872888449911601044e+26 0.000000000000000000e+00
-1.186670168049316406e+08 -6.094464597022609098e+01 2.493728004431356430e+09 1.872888449911601044e+26 0.000000000000000000e+00
1.804621416381835938e+06 -6.401330819452094545e+01 1.743139021371155024e+09 1.864817694411924749e+26 0.000000000000000000e+00
-1.251624333361816406e+07 -6.067658445089522701e+01 2.604584115599031925e+09 1.864817694411924749e+26 0.000000000000000000e+00
-1.363099732290039062e+08 -6.588149206977992378e+01 3.287140618161798954e+09 1.856811625561115130e+26 0.000000000000000000e+00
2.492480016149902344e+07 -4.887486792128541424e+01 2.637477179844188213e+09 1.848880137477193801e+26 0.000000000000000000e+00
1.623899078649902344e+07 -5.160379905346088947e+01 2.340622191566758633e+09 1.848880137477193801e+26 0.000000000000000000e+00
-6.094252713500976562e+06 -4.482284709092674291e+01 3.324408693932076931e+09 1.848880137477193801e+26 0.000000000000000000e+00
1.476607586707763672e+08 -5.052048979471221912e+01 3.496934001968139648e+09 1.841010019887122596e+26 0.000000000000000000e+00
-3.259523813598632812e+06 -4.264068896831443567e+01 2.402660621582381725e+09 1.841010019887122596e+26 0.000000000000000000e+00
1.828541172705078125e+07 -5.464808498522162949e+01 3.578930678851883411e+09 1.833206581164125433e+26 0.000000000000000000e+00
3.560754368408203125e+07 -4.681142924257758864e+01 1.977606710740631104e+09 1.833206581164125433e+26 0.000000000000000000e+00
2.721966929345703125e+07 -4.174279539670307315e+01 3.429304216869848728e+09 1.833206581164125433e+26 0.000000000000000000e+00
-2.314317724951171875e+07 -5.718608527796403251e+01 1.173998241747604370e+09 1.833206581164125433e+26 0.000000000000000000e+00
1.648545513122558594e+07 -3.930394865940783689e+01 2.525379245960093498e+09 1.825469180861627840e+26 0.000000000000000000e+00
-6.979203806274414062e+06 -6.248975453446056605e+01 1.938024850114301443e+09 1.825469180861627840e+26 0.000000000000000000e+00
4.114959680541992188e+06 -6.366773016183260836e+01 2.300131210801330090e+09 1.817796686458203507e+26 0.000000000000000000e+00
1.362978613366699219e+07 -4.533133371677381263e+01 2.243940728485296249e+09 1.817796686458203507e+26 0.000000000000000000e+00
1.718616221179199219e+07 -3.791066334734344423e+01 2.746778239260347366e+09 1.817796686458203507e+26 0.000000000000000000e+00
-3.995064522583007812e+06 -4.337765972804282200e+01 2.023306933882103205e+09 1.817796686458203507e+26 0.000000000000000000e+00
-1.844214458682861328e+08 -2.602847883049772548e+01 2.319777500377846909e+10 1.795114442165577260e+26 0.000000000000000000e+00
-1.223069458000488281e+08 -4.137538180249666198e+01 2.483820028527225494e+09 1.802643824275130450e+26 0.000000000000000000e+00
4.572545985192871094e+07 -5.950012553952029748e+01 3.041624140418678761e+09 1.795165964224806857e+26 0.000000000000000000e+00
1.408249510192871094e+07 -5.574607210512285604e+01 1.531181907743443251e+09 1.795165964224806857e+26 0.000000000000000000e+00
1.456320060192871094e+07 -4.584048848103406470e+01 1.736262639071067095e+09 1.795165964224806857e+26 0.000000000000000000e+00
-8.750565398071289062e+06 -4.278870225562491925e+01 3.601097249687956333e+09 1.795165964224806857e+26 0.000000000000000000e+00
-2.583164826989746094e+07 -5.523010363600738515e+01 1.624160220968606472e+09 1.787745617844403051e+26 0.000000000000000000e+00
3.462883459033203125e+07 -5.065148951281543077e+01 3.469027272630751610e+09 1.780386511864974630e+26 0.000000000000000000e+00
3.303824109033203125e+07 -4.478068073638019087e+01 3.035566723425024033e+09 1.780386511864974630e+26 0.000000000000000000e+00
3.237840724658203125e+07 -5.474618467290351020e+01 2.475375462653818607e+09 1.780386511864974630e+26 0.000000000000000000e+00
5.252611649658203125e+07 -4.882426977555240200e+01 2.313478346503272533e+09 1.780386511864974630e+26 0.000000000000000000e+00
-2.981554044091796875e+07 -6.152351623407260206e+01 1.519466916921479702e+09 1.780386511864974630e+26 0.000000000000000000e+00
-5.392088892309570312e+07 -4.725556590764880127e+01 2.161396094708214283e+09 1.773087824098368196e+26 0.000000000000000000e+00
2.778489355285644531e+07 -5.228035404363956218e+01 2.436191135335319996e+09 1.765849138376961486e+26 0.000000000000000000e+00
2.922110505285644531e+07 -5.795148087071417820e+01 2.046908956173590422e+09 1.765849138376961486e+26 0.000000000000000000e+00
-5.036048169714355469e+07 -6.518920727895653044e+01 1.721971674622101068e+09 1.765849138376961486e+26 0.000000000000000000e+00
3.122015617712402344e+07 -4.660544199906281193e+01 1.887420614094948292e+09 1.758669476501153510e+26 0.000000000000000000e+00
2.039779755212402344e+07 -5.121762982741899606e+01 2.303336598663857937e+09 1.758669476501153510e+26 0.000000000000000000e+00
-1.078172299635009766e+08 -3.217343453799583841e+01 7.539559768168150902e+09 1.744035684198704525e+26 0.000000000000000000e+00
7.876563457336425781e+07 -5.605636304870850495e+01 4.842679105448111534e+09 1.751549356165736451e+26 0.000000000000000000e+00
-2.199835051635742188e+06 -5.319825520460451429e+01 2.175973401265495777e+09 1.751549356165736451e+26 0.000000000000000000e+00
-1.349236659276123047e+08 -4.795019517773430096e+01 1.371041273725139809e+10 1.729971345146245714e+26 0.000000000000000000e+00
1.607464585644531250e+07 -5.581262602254071936e+01 3.267858057911403656e+09 1.737476886834140267e+26 0.000000000000000000e+00
-1.212785954873046875e+08 -3.816143534264832482e+01 1.095143107265785599e+10 1.723023896364909855e+26 0.000000000000000000e+00
-7.559637836425781250e+07 -6.431450074628457969e+01 2.475622447817132950e+09 1.730525588214431877e+26 0.000000000000000000e+00
-1.422095874063720703e+08 -6.887150676264711535e+01 1.545640311138113213e+10 1.709295065184441852e+26 0.000000000000000000e+00
-2.507055230383300781e+07 -3.643654873521606419e+01 3.059761841006195545e+09 1.716790922090654523e+26 0.000000000000000000e+00
6.661901115380859375e+07 -5.705593840753533641e+01 2.132788639525590181e+09 1.710003298782256499e+26 0.000000000000000000e+00
-2.501855162744140625e+07 -5.634359693940478309e+01 1.551290018279117107e+09 1.710003298782256499e+26 0.000000000000000000e+00
-5.247823824218750000e+06 -5.756553317171707818e+01 2.217957533225507259e+09 1.703269204604866024e+26 0.000000000000000000e+00
5.076671337524414062e+07 -6.039928978791304104e+01 3.274948237538005352e+09 1.696587722698991710e+26 0.000000000000000000e+00
1.033260765649414062e+07 -5.239296649814744455e+01 1.999264781919310570e+09 1.696587722698991710e+26 0.000000000000000000e+00
2.140803906494140625e+06 -4.574784556970620031e+01 3.683101373743645668e+09 1.696587722698991710e+26 0.000000000000000000e+00
-1.228223400622558594e+08 -6.116992920475597373e+01 1.041484921396107864e+10 1.682483434776299874e+26 0.000000000000000000e+00
-8.768073958251953125e+06 -5.368363984705493408e+01 1.893484650807812452e+09 1.689958712493495471e+26 0.000000000000000000e+00
3.976486285388183594e+07 -4.325563193852364918e+01 2.079435442269983292e+09 1.683381076906038351e+26 0.000000000000000000e+00
3.965171635388183594e+07 -4.634806569349397165e+01 1.838226216869091511e+09 1.683381076906038351e+26 0.000000000000000000e+00
-1.054911514611816406e+07 -4.491227405075714785e+01 3.703985739300049782e+09 1.683381076906038351e+26 0.000000000000000000e+00
1.599666978461914062e+08 -4.904942622483406467e+01 2.442327835368060112e+09 1.676854454687198368e+26 0.000000000000000000e+00
-3.030302656787109375e+07 -5.894650670128511649e+01 1.830932692943680286e+09 1.676854454687198368e+26 0.000000000000000000e+00
-4.418834110107421875e+05 -5.641351740996642405e+01 3.319176937399515152e+09 1.670378525877628801e+26 0.000000000000000000e+00
-2.927814933264160156e+07 -4.522269789963955589e+01 2.031161566184490442e+09 1.663952075174516415e+26 0.000000000000000000e+00
4.716506431335449219e+07 -6.797196375128800128e+01 2.667244804601709366e+09 1.657575194813839012e+26 0.000000000000000000e+00
-1.469223073350830078e+08 -4.814109061350197294e+01 1.990564141289397049e+10 1.643806817071421336e+26 0.000000000000000000e+00
-1.101041602290039062e+08 -6.615606537988439584e+01 9.571139386539077759e+09 1.637532930521103575e+26 0.000000000000000000e+00
-1.038794454183349609e+08 -5.425361110087126804e+01 9.922633244686435699e+09 1.631306752025351832e+26 0.000000000000000000e+00
-7.242445791491699219e+07 -7.175542785430815229e+01 5.603442759483318329e+09 1.625127739479078139e+26 0.000000000000000000e+00
3.874446852185058594e+07 -6.528804665512541305e+01 2.634556566257246494e+09 1.632552585946426676e+26 0.000000000000000000e+00
-2.328093379064941406e+07 -4.730340085279088669e+01 2.092283210301458359e+09 1.632552585946426676e+26 0.000000000000000000e+00
2.434176498742675781e+07 -5.733670504894514153e+01 2.021747224158666372e+09 1.626413592569763370e+26 0.000000000000000000e+00
-1.070621603719482422e+08 -5.287039408461222223e+01 1.360628608065390968e+10 1.612909084571428235e+26 0.000000000000000000e+00
4.210290590869140625e+07 -4.346710479648550773e+01 2.087686291220065832e+09 1.620320389053684263e+26 0.000000000000000000e+00
5.996623936181640625e+07 -5.330447427809119176e+01 2.232025231284558296e+09 1.620320389053684263e+26 0.000000000000000000e+00
-1.083890209130859375e+07 -4.334012509415250491e+01 2.016359983687617064e+09 1.620320389053684263e+26 0.000000000000000000e+00
1.923757267785644531e+07 -6.323739144729115935e+01 1.532468416390614033e+09 1.614272711261679165e+26 0.000000000000000000e+00
-8.427380820495605469e+07 -3.609485231160279994e+01 1.030351776453653526e+10 1.600872789855778146e+26 0.000000000000000000e+00
-3.124632650878906250e+06 -6.601245496978673089e+01 1.619975391096002817e+09 1.608270053785730673e+26 0.000000000000000000e+00
-1.068827547943115234e+08 -3.060395163711730859e+01 1.104032787307157135e+10 1.589014803112571228e+26 0.000000000000000000e+00
2.048237518029785156e+07 -5.741850105871841237e+01 1.405567698138905764e+09 1.596397632420654495e+26 0.000000000000000000e+00
4.096599252404785156e+07 -5.155420757755684491e+01 2.487176798479549408e+09 1.596397632420654495e+26 0.000000000000000000e+00
7.796822274279785156e+07 -5.839839727770959144e+01 3.888835079468811512e+09 1.596397632420654495e+26 0.000000000000000000e+00
1.716959180529785156e+07 -5.470961124013661703e+01 1.978402572929631472e+09 1.596397632420654495e+26 0.000000000000000000e+00
1.372104077404785156e+07 -5.941614564038649604e+01 1.435926462151365995e+09 1.596397632420654495e+26 0.000000000000000000e+00
8.436059743029785156e+07 -6.630493539632202271e+01 2.490507898513921738e+09 1.596397632420654495e+26 0.000000000000000000e+00
-6.108606064782714844e+07 -5.417672964915012557e+01 6.649593788680376053e+09 1.583151441619049750e+26 0.000000000000000000e+00
-1.315294670654296875e+06 -4.914332720591804815e+01 1.993206158641411543e+09 1.590529914451741969e+26 0.000000000000000000e+00
-8.195652109094238281e+07 -4.384638115544730397e+01 1.009429502637343407e+10 1.571553578422750672e+26 0.000000000000000000e+00
-8.203674541833496094e+07 -6.583417651699126338e+01 2.137506623243646145e+09 1.578918254255710607e+26 0.000000000000000000e+00
4.898070694091796875e+07 -4.905158608750916471e+01 1.465451891251046658e+09 1.573176882119389997e+26 0.000000000000000000e+00
5.537318190917968750e+06 -4.747671994559864572e+01 2.241467816836597919e+09 1.573176882119389997e+26 0.000000000000000000e+00
6.062618394091796875e+07 -4.665312814538197728e+01 2.226324868457149029e+09 1.573176882119389997e+26 0.000000000000000000e+00
-3.927236055908203125e+07 -6.120380451977268166e+01 1.620789512706621647e+09 1.573176882119389997e+26 0.000000000000000000e+00
2.856109947192382812e+07 -5.389798856412100037e+01 1.946119975397259712e+09 1.567475797390778249e+26 0.000000000000000000e+00
-4.087463011938476562e+07 -5.176411691581519392e+01 2.130666615830629110e+09 1.554471930235092706e+26 0.000000000000000000e+00
2.068359819238281250e+07 -4.648903105193073770e+01 1.742737707474147797e+09 1.561817609359179837e+26 0.000000000000000000e+00
-1.431068455761718750e+07 -6.354450937130865640e+01 1.999765770823797941e+09 1.561817609359179837e+26 0.000000000000000000e+00
9.139365740686035156e+07 -6.247443282061416880e+01 1.626160682644626141e+09 1.556198075815597785e+26 0.000000000000000000e+00
-5.162784545251464844e+07 -7.197041098257724911e+01 2.001223712060520649e+09 1.556198075815597785e+26 0.000000000000000000e+00
5.753118725585937500e+06 -6.164886128800581133e+01 2.243249505722756386e+09 1.550619486916006548e+26 0.000000000000000000e+00
3.996076366308593750e+07 -4.656919073369434159e+01 1.623493430804110050e+09 1.550619486916006548e+26 0.000000000000000000e+00
3.448896403808593750e+07 -4.048873027667273305e+01 2.320984394044044971e+09 1.550619486916006548e+26 0.000000000000000000e+00
4.338326503808593750e+07 -5.583346380185761859e+01 1.220097490431809425e+09 1.550619486916006548e+26 0.000000000000000000e+00
3.756485788085937500e+06 -5.578220206302017203e+01 2.118429016425352573e+09 1.550619486916006548e+26 0.000000000000000000e+00
6.398955910058593750e+07 -5.188438636936754023e+01 2.252389136207678795e+09 1.550619486916006548e+26 0.000000000000000000e+00
-5.726851854003906250e+07 -3.042093635935437490e+01 5.567455773271862984e+09 1.537757614797748246e+26 0.000000000000000000e+00
5.870116637207031250e+06 -4.344799535480131425e+01 1.272992388666322231e+09 1.545080853771476616e+26 0.000000000000000000e+00
4.781155894970703125e+07 -6.751452354273149581e+01 1.837508106099963427e+09 1.545080853771476616e+26 0.000000000000000000e+00
-1.198452107377929688e+08 -6.779956102588984379e+01 1.985301943928528547e+09 1.545080853771476616e+26 0.000000000000000000e+00
-1.784031412182617188e+07 -5.219435637803691463e+01 1.493145505440490246e+09 1.539585194436230459e+26 0.000000000000000000e+00
2.188420431188964844e+07 -5.226633895259469398e+01 1.617788207053806543e+09 1.534124277779649854e+26 0.000000000000000000e+00
-5.232430793811035156e+07 -4.396623303821517226e+01 2.357848134551966190e+09 1.534124277779649854e+26 0.000000000000000000e+00
-8.100960527746582031e+07 -3.116740502519838074e+01 8.766680964205486298e+09 1.516023077385811940e+26 0.000000000000000000e+00
9.158484025585937500e+07 -4.568603778316785480e+01 1.704577840386013985e+09 1.523320017243054153e+26 0.000000000000000000e+00
-5.459483422851562500e+07 -3.233014818896646148e+01 4.145309411946710587e+09 1.510685101974418947e+26 0.000000000000000000e+00
-4.024763842846679688e+07 -7.188841663155646700e+01 1.688811613541483402e+09 1.517973795173727188e+26 0.000000000000000000e+00
-6.067693459069824219e+07 -3.029281365795258552e+01 7.468066106109436989e+09 1.500121132459579179e+26 0.000000000000000000e+00
-4.927384162097167969e+07 -3.400297337774819795e+01 4.412386810567676544e+09 1.494894358037429209e+26 0.000000000000000000e+00
6.227610424389648438e+07 -6.328916661094885399e+01 2.186193674913775444e+09 1.502158022041992349e+26 0.000000000000000000e+00
-5.316569920922851562e+07 -6.507342296618814714e+01 4.015667738052029133e+09 1.489703879323889842e+26 0.000000000000000000e+00
1.160744592501220703e+08 -5.352761379978776546e+01 2.268261517619571686e+09 1.496962330350895078e+26 0.000000000000000000e+00
-5.761512249877929688e+06 -5.675780667071354202e+01 1.944354014066935539e+09 1.496962330350895078e+26 0.000000000000000000e+00
-6.400902215576171875e+05 -5.478385199580060316e+01 1.210572285531682253e+09 1.491798996165781254e+26 0.000000000000000000e+00
4.512172079284667969e+07 -5.132282294029043612e+01 2.714378369021423340e+09 1.486671161986249031e+26 0.000000000000000000e+00
6.669641885925292969e+07 -5.945132029934796947e+01 2.306478412518412590e+09 1.486671161986249031e+26 0.000000000000000000e+00
-6.628362847277832031e+07 -5.696864290229625993e+01 8.178707887236477852e+09 1.474346475791076250e+26 0.000000000000000000e+00
-1.105819664343261719e+07 -5.541745226999847063e+01 1.899752702052954912e+09 1.481582453302059691e+26 0.000000000000000000e+00
-7.268097282824707031e+07 -5.000695118695233532e+01 7.955602108040406227e+09 1.464282915017237803e+26 0.000000000000000000e+00
-3.113335021899414062e+07 -5.487000713045618738e+01 3.007647118008962154e+09 1.459302477513189493e+26 0.000000000000000000e+00
3.130885639404296875e+06 -5.334803824767595870e+01 1.139053514140066862e+09 1.466515024102910051e+26 0.000000000000000000e+00
9.737129514404296875e+06 -6.312775894290321332e+01 1.522136549124237537e+09 1.466515024102910051e+26 0.000000000000000000e+00
-3.729972036059570312e+07 -5.813173795774400787e+01 3.293872245801061153e+09 1.454355804503100177e+26 0.000000000000000000e+00
-3.528699481579589844e+07 -3.601839800581639395e+01 3.406437366676657677e+09 1.449442553795230189e+26 0.000000000000000000e+00
-3.817368974890136719e+07 -6.388109168647087444e+01 2.331133251921495438e+09 1.444562387806223116e+26 0.000000000000000000e+00
1.023111830104980469e+08 -5.871206030367082462e+01 3.053614949671077728e+09 1.451753421961683835e+26 0.000000000000000000e+00
-4.060868805200195312e+07 -4.599643400688879780e+01 4.553968346869104385e+09 1.439714973483772858e+26 0.000000000000000000e+00
4.151590150708007812e+07 -5.312393131888185138e+01 1.686306383364797592e+09 1.446897117905226411e+26 0.000000000000000000e+00
-1.979331164916992188e+07 -5.120188172011726380e+01 2.899214401433111668e+09 1.446897117905226411e+26 0.000000000000000000e+00
-5.421244467053222656e+07 -5.595470225771340722e+01 6.111078618553537369e+09 1.430117089831546225e+26 0.000000000000000000e+00
-3.789745583947753906e+07 -5.490382365671430875e+01 2.791168470334976673e+09 1.425365976378112214e+26 0.000000000000000000e+00
-2.845372945593261719e+07 -4.700079167574039474e+01 2.512746157313365459e+09 1.420646326199827374e+26 0.000000000000000000e+00
-3.736040341540527344e+07 -3.132236450591878452e+01 2.999578517631997108e+09 1.415957827792973885e+26 0.000000000000000000e+00
-3.284350056384277344e+07 -3.265379122773315146e+01 3.463020411101014614e+09 1.411300173752359732e+26 0.000000000000000000e+00
-3.792799928247070312e+07 -6.152228385717532433e+01 1.166843229378657818e+09 1.418428557710729362e+26 0.000000000000000000e+00
-2.841421902233886719e+07 -4.266437630492469424e+01 1.948541884120630264e+09 1.402076189239778041e+26 0.000000000000000000e+00
-5.913719419873046875e+07 -4.642577281235520559e+01 2.821273952468764305e+09 1.409186100812948780e+26 0.000000000000000000e+00
-5.623939706408691406e+07 -5.532232587797300738e+01 6.989799962370822906e+09 1.392971992870276272e+26 0.000000000000000000e+00
-5.350653544799804688e+06 -4.308562115561974082e+01 1.902045839328328609e+09 1.400063921900308298e+26 0.000000000000000000e+00
6.078510325646972656e+07 -5.188236450042764858e+01 1.955937482530796528e+09 1.395546458366776555e+26 0.000000000000000000e+00
-4.512209529431152344e+07 -4.737732735297350217e+01 5.004173858416682243e+09 1.383985266262718639e+26 0.000000000000000000e+00
-3.897326565246582031e+07 -4.378958370914588016e+01 4.679460812738288879e+09 1.379535245931641913e+26 0.000000000000000000e+00
3.409968087609863281e+07 -6.287560839684221747e+01 1.960786925987368107e+09 1.386600166455145957e+26 0.000000000000000000e+00
-3.712725024890136719e+07 -7.576985745962196006e+01 3.494654289782457352e+09 1.375113750478499182e+26 0.000000000000000000e+00
8.643123734838867188e+07 -5.385922476517231416e+01 2.824867208189566135e+09 1.382169460867232186e+26 0.000000000000000000e+00
-3.397303330786132812e+07 -3.140419770483849504e+01 4.982460931751138687e+09 1.370720506513302938e+26 0.000000000000000000e+00
-2.881553392504882812e+07 -6.229334710555352927e+01 2.265164457229351997e+09 1.366355244128561907e+26 0.000000000000000000e+00
-2.711425641430664062e+07 -3.167159354182360076e+01 2.947989276889106274e+09 1.362017696844000358e+26 0.000000000000000000e+00
-1.198584335915527344e+08 -8.989180901884458308e+01 1.568799689355076027e+10 1.357707601552340833e+26 0.000000000000000000e+00
-2.979606098449707031e+07 -4.445931037461935631e+01 1.677968614890003204e+09 1.364734198277412807e+26 0.000000000000000000e+00
-7.557327634594726562e+07 -6.649973952581690639e+01 1.027470693408726501e+10 1.349168731065401999e+26 0.000000000000000000e+00
-3.439926864428710938e+07 -4.945617335041531248e+01 4.177936326917413712e+09 1.344939446046747135e+26 0.000000000000000000e+00
