0.000000000000000000e+00 0.000000000000000000e+00 0.000000000000000000e+00 0.000000000000000000e+00 0.000000000000000000e+00
-1.081294305713969948e+02 -1.080076282908197385e+02 1.419375262241794611e-01 1.339303379086198402e+05 0.000000000000000000e+00
-1.081354661438230522e+02 -1.080827030536625557e+02 8.529553843126845558e-02 1.315233805459663272e+05 0.000000000000000000e+00
-1.052545132752993879e+02 -1.052316053992080924e+02 1.396990597088202390e-01 1.280606431454377162e+05 0.000000000000000000e+00
-9.993803042371112610e+01 -9.983576474777625265e+01 8.993784868451662473e-02 1.243550524733001366e+05 0.000000000000000000e+00
-1.081015771401261958e+02 -1.080780896335284353e+02 6.772770595529759019e-02 2.524424411055349992e+04 0.000000000000000000e+00
-1.027302766465751773e+02 -1.026786186446642404e+02 6.974571919760054473e-02 1.192139678748749284e+05 0.000000000000000000e+00
-9.988449856716883346e+01 -9.959047721069708814e+01 2.905882851700980485e-01 1.165111104124277044e+05 0.000000000000000000e+00
-1.106915592812531060e+02 -1.107016330178274757e+02 7.854969546582393769e-02 1.161854677478304366e+05 0.000000000000000000e+00
-1.080513166897570017e+02 -1.080360463168042600e+02 4.300992433871470011e-02 1.132284017677608936e+05 0.000000000000000000e+00
-1.079039143535967327e+02 -1.079090825341033337e+02 6.768722450367070653e-02 1.104432282108175568e+05 0.000000000000000000e+00
-1.048310533066916577e+02 -1.048785230535642796e+02 9.163144909972964491e-02 1.077553713651577709e+05 0.000000000000000000e+00
-1.025922177728844673e+02 -1.025579307948591889e+02 2.493797573471877305e-02 2.171047129928276263e+04 0.000000000000000000e+00
-1.016514340998842982e+02 -1.017996057854121119e+02 6.236000031739906413e-02 2.143772199361736784e+04 0.000000000000000000e+00
-1.080465632165003456e+02 -1.080234578463246180e+02 5.885118185882075303e-02 2.274648314057392054e+04 0.000000000000000000e+00
-1.026510134132318512e+02 -1.026198048899468063e+02 4.276739439331315312e-02 1.032774017962079088e+05 0.000000000000000000e+00
-1.026590226106024630e+02 -1.026250364776225439e+02 2.891376384167096761e-02 2.186947163492631444e+04 0.000000000000000000e+00
-1.053104904232045698e+02 -1.053028506831443281e+02 5.058618721174047705e-02 9.905940686690364964e+04 0.000000000000000000e+00
-1.081113032683583697e+02 -1.081078304545114861e+02 3.356630229387625591e-02 2.113595690771006048e+04 0.000000000000000000e+00
-1.025207627646354638e+02 -1.025477899653908622e+02 5.425322513422865811e-02 9.505572082455296186e+04 0.000000000000000000e+00
-1.053872809342287979e+02 -1.053732854397988490e+02 2.917312478147156274e-02 9.326342449471697910e+04 0.000000000000000000e+00
-1.035037330395420696e+02 -1.035016439913035668e+02 6.831650932303195978e-02 2.796167340650679762e+03 0.000000000000000000e+00
-1.080702045683495669e+02 -1.080475153015576666e+02 3.392395328984120634e-02 9.379271176699921489e+04 0.000000000000000000e+00
-1.043378089587588136e+02 -1.042759237485034305e+02 7.262853430685925482e-02 2.060940942958763480e+04 0.000000000000000000e+00
-1.080665526389062592e+02 -1.080479777199435176e+02 3.109325860621909784e-02 9.049304296210677421e+04 0.000000000000000000e+00
-1.053421570830069811e+02 -1.053519021340571840e+02 2.970823208519867212e-02 2.007123464605378103e+04 0.000000000000000000e+00
-1.025565092756317966e+02 -1.025403180251340842e+02 4.100209708250477508e-02 8.731946615252083575e+04 0.000000000000000000e+00
-1.000251778087880155e+02 -9.998193703466154147e+01 6.782894697342600754e-02 8.582684878920868505e+04 0.000000000000000000e+00
-1.026484911754227909e+02 -1.026131228306077503e+02 2.670754340037946942e-02 1.907841103836295224e+04 0.000000000000000000e+00
-9.863821981843200604e+01 -9.872024661101218612e+01 7.430337873348664968e-02 8.317740405163263495e+04 0.000000000000000000e+00
-1.080067700052032365e+02 -1.079983105844830931e+02 1.968321314151584914e-02 1.908242025316208674e+04 0.000000000000000000e+00
-9.661848318022592252e+01 -9.659092121233375394e+01 5.506027000035405156e-02 1.878109361123009512e+04 0.000000000000000000e+00
-9.594631930065446568e+01 -9.602001670932783384e+01 4.889922879272463885e-02 1.853459062050232023e+04 0.000000000000000000e+00
-1.054844063109698880e+02 -1.054659436160261663e+02 4.405115592253563278e-02 7.939125058716145577e+04 0.000000000000000000e+00
-1.107697078674942190e+02 -1.107699253756601223e+02 3.443753331891852981e-02 7.819555078160110861e+04 0.000000000000000000e+00
-9.994052977100869839e+01 -9.992289468739596714e+01 2.979322608874050010e-02 1.802323779409642520e+04 0.000000000000000000e+00
-1.043182599154638979e+02 -1.044713936343230642e+02 6.017054478677443669e-02 7.586245202509172668e+04 0.000000000000000000e+00
-1.107750825960054186e+02 -1.107764957600055880e+02 2.111747402358940540e-02 1.761018679411053381e+04 0.000000000000000000e+00
-1.052653842374962778e+02 -1.052469102747234899e+02 3.057745913700021800e-02 1.735085763929799941e+04 0.000000000000000000e+00
-1.107754791619248920e+02 -1.107700639632756889e+02 2.925688572336089532e-02 7.489898833170971193e+04 0.000000000000000000e+00
-1.025557816172389636e+02 -1.025637225321770387e+02 1.767352290350985081e-02 1.688428426406923609e+04 0.000000000000000000e+00
-1.080536879561374519e+02 -1.080578633029944342e+02 1.634611462631193127e-02 1.665363928490105900e+04 0.000000000000000000e+00
-1.107760664995777518e+02 -1.107670052059682888e+02 2.883027142610357363e-02 7.179020118665792688e+04 0.000000000000000000e+00
-1.080750012231195711e+02 -1.080712248389675807e+02 1.295365170688504881e-02 1.620333978605363518e+04 0.000000000000000000e+00
-1.006241289206581513e+02 -1.006315784608999877e+02 5.557210614303050716e-02 6.985869297337399621e+04 0.000000000000000000e+00
-1.017786847054147898e+02 -1.017403018988343746e+02 4.239729711909177162e-02 1.611536580120642975e+04 0.000000000000000000e+00
-9.979852521901057116e+01 -9.976046843789298180e+01 2.772718097811180740e-02 2.338793803100253626e+03 0.000000000000000000e+00
-1.107776039066658882e+02 -1.107729392401858632e+02 1.745307412547802625e-02 1.581891826709354973e+04 0.000000000000000000e+00
-1.079930406413980251e+02 -1.080016513785489565e+02 1.205612572220532940e-02 1.561804155017110861e+04 0.000000000000000000e+00
-1.019050487580146154e+02 -1.018397307479041842e+02 4.847364921634576135e-02 6.552068480826766609e+04 0.000000000000000000e+00
-1.025724777742009479e+02 -1.025573357238288708e+02 1.115010391094810142e-02 1.543014212410412802e+04 0.000000000000000000e+00
-1.080084485022824197e+02 -1.079981532421726911e+02 2.052256082345556981e-02 6.429325815348115430e+04 0.000000000000000000e+00
-9.599981928463621728e+01 4.514167184821549059e+22 2.520324396399414013e+02 6.352035063086071023e+04 0.000000000000000000e+00
-7.744713481302835200e+16 -4.489825335822001051e+01 4.530597611168311808e+18 2.425564920089198744e+43 0.000000000000000000e+00
-1.945745270426828800e+16 -5.773540062279410989e+01 2.212103778211558912e+18 2.397037098617060325e+43 0.000000000000000000e+00
-1.888948648266956800e+16 -5.519103875889997113e+01 2.126965494720855040e+18 2.369172429230377422e+43 0.000000000000000000e+00
-3.019289581545062400e+16 -6.178858730353766049e+01 1.593514461131987968e+18 2.341948057671304693e+43 0.000000000000000000e+00
-2.428247820632064000e+16 -6.097151570572700763e+01 2.186254120647633664e+18 2.315342167774403957e+43 0.000000000000000000e+00
-2.671562754280652800e+16 -6.471942015409112514e+01 1.425376564383368960e+18 2.289333923196275218e+43 0.000000000000000000e+00
-2.077575744546406400e+16 -6.546226705996430439e+01 1.239961417612390656e+18 2.263903413026063365e+43 0.000000000000000000e+00
-1.730840455551385600e+16 -6.358662555750075995e+01 1.236271724018196736e+18 2.239031600978634649e+43 0.000000000000000000e+00
-1.633723937475788800e+16 -6.591767477495484684e+01 1.354345784815925760e+18 2.214700277898132820e+43 0.000000000000000000e+00
-7.232030187847680000e+15 -5.641151637528015073e+01 9.471323864677204480e+17 2.190892017323007046e+43 0.000000000000000000e+00
-9.570567841841152000e+15 -6.356907534420508910e+01 7.317386867354017280e+17 2.167590133884775684e+43 0.000000000000000000e+00
-1.475063305207808000e+16 -6.523825658594728338e+01 1.473163882240681472e+18 2.144778644331928316e+43 0.000000000000000000e+00
-9.993523835305984000e+15 -6.497233102211212952e+01 1.229097554028417536e+18 2.122442230987746651e+43 0.000000000000000000e+00
-7.897873837916160000e+15 -6.799867684346131114e+01 7.008629439075265280e+17 2.100566207466569748e+43 0.000000000000000000e+00
-8.775552117899264000e+15 -7.099570149863838253e+01 8.191530984424872960e+17 2.079136486487341857e+43 0.000000000000000000e+00
-1.071710166423961600e+16 -7.945257157003861437e+01 8.458333000427985920e+17 2.058139549636285951e+43 0.000000000000000000e+00
-7.830293964455936000e+15 -6.634769186202838398e+01 7.555037131535952640e+17 2.037562418942391900e+43 0.000000000000000000e+00
-6.475320129814528000e+15 -6.477930716427979974e+01 9.312695294744619520e+17 2.017392630140188189e+43 0.000000000000000000e+00
-9.641248841859072000e+15 -6.993507331852538300e+01 9.870525399460149760e+17 1.997618207504104769e+43 0.000000000000000000e+00
-5.465949627482112000e+15 -6.009656629110006065e+01 8.492777857583253760e+17 1.978227640147719073e+43 0.000000000000000000e+00
-5.491252034404352000e+15 -6.294134067895377171e+01 5.788497315984486400e+17 1.959209859689354828e+43 0.000000000000000000e+00
-8.353334177693696000e+15 -7.461325795556385287e+01 6.430154782567667200e+17 1.940554219193034178e+43 0.000000000000000000e+00
-7.109669409718272000e+15 -7.033336275105321533e+01 5.423592061473217280e+17 1.922250473300621276e+43 0.000000000000000000e+00
-5.479595400560640000e+15 -6.825158766219873030e+01 7.780407973993946880e+17 1.904288759477291144e+43 0.000000000000000000e+00
-6.163084463505408000e+15 -7.194842845224229677e+01 5.934314638631882240e+17 1.886659580298221495e+43 0.000000000000000000e+00
-5.637351432912896000e+15 -6.903062348501174483e+01 7.722105171007432960e+17 1.869353786709690426e+43 0.000000000000000000e+00
-3.725711930884096000e+15 -6.267213822671151746e+01 6.043859017799207680e+17 1.852362562202619605e+43 0.000000000000000000e+00
-5.678083764912128000e+15 -7.536238941634573507e+01 4.965709079874517760e+17 1.835677407841059402e+43 0.000000000000000000e+00
-6.465518669856768000e+15 -8.074040278734739218e+01 6.625320418850560000e+17 1.819290128092225584e+43 0.000000000000000000e+00
-4.191609486901248000e+15 -6.150070815756649267e+01 6.796023371422501120e+17 1.803192817408466739e+43 0.000000000000000000e+00
-4.758293809397760000e+15 -6.599162580664540201e+01 6.231968857488309760e+17 1.787377847515020671e+43 0.000000000000000000e+00
-3.460816180084736000e+15 -6.256569758737244058e+01 5.800346121384680960e+17 1.771837855360633227e+43 0.000000000000000000e+00
-4.622332623912960000e+15 -7.106952528842013805e+01 4.904955106162756480e+17 1.756565731691061262e+43 0.000000000000000000e+00
-5.207914617831424000e+15 -7.003795696689093120e+01 5.392146516488804480e+17 1.741554610208218040e+43 0.000000000000000000e+00
-3.699372356468736000e+15 -6.268430280118105458e+01 4.112561634260284800e+17 1.726797857280244797e+43 0.000000000000000000e+00
-4.611378543329280000e+15 -7.108617242055659347e+01 4.949166395932137600e+17 1.712289062170120964e+43 0.000000000000000000e+00
-4.332514932948992000e+15 -6.995017575074808747e+01 5.346907260389183360e+17 1.698022027752578109e+43 0.000000000000000000e+00
-4.879015611400192000e+15 -7.533419717986632236e+01 4.875569767715255040e+17 1.683990761691094045e+43 0.000000000000000000e+00
-4.661689058328576000e+15 -7.911131985324516336e+01 5.375094613104032000e+17 1.670189468048579425e+43 0.000000000000000000e+00
-3.355041908981760000e+15 -6.445006565638499296e+01 4.538053428432343680e+17 1.656612539307090868e+43 0.000000000000000000e+00
-2.099286182854656000e+15 -6.271462342956282043e+01 5.024317916403751040e+17 1.643254548773496894e+43 0.000000000000000000e+00
-3.900333472481280000e+15 -7.733220371132169646e+01 3.846371878364234880e+17 1.630110243349487944e+43 0.000000000000000000e+00
-2.900851742605312000e+15 -6.720013479162687986e+01 5.420396468891168640e+17 1.617174536645710443e+43 0.000000000000000000e+00
-3.963196941336576000e+15 -7.598832708941142755e+01 4.927836481093020800e+17 1.604442502421057964e+43 0.000000000000000000e+00
-2.355139253698560000e+15 -6.309571962683875768e+01 4.861163020799742080e+17 1.591909368329357742e+43 0.000000000000000000e+00
-3.557757306339328000e+15 -7.547744126049505553e+01 3.456530967368440960e+17 1.579570509956769343e+43 0.000000000000000000e+00
-2.317510433112064000e+15 -6.258837197270778319e+01 4.581309624328513920e+17 1.567421445134258805e+43 0.000000000000000000e+00
-3.603489609547776000e+15 -7.765720899655082121e+01 4.643485723418135680e+17 1.555457828510455395e+43 0.000000000000000000e+00
-2.856453799411712000e+15 -6.650314615165932253e+01 4.577536916516790400e+17 1.543675446371084973e+43 0.000000000000000000e+00
-3.612538859028480000e+15 -7.763793657895283218e+01 3.304437049809857280e+17 1.532070211692015766e+43 0.000000000000000000e+00
-3.007929752354816000e+15 -6.948818785436647261e+01 4.333942146958789120e+17 1.520638159413713187e+43 0.000000000000000000e+00
-2.878328897077248000e+15 -6.842156609499068054e+01 4.269877015252487680e+17 1.509375441925633183e+43 0.000000000000000000e+00
-2.640905913434112000e+15 -7.085377133441996023e+01 3.873939335712500480e+17 1.498278324749748150e+43 0.000000000000000000e+00
-2.846567122731008000e+15 -7.213825996025934728e+01 3.981790002488341120e+17 1.487343182413043653e+43 0.000000000000000000e+00
-2.830249087205376000e+15 -6.908604353292800226e+01 2.985955202389301120e+17 1.476566494499395369e+43 0.000000000000000000e+00
-2.935906453159936000e+15 -6.938727774361288425e+01 4.627843566945774080e+17 1.465944841871804425e+43 0.000000000000000000e+00
-2.854013507600384000e+15 -7.539774545572689135e+01 3.856678037501383040e+17 1.455474903056474310e+43 0.000000000000000000e+00
-2.209467414020096000e+15 -6.715447862871729967e+01 4.120418298510913920e+17 1.445153450780695422e+43 0.000000000000000000e+00
-2.775971856908288000e+15 -7.617506738706136105e+01 4.057341064719345280e+17 1.434977348656965223e+43 0.000000000000000000e+00
-1.980691701432320000e+15 -6.998036927532159268e+01 3.918456756260160640e+17 1.424943548006180325e+43 0.000000000000000000e+00
-2.265228744720384000e+15 -7.280392848428334673e+01 2.857849350487700800e+17 1.415049084813150251e+43 0.000000000000000000e+00
-2.664480047235072000e+15 -7.259693145682435045e+01 5.378964240038484480e+17 1.405291076808044104e+43 0.000000000000000000e+00
-2.500843918524416000e+15 -6.803241489521676044e+01 4.506844804194640640e+17 1.395666720667733478e+43 0.000000000000000000e+00
-2.489206313320448000e+15 -7.227123571789506684e+01 4.055104966233225600e+17 1.386173289331328389e+43 0.000000000000000000e+00
-2.278611726893056000e+15 -6.639651796719944343e+01 5.327112660799727360e+17 1.376808129424503136e+43 0.000000000000000000e+00
-2.384320523403264000e+15 -7.727671265033184511e+01 3.907413256413380480e+17 1.367568658787508312e+43 0.000000000000000000e+00
-2.108475381186560000e+15 -7.104830667497584784e+01 3.043103477426533760e+17 1.358452364102025878e+43 0.000000000000000000e+00
-1.723574089482240000e+15 -6.245124026186039856e+01 4.838780773578209920e+17 1.349456798612291894e+43 0.000000000000000000e+00
-2.175561174417408000e+15 -7.391006578748974221e+01 4.208783000562791680e+17 1.340579579936145933e+43 0.000000000000000000e+00
-1.999935417942016000e+15 -7.228630606476063747e+01 2.903598067334436480e+17 1.331818387961892026e+43 0.000000000000000000e+00
-1.402376598945792000e+15 -5.996792273091283221e+01 4.268265918837214720e+17 1.323170962827077320e+43 0.000000000000000000e+00
-1.885830683426816000e+15 -7.247568485585235010e+01 2.625289978088178560e+17 1.314635102975482540e+43 0.000000000000000000e+00
-1.451152987455488000e+15 -6.004399233709352757e+01 5.169150742868476800e+17 1.306208663288825609e+43 0.000000000000000000e+00
-1.824369563566080000e+15 -7.104349750821347698e+01 3.182991520823687680e+17 1.297889553289839442e+43 0.000000000000000000e+00
-1.747744604356608000e+15 -7.073348446781338339e+01 3.264622958650255360e+17 1.289675735413567657e+43 0.000000000000000000e+00
-1.981383053541376000e+15 -7.238628824953426033e+01 2.331876961334217920e+17 1.281565223343875718e+43 0.000000000000000000e+00
-1.694318467088384000e+15 -7.215444664264965979e+01 3.633353694977880960e+17 1.273556080412325779e+43 0.000000000000000000e+00
-5.074570826874880000e+14 -5.056212489210340522e+01 7.160171601622183680e+17 1.265646418056699441e+43 0.000000000000000000e+00
-1.790699925831680000e+15 -7.105716035624978133e+01 2.755125990768842880e+17 1.257834394336599700e+43 0.000000000000000000e+00
-1.597972467679232000e+15 -7.174870606908132231e+01 3.282613870562264320e+17 1.250118212503676741e+43 0.000000000000000000e+00
-1.665564651159552000e+15 -6.842979067073902399e+01 3.132168783819309440e+17 1.242496119624147801e+43 0.000000000000000000e+00
-1.618879844974592000e+15 -7.078552567996217704e+01 2.890928668490426880e+17 1.234966405251393673e+43 0.000000000000000000e+00
-1.187214764212224000e+15 -6.034822272282445255e+01 3.630771255596380800e+17 1.227527400146518958e+43 0.000000000000000000e+00
-1.185619303956480000e+15 -6.224862053831499509e+01 3.560604903469654400e+17 1.220177475044871086e+43 0.000000000000000000e+00
-1.608426315087872000e+15 -7.192918852570105059e+01 2.901968949997373440e+17 1.212915039466598059e+43 0.000000000000000000e+00
-2.229354945576960000e+14 -4.772958933775654344e+01 5.969456523134551040e+17 1.205738540569425160e+43 0.000000000000000000e+00
-1.066368221741056000e+15 -6.100408212199185698e+01 3.391680178575403520e+17 1.198646462041908326e+43 0.000000000000000000e+00
-1.452241018224640000e+15 -6.822479620485157170e+01 2.669142864638655360e+17 1.191637323035517256e+43 0.000000000000000000e+00
-1.010932069695488000e+15 -6.423997270770279044e+01 3.644745167241308800e+17 1.184709677133953518e+43 0.000000000000000000e+00
-1.341321623699456000e+15 -7.428224746823377700e+01 3.024579400082216960e+17 1.177862111358214920e+43 0.000000000000000000e+00
-1.264597735342080000e+15 -6.562389813720358234e+01 1.803607173488864640e+17 1.171093245205951319e+43 0.000000000000000000e+00
-9.471636306984960000e+14 -6.234743212388749356e+01 3.377354560572874880e+17 1.164401729723755573e+43 0.000000000000000000e+00
-1.395191304224768000e+15 -7.162018897940633622e+01 2.728442139527621120e+17 1.157786246611066530e+43 0.000000000000000000e+00
-2.081153101201408000e+15 -8.614546754520668514e+01 3.359073133016490240e+17 1.151245507354448840e+43 0.000000000000000000e+00
-1.175117925875712000e+15 -6.209496634937757165e+01 2.657687479185251520e+17 1.144778252391039868e+43 0.000000000000000000e+00
-1.499442997690368000e+15 -7.187445773083464928e+01 3.101188427460851200e+17 1.138383250300037442e+43 0.000000000000000000e+00
-1.468236655755264000e+15 -7.533523120171290088e+01 3.384342740100611200e+17 1.132059297021125659e+43 0.000000000000000000e+00
-1.221875593412608000e+15 -6.721734927782662794e+01 3.262260756717009920e+17 1.125805215098808069e+43 0.000000000000000000e+00
-7.879117813514240000e+14 -6.053904609136573356e+01 3.041960017803420800e+17 1.119619852951645965e+43 0.000000000000000000e+00
-7.735111690158080000e+14 -6.115149704953167742e+01 3.242172546212510720e+17 1.113502084165450091e+43 0.000000000000000000e+00
-1.066552071880704000e+15 -6.754899230694734058e+01 2.789518950453754560e+17 1.107450806809515346e+43 0.000000000000000000e+00
-6.892422785269760000e+14 -5.809648894620136161e+01 3.441083380633854720e+17 1.101464942775028123e+43 0.000000000000000000e+00
-1.260290987294720000e+15 -6.827945316026469413e+01 2.040693651172103360e+17 1.095543437134809538e+43 0.000000000000000000e+00
-1.668557857456128000e+15 -7.883942587160430548e+01 2.793301887227212160e+17 1.089685257523596578e+43 0.000000000000000000e+00
-1.402723965796352000e+15 -7.550627972820348077e+01 2.744734026469480000e+17 1.083889393538100585e+43 0.000000000000000000e+00
-1.620069948063744000e+15 -7.807943515208674512e+01 2.763519370385282560e+17 1.078154856156103642e+43 0.000000000000000000e+00
-8.214788211671040000e+14 -6.146009446786325015e+01 3.087670251478069760e+17 1.072480677173898263e+43 0.000000000000000000e+00
-2.096861199073280000e+14 -5.235729340738429727e+01 4.506088606014631040e+17 1.066865908661393852e+43 0.000000000000000000e+00
-7.000633499975680000e+14 -6.327109849740925540e+01 3.066854081818673280e+17 1.061309622434248169e+43 0.000000000000000000e+00
1.058141312450560000e+14 -4.573733304830435031e+01 5.312105951076474240e+17 1.055810909542407459e+43 0.000000000000000000e+00
-9.121009109237760000e+14 -6.444141159770070715e+01 2.427903340881870400e+17 1.055810909542407459e+43 0.000000000000000000e+00
-4.036110003404800000e+14 -5.724771881615701119e+01 3.709158918395964160e+17 1.050368879774458404e+43 0.000000000000000000e+00
-6.387931839856640000e+14 -6.604087424675974205e+01 2.979719248331884160e+17 1.044982661177231876e+43 0.000000000000000000e+00
-7.314888161689600000e+14 -6.708169787582345123e+01 2.850671509292076160e+17 1.039651399590106235e+43 0.000000000000000000e+00
-1.299470837612544000e+15 -7.751009429962854824e+01 2.415629004503427520e+17 1.034374258193494447e+43 0.000000000000000000e+00
-1.103056896983040000e+15 -7.354618645387051856e+01 2.211091541512981440e+17 1.029150417071008712e+43 0.000000000000000000e+00
-9.466195706183680000e+14 -6.581539199333201395e+01 2.460713442212640000e+17 1.023979072784824618e+43 0.000000000000000000e+00
-2.638283036098560000e+14 -5.637561270527090329e+01 3.006572479731681280e+17 1.018859437963782596e+43 0.000000000000000000e+00
-6.415136322027520000e+14 -6.041848820329138903e+01 2.508542648217927040e+17 1.013790740903781612e+43 0.000000000000000000e+00
-1.088054821224448000e+15 -7.150715968842443715e+01 2.565446689045946240e+17 1.008772225180038898e+43 0.000000000000000000e+00
-4.175321830850560000e+14 -5.776940661636485430e+01 2.518778550568909120e+17 1.003803149270812501e+43 0.000000000000000000e+00
-1.236868848517120000e+15 -7.950628046643612379e+01 3.359543575632590080e+17 9.988827861921845867e+42 0.000000000000000000e+00
-1.368834796945408000e+15 -7.684564107998868110e+01 1.815937338395938880e+17 9.940104231435322477e+42 0.000000000000000000e+00
-8.191792340008960000e+14 -6.920148960449239439e+01 2.819782596297598400e+17 9.891853611633248364e+42 0.000000000000000000e+00
-8.486039239393280000e+14 -6.393450376611205854e+01 2.593924778032500480e+17 9.844069147948961241e+42 0.000000000000000000e+00
-1.254081810661376000e+15 -8.217203685178198214e+01 2.818265813886902400e+17 9.796744117618545657e+42 0.000000000000000000e+00
-9.197730752757760000e+14 -6.914284562998417982e+01 2.296850404762826880e+17 9.749871926528109204e+42 0.000000000000000000e+00
-1.095617515028480000e+15 -7.632362691031339352e+01 2.707128110398818880e+17 9.703446106151118853e+42 0.000000000000000000e+00
-7.912735009341440000e+14 -6.306354328265755527e+01 1.924654649566038720e+17 9.657460310572832579e+42 0.000000000000000000e+00
-1.155589797609472000e+15 -7.668082080041365600e+01 2.198625569303090240e+17 9.611908313598905935e+42 0.000000000000000000e+00
-1.230242872983552000e+15 -7.827299259810618537e+01 1.843996896768271040e+17 9.566784005945437770e+42 0.000000000000000000e+00
-4.929391612067840000e+14 -6.855224029666725016e+01 2.806227186669691520e+17 9.522081392507808338e+42 0.000000000000000000e+00
-6.042735207710720000e+14 -6.685160596731731175e+01 2.648745175500832000e+17 9.477794589705687869e+42 0.000000000000000000e+00
-8.051503984476160000e+14 -6.808430569539321198e+01 2.397434330186746560e+17 9.433917822901821410e+42 0.000000000000000000e+00
-2.890914700328960000e+14 -5.443493317861296532e+01 2.908054294135774720e+17 9.390445423892138818e+42 0.000000000000000000e+00
-9.657927659683840000e+14 -7.353679773480479298e+01 2.038175510252570240e+17 9.347371828464959142e+42 0.000000000000000000e+00
-8.200189844193280000e+14 -6.712553303335330668e+01 1.424662807281594720e+17 9.304691574027048716e+42 0.000000000000000000e+00
-3.507250778275840000e+14 -5.653522508700172011e+01 3.470848644115678080e+17 9.262399297294393806e+42 0.000000000000000000e+00
-9.193185397964800000e+14 -7.184066057069924227e+01 2.193853938510305600e+17 9.220489732045687302e+42 0.000000000000000000e+00
-6.093876897710080000e+14 -6.243370405369113740e+01 2.495735088852260800e+17 9.178957706936514080e+42 0.000000000000000000e+00
-1.315700105216000000e+14 -4.921619439366361348e+01 3.584740731256718720e+17 9.137798143372315002e+42 0.000000000000000000e+00
-5.381783341629440000e+14 -6.613489493125473473e+01 2.775563260311709760e+17 9.097006053438358052e+42 0.000000000000000000e+00
-7.519848397864960000e+14 -7.108653989199140710e+01 2.188238636640284160e+17 9.056576537884867126e+42 0.000000000000000000e+00
-6.672201013329920000e+14 -6.402491451923123122e+01 3.016793509274129920e+17 9.016504784165649641e+42 0.000000000000000000e+00
-4.431966371512320000e+14 -6.098428015720660511e+01 1.972463832618748160e+17 8.976786064528562885e+42 0.000000000000000000e+00
-9.422262260858880000e+14 -7.392513907434206999e+01 2.557399997646042560e+17 8.937415734156219683e+42 0.000000000000000000e+00
-9.782266726973440000e+14 -7.769122030192656325e+01 1.900632607384127680e+17 8.898389229355393391e+42 0.000000000000000000e+00
-3.269127378698240000e+14 -5.929524989757963738e+01 2.713087476090231360e+17 8.859702065793667628e+42 0.000000000000000000e+00
-3.465970609356800000e+14 -5.739859997471277353e+01 2.163089391154395520e+17 8.821349836781866278e+42 0.000000000000000000e+00
-5.601425703895040000e+14 -6.451905446039434366e+01 1.566396923166246400e+17 8.783328211600899531e+42 0.000000000000000000e+00
-9.468702102978560000e+14 -7.589284259219719786e+01 2.012819265643081600e+17 8.745632933871703861e+42 0.000000000000000000e+00
-1.019844325179392000e+15 -7.640711146530085784e+01 2.080119756149217600e+17 8.708259819966945153e+42 0.000000000000000000e+00
-7.319154868551680000e+14 -7.369634432901447951e+01 1.834988991793831040e+17 8.671204757463299020e+42 0.000000000000000000e+00
-4.370380667944960000e+14 -6.221679876853343671e+01 2.272431815561088640e+17 8.634463703633053051e+42 0.000000000000000000e+00
-1.410038371450880000e+14 -5.141160984061745864e+01 2.991142491447275520e+17 8.598032683973900752e+42 0.000000000000000000e+00
-1.261399105503232000e+15 -8.699622906398296607e+01 2.414960359145308160e+17 8.561907790775788263e+42 0.000000000000000000e+00
-6.591772848291840000e+14 -6.772267509518738393e+01 1.760016867345922560e+17 8.526085181723750469e+42 0.000000000000000000e+00
-6.185182019584000000e+14 -6.979300798361941816e+01 3.056260184799894400e+17 8.490561078535654552e+42 0.000000000000000000e+00
-5.807782693109760000e+14 -6.880362902831910787e+01 2.118889305812002560e+17 8.455331765633855661e+42 0.000000000000000000e+00
-7.538908898590720000e+14 -7.504715737656931651e+01 2.032609445490026560e+17 8.420393588849796649e+42 0.000000000000000000e+00
-7.283630585937920000e+14 -7.363707726480238591e+01 2.226915149548824320e+17 8.385742954160575137e+42 0.000000000000000000e+00
-8.419091437977600000e+14 -7.767050136332041177e+01 2.196499325707172160e+17 8.351376326456585344e+42 0.000000000000000000e+00
-1.039236239753216000e+15 -8.271816661187446584e+01 2.634166753865269120e+17 8.317290228339321091e+42 0.000000000000000000e+00
-9.173377187184640000e+14 -7.807721874690935238e+01 1.613947567220455680e+17 8.283481238948517984e+42 0.000000000000000000e+00
-4.090558254284800000e+14 -6.076598500596510632e+01 1.948961977911118080e+17 8.249945992817760789e+42 0.000000000000000000e+00
-5.857902267596800000e+14 -6.724320817912918358e+01 2.110004980131168000e+17 8.216681178757800857e+42 0.000000000000000000e+00
-3.557203976519680000e+14 -5.756226071528994481e+01 2.473576384660320640e+17 8.183683538766739326e+42 0.000000000000000000e+00
-4.742164088094720000e+14 -6.190906869480059527e+01 2.363032968033816640e+17 8.150949866966412558e+42 0.000000000000000000e+00
-3.365738720133120000e+14 -6.458980578753006796e+01 2.313347255856169920e+17 8.118477008564150399e+42 0.000000000000000000e+00
-7.783999032852480000e+14 -7.539773199753035726e+01 1.310802748152332480e+17 8.086261858839293237e+42 0.000000000000000000e+00
-5.637522880266240000e+14 -6.505253930855805322e+01 1.972706760383812800e+17 8.054301362153710243e+42 0.000000000000000000e+00
-7.165436542976000000e+13 -5.054880044439146047e+01 2.621198082435338240e+17 8.022592510985709725e+42 0.000000000000000000e+00
-8.210217718579200000e+14 -8.195686630730963884e+01 2.536068461807566720e+17 7.991132344986658256e+42 0.000000000000000000e+00
-2.768936875786240000e+14 -6.490816693479023058e+01 2.008358481592295680e+17 7.959917950059732933e+42 0.000000000000000000e+00
-2.094085245829120000e+14 -5.356998203760552002e+01 2.834944428938443520e+17 7.928946457460159321e+42 0.000000000000000000e+00
-7.187916051906560000e+14 -7.329370365322016312e+01 1.620998948382767040e+17 7.898215042916379248e+42 0.000000000000000000e+00
-8.981959412940800000e+13 -4.765599739987024464e+01 2.995118464431239680e+17 7.867720925771571578e+42 0.000000000000000000e+00
-2.728350242570240000e+14 -5.859576824606627099e+01 2.475649242808335680e+17 7.837461368144987444e+42 0.000000000000000000e+00
-9.935355369553920000e+14 -8.402637435936952670e+01 2.022462069717354560e+17 7.807433674112557740e+42 0.000000000000000000e+00
-7.803316802027520000e+14 -7.924970666261467045e+01 3.576997927227733760e+17 7.777635188906266540e+42 0.000000000000000000e+00
-3.600130089943040000e+14 -6.058830908588300446e+01 1.714531163360725760e+17 7.748063298131791563e+42 0.000000000000000000e+00
-1.002548414054400000e+14 -4.559377713695750600e+01 3.566597387275808640e+17 7.718715427003911550e+42 0.000000000000000000e+00
-5.664478812569600000e+14 -7.307652456395389606e+01 1.932179373276893120e+17 7.689589039599238620e+42 0.000000000000000000e+00
-1.016766120296448000e+15 -8.713463902724629406e+01 2.474418307099372800e+17 7.660681638125789077e+42 0.000000000000000000e+00
-1.914844345139200000e+14 -5.589140068081497503e+01 1.973971286205235840e+17 7.631990762208977971e+42 0.000000000000000000e+00
-8.746112555417600000e+13 -5.177514015033107597e+01 2.619087926559520960e+17 7.603513988193597945e+42 0.000000000000000000e+00
-3.824034975907840000e+14 -6.827210405344548860e+01 2.415057220466234560e+17 7.575248928461355265e+42 0.000000000000000000e+00
-1.105218300477440000e+14 -5.874817800065188322e+01 2.342559872471112960e+17 7.547193230763576818e+42 0.000000000000000000e+00
-4.866375688847360000e+14 -7.192277070897426938e+01 2.394274147173075840e+17 7.519344577568699340e+42 0.000000000000000000e+00
-5.800554165043200000e+14 -7.372416520044288291e+01 1.648443192344527680e+17 7.491700685424123704e+42 0.000000000000000000e+00
-6.037511595622400000e+13 -4.466255728360198418e+01 3.281067931349506560e+17 7.464259304332127263e+42 0.000000000000000000e+00
1.675521365770240000e+14 -3.794018025365716795e+01 4.641719350749672960e+17 7.437018217139408373e+42 0.000000000000000000e+00
-1.945443956162560000e+14 -5.456696947476902437e+01 1.622220062778537600e+17 7.437018217139408373e+42 0.000000000000000000e+00
-5.022640496967680000e+14 -7.143628701704615480e+01 1.605408073590011520e+17 7.409975238939980879e+42 0.000000000000000000e+00
-4.296559665807360000e+14 -6.890217737794266384e+01 1.640563244689971200e+17 7.383128216491013725e+42 0.000000000000000000e+00
-7.698616396021760000e+14 -7.637867859832043393e+01 2.261171311656717440e+17 7.356475027641354505e+42 0.000000000000000000e+00
-4.913096523776000000e+14 -6.942349480584307742e+01 2.164458726726199040e+17 7.330013580772364332e+42 0.000000000000000000e+00
-6.321263968911360000e+14 -7.597548890014192580e+01 1.615695757997034240e+17 7.303741814250784232e+42 0.000000000000000000e+00
-3.591528839249920000e+14 -6.514409172887587829e+01 1.353421336212443360e+17 7.277657695893328561e+42 0.000000000000000000e+00
-2.190047202181120000e+14 -5.479793477823052683e+01 1.886158646161556160e+17 7.251759222442699644e+42 0.000000000000000000e+00
-3.657984078315520000e+14 -6.164209260406630619e+01 1.529004895276726400e+17 7.226044419054755022e+42 0.000000000000000000e+00
-5.650545524080640000e+14 -7.299970628828359054e+01 2.121424905333595840e+17 7.200511338796557428e+42 0.000000000000000000e+00
-2.372523132518400000e+14 -5.401398109630657984e+01 2.510094855545545600e+17 7.175158062155006675e+42 0.000000000000000000e+00
-1.886409491087360000e+14 -5.165920725284785675e+01 1.853673147973638720e+17 7.149982696555834341e+42 0.000000000000000000e+00
-5.339611638988800000e+14 -7.205804100916395782e+01 1.835813614602596480e+17 7.124983375892671568e+42 0.000000000000000000e+00
-9.746510073036800000e+13 -4.999126365004914163e+01 2.415612279585185600e+17 7.100158260065983251e+42 0.000000000000000000e+00
-4.377441738752000000e+14 -6.526021561232239776e+01 2.153948707312434560e+17 7.075505534531585111e+42 0.000000000000000000e+00
-2.826823929036800000e+14 -6.181314097714269451e+01 1.931511284445304320e+17 7.051023409858545599e+42 0.000000000000000000e+00
-1.820560281763840000e+14 -5.701273089300176622e+01 1.778209235578945600e+17 7.026710121296223795e+42 0.000000000000000000e+00
6.852791163289600000e+13 -4.028419416132558695e+01 3.665334112123565440e+17 7.002563928350261324e+42 0.000000000000000000e+00
-4.051303540654080000e+14 -6.557033361898915302e+01 1.905756422303216640e+17 7.002563928350261324e+42 0.000000000000000000e+00
-1.559125882634240000e+14 -5.254130601156567337e+01 1.932212091965419200e+17 6.978583114367236149e+42 0.000000000000000000e+00
-1.501885451468800000e+14 -5.543224950498361636e+01 2.245512374491467520e+17 6.954765986127871751e+42 0.000000000000000000e+00
-2.998710422405120000e+14 -6.235498995172740422e+01 1.779157453937286080e+17 6.931110873448517003e+42 0.000000000000000000e+00
-5.107361508229120000e+14 -7.319414635818348813e+01 1.451367954529724160e+17 6.907616128790744444e+42 0.000000000000000000e+00
-5.192048397189120000e+14 -7.703998825402851480e+01 1.747669883347731200e+17 6.884280126878846614e+42 0.000000000000000000e+00
-4.197318861783040000e+14 -7.074388342393443452e+01 1.621819225043265600e+17 6.861101264325083133e+42 0.000000000000000000e+00
-2.156869510430720000e+14 -5.850973027691518524e+01 1.865886203064942080e+17 6.838077959262450737e+42 0.000000000000000000e+00
-5.131761762304000000e+13 -5.016952499715543468e+01 2.415486832102321600e+17 6.815208650984826494e+42 0.000000000000000000e+00
-5.594388063846400000e+14 -8.249569648247621956e+01 1.944126997503434560e+17 6.792491799594314579e+42 0.000000000000000000e+00
-3.776165820825600000e+14 -6.708469664301941293e+01 1.553290235122540160e+17 6.769925885655625802e+42 0.000000000000000000e+00
-3.290403011297280000e+14 -6.911636102158762185e+01 1.862158628611150400e+17 6.747509409857300456e+42 0.000000000000000000e+00
-3.061893105254400000e+14 -6.844130693397204368e+01 2.321761534028825920e+17 6.725240892679664327e+42 0.000000000000000000e+00
-9.757239351705600000e+13 -5.193855482691483161e+01 1.962798475114084160e+17 6.703118874069328456e+42 0.000000000000000000e+00
2.038351079014400000e+13 -4.511506182974941481e+01 2.602802441347218240e+17 6.681141913120087808e+42 0.000000000000000000e+00
-3.541997089259520000e+14 -6.634796519695096606e+01 1.493787369351554560e+17 6.681141913120087808e+42 0.000000000000000000e+00
1.508446343659520000e+14 -4.076200190222051845e+01 4.055912807211509760e+17 6.659308587760076494e+42 0.000000000000000000e+00
-2.449014636544000000e+14 -5.959903066952255557e+01 1.280985191937289440e+17 6.659308587760076494e+42 0.000000000000000000e+00
-1.264132079452160000e+14 -5.923602994707946579e+01 2.230325119167087360e+17 6.637617494445040893e+42 0.000000000000000000e+00
-4.402042226442240000e+14 -7.277733460893878714e+01 2.021814591074711040e+17 6.616067247857599449e+42 0.000000000000000000e+00
-1.651040063979520000e+14 -5.309197938006327888e+01 2.048364776392136000e+17 6.594656480612305932e+42 0.000000000000000000e+00
-2.574579652034560000e+14 -6.794933979919514400e+01 1.585822732704068160e+17 6.573383842966461696e+42 0.000000000000000000e+00
3.490586804224000000e+13 -3.983687598352108239e+01 3.440251327176994560e+17 6.552248002536480091e+42 0.000000000000000000e+00
4.354134071705600000e+13 -4.413745240500472988e+01 2.685603809723960960e+17 6.552248002536480091e+42 0.000000000000000000e+00
-4.571988242268160000e+14 -7.274369877000529527e+01 1.144751168386123360e+17 6.552248002536480091e+42 0.000000000000000000e+00
-2.131262593269760000e+14 -5.950333780205155421e+01 1.564068574721816960e+17 6.531247644019712674e+42 0.000000000000000000e+00
-1.418275095347200000e+14 -5.210201406302434179e+01 1.824917552501104640e+17 6.510381468921613411e+42 0.000000000000000000e+00
-2.873952990658560000e+14 -6.449497872127091114e+01 1.486649418416063360e+17 6.489648195288107188e+42 0.000000000000000000e+00
-3.604475248967680000e+14 -7.057570209649330195e+01 2.226375183136414720e+17 6.469046557443054905e+42 0.000000000000000000e+00
-3.569664049643520000e+14 -7.046370152638792206e+01 1.373349716744470080e+17 6.448575305730717393e+42 0.000000000000000000e+00
-7.772827818393600000e+13 -5.079644503049195947e+01 2.455042706571797440e+17 6.428233206263070799e+42 0.000000000000000000e+00
-4.004945572167680000e+14 -6.928998345708947681e+01 1.362716303069216640e+17 6.408019040671916524e+42 0.000000000000000000e+00
-1.256650209361920000e+14 -5.671106533192313037e+01 1.642242355694393920e+17 6.387931605865622291e+42 0.000000000000000000e+00
-8.842266083328000000e+12 -4.527807333091829634e+01 2.530367714662175360e+17 6.367969713790451021e+42 0.000000000000000000e+00
-1.097602393374720000e+14 -5.743456501962762673e+01 1.939362989565628160e+17 6.348132191196338860e+42 0.000000000000000000e+00
-3.186077190717440000e+14 -6.639543003328968496e+01 1.331798650555614560e+17 6.328417879407032000e+42 0.000000000000000000e+00
-4.138377211576320000e+14 -7.203619723007287234e+01 1.468697193790760000e+17 6.308825634094508004e+42 0.000000000000000000e+00
-4.158660308828160000e+14 -7.444412083932903101e+01 1.332680308398961600e+17 6.289354325057557854e+42 0.000000000000000000e+00
-6.816748707512320000e+14 -8.420117184764346518e+01 1.455947771261583680e+17 6.270002836004464338e+42 0.000000000000000000e+00
-1.321013699051520000e+14 -5.411104673787250618e+01 1.444424620640689920e+17 6.250770064339690125e+42 0.000000000000000000e+00
-6.043299302604800000e+13 -5.184976710128026411e+01 1.645671267708164800e+17 6.231654920954445543e+42 0.000000000000000000e+00
-4.329868320768000000e+13 -4.515400509515998806e+01 2.296713690059098560e+17 6.212656330021132356e+42 0.000000000000000000e+00
-4.628669254205440000e+14 -7.641177718738057933e+01 1.720495513622865280e+17 6.193773228791497633e+42 0.000000000000000000e+00
-2.189361325015040000e+14 -6.830492283744189308e+01 1.559412786544375680e+17 6.175004567398485357e+42 0.000000000000000000e+00
-2.996412825927680000e+14 -7.036316531650973616e+01 1.558916634332451840e+17 6.156349308661657007e+42 0.000000000000000000e+00
-1.830461463101440000e+14 -5.813749017608134295e+01 1.231476040452091040e+17 6.137806427896143986e+42 0.000000000000000000e+00
-2.670149211095040000e+14 -6.741404543814721251e+01 1.660481729656178240e+17 6.119374912725035330e+42 0.000000000000000000e+00
-2.349400608112640000e+14 -6.334614402509053832e+01 1.260741064760424160e+17 6.101053762895141289e+42 0.000000000000000000e+00
-1.960268660899840000e+14 -6.222270367423196546e+01 1.935003658153216320e+17 6.082841990096043621e+42 0.000000000000000000e+00
1.621767145062400000e+13 -4.751857312506674447e+01 1.981487860625442880e+17 6.064738617782394261e+42 0.000000000000000000e+00
-2.598657877770240000e+14 -6.837376208061733962e+01 1.468563877990016320e+17 6.064738617782394261e+42 0.000000000000000000e+00
-5.798347479449600000e+13 -5.622354567989666663e+01 1.992809343290243840e+17 6.046742680999363291e+42 0.000000000000000000e+00
-8.768425528524800000e+13 -5.168804773196435320e+01 1.496515659903415360e+17 6.028853226211192917e+42 0.000000000000000000e+00
-2.294460929310720000e+14 -6.277181056607251719e+01 1.524355605581869440e+17 6.011069311132785626e+42 0.000000000000000000e+00
-2.944684578242560000e+14 -6.786405461987678223e+01 1.737747908687759040e+17 5.993390004564254740e+42 0.000000000000000000e+00
-4.935314174443520000e+14 -8.132727672151793286e+01 1.388642823605939360e+17 5.975814386228406408e+42 0.000000000000000000e+00
-6.410787815424000000e+12 -4.367276693083724837e+01 2.258410514085213440e+17 5.958341546611042867e+42 0.000000000000000000e+00
-1.260033887436800000e+14 -5.355601698588036896e+01 1.362735610834807200e+17 5.940970586804091914e+42 0.000000000000000000e+00
-2.278890169630720000e+14 -6.886990200778471660e+01 1.636662841862868800e+17 5.923700618351440051e+42 0.000000000000000000e+00
-2.847796106690560000e+14 -7.549080360596524031e+01 2.059635595245242560e+17 5.906530763097481653e+42 0.000000000000000000e+00
-2.717599448268800000e+14 -6.449237845818774417e+01 1.107290732127051040e+17 5.889460153038255449e+42 0.000000000000000000e+00
-1.448817431838720000e+14 -5.847120255830144941e+01 1.291727634228359040e+17 5.872487930175193040e+42 0.000000000000000000e+00
-3.759665984471040000e+14 -7.282961452293734794e+01 1.328900536547565120e+17 5.855613246371354455e+42 0.000000000000000000e+00
-2.054408000143360000e+14 -6.623197783706162056e+01 1.335325564607404320e+17 5.838835263210161853e+42 0.000000000000000000e+00
-3.403212415959040000e+14 -7.237972021549151691e+01 1.664443098359001600e+17 5.822153151856538557e+42 0.000000000000000000e+00
-3.294167786127360000e+14 -6.968840998576845891e+01 1.469103602300838400e+17 5.805566092920433588e+42 0.000000000000000000e+00
-4.989023392563200000e+13 -4.785104011545682567e+01 1.677967925526992320e+17 5.789073276322659915e+42 0.000000000000000000e+00
-5.952257880883200000e+14 -8.397328450254128995e+01 1.303236547576280640e+17 5.772673901163021658e+42 0.000000000000000000e+00
-1.254114189148160000e+14 -5.421005508910626958e+01 1.101897386176908160e+17 5.756367175590670809e+42 0.000000000000000000e+00
-1.659798873210880000e+14 -5.888509176930678990e+01 1.297755565922071200e+17 5.740152316676665027e+42 0.000000000000000000e+00
-4.250351237693440000e+14 -8.138996546031931700e+01 1.714140663071439680e+17 5.724028550288655914e+42 0.000000000000000000e+00
-3.718741894430720000e+14 -7.213797328537398812e+01 1.176443650892662720e+17 5.707995110967701607e+42 0.000000000000000000e+00
-1.711979364352000000e+13 -4.063579443142124603e+01 2.723919957856157760e+17 5.692051241807135577e+42 0.000000000000000000e+00
-1.692122690027520000e+14 -6.362716216179813244e+01 1.864188472524276160e+17 5.676196194333453280e+42 0.000000000000000000e+00
-1.894690702622720000e+14 -7.084069890726644303e+01 1.672570678025627200e+17 5.660429228389193127e+42 0.000000000000000000e+00
9.340462548582400000e+13 -3.543514360912648442e+01 3.448872850952494080e+17 5.644749612017767204e+42 0.000000000000000000e+00
-1.456421120409600000e+14 -5.694493209091603347e+01 1.022962492778879360e+17 5.644749612017767204e+42 0.000000000000000000e+00
-8.735354825932800000e+13 -4.762790401775663440e+01 1.891392364550495360e+17 5.629156621350184811e+42 0.000000000000000000e+00
-1.268742946652160000e+14 -5.419694580706733689e+01 1.360390093369104000e+17 5.613649540493668804e+42 0.000000000000000000e+00
-5.178080440320000000e+14 -8.199272173709317713e+01 1.701073386254423680e+17 5.598227661422090474e+42 0.000000000000000000e+00
-4.970311321354240000e+14 -7.959288352558074564e+01 1.050243412884777600e+17 5.582890283868209347e+42 0.000000000000000000e+00
-2.582887604224000000e+13 -5.239531410276939027e+01 1.617805339188447040e+17 5.567636715217693749e+42 0.000000000000000000e+00
-2.932556194119680000e+14 -7.099267998774959665e+01 1.365617273062748000e+17 5.552466270404850979e+42 0.000000000000000000e+00
-1.561116553216000000e+14 -6.325330429291506107e+01 1.615603987038596480e+17 5.537378271810074496e+42 0.000000000000000000e+00
-6.746733586022400000e+13 -5.354337463053759194e+01 1.329029576029067200e+17 5.522372049158952427e+42 0.000000000000000000e+00
-2.492664201707520000e+14 -7.019475323653874455e+01 1.440887300218398240e+17 5.507446939423014485e+42 0.000000000000000000e+00
-3.879541186560000000e+13 -5.157331687306324142e+01 1.635718336217127040e+17 5.492602286722074594e+42 0.000000000000000000e+00
-5.208250949632000000e+13 -5.860147906093185810e+01 1.781055412098211520e+17 5.477837442228164265e+42 0.000000000000000000e+00
-1.428075514265600000e+14 -5.882824250799749422e+01 1.819637880820183360e+17 5.463151764071004114e+42 0.000000000000000000e+00
-4.009680724787200000e+14 -7.781866019469318019e+01 1.356672683775539680e+17 5.448544617244979478e+42 0.000000000000000000e+00
-2.135355483422720000e+14 -6.380663009434552890e+01 1.489274493132615360e+17 5.434015373517627554e+42 0.000000000000000000e+00
-1.267239107624960000e+14 -6.301970526489031243e+01 1.436181764929665440e+17 5.419563411339566735e+42 0.000000000000000000e+00
-1.330873797181440000e+14 -5.902769305649677989e+01 9.985718762080785600e+16 5.405188115755868156e+42 0.000000000000000000e+00
-3.035035184332800000e+13 -5.069163193498602737e+01 1.311597253521569600e+17 5.390888878318826721e+42 0.000000000000000000e+00
-2.283723010703360000e+14 -6.574654561660618413e+01 9.714542463977248000e+16 5.376665097002122959e+42 0.000000000000000000e+00
-2.087200192593920000e+14 -6.761293504894300099e+01 1.085342614933350720e+17 5.362516176116333621e+42 0.000000000000000000e+00
-9.807505106534400000e+13 -5.579291020468516393e+01 1.653979378880168640e+17 5.348441526225771194e+42 0.000000000000000000e+00
-3.380840871362560000e+14 -7.334700698852356027e+01 1.414807529828094080e+17 5.334440564066631313e+42 0.000000000000000000e+00
-2.042882226913280000e+14 -6.443341977207339255e+01 9.138113956724636800e+16 5.320512712466428236e+42 0.000000000000000000e+00
-4.302963546521600000e+13 -4.847659942182494319e+01 1.541312252819326720e+17 5.306657400264683124e+42 0.000000000000000000e+00
-1.072326438912000000e+14 -5.767628140240348245e+01 1.612032205829333440e+17 5.292874062234842830e+42 0.000000000000000000e+00
-2.936836460544000000e+14 -7.310535655303849012e+01 1.517113514043592320e+17 5.279162139007427342e+42 0.000000000000000000e+00
-2.189124775936000000e+14 -7.052641622071250538e+01 1.649167097360770560e+17 5.265521076994354507e+42 0.000000000000000000e+00
-9.201930226892800000e+13 -5.391423676297583256e+01 1.091349878178936320e+17 5.251950328314443900e+42 0.000000000000000000e+00
-7.608295558348800000e+13 -4.988149813044813641e+01 1.597251823476457280e+17 5.238449350720060203e+42 0.000000000000000000e+00
-1.094104854200320000e+14 -6.135480070238186556e+01 1.301667295305743200e+17 5.225017607524902314e+42 0.000000000000000000e+00
-3.108661846016000000e+13 -5.093638415598857705e+01 1.437527078666083040e+17 5.211654567532878114e+42 0.000000000000000000e+00
-2.812086788915200000e+14 -7.267657591266298311e+01 1.323181824445641920e+17 5.198359704968083487e+42 0.000000000000000000e+00
-1.558122724065280000e+14 -5.774159504188641279e+01 1.192537684214416480e+17 5.185132499405850917e+42 0.000000000000000000e+00
-2.302675760250880000e+14 -6.668447512199311689e+01 1.271847434066082080e+17 5.171972435704831763e+42 0.000000000000000000e+00
-5.595280503603200000e+13 -5.305505168980079844e+01 1.033666846875788480e+17 5.158879003940132025e+42 0.000000000000000000e+00
-3.628626891898880000e+14 -7.618641152055194254e+01 1.268346289706850880e+17 5.145851699337448358e+42 0.000000000000000000e+00
-4.054559463342080000e+14 -8.010061736635869067e+01 1.160319157366653440e+17 5.132890022208195070e+42 0.000000000000000000e+00
-6.425681988812800000e+13 -5.558189740291125247e+01 1.330697055798826880e+17 5.119993477885622696e+42 0.000000000000000000e+00
-1.511088731422720000e+14 -6.118742430092460438e+01 9.289904351561619200e+16 5.107161576661890412e+42 0.000000000000000000e+00
-1.638154701864960000e+14 -6.310773741750542598e+01 8.918677805203076800e+16 5.094393833726076809e+42 0.000000000000000000e+00
-9.511946480844800000e+13 -5.418278821733457562e+01 1.172658171767536320e+17 5.081689769103124688e+42 0.000000000000000000e+00
-1.623437044449280000e+14 -6.419160220272756590e+01 1.002728103848334400e+17 5.069048907593703172e+42 0.000000000000000000e+00
-2.158013072998400000e+13 -5.674214862996623054e+01 1.550714492147238080e+17 5.056470778714945038e+42 0.000000000000000000e+00
-1.872744715878400000e+14 -6.488762931599889328e+01 1.312440003480764320e+17 5.043954916642087753e+42 0.000000000000000000e+00
-3.508535247667200000e+14 -8.183629898147682979e+01 1.392195190015354880e+17 5.031500860150964344e+42 0.000000000000000000e+00
-2.066843853455360000e+14 -6.634248051269216262e+01 9.030526650988001600e+16 5.019108152561345981e+42 0.000000000000000000e+00
-1.297793970831360000e+14 -6.429070214439897768e+01 1.242532456554157600e+17 5.006776341681123263e+42 0.000000000000000000e+00
-3.690947729817600000e+14 -7.972739126333117099e+01 1.049409512980054240e+17 4.994504979751309485e+42 0.000000000000000000e+00
-1.048678882344960000e+14 -5.925823405323836113e+01 1.804636655281331840e+17 4.982293623391841159e+42 0.000000000000000000e+00
-4.793176007147520000e+14 -8.461825976081351541e+01 1.062872010531785280e+17 4.970141833548188127e+42 0.000000000000000000e+00
1.293907866419200000e+13 -4.078155574279277573e+01 2.014438535945508480e+17 4.958049175438723161e+42 0.000000000000000000e+00
-2.976176076226560000e+14 -7.971734754801865108e+01 1.576461071742439040e+17 4.958049175438723161e+42 0.000000000000000000e+00
-2.739623559004160000e+14 -7.460785275885285728e+01 1.239818764289768160e+17 4.946015218502876419e+42 0.000000000000000000e+00
-1.223313504665600000e+14 -5.637059318563795074e+01 9.632194033479838400e+16 4.934039536350029562e+42 0.000000000000000000e+00
-3.704169472655360000e+14 -8.241993231208772386e+01 1.471508575635072640e+17 4.922121706709157595e+42 0.000000000000000000e+00
-1.323248100311040000e+14 -6.114477676141118678e+01 1.335563258262211360e+17 4.910261311379198607e+42 0.000000000000000000e+00
-1.242748736634880000e+14 -5.999843594318866735e+01 1.346536020274905120e+17 4.898457936180137816e+42 0.000000000000000000e+00
-1.045553829969920000e+14 -5.687701441243910949e+01 1.052521490352180800e+17 4.886711170904787942e+42 0.000000000000000000e+00
-1.359686980567040000e+14 -6.762204842586874065e+01 1.471143989148392640e+17 4.875020609271282639e+42 0.000000000000000000e+00
-3.936578971238400000e+13 -5.108961355866166798e+01 1.274304563853749280e+17 4.863385848876220469e+42 0.000000000000000000e+00
2.203111835238400000e+13 -4.179804187742443844e+01 2.021387430713351040e+17 4.851806491148512017e+42 0.000000000000000000e+00
