0.000000000000000000e+00 0.000000000000000000e+00 0.000000000000000000e+00 0.000000000000000000e+00 0.000000000000000000e+00
-1.026631683082559476e+02 -1.025089063719406539e+02 2.005509407304161829e-01 2.486906736786109686e+05 0.000000000000000000e+00
-9.960938863985485625e+01 -9.915338942514095777e+01 2.216297585470754505e-01 2.437919495360292494e+05 0.000000000000000000e+00
-9.764546305482974731e+01 -9.698938898022818478e+01 2.810434785333561503e-01 2.574373335868788417e+05 0.000000000000000000e+00
-1.054107620003154722e+02 -1.053266227355508278e+02 1.258099870348741156e-01 2.808184054757365375e+05 0.000000000000000000e+00
-1.079805557569858223e+02 -1.079827617640570168e+02 1.104291584146423061e-01 2.624116977109573781e+03 0.000000000000000000e+00
-1.026325587243043458e+02 -1.025909443803386552e+02 1.067690384892208272e-01 2.681679733192063868e+05 0.000000000000000000e+00
-1.081056352702594126e+02 -1.080449325797830511e+02 6.846550112632414364e-02 4.461375282092870475e+04 0.000000000000000000e+00
-1.026288852399840579e+02 -1.025906597285160160e+02 8.920531588396310441e-02 2.543920573377968103e+05 0.000000000000000000e+00
-1.081413663946964476e+02 -1.080364233683709330e+02 9.585020962758925012e-02 2.481609519777578826e+05 0.000000000000000000e+00
-1.029299124841678719e+02 -1.029765178240935342e+02 1.710866517181632296e-01 2.438930807160876575e+05 0.000000000000000000e+00
-1.054136252430878358e+02 -1.054181148921285569e+02 4.909059050237063460e-02 2.792724088744646451e+03 0.000000000000000000e+00
-1.080457986898456966e+02 -1.080900778143721794e+02 4.039015884376222915e-02 2.726968834851017618e+03 0.000000000000000000e+00
-1.081053483625327232e+02 -1.080320984139321183e+02 6.076178652383633361e-02 2.285877486135434592e+05 0.000000000000000000e+00
-1.081236978209139465e+02 -1.081256035455014768e+02 2.613556278160577770e-02 2.669858497212196653e+03 0.000000000000000000e+00
-9.994030803319022027e+01 -9.984969091298572152e+01 8.587249075427864919e-02 3.952299282115345704e+04 0.000000000000000000e+00
-1.053450046313287203e+02 -1.053335095518475413e+02 2.596797838856897828e-02 2.759750822983520266e+03 0.000000000000000000e+00
-1.080628135894262130e+02 -1.079890464230327325e+02 4.295099970396097644e-02 3.849480886835121055e+04 0.000000000000000000e+00
-9.870968282963515605e+01 -9.873726501219186957e+01 9.574416068156664517e-02 2.063385910078473389e+05 0.000000000000000000e+00
-1.053657541689843242e+02 -1.053305884696527528e+02 2.272657494816427565e-02 3.787770860041518608e+04 0.000000000000000000e+00
-1.024431281080963032e+02 -1.024104986346118693e+02 9.175874605059916589e-02 3.733802826919764630e+04 0.000000000000000000e+00
-9.988235353327419830e+01 -9.987170029559682405e+01 4.769796984553578700e-02 3.664194859274257760e+04 0.000000000000000000e+00
-9.823499050176988590e+01 -9.813914194790029910e+01 9.684208683685206764e-02 3.595108676853784709e+04 0.000000000000000000e+00
-1.080195241967835216e+02 -1.080448232281733567e+02 3.203189324218420897e-02 3.571267821020133852e+04 0.000000000000000000e+00
-1.026245003299458745e+02 -1.026036177243584007e+02 2.247815534736788065e-02 2.768437991375758884e+03 0.000000000000000000e+00
-1.010517106874501678e+02 -1.009558147369142063e+02 6.074516338302276414e-02 2.738571412168798815e+03 0.000000000000000000e+00
-1.053272806000860129e+02 -1.052775269449451372e+02 4.676572841950904502e-02 1.798451469343744393e+05 0.000000000000000000e+00
-9.710868681188577511e+01 -9.690345332751130059e+01 1.611467814946591914e-01 1.770774228544151701e+05 0.000000000000000000e+00
-1.053482246424459419e+02 -1.053309873378702974e+02 2.475942737162046756e-02 3.478548113119511981e+04 0.000000000000000000e+00
-1.080483114263614226e+02 -1.080663309427353198e+02 2.662078882115103545e-02 3.423941078804951394e+04 0.000000000000000000e+00
-1.020385953128252652e+02 -1.017391098906346940e+02 1.236585324199764024e-01 1.710149848253133823e+05 0.000000000000000000e+00
-1.053961778825263167e+02 -1.053828935012659258e+02 1.688383731097013729e-02 2.788669577906595350e+03 0.000000000000000000e+00
-1.014402318500997495e+02 -1.014168928116270365e+02 3.914844740051103000e-02 3.536483018703872949e+04 0.000000000000000000e+00
-1.052468394614802634e+02 -1.052072226061901290e+02 3.239581246001638215e-02 3.487571007910134358e+04 0.000000000000000000e+00
-1.025555865528750843e+02 -1.025207185733417958e+02 6.162108293223699657e-02 1.685858736645467579e+05 0.000000000000000000e+00
-1.081234295243288415e+02 -1.080568528101888006e+02 4.778864377615987119e-02 1.661487058268614637e+05 0.000000000000000000e+00
-1.080487668338046632e+02 -1.080493366915660260e+02 1.054926310579822925e-02 2.780541170641843564e+03 0.000000000000000000e+00
-1.053379429358057848e+02 -1.053396137436754287e+02 9.541263058666964864e-03 2.738199143277302028e+03 0.000000000000000000e+00
-9.982112322912583124e+01 -9.982691864208052834e+01 3.204012521475944203e-02 3.254135251692372913e+04 0.000000000000000000e+00
-1.025611969056252235e+02 -1.025368313460692491e+02 5.498786912283899070e-02 1.573583071345470962e+05 0.000000000000000000e+00
-1.026204616442257986e+02 -1.025917218765727199e+02 4.156636718304749373e-02 1.551829975520737935e+05 0.000000000000000000e+00
-1.027738330678134560e+02 -1.027474057944653936e+02 4.627594980068187175e-02 3.117181949747940234e+04 0.000000000000000000e+00
-1.052368069126980004e+02 -1.052289195163008486e+02 1.479917689743370790e-02 2.605111987513024360e+03 0.000000000000000000e+00
-1.018573574243227000e+02 -1.018524114390672395e+02 6.074456766142503211e-02 3.052370584589998180e+04 0.000000000000000000e+00
-1.108008239626676641e+02 -1.106986376112781443e+02 5.110913697640592085e-02 1.474139939785778988e+05 0.000000000000000000e+00
-1.033028813367010628e+02 -1.031711192218925675e+02 8.518774349647571797e-02 1.466054033239356650e+05 0.000000000000000000e+00
-1.080129939635508975e+02 -1.079453510040582103e+02 4.993685627029971486e-02 1.461766587306412112e+05 0.000000000000000000e+00
-9.720367147879761660e+01 -9.714310542290837702e+01 7.014155604673781574e-02 1.447809276859356905e+05 0.000000000000000000e+00
-1.025119250518738312e+02 -1.024964645614136174e+02 1.597228091679593620e-02 2.750892028929820754e+03 0.000000000000000000e+00
-1.081134258472801974e+02 -1.080620662451223097e+02 3.308292553185209622e-02 1.415471752327277500e+05 0.000000000000000000e+00
-1.080865259685627962e+02 -1.080402775549339651e+02 3.385245535155931990e-02 1.400797615956827940e+05 0.000000000000000000e+00
-1.080830062205995432e+02 -1.080407652339071376e+02 3.222533427489031321e-02 1.385911587900421873e+05 0.000000000000000000e+00
-1.025494842550853605e+02 -1.025571471031794175e+02 1.648173126347032835e-02 2.747157086530736706e+04 0.000000000000000000e+00
-9.809427889715681204e+01 -9.803968171195003833e+01 3.539767146140133935e-02 2.714636105747845068e+04 0.000000000000000000e+00
-9.985632332397617006e+01 -9.984744763217462094e+01 3.503986421230918802e-02 1.341316708914656192e+05 0.000000000000000000e+00
-1.025989270630255987e+02 -1.026063720704848947e+02 1.592990365962253241e-02 2.674586362276268846e+04 0.000000000000000000e+00
-9.980493860505785619e+01 -9.970007075546999431e+01 3.676357492425862822e-02 2.725050899790919630e+03 0.000000000000000000e+00
-1.080657221967812802e+02 -1.080786151656236882e+02 1.715889283210427635e-02 2.685478292103497006e+04 0.000000000000000000e+00
-9.971545956648969877e+01 -9.973607852953978181e+01 3.215942378751546898e-02 2.656863844189342126e+04 0.000000000000000000e+00
-1.025948883809711560e+02 -1.025889088367625703e+02 1.660402636315922581e-02 2.631161878958706438e+04 0.000000000000000000e+00
-1.014080673325588009e+02 -1.014109671399106247e+02 5.573406509334651732e-02 1.255686936340394313e+05 0.000000000000000000e+00
-1.031720800496579358e+02 -1.031549828622277261e+02 3.787488417579553540e-02 2.578380963442892244e+04 0.000000000000000000e+00
-1.052829071629154640e+02 -1.052517170714100416e+02 4.218150053219692913e-02 1.228948127011783508e+05 0.000000000000000000e+00
-1.081126143480868933e+02 -1.080862065597645625e+02 3.502411441805110964e-02 1.216645276482054760e+05 0.000000000000000000e+00
-1.053326670304571593e+02 -1.053294379482642285e+02 1.527403023548285811e-02 2.499601246200699097e+04 0.000000000000000000e+00
-1.080455285616693857e+02 -1.080455947923724977e+02 1.636845686443942974e-02 2.473392433239728416e+04 0.000000000000000000e+00
-9.984533964842387377e+01 -9.985386757853373751e+01 2.143140969988679978e-02 2.447624268546483290e+04 0.000000000000000000e+00
-1.036634606791939177e+02 -1.036813104434711619e+02 2.200000447165513864e-02 2.674330933508165344e+03 0.000000000000000000e+00
-1.053165738408239775e+02 -1.052916942068169845e+02 2.702407092113138370e-02 1.155584323128570104e+05 0.000000000000000000e+00
-1.026210577261404353e+02 -1.026140664541531038e+02 1.283785183415807676e-02 2.377684151267952620e+04 0.000000000000000000e+00
-1.079987675388779280e+02 -1.079956162378124134e+02 1.370718256335614824e-02 2.354441161499275768e+04 0.000000000000000000e+00
-1.041522765534745929e+02 -1.041612354631550659e+02 2.685240444730581377e-02 2.331212966540824709e+04 0.000000000000000000e+00
-1.053266667239286676e+02 -1.053040138380671351e+02 1.902460559620972047e-02 2.308865656585602483e+04 0.000000000000000000e+00
-9.989778808156700052e+01 -9.986352916057343521e+01 3.394323881002535293e-02 1.102488880624636804e+05 0.000000000000000000e+00
-1.025911162226929321e+02 -1.025892862517328439e+02 1.311624630386222859e-02 2.270928485508411904e+04 0.000000000000000000e+00
-1.034232244539545604e+02 -1.034236276238961665e+02 2.690428480864572036e-02 2.249345501469585724e+04 0.000000000000000000e+00
-1.018264639998013763e+02 -1.018194570978918279e+02 2.785601695686893559e-02 2.228129821024054399e+04 0.000000000000000000e+00
-1.080562341066666647e+02 -1.080178737106976001e+02 2.906182174153911640e-02 1.064387261461522285e+05 0.000000000000000000e+00
-1.053174015679123698e+02 -1.053134630934665381e+02 2.669192720780795211e-02 1.055771563565415127e+05 0.000000000000000000e+00
-9.721009205676992337e+01 -9.717275423084275587e+01 3.589060528881829470e-02 1.046100066271590040e+05 0.000000000000000000e+00
-1.054272506450070068e+02 -1.054228622691959316e+02 1.894346364832893981e-02 2.151817195582721615e+04 0.000000000000000000e+00
-1.054100383213237535e+02 -1.054115491244889284e+02 1.158407843725060490e-02 2.132477038020669715e+04 0.000000000000000000e+00
-1.053742129707955968e+02 -1.053631983293529402e+02 1.154310170747418866e-02 2.113470389388049443e+04 0.000000000000000000e+00
-1.080936714945824946e+02 -1.080997297106033130e+02 1.950223528932875164e-02 2.095803177850027350e+04 0.000000000000000000e+00
-1.079796540965130447e+02 -1.079722983376236272e+02 1.822430349062788280e-02 2.077722557153033995e+04 0.000000000000000000e+00
-1.025492552790843916e+02 -1.025459055304279730e+02 1.197109110849237622e-02 2.060038953068268529e+04 0.000000000000000000e+00
-9.994809602364514944e+01 -9.993708774569540765e+01 3.084898288979898151e-02 9.845297473993519088e+04 0.000000000000000000e+00
-1.053464073967449366e+02 -1.053506358732256416e+02 9.685788379682992374e-03 2.027560384967410573e+04 0.000000000000000000e+00
-1.054040511332068633e+02 -1.054008856548342550e+02 1.251820821441028062e-02 2.010533386618056102e+04 0.000000000000000000e+00
-9.925758987262933886e+01 -9.916280372410167843e+01 3.351597012757472072e-02 1.993698834660714419e+04 0.000000000000000000e+00
-1.040415403965810555e+02 -1.040374172500160341e+02 2.820715815709639099e-02 2.026768913779805007e+04 0.000000000000000000e+00
-9.702116969169631489e+01 -9.705768393177808662e+01 3.796225985139047715e-02 2.010156108351666262e+04 0.000000000000000000e+00
-1.016664610355002338e+02 -1.016580072784007456e+02 1.915581947010292635e-02 2.431088512887628440e+03 0.000000000000000000e+00
-1.053354707751916521e+02 -1.053191267887620199e+02 1.794389423431362596e-02 9.336774591869690630e+04 0.000000000000000000e+00
-1.042664399140279841e+02 -1.044358685087301382e+02 5.370170376944916057e-02 9.263583950571808964e+04 0.000000000000000000e+00
-1.052102777462315828e+02 -1.051671858069950787e+02 3.932301364366593693e-02 9.366653061366963084e+04 0.000000000000000000e+00
-9.993168122312970070e+01 -9.990226059871413611e+01 3.203162098337507258e-02 9.304847367821043008e+04 0.000000000000000000e+00
-1.024308224949144943e+02 -1.024299121728463149e+02 2.017361068473242855e-02 2.011939317859575749e+04 0.000000000000000000e+00
-9.685359322775100566e+01 -9.688829392472850088e+01 5.331744669962403677e-02 1.996209719464206137e+04 0.000000000000000000e+00
-9.983036285156066469e+01 -9.982459723095409743e+01 1.522051085632196085e-02 1.985680071148716888e+04 0.000000000000000000e+00
-1.107188097403235787e+02 -1.107232566529487059e+02 1.595564998908685986e-02 1.970654337816202678e+04 0.000000000000000000e+00
-1.052874557489769671e+02 -1.052558583665487646e+02 2.738133686146001708e-02 8.973566386294523545e+04 0.000000000000000000e+00
-1.053545438124584166e+02 -1.053533967666676574e+02 8.104621925579090155e-03 1.944331288469351421e+04 0.000000000000000000e+00
-1.053111236356326259e+02 -1.052905491845127131e+02 2.117923622767680855e-02 8.845584688894683495e+04 0.000000000000000000e+00
-1.053156764105521717e+02 -1.053119345612287248e+02 1.342675103189338269e-02 1.915314581844462737e+04 0.000000000000000000e+00
-9.984936649685120358e+01 -9.987557839075689969e+01 3.883637137923094673e-02 8.717966114088085305e+04 0.000000000000000000e+00
-1.080341220836571239e+02 -1.080339541797205527e+02 1.105638586648288388e-02 1.887316511859939419e+04 0.000000000000000000e+00
-1.081154300039105181e+02 -1.081253015709596639e+02 1.463344635693027314e-02 1.873535633187266649e+04 0.000000000000000000e+00
-1.107185924633062797e+02 -1.107233155483394853e+02 1.412441125139158281e-02 1.860708068866116810e+04 0.000000000000000000e+00
-1.080295673991500536e+02 -1.080230659650737550e+02 1.225092386401758181e-02 1.847465242185614625e+04 0.000000000000000000e+00
-9.852964350969219254e+01 -9.853926423962049341e+01 3.031572821986202801e-02 1.834537183260645543e+04 0.000000000000000000e+00
-1.080661692865715935e+02 -1.080361112219492981e+02 1.761564471541836319e-02 8.379499108906909532e+04 0.000000000000000000e+00
-9.996082971286411123e+01 -9.995322835294558672e+01 1.679893181236591718e-02 1.809225588163249631e+04 0.000000000000000000e+00
-1.053430452699895596e+02 -1.053452741074350882e+02 1.209974827160447547e-02 1.796842881697764096e+04 0.000000000000000000e+00
-9.959800996961618580e+01 2.482626726043883840e+17 4.669280414581081118e+01 2.180217958999047369e+03 0.000000000000000000e+00
-9.179968205495000000e+11 -4.921446076717432305e+01 1.140791982401597070e+13 4.267251215461749596e+32 0.000000000000000000e+00
-6.220342980783500000e+12 4.651290821072186077e+02 4.632686850401128750e+14 4.192616121488773782e+32 0.000000000000000000e+00
-3.433530207536750000e+12 -9.707177901355903415e+00 1.260409044422488750e+14 4.164290283219598131e+32 0.000000000000000000e+00
-3.078519380142250000e+12 1.982003252661768420e+04 4.128151116344885000e+14 4.136344604390356362e+32 0.000000000000000000e+00
-1.748702525121250000e+12 3.618926334069304858e+02 7.147451332499682812e+13 4.108771483221215050e+32 0.000000000000000000e+00
-1.063470078990500000e+12 1.313122240668373252e+03 5.148478282440739844e+13 4.081563519265221679e+32 0.000000000000000000e+00
-1.141927247694750000e+12 4.184710952911611059e+01 6.255435903071299219e+13 4.054713506774112560e+32 0.000000000000000000e+00
-2.220728496781175000e+13 4.074459395189488077e+03 4.639155014541946094e+13 4.180127525670271758e+32 0.000000000000000000e+00
-2.473988844370000000e+12 2.885868773182873701e+04 1.624861218985043750e+14 4.002059448796078256e+32 0.000000000000000000e+00
-7.223172332882500000e+11 -4.044062712024520323e+01 3.139024549804059766e+13 3.976241909314789318e+32 0.000000000000000000e+00
-1.705729285885475000e+13 7.772576489500134812e+03 2.866253759202862500e+13 4.118730696516798382e+32 0.000000000000000000e+00
-5.297672838495000000e+11 -4.406529797879056076e+01 2.458879568166973047e+13 3.925593363338667739e+32 0.000000000000000000e+00
-2.647692070686500000e+12 5.955395080043676899e+03 1.180461810609881406e+14 3.900749871177669168e+32 0.000000000000000000e+00
-1.169441984207000000e+12 3.683261643030916730e+03 5.383920132676969531e+13 3.876218837490856109e+32 0.000000000000000000e+00
-3.242437231427500000e+11 -5.307380265394471053e+01 1.949447880320553516e+13 3.851994404636552110e+32 0.000000000000000000e+00
-1.444148659203250000e+12 1.193616795220732638e+04 2.313076914897466250e+14 3.828070860471362432e+32 0.000000000000000000e+00
-8.349846864100000000e+11 5.287700085788269462e+03 4.610312705210946094e+13 3.804442633868965597e+32 0.000000000000000000e+00
-8.177788291947500000e+11 5.495871148703625659e+04 7.724146850131298438e+13 3.781104290389822363e+32 0.000000000000000000e+00
-5.761501393087500000e+11 5.278853084552399196e+03 4.125195596155373438e+13 3.758050528112563204e+32 0.000000000000000000e+00
-9.430321047707250000e+12 1.072585243210109184e+04 1.473926350259559375e+13 3.919683985170002311e+32 0.000000000000000000e+00
-5.424842866156750000e+12 7.951683791823599677e+03 1.146703151196268750e+13 3.904168257584648036e+32 0.000000000000000000e+00
-5.007566684000000000e+11 9.256627707084637223e+03 2.259040158846587891e+13 3.690545613833062853e+32 0.000000000000000000e+00
-4.366911327215000000e+11 1.086786724928629519e+04 2.420478595535665625e+13 3.668579670094064474e+32 0.000000000000000000e+00
-7.130728430140000000e+11 1.071103072655261712e+04 5.315192992861174219e+13 3.646873650216423800e+32 0.000000000000000000e+00
-1.582401384155000000e+11 -5.345024306057371888e+01 1.173246076447872656e+13 3.625422967969823620e+32 0.000000000000000000e+00
-3.601059557740000000e+11 1.347880242039953555e+04 2.496836798070031250e+13 3.604223144382567523e+32 0.000000000000000000e+00
-3.784818729437500000e+11 1.605919953152002199e+04 9.045728948963835938e+13 3.583269804627760130e+32 0.000000000000000000e+00
-3.747711619915000000e+11 -2.270895290508734377e+01 3.093459522473805469e+13 3.562558675012596698e+32 0.000000000000000000e+00
-1.643722140900000000e+11 -3.873072437562019843e+01 8.929775189107486328e+12 3.542085580074016942e+32 0.000000000000000000e+00
-3.565388872630000000e+11 9.122370156163908177e+03 2.808529865685979297e+13 3.521846439770595375e+32 0.000000000000000000e+00
-4.736073781320000000e+11 1.034796763241000008e+05 6.458639118471169531e+13 3.501837266773853835e+32 0.000000000000000000e+00
-1.260427384425000000e+11 -4.182178825446692372e+01 9.750964047066265625e+12 3.482054163849038556e+32 0.000000000000000000e+00
-2.291107060272500000e+11 4.113884302399265835e+03 1.326855267772115430e+13 3.462493321326504623e+32 0.000000000000000000e+00
-5.120670816780000000e+11 2.911302341067106681e+04 5.721410148309937500e+13 3.443151014653870503e+32 0.000000000000000000e+00
-2.739374933475000000e+11 8.748171198144293157e+03 1.756361975032521094e+13 3.424023602033238729e+32 0.000000000000000000e+00
-1.245085462755000000e+11 -4.199983116009281048e+01 1.153091979609290039e+13 3.405107522136579615e+32 0.000000000000000000e+00
-1.252052531257500000e+11 -6.280539124475084378e+01 7.824131114431660156e+12 3.386399291892272569e+32 0.000000000000000000e+00
-9.047867462375000000e+10 -6.681982981555263734e+01 6.709200526866170898e+12 3.367895504351469924e+32 0.000000000000000000e+00
-3.640013741932500000e+11 3.283459577427197655e+04 4.758694199328300000e+13 3.349592826617607001e+32 0.000000000000000000e+00
-2.091485939217500000e+11 1.214395121219913017e+04 1.738515323031811523e+13 3.331487997845018290e+32 0.000000000000000000e+00
-2.601268845230000000e+11 2.093812634044341030e+04 1.600110712404974609e+13 3.313577827304790563e+32 0.000000000000000000e+00
-1.607330496792500000e+11 5.368403410780601007e+03 1.225696564617568555e+13 3.295859192506898028e+32 0.000000000000000000e+00
-2.768234046382500000e+11 8.905788083013469077e+03 3.640399531362710156e+13 3.278329037387974725e+32 0.000000000000000000e+00
-1.237835480307500000e+11 1.258367923543396955e+03 8.214784496766736328e+12 3.260984370554558318e+32 0.000000000000000000e+00
-1.162740883657500000e+11 3.794467922971207230e+01 1.074422456651635938e+13 3.243822263579340160e+32 0.000000000000000000e+00
-1.049549604007500000e+11 -4.403588634788827250e+01 1.082156873102909961e+13 3.226839849356407477e+32 0.000000000000000000e+00
-7.148353967275000000e+10 -3.414647795177233291e+01 6.100132386161314453e+12 3.210034320501662421e+32 0.000000000000000000e+00
-6.439856154425000000e+10 -6.191579653244507142e+01 5.548798908618471680e+12 3.193402927807111730e+32 0.000000000000000000e+00
-1.231822371732500000e+11 2.322096376984603558e+04 8.641143422848814453e+12 3.176942978741289478e+32 0.000000000000000000e+00
-5.754273887625000000e+10 -7.293536407707875924e+01 4.126416711710284180e+12 3.160651835997715206e+32 0.000000000000000000e+00
-1.279784034065000000e+11 4.516001227432629094e+03 9.120179123387189453e+12 3.144526916083221160e+32 0.000000000000000000e+00
-2.347036790232500000e+11 1.508457657135565933e+04 3.558847538648616406e+13 3.128565687956032425e+32 0.000000000000000000e+00
-6.308609311400000000e+10 -4.943074164804519910e+01 6.355930988049842773e+12 3.112765671699003228e+32 0.000000000000000000e+00
-1.077652404307500000e+11 9.639559873727568629e+03 7.604532944376994141e+12 3.097124437236463943e+32 0.000000000000000000e+00
-6.426986137125000000e+10 -3.435873300563772403e+01 6.400432356546021484e+12 3.081639603087862144e+32 0.000000000000000000e+00
-9.927272002700000000e+10 1.988917602982414110e+03 1.041603116358855859e+13 3.066308835158390821e+32 0.000000000000000000e+00
-9.692907487300000000e+10 2.068370662917833397e+04 1.140748095706335938e+13 3.051129845567815770e+32 0.000000000000000000e+00
-8.384607942050000000e+10 7.576345143929565893e+03 5.899267203472332031e+12 3.036100391511936058e+32 0.000000000000000000e+00
-5.669911945525000000e+10 -8.176988033818557255e+01 4.343391176234207520e+12 3.021218274156428264e+32 0.000000000000000000e+00
-7.234440803300000000e+10 4.265811410649091158e+03 5.260372991270847656e+12 3.006481337566447846e+32 0.000000000000000000e+00
-6.573948495025000000e+10 1.167713474490492160e+02 7.632552729660872070e+12 2.991887467664840269e+32 0.000000000000000000e+00
-3.481926777050000000e+10 -7.145983147569796756e+01 2.453943079611669434e+12 2.977434591221193492e+32 0.000000000000000000e+00
-9.224399208775000000e+10 2.345129709381709472e+04 7.504046096968358398e+12 2.963120674870229434e+32 0.000000000000000000e+00
-5.572536157500000000e+10 -2.941437944587519482e+01 5.549480300146333984e+12 2.948943724157943732e+32 0.000000000000000000e+00
-4.384782778525000000e+10 -3.441423437821145370e+01 4.207442480007221680e+12 2.934901782615413455e+32 0.000000000000000000e+00
-3.977995423700000000e+10 -3.882123427719000830e+01 4.928694948588170898e+12 2.920992930858843876e+32 0.000000000000000000e+00
-3.330648027025000000e+10 -6.645205506339276269e+01 3.733846847992420898e+12 2.907215285715302685e+32 0.000000000000000000e+00
-2.456198952450000000e+10 -5.433583808844135632e+01 2.788105666949263184e+12 2.893566999372138102e+32 0.000000000000000000e+00
-8.003113861775000000e+10 3.095443537881855082e+04 8.307664711169818359e+12 2.880046258551738560e+32 0.000000000000000000e+00
-2.919631966450000000e+10 -4.788376527298764529e+01 3.447045893908591309e+12 2.866651283708059905e+32 0.000000000000000000e+00
-5.832752580975000000e+10 7.475048978594860273e+03 3.627758359722250000e+12 2.853380328245512071e+32 0.000000000000000000e+00
-4.138761729750000000e+10 -3.005701545469074887e+01 4.942458890943920898e+12 2.840231677760663150e+32 0.000000000000000000e+00
-4.956154196925000000e+10 5.200377545516294958e+03 3.527367430292166016e+12 2.827203649303565468e+32 0.000000000000000000e+00
-6.043735610075000000e+10 2.182825364623008136e+04 1.227373443696041797e+13 2.814294590659608344e+32 0.000000000000000000e+00
-2.524854262525000000e+10 -7.212763526598894259e+01 2.463546702342944336e+12 2.801502879651411870e+32 0.000000000000000000e+00
-3.230594427125000000e+10 -4.470189065154384878e+01 4.232863574444902344e+12 2.788826923458952702e+32 0.000000000000000000e+00
-4.813170193162500000e+10 1.271112949888388721e+04 4.074611124541134277e+12 2.776265157958846725e+32 0.000000000000000000e+00
-2.963583167600000000e+10 2.341385453761815370e+03 3.760021426688407227e+12 2.763816047080745392e+32 0.000000000000000000e+00
-4.342931938200000000e+10 6.761027139909208927e+03 4.367342638767233887e+12 2.751478082180931496e+32 0.000000000000000000e+00
-2.934692179725000000e+10 -8.352868357385816012e+01 2.796620475315529297e+12 2.739249781433965725e+32 0.000000000000000000e+00
-1.179174233170000000e+11 1.314279191546387483e+04 1.226798117450800781e+13 2.727129689238166113e+32 0.000000000000000000e+00
-9.749204489812500000e+10 1.511029709991129494e+04 1.792821143514166797e+13 2.715116375638990567e+32 0.000000000000000000e+00
-4.981948862962500000e+10 1.033851439154645050e+04 6.186013788302855469e+12 2.703208435766032867e+32 0.000000000000000000e+00
-3.225557785062500000e+10 1.424122583079735932e+03 2.505856054240759277e+12 2.691404489286020140e+32 0.000000000000000000e+00
-1.337423715652500000e+11 4.038366042287847813e+04 2.114105015458015234e+13 2.679703179868658922e+32 0.000000000000000000e+00
-6.018539341987500000e+10 -2.421952037054532880e+01 2.545355383906397656e+13 2.668103174668314075e+32 0.000000000000000000e+00
-4.786430428587500000e+10 1.129401888258603140e+04 5.640229812427058594e+12 2.656603163816376372e+32 0.000000000000000000e+00
-3.920708470712500000e+10 1.997422107231383279e+03 3.079973584374427246e+12 2.645201859929826817e+32 0.000000000000000000e+00
-1.014907996736250000e+11 1.734197898879838249e+04 1.069245648429012891e+13 2.633897997629595763e+32 0.000000000000000000e+00
-2.386475495512500000e+10 -4.121574269473976670e+01 2.684173473372973633e+12 2.622690333073572418e+32 0.000000000000000000e+00
-2.329098281800000000e+10 -4.272859848054184084e+01 2.044789883930594238e+12 2.611577643498942925e+32 0.000000000000000000e+00
-1.943232073400000000e+10 -5.202520691470847680e+01 2.216322640940493652e+12 2.600558726778994365e+32 0.000000000000000000e+00
-1.804903808662500000e+10 -5.655461595451819079e+01 1.762384344949754395e+12 2.589632400988728520e+32 0.000000000000000000e+00
-7.369852593412500000e+10 1.708428008360230160e+04 9.023497521164529297e+12 2.578797503982569789e+32 0.000000000000000000e+00
-4.912196133350000000e+10 1.338877478114136284e+04 6.527595718187769531e+12 2.568052892982396425e+32 0.000000000000000000e+00
-3.839986583912500000e+10 1.308829993551788220e+03 3.918178951856325684e+12 2.557397444175516451e+32 0.000000000000000000e+00
-6.696509887825000000e+10 9.607395533064040137e+03 8.017457900612002930e+12 2.546830052322805850e+32 0.000000000000000000e+00
-2.219001310200000000e+10 -5.277207471075659839e+01 2.946386459451010254e+12 2.536349630377348434e+32 0.000000000000000000e+00
-3.133789936387500000e+10 1.129752514314910513e+03 3.685377997751612305e+12 2.525955109110597442e+32 0.000000000000000000e+00
-1.995851191650000000e+10 -3.901980035106533506e+01 2.057351170208702148e+12 2.515645436749530247e+32 0.000000000000000000e+00
-3.475825387037500000e+10 1.924588955990314207e+04 4.096749321224106934e+12 2.505419578621772272e+32 0.000000000000000000e+00
-3.097534018150000000e+10 -8.427541065412309251e+01 3.380097463481802734e+12 2.495276516809186228e+32 0.000000000000000000e+00
-1.691430116675000000e+10 -7.110303300543020555e+01 2.119197514718925049e+12 2.485215249810326967e+32 0.000000000000000000e+00
-2.449686666825000000e+10 -8.319188013781065649e+01 2.123874171866500488e+12 2.475234792210761412e+32 0.000000000000000000e+00
-2.735249512162500000e+10 3.565187445167589431e+03 2.177204096964224365e+12 2.465334174361436245e+32 0.000000000000000000e+00
-1.697982853150000000e+10 -4.718204885305675589e+01 2.107569121214819092e+12 2.455512442064562639e+32 0.000000000000000000e+00
-2.499268738037500000e+10 1.867644507825916207e+03 1.709651291436857422e+12 2.445768656267165405e+32 0.000000000000000000e+00
-1.744916825987500000e+10 -3.849011782317817421e+01 2.327301704930693848e+12 2.436101892761689446e+32 0.000000000000000000e+00
-2.395733958862500000e+10 6.089042071917938301e+02 4.008840391801620605e+12 2.426511241893969429e+32 0.000000000000000000e+00
-1.465290069675000000e+10 -5.120594723122346181e+01 1.649430170796587891e+12 2.416995808277599603e+32 0.000000000000000000e+00
-7.794016864487500000e+10 3.556002718241344701e+04 1.465362234153733398e+13 2.407554710515813106e+32 0.000000000000000000e+00
-4.399863558612500000e+10 1.574100475996544992e+04 4.728557968046764648e+12 2.398187080928667951e+32 0.000000000000000000e+00
-5.459901729200000000e+10 2.285857351757893048e+04 7.160096197874666992e+12 2.388892065287841212e+32 0.000000000000000000e+00
-2.589682261675000000e+10 9.401868979852986740e+03 2.518826849418804199e+12 2.379668822556460036e+32 0.000000000000000000e+00
-1.382424694675000000e+10 -5.644261800167064536e+01 1.695009781572677246e+12 2.370516524635928727e+32 0.000000000000000000e+00
-4.328744492800000000e+10 2.400412518938223366e+04 4.901223053525358398e+12 2.361434356117683493e+32 0.000000000000000000e+00
-1.548189288437500000e+10 -7.739826824129299609e+01 1.819797940628603027e+12 2.352421514041274562e+32 0.000000000000000000e+00
-6.643420425550000000e+10 2.129669663167372710e+04 9.588014631510990234e+12 2.343477207657745257e+32 0.000000000000000000e+00
-3.359287855900000000e+10 3.650419594778200553e+04 4.310757430099110352e+12 2.334600658198546177e+32 0.000000000000000000e+00
-5.617474840587500000e+10 5.259399306180234998e+04 1.865731396716254297e+13 2.325791098648170787e+32 0.000000000000000000e+00
-2.618704149637500000e+10 1.439689794946482834e+04 2.391734739608972656e+12 2.317047773525502773e+32 0.000000000000000000e+00
-2.496120420662500000e+10 4.753038826858873108e+03 2.480300337380592285e+12 2.308369938666460799e+32 0.000000000000000000e+00
-2.103025398562500000e+10 1.134805864749326429e+04 2.230603246073471191e+12 2.299756861012732120e+32 0.000000000000000000e+00
-2.102528511887500000e+10 8.336512023092370782e+02 2.450232899691640137e+12 2.291207818405989792e+32 0.000000000000000000e+00
-1.200997517562500000e+10 -5.282054073398731475e+01 1.633060071950014893e+12 2.282722099385633124e+32 0.000000000000000000e+00
-1.027990114425000000e+10 -5.664198835366965312e+01 1.817692452004195312e+12 2.274299002991722052e+32 0.000000000000000000e+00
-1.861461587025000000e+10 7.806782861298894204e+03 1.896070099221479736e+12 2.265937838571768748e+32 0.000000000000000000e+00
-1.817832437225000000e+10 3.740886638469622994e+03 1.787811905650959961e+12 2.257637925592056614e+32 0.000000000000000000e+00
-1.651513849325000000e+10 1.325952171237764105e+03 1.523057960974550049e+12 2.249398593452952348e+32 0.000000000000000000e+00
-1.267770573037500000e+10 -4.190535783796412517e+01 1.286723885527230713e+12 2.241219181308353024e+32 0.000000000000000000e+00
-2.244220690275000000e+10 1.876018377995242190e+04 4.060066568891372559e+12 2.233099037889037267e+32 0.000000000000000000e+00
-3.624061568400000000e+10 1.461489912367444958e+04 5.061969823036400391e+12 2.225037521329677667e+32 0.000000000000000000e+00
-1.933479319262500000e+10 1.628447181694019491e+04 2.132390866892227539e+12 2.217033998999920844e+32 0.000000000000000000e+00
-1.206475664012500000e+10 -3.494797678833833032e+01 1.706770794121815918e+12 2.209087847338650656e+32 0.000000000000000000e+00
-1.464055296562500000e+10 -3.037540662169780958e+01 2.311674863795904297e+12 2.201198451692200531e+32 0.000000000000000000e+00
-2.499907350700000000e+10 -9.179641057229662238e+01 2.895088215966246094e+12 2.193365206155933401e+32 0.000000000000000000e+00
-1.009809594050000000e+10 -4.537116520982394974e+01 1.519737057420198486e+12 2.185587513418990013e+32 0.000000000000000000e+00
-4.277961742212500000e+10 2.444278185935359215e+04 5.206191723728334961e+12 2.177864784612562661e+32 0.000000000000000000e+00
-1.095208290412500000e+10 -3.683413590569895746e+01 1.549207690144964600e+12 2.170196439161263784e+32 0.000000000000000000e+00
-2.048326836750000000e+10 -9.175104420349856582e+01 1.958331381458916504e+12 2.162581904637457940e+32 0.000000000000000000e+00
-1.692885960825000000e+10 1.056708860446908875e+04 3.075881496390257812e+12 2.155020616619151979e+32 0.000000000000000000e+00
-1.374027289387500000e+10 -3.755193941971121774e+01 2.819782855258168457e+12 2.147512018550365080e+32 0.000000000000000000e+00
-9.661938303125000000e+09 -5.447406733127854039e+01 1.487818065659059082e+12 2.140055561604475849e+32 0.000000000000000000e+00
-2.633427431187500000e+10 1.562416819819112425e+04 2.500598035323650879e+12 2.132650704550679417e+32 0.000000000000000000e+00
-9.742325875500000000e+09 -6.716112740234746070e+01 2.235632175056934570e+12 2.125296913622968005e+32 0.000000000000000000e+00
-1.655564383300000000e+10 1.014823882712689920e+04 2.254802460546825195e+12 2.117993662391875607e+32 0.000000000000000000e+00
-2.549534287575000000e+10 2.107738900465405095e+04 9.089988985338921875e+12 2.110740431638860711e+32 0.000000000000000000e+00
-2.161385822725000000e+10 9.013605148838316381e+03 3.388867234074117676e+12 2.103536709233245255e+32 0.000000000000000000e+00
-1.658959669275000000e+10 -9.051374506984095092e+01 1.635862408532469971e+12 2.096381990011725327e+32 0.000000000000000000e+00
-1.399326794687500000e+10 5.137105045670874688e+02 1.587058080342640137e+12 2.089275775660240301e+32 0.000000000000000000e+00
-8.043221056125000000e+09 -5.773479879459564756e+01 1.287477716836978760e+12 2.082217574598337698e+32 0.000000000000000000e+00
-1.000773885362500000e+10 -4.491459570998539164e+01 1.332066345493958496e+12 2.075206901865786592e+32 0.000000000000000000e+00
-1.588106666137500000e+10 1.445306383464364444e+04 1.688809185877839844e+12 2.068243279011497231e+32 0.000000000000000000e+00
-1.483223880737500000e+10 1.636577932541829341e+03 1.709296085943263916e+12 2.061326233984724157e+32 0.000000000000000000e+00
-1.424161722450000000e+10 9.892253311788577776e+03 1.632056475147917236e+12 2.054455301028295943e+32 0.000000000000000000e+00
-2.249824092237500000e+10 1.480422899938056071e+04 3.274148845508963867e+12 2.047630020574269680e+32 0.000000000000000000e+00
-7.928899678125000000e+09 -5.687156764620794291e+01 1.339842915301471436e+12 2.040849939141277719e+32 0.000000000000000000e+00
-1.339949432962500000e+10 9.947075843189996931e+02 1.435765273050348877e+12 2.034114609234152532e+32 0.000000000000000000e+00
-1.440810945112500000e+10 -7.809907657803118752e+01 4.036656910054408203e+12 2.027423589245532061e+32 0.000000000000000000e+00
-1.328476513262500000e+10 1.134889541152450511e+04 1.684251916514339355e+12 2.020776443359324883e+32 0.000000000000000000e+00
-1.048999311725000000e+10 -3.278893428131569721e+01 1.548577474359612061e+12 2.014172741456051390e+32 0.000000000000000000e+00
-1.248236847925000000e+10 1.319871153803356492e+03 1.395024873186012695e+12 2.007612059020062072e+32 0.000000000000000000e+00
-8.787850769250000000e+09 -3.496294568361935973e+01 1.287688003201604004e+12 2.001093977048596150e+32 0.000000000000000000e+00
-7.802932286875000000e+09 2.250140940134208904e+03 1.963019624231826904e+12 1.994618081962663981e+32 0.000000000000000000e+00
-1.170621113875000000e+10 -8.373852279885323924e+01 1.769983536649902100e+12 1.988183965519394408e+32 0.000000000000000000e+00
-8.417979513000000000e+09 -4.999600752448821339e+01 1.246141795005720947e+12 1.981791224726420963e+32 0.000000000000000000e+00
-2.593012363075000000e+10 2.137409912530324436e+04 2.360701497415214844e+12 1.975439461757649425e+32 0.000000000000000000e+00
-8.817092582625000000e+09 2.612377158703298505e+02 1.771690621180771729e+12 1.969128283870765568e+32 0.000000000000000000e+00
-7.291950057750000000e+09 -5.037549112045650901e+01 1.119368632897967529e+12 1.962857303326230531e+32 0.000000000000000000e+00
-1.301886198800000000e+10 1.053797665377699559e+04 1.476371347749543945e+12 1.956626137308004498e+32 0.000000000000000000e+00
-7.598378303000000000e+09 -4.831965301287856107e+01 9.176500835877172852e+11 1.950434407845540387e+32 0.000000000000000000e+00
-7.369364687250000000e+09 -5.187757513200524073e+01 1.197228004573403809e+12 1.944281741737362450e+32 0.000000000000000000e+00
-1.214427059950000000e+10 8.534472549258764047e+03 1.696867380544482422e+12 1.938167770476156277e+32 0.000000000000000000e+00
-8.462296069000000000e+09 6.527681548323366769e+03 2.060111185046753174e+12 1.932092130175143952e+32 0.000000000000000000e+00
-1.106469139825000000e+10 1.544733008643351695e+03 1.507597121939028076e+12 1.926054461495894951e+32 0.000000000000000000e+00
-7.547026034750000000e+09 -3.698247192707761144e+01 1.238437846583256104e+12 1.920054409577492088e+32 0.000000000000000000e+00
-1.390269402925000000e+10 1.641203778700484327e+04 1.671507502724930420e+12 1.914091623967039169e+32 0.000000000000000000e+00
-1.066575976312500000e+10 7.572123167639045278e+03 1.416120614997056396e+12 1.908165758551368050e+32 0.000000000000000000e+00
-6.545461394250000000e+09 -5.733286604577357082e+01 1.180193812735469727e+12 1.902276471490126674e+32 0.000000000000000000e+00
-1.013752052300000000e+10 8.281090890299226430e+02 1.387489182869334961e+12 1.896423425149995171e+32 0.000000000000000000e+00
-1.019808407925000000e+10 9.500913557454474358e+03 1.414384858997915527e+12 1.890606286040218452e+32 0.000000000000000000e+00
-9.515647821250000000e+09 7.376840541678415093e+02 1.273364906962635986e+12 1.884824724749248846e+32 0.000000000000000000e+00
-9.470734280625000000e+09 9.534877339327496884e+03 1.209464026779967529e+12 1.879078415882531939e+32 0.000000000000000000e+00
-7.718244084375000000e+09 -3.488343894745046470e+01 1.102214533375923584e+12 1.873367038001525668e+32 0.000000000000000000e+00
-9.799807829875000000e+09 1.192215961427314141e+04 2.495575992852614258e+12 1.867690273563702287e+32 0.000000000000000000e+00
-7.491152720625000000e+09 -7.906583720763168799e+01 1.242202198013879395e+12 1.862047808863752256e+32 0.000000000000000000e+00
-9.124648054500000000e+09 8.263857426676892146e+02 1.234735929780987305e+12 1.856439333975728834e+32 0.000000000000000000e+00
-6.372419711500000000e+09 -4.305255736703536229e+01 8.917707380543937988e+11 1.850864542696390276e+32 0.000000000000000000e+00
-7.207917993875000000e+09 -3.644698922704300514e+01 1.068994396147377563e+12 1.845323132489417166e+32 0.000000000000000000e+00
-8.319782825375000000e+09 1.146480702389341332e+03 1.180045478270298828e+12 1.839814804430701251e+32 0.000000000000000000e+00
-6.302550470125000000e+09 3.670107397457366574e+02 1.604986722316263184e+12 1.834339263154580023e+32 0.000000000000000000e+00
-5.883499709500000000e+09 3.129488181669901223e+02 1.427075695537586182e+12 1.828896216801078310e+32 0.000000000000000000e+00
-6.210081398250000000e+09 -6.251845966283229927e+01 1.511883710095335938e+12 1.823485376964021771e+32 0.000000000000000000e+00
-2.024805185475000000e+10 1.222696085502002825e+04 2.475071912990729980e+12 1.818106458640098655e+32 0.000000000000000000e+00
-7.249550150000000000e+09 -3.689918145161433216e+01 1.584479780867646484e+12 1.812759180178841024e+32 0.000000000000000000e+00
-5.761326799000000000e+09 -4.930424831997519419e+01 9.948520515360917969e+11 1.807443263233436800e+32 0.000000000000000000e+00
-5.396507427000000000e+09 -3.294464340691446580e+01 1.111042250831077148e+12 1.802158432712463427e+32 0.000000000000000000e+00
-5.552255404375000000e+09 -5.121193191790975163e+01 8.419818603963394775e+11 1.796904416732415605e+32 0.000000000000000000e+00
-5.853325079375000000e+09 -4.717019980119994926e+01 9.884487144347817383e+11 1.791680946571093753e+32 0.000000000000000000e+00
-1.777685020175000000e+10 1.941140654367213210e+04 2.148123661333395020e+12 1.786487756621781512e+32 0.000000000000000000e+00
-4.570567283250000000e+09 -5.274474227773131219e+01 8.747004995676145020e+11 1.781324584348234959e+32 0.000000000000000000e+00
-4.897766560875000000e+09 -5.633728544859236820e+01 1.058950666954529175e+12 1.776191170240412590e+32 0.000000000000000000e+00
-7.574791792500000000e+09 -7.965415560665054784e+01 1.403126885991038574e+12 1.771087257771043683e+32 0.000000000000000000e+00
-5.260552311875000000e+09 -4.614801303874119753e+01 8.347761685372805176e+11 1.766012593352868961e+32 0.000000000000000000e+00
-8.958564138125000000e+09 1.220763253229116890e+04 1.540840119097990479e+12 1.760966926296649752e+32 0.000000000000000000e+00
-5.022182629375000000e+09 -6.085495170794725794e+01 1.067423001340080688e+12 1.755950008769891596e+32 0.000000000000000000e+00
-1.732059365312500000e+10 1.585871694221243524e+04 2.842846023164629883e+12 1.750961595756237268e+32 0.000000000000000000e+00
-4.375243485500000000e+09 -6.215146794923212070e+01 1.036011981409317749e+12 1.746001445015651717e+32 0.000000000000000000e+00
-2.221980893800000000e+10 1.256397744753368534e+04 3.685436094960993164e+12 1.741069317045091590e+32 0.000000000000000000e+00
-4.655718828500000000e+09 -4.344425334400265371e+01 1.103495853753647461e+12 1.736164975040124830e+32 0.000000000000000000e+00
-6.945343161750000000e+09 -2.432496697811408026e+01 1.751524790686639160e+12 1.731288184856820145e+32 0.000000000000000000e+00
-5.456279947625000000e+09 -3.363660379874131934e+01 1.092025600097663818e+12 1.726438714974701106e+32 0.000000000000000000e+00
-4.640144130500000000e+09 -5.116758627547583416e+01 1.123372260301837402e+12 1.721616336459965081e+32 0.000000000000000000e+00
-5.051267425875000000e+09 -3.197737802675692009e+01 9.099977022411129150e+11 1.716820822929516037e+32 0.000000000000000000e+00
-1.237079552900000000e+10 -9.034355874422462307e+01 1.351753487255201416e+12 1.712051950515523380e+32 0.000000000000000000e+00
-4.286200659375000000e+09 -5.105255260484686630e+01 9.588995322873829346e+11 1.707309497830576337e+32 0.000000000000000000e+00
-4.764763954125000000e+09 -2.993918378329778918e+01 8.768598047586295166e+11 1.702593245933466695e+32 0.000000000000000000e+00
-5.353561933625000000e+09 -3.008085007076515183e+01 1.273904915809531494e+12 1.697902978295440978e+32 0.000000000000000000e+00
-1.666843019525000000e+10 1.566499401295640928e+04 2.845041826088695312e+12 1.693238480767103321e+32 0.000000000000000000e+00
-8.213335255875000000e+09 8.785433731284905662e+03 1.596104629277292725e+12 1.688599541545784906e+32 0.000000000000000000e+00
-1.765675985475000000e+10 2.837511270705484276e+04 2.054731191923704590e+12 1.683985951143579210e+32 0.000000000000000000e+00
-4.350700043750000000e+09 -5.061144273422303996e+01 1.046710144381023071e+12 1.679397502355669096e+32 0.000000000000000000e+00
-4.170939966625000000e+09 -6.130532569507634832e+01 1.085966827157104126e+12 1.674833990229407255e+32 0.000000000000000000e+00
-1.369895554237500000e+10 2.555240763723161581e+04 3.571578435850960449e+12 1.670295212033768112e+32 0.000000000000000000e+00
-3.959796128625000000e+09 -7.126257162500881748e+01 1.542298496501180908e+12 1.665780967229344483e+32 0.000000000000000000e+00
-5.355744507250000000e+09 -7.967949830284622692e+01 1.329366278507392090e+12 1.661291057438768294e+32 0.000000000000000000e+00
-1.267285248287500000e+10 -8.837874997118152010e+01 2.004436180880871826e+12 1.656825286417704877e+32 0.000000000000000000e+00
-4.240196762625000000e+09 -5.262912835904386810e+01 9.561991880468991699e+11 1.652383460026245747e+32 0.000000000000000000e+00
-1.254812244550000000e+10 1.992959984511395305e+04 1.943722609353628906e+12 1.647965386200751373e+32 0.000000000000000000e+00
-3.946059835125000000e+09 -5.113854899543323995e+01 9.757591566851558838e+11 1.643570874926182505e+32 0.000000000000000000e+00
-4.702465432750000000e+09 1.528034770010550503e+01 2.024370220816356445e+12 1.639199738208906000e+32 0.000000000000000000e+00
-1.745150479112500000e+10 1.662337241471232483e+04 2.257403702600824707e+12 1.634851790049797878e+32 0.000000000000000000e+00
-8.002785723875000000e+09 7.044486693058467608e+03 1.420690369342617432e+12 1.630526846417933301e+32 0.000000000000000000e+00
-3.586937886875000000e+09 -5.001324902889309243e+01 7.857732975713325195e+11 1.626224725224571254e+32 0.000000000000000000e+00
-3.638073998750000000e+09 -5.207608602242031282e+01 6.684836752868432617e+11 1.621945246297646518e+32 0.000000000000000000e+00
-8.091415780500000000e+09 1.599243332668241783e+04 3.256933455748656250e+12 1.617688231356597070e+32 0.000000000000000000e+00
-3.277031537625000000e+09 -6.916502863882077179e+01 1.292548485345044189e+12 1.613453503987612483e+32 0.000000000000000000e+00
-1.204455547437500000e+10 -9.314191596010472551e+01 1.286774999260089844e+12 1.609240889619240803e+32 0.000000000000000000e+00
-3.459167746500000000e+09 -5.674533270205149194e+01 8.353714518877229004e+11 1.605050215498440753e+32 0.000000000000000000e+00
-3.819545266125000000e+09 -4.580456684378910381e+01 7.126488402610972900e+11 1.600881310666932789e+32 0.000000000000000000e+00
-8.588345056125000000e+09 6.860780812363916993e+03 1.733974395764938721e+12 1.596734005937970615e+32 0.000000000000000000e+00
-7.501631406375000000e+09 8.718297123919333899e+03 1.232750108253686768e+12 1.592608133873448303e+32 0.000000000000000000e+00
-1.219402166262500000e+10 1.608423806715215505e+04 2.404592668581168457e+12 1.588503528761367166e+32 0.000000000000000000e+00
-3.613043493250000000e+09 -4.719094389840643089e+01 6.864073137563205566e+11 1.584420026593654085e+32 0.000000000000000000e+00
-3.557666206000000000e+09 -4.537285503696172384e+01 1.162583085276781738e+12 1.580357465044293114e+32 0.000000000000000000e+00
-6.962688989875000000e+09 1.074867825313955291e+04 1.575977165123848877e+12 1.576315683447862581e+32 0.000000000000000000e+00
-4.741721369375000000e+09 2.717394674283721656e+02 1.241465187254445312e+12 1.572294522778329803e+32 0.000000000000000000e+00
-7.289822876875000000e+09 3.542596603352058992e+03 1.322762199455739990e+12 1.568293825628164110e+32 0.000000000000000000e+00
-3.088845230250000000e+09 -6.302073239681186578e+01 8.326132061284135742e+11 1.564313436187853752e+32 0.000000000000000000e+00
-2.808452366625000000e+09 -6.148426588966690076e+01 7.803395143770634766e+11 1.560353200225657355e+32 0.000000000000000000e+00
-1.226623731062500000e+10 1.802234562892818940e+04 1.983618163204080078e+12 1.556412965067666490e+32 0.000000000000000000e+00
-6.986225706250000000e+09 8.381474238076121765e+03 1.177228271019241211e+12 1.552492579578206000e+32 0.000000000000000000e+00
-6.400454448375000000e+09 7.765072849070273151e+03 1.123849080702020508e+12 1.548591894140490685e+32 0.000000000000000000e+00
-5.271149815000000000e+09 4.677295796984657841e+02 1.690961643489054688e+12 1.544710760637618667e+32 0.000000000000000000e+00
-4.477963931250000000e+09 3.947217338789635960e+03 1.275058395496677979e+12 1.540849032433803273e+32 0.000000000000000000e+00
-6.198285202500000000e+09 5.574726789198159167e+03 1.026633378560635986e+12 1.537006564355915477e+32 0.000000000000000000e+00
-2.771041173750000000e+09 -7.162034684617924540e+01 1.218332322815918457e+12 1.533183212675285941e+32 0.000000000000000000e+00
-5.289843211500000000e+09 5.626321251600260211e+02 8.747387002872353516e+11 1.529378835089793831e+32 0.000000000000000000e+00
-3.273221239875000000e+09 -3.632320419952555568e+01 1.090165071600768677e+12 1.525593290706199204e+32 0.000000000000000000e+00
-2.745534449750000000e+09 -6.350820837973904531e+01 9.186191320076041260e+11 1.521826440022764334e+32 0.000000000000000000e+00
-4.305181861875000000e+09 -3.194284407395820580e+01 1.251354524538738770e+12 1.518078144912104542e+32 0.000000000000000000e+00
-2.507916036250000000e+09 -4.893228376768961851e+01 1.172245852422801758e+12 1.514348268604314835e+32 0.000000000000000000e+00
-5.840629656625000000e+09 6.792763620793151858e+03 8.031469249490122070e+11 1.510636675670323877e+32 0.000000000000000000e+00
-5.613752130250000000e+09 1.778985973182553835e+03 9.433586130987000732e+11 1.506943232005513680e+32 0.000000000000000000e+00
-9.639630530875000000e+09 -9.289131931368288519e+01 9.191847007874949951e+11 1.503267804813561586e+32 0.000000000000000000e+00
-1.263830125725000000e+10 1.846564264200130128e+04 2.110714483904978516e+12 1.499610262590537517e+32 0.000000000000000000e+00
-3.997321188625000000e+09 -3.708391170143634241e+01 1.106376386295525146e+12 1.495970475109200648e+32 0.000000000000000000e+00
-5.780655748625000000e+09 1.044341429760553001e+04 1.084901055993540894e+12 1.492348313403559258e+32 0.000000000000000000e+00
-3.928737750625000000e+09 3.994800499197850741e+02 1.349880845443128418e+12 1.488743649753629475e+32 0.000000000000000000e+00
-2.541582741062500000e+10 2.447277746657695752e+04 5.870109121149114258e+12 1.485156357670419011e+32 0.000000000000000000e+00
-4.037540107625000000e+09 -3.041877772634177290e+01 1.107925427461833496e+12 1.481586311881176612e+32 0.000000000000000000e+00
-2.489027057875000000e+09 -5.219279265089499376e+01 8.378271499319808350e+11 1.478033388314693751e+32 0.000000000000000000e+00
-5.947406102500000000e+09 -8.331659625076839859e+01 1.280900580112871826e+12 1.474497464087091268e+32 0.000000000000000000e+00
-4.361629568875000000e+09 1.877872062588983681e+03 8.851967078488333740e+11 1.470978417487536830e+32 0.000000000000000000e+00
-3.224108965750000000e+09 -3.987644679421050853e+01 8.256903187432011719e+11 1.467476127964321609e+32 0.000000000000000000e+00
-2.789198411875000000e+09 -7.380854751761152954e+01 1.149909279779796631e+12 1.463990476111092413e+32 0.000000000000000000e+00
-5.463885793750000000e+09 8.420425990852440009e+03 1.165662700940759033e+12 1.460521343653269012e+32 0.000000000000000000e+00
-1.030351328612500000e+10 -9.430881282179494463e+01 1.220697798439164307e+12 1.457068613434682135e+32 0.000000000000000000e+00
-5.607982385875000000e+09 1.776153476034448613e+04 1.591216086692356689e+12 1.453632169404368380e+32 0.000000000000000000e+00
-3.574489316875000000e+09 -3.744917095899644721e+01 1.064822712296907715e+12 1.450211896603594439e+32 0.000000000000000000e+00
-3.096991577875000000e+09 -4.267683740594813457e+01 6.891614421488769531e+11 1.446807681152996801e+32 0.000000000000000000e+00
-5.357821289125000000e+09 2.339817863240967199e+03 9.380174134891467285e+11 1.443419410239990587e+32 0.000000000000000000e+00
-3.702711859125000000e+09 6.312702143891637206e+03 1.616229648197975098e+12 1.440046972106271340e+32 0.000000000000000000e+00
-3.291488125875000000e+09 -3.795323158398625196e+01 7.262715820075844727e+11 1.436690256035551907e+32 0.000000000000000000e+00
-2.315771001125000000e+09 -5.683626053400887912e+01 9.319582841518818359e+11 1.433349152341428836e+32 0.000000000000000000e+00
