0.000000000000000000e+00 0.000000000000000000e+00 0.000000000000000000e+00 0.000000000000000000e+00 0.000000000000000000e+00
-9.732332738351711043e+01 -9.711462105357298924e+01 1.554818318843441405e-01 1.721781230457421334e+05 0.000000000000000000e+00
-9.715187769440863974e+01 -9.689573546862925468e+01 2.989439349396130763e-01 1.724583125007400813e+05 0.000000000000000000e+00
-1.039375542152220930e+02 -1.040467336817558959e+02 1.034345041302198870e-01 1.707181373811174126e+05 0.000000000000000000e+00
-8.372017160745721753e+01 -8.339479935210761141e+01 1.456403551736979440e-01 1.683481981857937062e+05 0.000000000000000000e+00
-1.055069455355559995e+02 -1.053213449468497913e+02 9.631260112488419789e-02 1.753396117775716993e+05 0.000000000000000000e+00
-9.727524458839101840e+01 -9.713825057957062370e+01 9.388513099537686146e-02 1.765035903262832144e+05 0.000000000000000000e+00
-1.026990696868260926e+02 -1.026647635954660700e+02 7.937279325049174938e-02 5.370195221427065917e+03 0.000000000000000000e+00
-9.997105909283527581e+01 -9.997634803252566371e+01 1.003140004703104993e-01 1.720573346310238121e+05 0.000000000000000000e+00
-1.000395352922940049e+02 -9.988516906366578496e+01 7.408333734424250860e-02 1.683211428290358162e+05 0.000000000000000000e+00
-1.052588348101266149e+02 -1.052333402473275896e+02 4.814553798424667935e-02 1.686318276424813666e+05 0.000000000000000000e+00
-9.976572971381848731e+01 -9.975561396792244295e+01 6.987867832684470371e-02 1.652376550465747714e+05 0.000000000000000000e+00
-1.079969884031526846e+02 -1.079566039335553285e+02 5.404689164439577254e-02 1.618845344714774692e+05 0.000000000000000000e+00
-8.913410430062987189e+01 -8.906889201536620249e+01 8.522232647926043791e-02 1.589138363989764475e+05 0.000000000000000000e+00
-1.025789089532067635e+02 -1.024419210546222274e+02 6.059907024809101789e-02 1.563863546719475125e+05 0.000000000000000000e+00
-9.684828466505135225e+01 -9.689769810190759358e+01 1.163789856321050253e-01 1.562869323655160551e+05 0.000000000000000000e+00
-1.000145367050669023e+02 -9.990857212383890840e+01 5.511881679125815031e-02 1.535806051237839856e+05 0.000000000000000000e+00
-1.026366288258694226e+02 -1.025155257943238212e+02 5.103268426265833435e-02 1.524876549444712000e+05 0.000000000000000000e+00
-9.705869916743966996e+01 -9.698025604079421669e+01 6.752349053707201731e-02 1.519902100923800899e+05 0.000000000000000000e+00
-9.984735092334442186e+01 -9.980909419608384781e+01 3.811221729280559606e-02 4.912544246418388502e+04 0.000000000000000000e+00
-9.154724643973595732e+01 -9.153815978738674630e+01 6.016180175039516353e-02 1.476158503965082637e+05 0.000000000000000000e+00
-1.000433591755058700e+02 -1.000370716537117488e+02 7.834341921739527981e-02 4.762973977743833530e+04 0.000000000000000000e+00
-1.025285171571124323e+02 -1.025604179600585439e+02 6.238940561014256342e-02 1.429186198845934996e+05 0.000000000000000000e+00
-1.080046711686949692e+02 -1.079548030181855722e+02 7.215636065489758333e-02 1.406643450797613186e+05 0.000000000000000000e+00
-1.080016920498235180e+02 -1.079847692286818273e+02 4.222784360611874649e-02 1.386369854671568028e+05 0.000000000000000000e+00
-1.081406819544753830e+02 -1.081057845764941305e+02 5.881842933420688285e-02 1.364383680085102678e+05 0.000000000000000000e+00
-1.026057087158994250e+02 -1.026174943167504381e+02 3.847055330806069262e-02 4.397161031594195083e+04 0.000000000000000000e+00
-1.052537508841419935e+02 -1.052606264248135375e+02 3.299627059707110205e-02 1.329472460766648874e+05 0.000000000000000000e+00
-1.038202717712915728e+02 -1.036224502677182215e+02 5.503734618830876529e-02 4.357096050039750480e+03 0.000000000000000000e+00
-9.986297813217501584e+01 -9.984863480147662074e+01 2.992537279036660766e-02 4.272578978447536792e+04 0.000000000000000000e+00
-9.982137134709267912e+01 -9.979918240707227994e+01 2.574981718326916844e-02 4.211381331243694149e+04 0.000000000000000000e+00
-9.978608495130876577e+01 -9.975100449154997762e+01 3.968203547519842667e-02 1.252276083971811750e+05 0.000000000000000000e+00
-9.162444252478546503e+01 -9.166025319150323014e+01 5.132393599608326556e-02 1.235778007515377831e+05 0.000000000000000000e+00
-1.080517109178551038e+02 -1.080716446057025166e+02 3.225206961943717643e-02 4.087270058575677103e+04 0.000000000000000000e+00
-1.052583958451581339e+02 -1.052703010962002139e+02 3.224590901464082643e-02 1.202678484904124343e+05 0.000000000000000000e+00
-1.079307899627975189e+02 -1.079056188105147385e+02 3.961956368206211165e-02 1.186163615141921327e+05 0.000000000000000000e+00
-1.053056662096294360e+02 -1.053434047815017465e+02 4.435142073716081407e-02 1.170651128516010358e+05 0.000000000000000000e+00
-1.025280786906076145e+02 -1.025580159994644589e+02 3.986452501131487053e-02 1.156418339740055526e+05 0.000000000000000000e+00
-9.968836463092681299e+01 -9.972289373555115333e+01 4.898387240020302125e-02 1.142002438343916292e+05 0.000000000000000000e+00
-9.406590627029443397e+01 -9.412663049379055735e+01 6.339656969400804531e-02 1.128271842524554377e+05 0.000000000000000000e+00
-1.026856849428927489e+02 -1.026608800643596879e+02 3.725872693884257209e-02 1.117312852888282505e+05 0.000000000000000000e+00
-1.080199496428203787e+02 -1.080070304962075198e+02 2.143552706825071347e-02 4.368431710267129347e+03 0.000000000000000000e+00
-1.025404589472867798e+02 -1.025392343640659192e+02 4.513588337565273279e-02 1.090051169067203882e+05 0.000000000000000000e+00
-1.019764645144504840e+02 -1.018053822073417933e+02 8.181710801922836840e-02 1.076427596748918295e+05 0.000000000000000000e+00
-1.107204289568362583e+02 -1.107186343389983421e+02 3.291124545626897963e-02 3.569419457428550231e+04 0.000000000000000000e+00
-1.053255025582941187e+02 -1.053372527399714613e+02 1.904627293684709594e-02 3.525957834725958674e+04 0.000000000000000000e+00
-1.107319302362083135e+02 -1.107220347627638262e+02 2.208725488028838446e-02 4.186359555296431608e+03 0.000000000000000000e+00
-1.024135852209245883e+02 -1.024408158330810892e+02 3.182775763678355463e-02 1.049594554943180265e+05 0.000000000000000000e+00
-1.106522996223496449e+02 -1.106664501831282621e+02 3.205105558398337051e-02 3.405856108200223389e+04 0.000000000000000000e+00
-1.080579149207686100e+02 -1.080655070181918376e+02 2.656366846659468858e-02 1.026824004649161652e+05 0.000000000000000000e+00
-1.024849681625545941e+02 -1.025214701704304332e+02 2.442610694014681061e-02 1.015092447790495789e+05 0.000000000000000000e+00
-1.080036085035010842e+02 -1.079591988749077700e+02 2.606326760950069751e-02 1.004959211364185321e+05 0.000000000000000000e+00
-1.080597649157103746e+02 -1.080662857016297806e+02 2.783137058831185520e-02 9.957323603492850089e+04 0.000000000000000000e+00
-9.430255582887026833e+01 -9.426355642958141345e+01 3.732736945632324221e-02 9.847184344109379163e+04 0.000000000000000000e+00
-1.079635943040322275e+02 -1.079671117264765599e+02 2.665214531749743321e-02 3.194094234220071667e+04 0.000000000000000000e+00
-1.025074449254435365e+02 -1.025230319668460481e+02 3.611479110738853582e-02 9.647552959542510507e+04 0.000000000000000000e+00
-1.052901202909186509e+02 -1.052795163476234279e+02 9.479884169491427023e-03 3.788088795805439986e+03 0.000000000000000000e+00
-9.412231746461105786e+01 1.425350927703261250e+14 6.133069000954763794e+01 3.761453537047226291e+03 0.000000000000000000e+00
-3.913137804559814453e+09 -3.280012136858582750e+01 4.684456925799159241e+10 2.134025193939392155e+26 0.000000000000000000e+00
-1.554461331605712891e+09 -4.802780654535762750e+01 2.583420073162605667e+10 2.112186543282009872e+26 0.000000000000000000e+00
-1.632496769583007812e+09 -3.386649380142221588e+01 4.161302149785595703e+10 2.090694587592831867e+26 0.000000000000000000e+00
-1.387758589422119141e+09 -6.722604265482857500e+01 1.027202968555553246e+10 2.069607025256902556e+26 0.000000000000000000e+00
-1.052101607730224609e+09 -3.202897982849388825e+01 1.898967069451517105e+10 2.049232672781602346e+26 0.000000000000000000e+00
-1.004617056228027344e+09 -5.088921418235962335e+01 1.373392826984400368e+10 2.028983388347383230e+26 0.000000000000000000e+00
-6.636996547641601562e+08 -5.257809084039580227e+01 1.185660085745385551e+10 2.009135739085475789e+26 0.000000000000000000e+00
-2.501323903286865234e+09 -2.754588119655866763e+01 7.890828302862748718e+10 1.989671467683823112e+26 0.000000000000000000e+00
-9.144372763454589844e+08 -5.334069930627045864e+01 1.908427674533713913e+10 1.970557358269526024e+26 0.000000000000000000e+00
-7.599012205639648438e+08 -5.172938672328627518e+01 1.412876759738268852e+10 1.951847351796004173e+26 0.000000000000000000e+00
-6.792519926916503906e+08 -5.929791199383363676e+01 1.326299262047990608e+10 1.933485752755297198e+26 0.000000000000000000e+00
-4.212094345112304688e+08 -4.961567769889828838e+01 7.346797864759373665e+09 1.915444868417339614e+26 0.000000000000000000e+00
-3.921807459492187500e+08 -6.715858894159484294e+01 6.657562147465164185e+09 1.897723065511217797e+26 0.000000000000000000e+00
-5.685810831987304688e+08 -2.917730416191989917e+01 2.015068620149306107e+10 1.880342733032007453e+26 0.000000000000000000e+00
-1.989665938376464844e+08 -5.259183360083207504e+01 5.654950245749637604e+09 1.863259631378868959e+26 0.000000000000000000e+00
-2.310898760385742188e+08 -4.874169377537191394e+01 5.765349063515168190e+09 1.846471951054560420e+26 0.000000000000000000e+00
-2.654988753457031250e+08 -4.235577347794870917e+01 7.411755359288114548e+09 1.829989181669637071e+26 0.000000000000000000e+00
-2.023782877172851562e+08 -5.336265632540256121e+01 4.973486576128659248e+09 1.813799217969800386e+26 0.000000000000000000e+00
-2.547633523227539062e+08 -5.828346362825867288e+01 5.207819776458384514e+09 1.797893508626317536e+26 0.000000000000000000e+00
-6.966402689697265625e+09 -3.177651955107183568e+01 2.881419253034082642e+11 1.766494553905969420e+26 0.000000000000000000e+00
-1.993159915163574219e+08 -4.636122437721945744e+01 7.403692835887911797e+09 1.766898953006462630e+26 0.000000000000000000e+00
-3.552224485422363281e+08 -6.077105899616028495e+01 8.411417634001430511e+09 1.751799381863766052e+26 0.000000000000000000e+00
-1.605378350817871094e+08 -4.628738668410537116e+01 4.379117270820235252e+09 1.736965159825421929e+26 0.000000000000000000e+00
-3.102121155019531250e+08 -5.220816837853960379e+01 1.043706297295065689e+10 1.722366126693546519e+26 0.000000000000000000e+00
-1.696956886788818359e+09 -6.943121809541623612e+00 5.485665897474081421e+10 1.708016612399629079e+26 0.000000000000000000e+00
-1.960970464489746094e+08 -4.973127188320189873e+01 4.048386349807949543e+09 1.693913026369273730e+26 0.000000000000000000e+00
-1.958515005957031250e+08 -6.272494417920295717e+01 4.444797383288155556e+09 1.680033260191341032e+26 0.000000000000000000e+00
-6.457392332524414062e+08 -1.580126645228352622e+01 2.087575432492716980e+10 1.666382713465191408e+26 0.000000000000000000e+00
-1.631046347192382812e+08 -5.486573447474604137e+01 2.760269382600502014e+09 1.652946318690776643e+26 0.000000000000000000e+00
-1.403759618627929688e+08 -4.964160785200153470e+01 3.863079752876788139e+09 1.639725811041253588e+26 0.000000000000000000e+00
-1.802895043981933594e+08 -5.218580964728800353e+01 4.218069607177374363e+09 1.626711058121874809e+26 0.000000000000000000e+00
-1.815813200583496094e+08 -6.340617315541621934e+01 8.106958587739505768e+09 1.613910040935053555e+26 0.000000000000000000e+00
-2.672621312622070312e+08 -6.450308231873678722e+01 3.047507561185804844e+09 1.601301938203721474e+26 0.000000000000000000e+00
-1.040144961967773438e+08 -4.576866824388849864e+01 7.544052657587714195e+09 1.588917722004731133e+26 0.000000000000000000e+00
-1.926024219987792969e+08 -6.728563885400077993e+01 5.111322107000693321e+09 1.576690511822549922e+26 0.000000000000000000e+00
-1.283245775173339844e+08 -5.972602850331127655e+01 2.110379124863231897e+09 1.564660989057459845e+26 0.000000000000000000e+00
-1.639312817679443359e+08 -5.602212748939309250e+01 3.222774109025750160e+09 1.552809818900258159e+26 0.000000000000000000e+00
-1.013296801552734375e+08 -3.496201926751570710e+01 7.386003793935159683e+09 1.541139883185845243e+26 0.000000000000000000e+00
-1.173163767365722656e+08 -5.711240573555791400e+01 2.425464037024124146e+09 1.529632317183501505e+26 0.000000000000000000e+00
-9.597427758178710938e+06 -4.991156350595851876e+01 4.240922852534407139e+09 1.518302264262587386e+26 0.000000000000000000e+00
-1.810218266064453125e+08 -7.037146903156643418e+01 3.751629079509498119e+09 1.507132719300825399e+26 0.000000000000000000e+00
-1.016092095909423828e+08 -5.294265082307396852e+01 3.232949131072483063e+09 1.496141090355316935e+26 0.000000000000000000e+00
-1.579522853261718750e+08 -4.591436398463697799e+01 3.193694128876637936e+09 1.485297252354943317e+26 0.000000000000000000e+00
-4.772656644177246094e+07 -4.700034964214511035e+01 3.600638975862141609e+09 1.474615683796923028e+26 0.000000000000000000e+00
-1.104159045389404297e+08 -5.750190845478159218e+01 2.747696637685585976e+09 1.464078014540329779e+26 0.000000000000000000e+00
-9.662214779443359375e+07 -5.844089991511277304e+01 2.113141947139331341e+09 1.453695019643464443e+26 0.000000000000000000e+00
-4.210418670764160156e+07 -4.799622749323201276e+01 2.003676837613913298e+09 1.443457398750650559e+26 0.000000000000000000e+00
-7.267520923962402344e+07 -5.413078694155105808e+01 2.224051765327701092e+09 1.433358933586711290e+26 0.000000000000000000e+00
-1.074851273608398438e+08 -6.401758074866658887e+01 2.320620391326437473e+09 1.423402822993455051e+26 0.000000000000000000e+00
-9.382140359936523438e+07 -5.941370927899329502e+01 2.840478129286805630e+09 1.413587370817506313e+26 0.000000000000000000e+00
-8.231472588085937500e+07 -5.206557962383708116e+01 3.310274711452536583e+09 1.403905346329222362e+26 0.000000000000000000e+00
-3.055054200280761719e+07 -5.584178221663572117e+01 2.451006553287193298e+09 1.394352919012739634e+26 0.000000000000000000e+00
-3.945097389428710938e+07 -4.725619913082672952e+01 2.092899411271592855e+09 1.384927297859045391e+26 0.000000000000000000e+00
-3.065397496875000000e+07 -5.339432569920614924e+01 2.542170721028604031e+09 1.375628573397261181e+26 0.000000000000000000e+00
-1.138482412984619141e+08 -5.356644669697515582e+01 3.708748686334172726e+09 1.366453814314517490e+26 0.000000000000000000e+00
-4.800803807397460938e+07 -3.379079700012896836e+01 4.911839562554079056e+09 1.357404933899759490e+26 0.000000000000000000e+00
-9.211865616406250000e+07 -6.048372374395261630e+01 1.882892260582770109e+09 1.348470849324440624e+26 0.000000000000000000e+00
-4.636127386242675781e+07 -5.315434642662433617e+01 2.554788709630830288e+09 1.339656935010945862e+26 0.000000000000000000e+00
-3.661079158862304688e+07 -4.086149157563634304e+01 2.523629352913780212e+09 1.330954735008099605e+26 0.000000000000000000e+00
-6.319182692285156250e+07 -3.943401055309320213e+01 2.660676025652595997e+09 1.322364099766354538e+26 0.000000000000000000e+00
-6.161431669799804688e+07 -4.072406216486537289e+01 2.954075074582529068e+09 1.313884522317339024e+26 0.000000000000000000e+00
-5.216271070532226562e+07 -3.323776831171161206e+01 2.251050593925367832e+09 1.305513121220025750e+26 0.000000000000000000e+00
-1.565863220642089844e+07 -5.307325007362810965e+01 2.268314571859737396e+09 1.297247017098164585e+26 0.000000000000000000e+00
-2.066878371228027344e+07 -4.786911322127630797e+01 1.535639455100016832e+09 1.289084631087749178e+26 0.000000000000000000e+00
-3.048233557080078125e+07 -4.385489272828085916e+01 2.120972299412119150e+09 1.281024356652273469e+26 0.000000000000000000e+00
-3.541818789428710938e+06 -4.115340583550578657e+01 2.795957093426103115e+09 1.273064614047047034e+26 0.000000000000000000e+00
-4.495263696032714844e+07 -4.732023016085824452e+01 1.613963815813215017e+09 1.265202761764570223e+26 0.000000000000000000e+00
-1.806405657653808594e+07 -4.611622434664535319e+01 2.402170865167667389e+09 1.257438173306999836e+26 0.000000000000000000e+00
-4.119376503515625000e+07 -5.522783491802806566e+01 1.566209396133276939e+09 1.249767703667029839e+26 0.000000000000000000e+00
-2.045686690159912109e+08 -4.761110297001935976e+01 5.566305263742815971e+09 1.242190856021954661e+26 0.000000000000000000e+00
-4.120870959851074219e+07 -5.393350634267418542e+01 2.120098263018646240e+09 1.234712052587500557e+26 0.000000000000000000e+00
-1.307887115856933594e+07 -5.707463087114474831e+01 2.200601738656172752e+09 1.227316108418138894e+26 0.000000000000000000e+00
-6.535161392700195312e+06 -4.031421484494644858e+01 3.349010599798036575e+09 1.220007633407366665e+26 0.000000000000000000e+00
-4.521376455493164062e+07 -5.356497579941163423e+01 1.986890683848872900e+09 1.212785680487131744e+26 0.000000000000000000e+00
1.535529618786621094e+07 -4.514020278114905693e+01 2.203479664117128849e+09 1.205649476101770094e+26 0.000000000000000000e+00
-5.035781256213378906e+07 -6.259944588562436962e+01 2.175120892448724747e+09 1.205649476101770094e+26 0.000000000000000000e+00
-6.559509916528320312e+07 -5.864968893288616414e+01 2.011834958323404789e+09 1.198596969215359185e+26 0.000000000000000000e+00
-3.208607209423828125e+07 -4.605248775640120584e+01 1.522633410893108368e+09 1.191627480610839792e+26 0.000000000000000000e+00
-2.787579788916015625e+07 -4.976614906613603040e+01 1.474762930478633404e+09 1.184736991277669337e+26 0.000000000000000000e+00
-9.948777677294921875e+07 -6.044895508991055522e+01 2.868911794010947704e+09 1.177925563101319998e+26 0.000000000000000000e+00
3.493974168151855469e+07 -5.719846300761873437e+01 2.682520518154777527e+09 1.171194876474569547e+26 0.000000000000000000e+00
-2.707954094348144531e+07 -6.179241297968071223e+01 1.921346245817817688e+09 1.171194876474569547e+26 0.000000000000000000e+00
-5.407283594262695312e+07 -5.352346589347670403e+01 1.537878486530985355e+09 1.164537919099765674e+26 0.000000000000000000e+00
-6.318308644531250000e+06 -4.981798752322619350e+01 1.572227981411579370e+09 1.157957263267351085e+26 0.000000000000000000e+00
-3.686710392968750000e+07 -5.929947031711471084e+01 1.488608548468784809e+09 1.151449259070447442e+26 0.000000000000000000e+00
5.423372947021484375e+06 -5.364136884005528572e+01 1.783687969573410034e+09 1.145014604391433844e+26 0.000000000000000000e+00
-3.593168029785156250e+05 -4.700142308161867533e+01 1.870899593762245655e+09 1.145014604391433844e+26 0.000000000000000000e+00
-4.213013327941894531e+07 -4.286339167901143554e+01 5.566872608837325096e+09 1.138650881583479416e+26 0.000000000000000000e+00
-3.134931884448242188e+07 -5.055638962421672744e+01 2.968593032413782597e+09 1.132358041934743217e+26 0.000000000000000000e+00
-1.254254769494628906e+07 -5.146138425079575995e+01 1.448506996372692347e+09 1.126134269521103213e+26 0.000000000000000000e+00
-9.347341797137451172e+08 -3.909555838363687030e+01 4.125651789957770538e+10 1.110144114761890683e+26 0.000000000000000000e+00
-2.882133690319824219e+07 -5.227292388372730869e+01 1.843363666807944298e+09 1.113888974806617656e+26 0.000000000000000000e+00
-3.707424793371582031e+07 -4.487059654111833851e+01 1.895625501960306883e+09 1.107866087938507356e+26 0.000000000000000000e+00
-2.361279300048828125e+07 -5.542681852879245952e+01 1.334839627753722191e+09 1.101907862404789540e+26 0.000000000000000000e+00
-6.566951172985839844e+07 -6.413949881705531197e+01 2.087315417137058735e+09 1.096013213791286771e+26 0.000000000000000000e+00
-4.753399787097167969e+07 -5.886860650868678846e+01 1.357098481508020163e+09 1.090182882447775928e+26 0.000000000000000000e+00
-1.254939349804687500e+07 -4.402576780541645007e+01 1.389553768755780935e+09 1.084413628004166030e+26 0.000000000000000000e+00
-1.129907019063720703e+08 -6.527057964936261669e+01 1.752831503266952038e+09 1.078703959124690656e+26 0.000000000000000000e+00
-4.467963570495605469e+07 -5.708816503134408293e+01 1.417371758371838808e+09 1.073058794248221719e+26 0.000000000000000000e+00
2.188542081262207031e+07 -5.171675150122711528e+01 2.190072316230818272e+09 1.067468646263327600e+26 0.000000000000000000e+00
-3.158617431237792969e+07 -5.340508425924538471e+01 1.459144466150624990e+09 1.067468646263327600e+26 0.000000000000000000e+00
-8.915948352551269531e+07 -5.925701075020911190e+01 2.098174958023575544e+09 1.061936022187707686e+26 0.000000000000000000e+00
-2.592784046984863281e+07 -5.752360650399844388e+01 2.338511052436362743e+09 1.056462260156325789e+26 0.000000000000000000e+00
-7.724194129602050781e+07 -6.030990272943854791e+01 1.497151443449159384e+09 1.051042798248192423e+26 0.000000000000000000e+00
-3.962505180261230469e+07 -5.816900645428530225e+01 2.867609284287495136e+09 1.045680692661258482e+26 0.000000000000000000e+00
-5.439450265466308594e+07 -6.699411623776457247e+01 1.949249236446341991e+09 1.040371160886368102e+26 0.000000000000000000e+00
2.367671239245605469e+07 -5.044635200916466999e+01 1.931922897174833059e+09 1.035116304231597068e+26 0.000000000000000000e+00
-5.669034460754394531e+07 -4.177210782841846992e+01 1.668469343599683285e+09 1.035116304231597068e+26 0.000000000000000000e+00
-4.485865299523925781e+07 -5.912830236246029614e+01 1.489783149075199366e+09 1.029913872811880686e+26 0.000000000000000000e+00
-2.264079034484863281e+07 -5.301270241154657725e+01 1.635084459883466005e+09 1.024763260314794678e+26 0.000000000000000000e+00
-5.028613598425292969e+07 -6.042070585491426726e+01 1.295491395683151722e+09 1.019663268917853896e+26 0.000000000000000000e+00
1.433708639794921875e+07 -5.003699866929850515e+01 1.802682197689134359e+09 1.014614718214015372e+26 0.000000000000000000e+00
-1.084697686020507812e+08 -6.643849607991887751e+01 2.219607306921082497e+09 1.014614718214015372e+26 0.000000000000000000e+00
-7.625583446875000000e+07 -6.529213453967662417e+01 1.312776162227535248e+09 1.009619427961450758e+26 0.000000000000000000e+00
-9.913833563244628906e+07 -6.859178392725807782e+01 1.906176076755802631e+09 1.004670633260979251e+26 0.000000000000000000e+00
-1.711538975170898438e+07 -4.393330758460483310e+01 1.287178126196202517e+09 9.997709742983248302e+25 0.000000000000000000e+00
-4.526263374133300781e+07 -6.045223298584981819e+01 2.391939851318009853e+09 9.949160079453106999e+25 0.000000000000000000e+00
1.639094981567382812e+07 -4.838237713275555052e+01 1.612983610624391794e+09 9.901085445767930701e+25 0.000000000000000000e+00
-7.356976559326171875e+06 -3.868577187056286704e+01 1.883330870945739746e+09 9.901085445767930701e+25 0.000000000000000000e+00
-1.136618491455078125e+06 -4.397473501377876914e+01 1.387433862035336971e+09 9.853467479434191468e+25 0.000000000000000000e+00
-4.830996221569824219e+07 -4.629624666311821812e+01 1.895224266689990759e+09 9.806305197438397572e+25 0.000000000000000000e+00
-4.681981540917968750e+07 -6.278402645736768761e+01 1.457847567514394999e+09 9.759598814530922138e+25 0.000000000000000000e+00
1.207464581872558594e+07 -4.015010522993537023e+01 1.829264441599449873e+09 9.713337268142814711e+25 0.000000000000000000e+00
-2.411207718127441406e+07 -6.115881285867463646e+01 1.633169212605756521e+09 9.713337268142814711e+25 0.000000000000000000e+00
-6.015282780651855469e+07 -6.506896909230248127e+01 1.304209970325527668e+09 9.667505752620154904e+25 0.000000000000000000e+00
1.373600446252441406e+07 -5.112768743718421405e+01 9.656663744361768961e+08 9.622117010791801665e+25 0.000000000000000000e+00
-1.923061678747558594e+07 -5.738905100289619554e+01 1.304562795634920835e+09 9.622117010791801665e+25 0.000000000000000000e+00
-1.954536445849609375e+07 -3.782017045838883007e+01 1.521688970134975910e+09 9.577140009405685557e+25 0.000000000000000000e+00
-3.092852078918457031e+07 -5.056098726258600351e+01 2.000296518347248554e+09 9.532580561510391421e+25 0.000000000000000000e+00
1.221390683325195312e+07 -4.322613488502007328e+01 1.360282192802811623e+09 9.488436375184440084e+25 0.000000000000000000e+00
-6.140451510498046875e+06 -4.589495854975081102e+01 1.453076136835009813e+09 9.488436375184440084e+25 0.000000000000000000e+00
-2.112432885692138672e+08 -6.097274147436397129e+01 1.427561299212134933e+10 9.362126816439159225e+25 0.000000000000000000e+00
-2.084616584277343750e+07 -5.743521112393700889e+01 1.240096749348874331e+09 9.401387312557220257e+25 0.000000000000000000e+00
2.506738590197753906e+07 -5.044264104504696178e+01 1.687727268955340862e+09 9.358446240810006393e+25 0.000000000000000000e+00
-1.636051025427246094e+07 -4.532282948850911453e+01 1.680578766711195707e+09 9.358446240810006393e+25 0.000000000000000000e+00
-3.456645946337890625e+07 -4.539210454965833463e+01 2.213473309233586788e+09 9.315894850867832251e+25 0.000000000000000000e+00
3.172195713024902344e+07 -5.108252285051385400e+01 1.454279771819132090e+09 9.273729514055185271e+25 0.000000000000000000e+00
9.081556411499023438e+06 -5.171322677302391924e+01 1.078927576614425421e+09 9.273729514055185271e+25 0.000000000000000000e+00
-7.631471588500976562e+06 -6.533042569363449559e+01 1.700789645992691040e+09 9.273729514055185271e+25 0.000000000000000000e+00
2.941350201550292969e+07 -4.338718805000938517e+01 1.985651849007871866e+09 9.231942336443129139e+25 0.000000000000000000e+00
-1.767582169543457031e+07 -4.252544545083313920e+01 1.769448066598349333e+09 9.231942336443129139e+25 0.000000000000000000e+00
-3.229217902453613281e+07 -5.616193296045706518e+01 1.201880197041575909e+09 9.190529862108396315e+25 0.000000000000000000e+00
-2.000159911743164062e+07 -4.784854396890474248e+01 1.131434361197792768e+09 9.149491711451713209e+25 0.000000000000000000e+00
3.773845637121582031e+07 -5.425983211734668998e+01 1.390625122533750057e+09 9.108815705427564596e+25 0.000000000000000000e+00
-9.686307130662841797e+08 -3.262512616553680189e+00 7.834838411979321289e+10 9.029264773184935084e+25 0.000000000000000000e+00
-6.418888721777343750e+07 -6.054980114030040284e+01 2.089867546088249683e+09 9.068694609266674667e+25 0.000000000000000000e+00
-5.806986574731445312e+07 -6.421252631273780764e+01 9.268866874001874924e+08 9.028744714025672490e+25 0.000000000000000000e+00
-8.304197835083007812e+07 -6.973254208484165417e+01 2.296068756315134525e+09 8.989144028017551496e+25 0.000000000000000000e+00
-7.321222354003906250e+07 -6.153138669140424355e+01 1.706949913650840521e+09 8.949897142521036961e+25 0.000000000000000000e+00
-4.768489177551269531e+07 -5.099657638733297205e+01 2.391102322674479485e+09 8.910990462150813943e+25 0.000000000000000000e+00
-4.757913955240478516e+08 -2.364466132232086082e+01 4.974722455487544250e+10 8.794747441266226088e+25 0.000000000000000000e+00
-6.270952616262207031e+08 -1.304858918919990529e+01 8.781737408859146118e+09 8.834156197750578584e+25 0.000000000000000000e+00
-3.477939085278320312e+07 -5.586521844705478657e+01 1.338723602563565969e+09 8.796416299744446174e+25 0.000000000000000000e+00
-3.334923865881347656e+07 -5.091853961947724372e+01 1.237335619413588047e+09 8.758816546602229995e+25 0.000000000000000000e+00
-4.542736731726074219e+07 -5.334715844981733568e+01 2.431932391193996906e+09 8.721536608865222668e+25 0.000000000000000000e+00
-2.067220667163085938e+07 -5.754714523797964176e+01 1.421925910380993128e+09 8.684575510807206909e+25 0.000000000000000000e+00
-5.885346233264160156e+07 -6.168254348963216671e+01 1.614273176231789827e+09 8.647922522637045285e+25 0.000000000000000000e+00
-4.425403644567871094e+07 -3.940205731397733757e+01 1.999887102684846640e+09 8.611586703852311217e+25 0.000000000000000000e+00
-5.990894012072753906e+07 -4.670982043753232205e+01 1.813326395691227913e+09 8.575548820482854892e+25 0.000000000000000000e+00
-2.970374576379394531e+08 -3.825608826971102872e+01 2.120426235497327805e+10 8.464956237083890227e+25 0.000000000000000000e+00
-4.687874374829101562e+07 -4.106229989784390710e+01 2.006099032346289396e+09 8.504377767258630408e+25 0.000000000000000000e+00
-4.457677686242675781e+07 -6.499916087072355708e+01 1.370585292860397816e+09 8.469230665833318544e+25 0.000000000000000000e+00
-6.194130162145996094e+07 -6.316053545881685238e+01 1.993761612051369429e+09 8.434374584891294657e+25 0.000000000000000000e+00
-5.691143222399902344e+07 -6.417263897932942029e+01 1.423598432943264723e+09 8.399807609067023518e+25 0.000000000000000000e+00
-5.397246843957519531e+07 -6.204449717205072545e+01 1.886735384460889339e+09 8.365521287223971203e+25 0.000000000000000000e+00
-5.646548527185058594e+07 -4.221416485448509803e+01 2.291582620255230427e+09 8.331511856546596550e+25 0.000000000000000000e+00
-3.699117355541992188e+07 -4.195720267051222407e+01 1.191104098733207464e+09 8.297781628887236314e+25 0.000000000000000000e+00
-9.356124480297851562e+07 -6.804773191656491349e+01 2.036292161817800522e+09 8.264316796374172463e+25 0.000000000000000000e+00
-4.112733240760498047e+08 -1.241014729912953207e+01 3.948736301037297821e+10 8.159004142721675123e+25 0.000000000000000000e+00
-2.957475901208496094e+07 -4.136913106568576382e+01 9.918227923671357632e+08 8.198205473712829240e+25 0.000000000000000000e+00
-2.750233122916259766e+08 -3.787047093765627892e+01 2.799238898460076523e+10 8.093994254749420506e+25 0.000000000000000000e+00
-6.559880961071777344e+07 -6.414869461490816605e+01 1.038208383334936857e+09 8.133179570794427142e+25 0.000000000000000000e+00
-3.954035573840332031e+07 -5.229365084909719030e+01 1.756210862294289589e+09 8.101035689926590976e+25 0.000000000000000000e+00
-3.802688690307617188e+07 -5.883919715270523909e+01 1.015292870105454087e+09 8.069136409044761220e+25 0.000000000000000000e+00
-1.135688471832275391e+08 -2.924683709613742977e+01 6.995906871311954498e+09 7.967033622320209294e+25 0.000000000000000000e+00
-3.335096080883789062e+07 -4.984589738162656403e+01 1.314042758509884119e+09 8.006094340916500687e+25 0.000000000000000000e+00
-4.950358239538574219e+07 -7.065919286174940339e+01 1.696401936012209177e+09 7.974936083547949067e+25 0.000000000000000000e+00
-7.941287745727539062e+07 -5.809540143340741736e+01 3.571956289120924950e+09 7.944025226449702212e+25 0.000000000000000000e+00
1.201074658190917969e+07 -4.909677530374379728e+01 1.412223796243025303e+09 7.913357204247515055e+25 0.000000000000000000e+00
7.918074120690917969e+07 -5.629376489613989776e+01 1.890355566618864059e+09 7.913357204247515055e+25 0.000000000000000000e+00
-5.204716279309082031e+07 -4.246650641902370893e+01 1.597023656515039921e+09 7.913357204247515055e+25 0.000000000000000000e+00
-5.146553191271972656e+07 -2.704774337135019024e+01 2.795498737025110722e+09 7.882919877626752527e+25 0.000000000000000000e+00
3.954112107238769531e+06 -5.726440890273701001e+01 1.121978355011201620e+09 7.852713980141153602e+25 0.000000000000000000e+00
-3.153597346603393555e+08 -1.296166081091081423e+01 3.278420818389937973e+10 7.783888928421109222e+25 0.000000000000000000e+00
-3.135039935644531250e+07 -5.385563659899798239e+01 2.087516556068119764e+09 7.822736607533095708e+25 0.000000000000000000e+00
-1.920493309875488281e+07 -4.512906909425014845e+01 1.395443399433735609e+09 7.792986640747492662e+25 0.000000000000000000e+00
3.385227183715820312e+06 -5.406124044120215189e+01 9.540977737988923788e+08 7.763460201656445878e+25 0.000000000000000000e+00
-3.720106437878417969e+07 -3.795344206975678247e+01 1.199110864904344320e+09 7.763460201656445878e+25 0.000000000000000000e+00
-3.028048817010498047e+07 -5.102451911015444352e+01 1.282335820328756809e+09 7.734159445215153375e+25 0.000000000000000000e+00
5.590830461303710938e+06 -4.913253837810943736e+01 1.861916448848021984e+09 7.705077984089923756e+25 0.000000000000000000e+00
-1.408494025744628906e+07 -4.519483596006655546e+01 1.484124146855369568e+09 7.705077984089923756e+25 0.000000000000000000e+00
-5.871514506201171875e+07 -5.678672202395069490e+01 2.354081854791744709e+09 7.676212914460174859e+25 0.000000000000000000e+00
-2.235999885357666016e+07 -4.590969386678558806e+01 1.119382381612390280e+09 7.647571012803542272e+25 0.000000000000000000e+00
-2.721992489990234375e+06 -6.130989271389842798e+01 9.749700420796619654e+08 7.619135207723438229e+25 0.000000000000000000e+00
-2.213090665979003906e+07 -4.175132800355088136e+01 1.339637952184931278e+09 7.590908411991647223e+25 0.000000000000000000e+00
-4.763793328491210938e+06 -6.020286401294359280e+01 1.107344104131511211e+09 7.562891288107444173e+25 0.000000000000000000e+00
-4.337710893975830078e+07 -5.346313308932737840e+01 1.185869208412600756e+09 7.535078977466112591e+25 0.000000000000000000e+00
-2.784578088623046875e+07 -6.166638190112697515e+01 1.115072665836560249e+09 7.507476356341609299e+25 0.000000000000000000e+00
-1.410776368804931641e+07 -4.034640786648542132e+01 1.487131724186593771e+09 7.480072156924175975e+25 0.000000000000000000e+00
-3.080424090338134766e+07 -5.315555097777258453e+01 1.002898711190868139e+09 7.452865232453037447e+25 0.000000000000000000e+00
-6.400492487408447266e+07 -5.576938349500524339e+01 4.168752101797361374e+09 7.360863041592179147e+25 0.000000000000000000e+00
2.084544271374511719e+07 -6.667978595569051947e+01 1.116856993968447924e+09 7.399103060768874084e+25 0.000000000000000000e+00
-8.293685428625488281e+07 -3.484304573012040152e+01 2.318253581984946251e+09 7.399103060768874084e+25 0.000000000000000000e+00
-4.970059030175781250e+07 -5.761679748983826954e+01 2.596645724340744495e+09 7.372498744828035293e+25 0.000000000000000000e+00
-3.199335950238037109e+07 -5.834714785315850349e+01 8.873690500377420187e+08 7.346073472748211516e+25 0.000000000000000000e+00
-1.720790187677001953e+07 -5.970142842609092781e+01 1.030984606655887485e+09 7.319833518297017175e+25 0.000000000000000000e+00
2.730714210632324219e+06 -4.115233325718060797e+01 1.784916681504153490e+09 7.293778011062807908e+25 0.000000000000000000e+00
-3.709693007061767578e+07 -5.328313977218961384e+01 9.849617115163079500e+08 7.293778011062807908e+25 0.000000000000000000e+00
-6.792076010247802734e+07 -6.456282608483823537e+01 1.035081251505939865e+10 7.204252959107210777e+25 0.000000000000000000e+00
-6.434285233819580078e+07 -7.172480080153252402e+01 1.498057782154338360e+09 7.242251294976773454e+25 0.000000000000000000e+00
-3.483157942820434570e+08 -2.226400752753401946e+01 3.306532185050799942e+10 7.153520059333373457e+25 0.000000000000000000e+00
-3.778127347268066406e+08 -3.422860701143373774e+01 5.064691001760158539e+10 7.128420614658471127e+25 0.000000000000000000e+00
-2.533443421679687500e+07 -5.879141417324163399e+01 1.302232823294776678e+09 7.166367586031765097e+25 0.000000000000000000e+00
-1.846130904174804688e+07 -5.224106422748385370e+01 1.128951957759285927e+09 7.141393023034489469e+25 0.000000000000000000e+00
1.022336165026855469e+07 -5.889260228964948141e+01 1.240715669990929604e+09 7.116591485985204130e+25 0.000000000000000000e+00
-1.053108960059814453e+08 -2.010819860535259451e+01 2.517373233520666599e+09 7.116591485985204130e+25 0.000000000000000000e+00
-1.876649838793945312e+07 -5.643098013544732794e+01 1.124741555580956936e+09 7.091979705672994519e+25 0.000000000000000000e+00
-4.248477978741455078e+07 -6.807341568984513458e+01 1.185419531735212326e+09 7.067519403139096732e+25 0.000000000000000000e+00
-2.215970970336914062e+07 -5.708287495597892303e+01 1.162139538770624399e+09 7.043231493115345807e+25 0.000000000000000000e+00
-3.045594503369140625e+07 -5.169104851803332679e+01 8.303046375659048557e+08 7.019106092077046338e+25 0.000000000000000000e+00
-2.579967150268554688e+08 -1.039768732107985372e+01 2.323222365160491562e+10 6.933792615962603321e+25 0.000000000000000000e+00
-1.717560716864013672e+07 -4.225078843082960134e+01 2.364803822888601303e+09 6.971357847240189220e+25 0.000000000000000000e+00
-4.090056454675292969e+07 -4.571511828868025873e+01 1.419214102583480835e+09 6.947721168391417181e+25 0.000000000000000000e+00
-3.678507507934570312e+06 -5.475625593436843985e+01 1.172030889962379456e+09 6.924247974140059162e+25 0.000000000000000000e+00
-5.501254736676025391e+07 -4.524948186913216830e+01 6.790275907500122070e+09 6.840410357277278224e+25 0.000000000000000000e+00
-8.401742477911376953e+07 -3.289237684910809634e+01 6.711223221857160568e+09 6.817456483206338348e+25 0.000000000000000000e+00
-2.677644676550292969e+07 -4.185553186668320791e+01 1.564996902794044256e+09 6.854805927546165785e+25 0.000000000000000000e+00
-4.455763280438232422e+07 -4.298843094754305127e+01 5.329647206207888603e+09 6.772007796948955619e+25 0.000000000000000000e+00
-3.602663143365478516e+07 -5.922053832639389270e+01 9.872421450726249218e+08 6.809267064955570608e+25 0.000000000000000000e+00
-2.019064845084228516e+08 -4.646175261771556819e+01 2.185162517233024216e+10 6.727161059843915366e+25 0.000000000000000000e+00
-1.145086375384521484e+07 -4.921789142688683683e+01 8.923986983709794283e+08 6.764333106957583850e+25 0.000000000000000000e+00
2.239235579333496094e+07 -6.200154001078366406e+01 1.007467266764524937e+09 6.742076811132101445e+25 0.000000000000000000e+00
-4.384754190979003906e+07 -7.605035906506766707e+01 3.626294137998807430e+09 6.682904391843979855e+25 0.000000000000000000e+00
-9.982030197448730469e+06 -4.754629913424714971e+01 6.973552639909569025e+08 6.719969424501359497e+25 0.000000000000000000e+00
-4.171532175598144531e+06 -5.507800824626396974e+01 7.490102471266456842e+08 6.698003436634728439e+25 0.000000000000000000e+00
-1.520169914343261719e+07 -4.349997624694734810e+01 1.694004044273056030e+09 6.676180437402730425e+25 0.000000000000000000e+00
2.633296921386718750e+06 -4.406447132447755166e+01 1.615344348994639397e+09 6.654500296311132726e+25 0.000000000000000000e+00
-7.074612615673828125e+07 -6.841486109311642849e+01 1.075907137920292616e+09 6.654500296311132726e+25 0.000000000000000000e+00
-2.496425047912597656e+07 -5.450154589332431243e+01 1.208293094769061327e+09 6.632972508594960704e+25 0.000000000000000000e+00
-3.292278886639404297e+07 -4.670628717010573894e+01 1.026953732038290739e+09 6.611572162736923608e+25 0.000000000000000000e+00
-5.527501384039306641e+07 -5.276251045488508140e+01 1.717616335633362055e+09 6.590310964418050485e+25 0.000000000000000000e+00
-2.469441433972167969e+07 -5.836800643342431982e+01 1.098497525576703787e+09 6.569190628356761277e+25 0.000000000000000000e+00
-3.782869568878173828e+07 -5.495203140434922062e+01 9.212715981945984364e+08 6.548199268925332024e+25 0.000000000000000000e+00
-2.390770604882812500e+07 -4.869471201963046525e+01 1.502889129384524107e+09 6.527343551857588153e+25 0.000000000000000000e+00
-4.808936072064208984e+07 -6.456123964385555780e+01 1.463370290991358995e+09 6.506618317095216267e+25 0.000000000000000000e+00
-2.934137195922851562e+06 -6.284585454622714451e+01 1.286327776849709511e+09 6.486028977194605951e+25 0.000000000000000000e+00
-6.897154602539062500e+06 -4.942360378366697660e+01 1.239993881426751375e+09 6.465563498750430348e+25 0.000000000000000000e+00
1.854693862792968750e+06 -5.560889568998437937e+01 1.250689235145190954e+09 6.445226881296961805e+25 0.000000000000000000e+00
-1.890562673095703125e+07 -4.257116036895052957e+01 1.110698887692321539e+09 6.445226881296961805e+25 0.000000000000000000e+00
-2.728294843988037109e+07 -5.853643433381080285e+01 1.274204835976679802e+09 6.425018523716047643e+25 0.000000000000000000e+00
-9.255200042053222656e+06 -5.486389631931699995e+01 9.856900792806048393e+08 6.404937822242340683e+25 0.000000000000000000e+00
-1.202666443542480469e+07 -5.192186880213075995e+01 1.055889639430634022e+09 6.384980220800895836e+25 0.000000000000000000e+00
-1.907714029693603516e+07 -5.836227393218659643e+01 8.146691330771420002e+08 6.365146800709958197e+25 0.000000000000000000e+00
-1.880348525854492188e+07 -4.988213968645241181e+01 9.835854764772150517e+08 6.345436963528046810e+25 0.000000000000000000e+00
-3.011801308801269531e+07 -6.424370388241807461e+01 1.302142077914242506e+09 6.325848781073173453e+25 0.000000000000000000e+00
-2.689486487769775391e+08 -2.051531706726412807e+01 3.322414837741199493e+10 6.251094494490210907e+25 0.000000000000000000e+00
1.389929799597167969e+07 -5.975727540357688383e+01 7.333550262668422461e+08 6.287035130829641149e+25 0.000000000000000000e+00
-1.843951066528320312e+06 -4.934249648023105550e+01 1.127161034955920219e+09 6.287035130829641149e+25 0.000000000000000000e+00
-3.738124773431396484e+07 -4.783237122861571322e+01 4.708958237617494583e+09 6.212862224599062258e+25 0.000000000000000000e+00
8.788398310485839844e+06 -5.297956338753596128e+01 1.014768457664021611e+09 6.248698193196973782e+25 0.000000000000000000e+00
1.966112218548583984e+07 -5.804551531722917446e+01 8.368983523686943054e+08 6.248698193196973782e+25 0.000000000000000000e+00
-2.780297475201416016e+07 -5.913745419893088950e+01 7.384217157831419706e+08 6.248698193196973782e+25 0.000000000000000000e+00
-2.224341166418457031e+07 -5.252024710853731193e+01 8.935140369946706295e+08 6.229702750340119855e+25 0.000000000000000000e+00
6.019008314575195312e+06 -5.589794140694579028e+01 1.196393501866647959e+09 6.210821982441603853e+25 0.000000000000000000e+00
-4.755519284167480469e+07 -4.090503242728636479e+01 1.923852777413541079e+09 6.210821982441603853e+25 0.000000000000000000e+00
-1.997865103302001953e+07 -5.996278793428062670e+01 1.292897557194736242e+09 6.192058885798548236e+25 0.000000000000000000e+00
-4.425636800866699219e+07 -3.118184351223527528e+01 6.470044746044137001e+09 6.119296748854096089e+25 0.000000000000000000e+00
5.435409260070800781e+06 -5.710262140469104963e+01 7.614271064448848963e+08 6.154879626723876472e+25 0.000000000000000000e+00
-1.643613573992919922e+07 -5.570477191510687476e+01 8.939895727116479874e+08 6.154879626723876472e+25 0.000000000000000000e+00
-3.980131556268310547e+07 -4.280290150300825758e+01 1.023341458873729944e+09 6.136448431049255581e+25 0.000000000000000000e+00
-1.431258888674316406e+08 -2.899515659311040494e+01 1.102359305055245209e+10 6.064498066379507013e+25 0.000000000000000000e+00
-4.664959038995361328e+07 -3.875838362297933770e+01 4.930929661207677841e+09 6.046449288099569642e+25 0.000000000000000000e+00
-1.800634146258544922e+07 -5.788974914861972820e+01 7.733872982116303444e+08 6.081855586906713754e+25 0.000000000000000000e+00
1.488017576501464844e+07 -5.551647526375850106e+01 8.603477471425340176e+08 6.063858605850044505e+25 0.000000000000000000e+00
-1.908152571412353516e+08 -4.270603847206514558e+01 1.836690431806518173e+10 6.010672115496827685e+25 0.000000000000000000e+00
-3.430672265234375000e+07 -4.808152099260225754e+01 3.449044636866511822e+09 5.992941831070361941e+25 0.000000000000000000e+00
-1.124014311626586914e+08 -2.724259974729286071e+01 1.539322666873240852e+10 5.975315839687656789e+25 0.000000000000000000e+00
-1.037405545910644531e+07 -6.350420184613980723e+01 1.265562940578480721e+09 6.010515758220211124e+25 0.000000000000000000e+00
1.938904943853759766e+07 -4.309810831091938610e+01 1.026592071212091327e+09 5.992937725235238188e+25 0.000000000000000000e+00
-8.231152157708740234e+07 -3.532344719171801728e+01 2.692639626453698635e+09 5.992937725235238188e+25 0.000000000000000000e+00
-1.325915848693847656e+07 -5.169423685736799001e+01 8.206236100948197842e+08 5.975471740557517210e+25 0.000000000000000000e+00
-9.533354660644531250e+06 -5.517383603371214207e+01 1.745832638688524961e+09 5.958097776401474861e+25 0.000000000000000000e+00
-1.159835739086914062e+07 -4.925828397778494150e+01 1.363008648500037670e+09 5.940824504105612448e+25 0.000000000000000000e+00
-4.197993879431152344e+07 -4.909785246575839324e+01 9.225081703312058449e+08 5.923651165355008751e+25 0.000000000000000000e+00
-9.878293038024902344e+06 -7.259331797826882848e+01 1.122202951434559345e+09 5.906581216168004708e+25 0.000000000000000000e+00
-1.402084941434326172e+08 -2.600266644499416557e+01 1.727485132088284016e+09 5.889604617630436275e+25 0.000000000000000000e+00
-2.063899171264648438e+07 -5.269017046993317877e+01 7.349245325328849554e+08 5.872764031813305441e+25 0.000000000000000000e+00
1.737041913708496094e+07 -5.377234823874733394e+01 9.066661347038248777e+08 5.855981984630015529e+25 0.000000000000000000e+00
-3.884896661291503906e+07 -4.172982712650078696e+01 4.489996495740705490e+09 5.804595383060676300e+25 0.000000000000000000e+00
-8.318508630004882812e+06 -4.971784377564208768e+01 1.055959282187061906e+09 5.839295485129129794e+25 0.000000000000000000e+00
-4.739247863110351562e+07 -5.969373004929497739e+01 7.429875344752076149e+09 5.771615265947996664e+25 0.000000000000000000e+00
-2.167481127789306641e+07 -5.364068855482083364e+01 8.344644239236873388e+08 5.806214332509234143e+25 0.000000000000000000e+00
8.099933671936035156e+06 -4.481842977532978978e+01 1.125662743377180815e+09 5.789809931523988999e+25 0.000000000000000000e+00
-3.118842645306396484e+07 -3.367000903774165721e+01 1.838813331936988354e+09 5.789809931523988999e+25 0.000000000000000000e+00
-2.563999926287841797e+07 -4.267769558717295553e+01 8.628349696830590963e+08 5.773499177559811297e+25 0.000000000000000000e+00
-1.741928840759277344e+06 -6.219170478824099035e+01 7.328052438611083031e+08 5.757279343944126340e+25 0.000000000000000000e+00
-2.822633963916015625e+07 -5.146399699686306661e+01 6.945116329266146421e+08 5.741149060551162908e+25 0.000000000000000000e+00
-1.528086470446166992e+08 -1.656686189843165025e+01 2.467261070436411667e+10 5.674885819141107278e+25 0.000000000000000000e+00
-1.800983283197021484e+07 -5.378079552222848037e+01 9.398855761943304539e+08 5.709159775853881982e+25 0.000000000000000000e+00
8.014644365234375000e+06 -6.395186376084741653e+01 8.869613511477637291e+08 5.693298351979364329e+25 0.000000000000000000e+00
-1.261334195800781250e+08 -1.019667565861551317e+01 1.287580412893269348e+10 5.643359167694227582e+25 0.000000000000000000e+00
1.778823110961914062e+05 -4.758911868778875487e+01 7.837601714413146973e+08 5.677559507802282157e+25 0.000000000000000000e+00
-1.196249006654663086e+08 -2.806781286568574174e+01 2.034452346100746918e+10 5.627726836076723553e+25 0.000000000000000000e+00
1.317222898565673828e+07 -6.681981458488533576e+01 9.426791448640908003e+08 5.661872633840020972e+25 0.000000000000000000e+00
-1.348954979559326172e+07 -6.946398923257739000e+01 7.323655629941744804e+08 5.661872633840020972e+25 0.000000000000000000e+00
-2.467135222296142578e+07 -5.179472823547983751e+01 9.217308959119328260e+08 5.646272326380849316e+25 0.000000000000000000e+00
-1.142599063338012695e+08 -1.054890694793951766e+01 1.603367801947207451e+10 5.581345180940663801e+25 0.000000000000000000e+00
5.907707312500000000e+06 -5.096761567428907114e+01 7.768310443896763325e+08 5.615330588977244166e+25 0.000000000000000000e+00
-2.382676869531250000e+07 -7.066108736745367480e+01 2.684906454250447273e+09 5.566054056056883801e+25 0.000000000000000000e+00
-2.168103444671630859e+07 -5.670172525121636653e+01 1.024082047223536611e+09 5.599985318359935457e+25 0.000000000000000000e+00
-8.229622909246826172e+07 -6.978880914828631887e+01 1.866998920631169558e+09 5.584725100433920423e+25 0.000000000000000000e+00
-2.675115522552490234e+07 -6.087949497156641598e+01 5.993089799750489235e+09 5.520679293803805193e+25 0.000000000000000000e+00
-6.743253651916503906e+06 -6.134896054883829919e+01 8.396564302403255701e+08 5.554461850860044615e+25 0.000000000000000000e+00
-8.868402501776123047e+07 -3.136122444087846972e+01 9.306377014297819138e+09 5.490838224829627119e+25 0.000000000000000000e+00
-5.838901601013183594e+06 -4.274560760524474290e+01 6.868068201327822208e+08 5.524549726025376826e+25 0.000000000000000000e+00
-6.591817712896728516e+07 -1.296351711364061465e+01 4.907402337699210167e+09 5.461318020494707875e+25 0.000000000000000000e+00
9.416970996459960938e+06 -7.030681168149720861e+01 9.239835388380467892e+08 5.494933853237506373e+25 0.000000000000000000e+00
1.421538074645996094e+07 -6.026962530895902859e+01 1.144000431646555662e+09 5.494933853237506373e+25 0.000000000000000000e+00
-2.140963467541503906e+07 -6.127027912751131566e+01 2.110360839932119370e+09 5.446676629688798194e+25 0.000000000000000000e+00
-9.875476699951171875e+06 -5.334687558658107775e+01 1.252473678642180681e+09 5.480238756249855472e+25 0.000000000000000000e+00
-4.311285184149169922e+07 -6.891408575518627799e+01 9.123586135968734026e+08 5.465622016305943717e+25 0.000000000000000000e+00
-1.908035733343505859e+07 -6.188238013354655465e+01 7.289224103108713627e+08 5.451086293140546918e+25 0.000000000000000000e+00
-6.312272718243408203e+07 -3.882151024373644077e+01 8.489881923219360352e+09 5.388887781367597504e+25 0.000000000000000000e+00
-7.171783315881347656e+07 -3.583013854321755787e+01 1.426445647090194130e+10 5.374631665899071486e+25 0.000000000000000000e+00
-1.100230746030273438e+08 -5.301672876256713351e+01 1.870306457901361084e+10 5.360450778999129588e+25 0.000000000000000000e+00
-7.692552451879882812e+07 -3.448035228364057758e+01 1.055535456774448013e+10 5.346344526774766878e+25 0.000000000000000000e+00
2.231525141613769531e+07 -6.282220678108598122e+01 1.004981709620437980e+09 5.379597249429893740e+25 0.000000000000000000e+00
-2.356963716198730469e+07 -5.374608465850074879e+01 3.646685293064935684e+09 5.332312321567838994e+25 0.000000000000000000e+00
-9.344017755187988281e+07 -3.124814982095508498e+01 1.744020847770801544e+10 5.318353581873506732e+25 0.000000000000000000e+00
-5.446193004534912109e+07 -4.153724521023732308e+01 6.113238819745735168e+09 5.304467732259812779e+25 0.000000000000000000e+00
-1.197368081442260742e+08 -8.131827787912216721e+00 1.453837529294276428e+10 5.290654203288758256e+25 0.000000000000000000e+00
-1.273217354232788086e+08 -1.977134197022759565e+01 1.520783168451013756e+10 5.276912431438307829e+25 0.000000000000000000e+00
-7.257006667755126953e+07 -2.056696683088877720e+01 8.397509753133822441e+09 5.263241859025868854e+25 0.000000000000000000e+00
-5.589159158575439453e+07 -4.474963039846316093e+01 9.757654737633497238e+09 5.249641934132817632e+25 0.000000000000000000e+00
-2.541262555053710938e+06 -5.737660942948850362e+01 8.788080741460632086e+08 5.282762301264823524e+25 0.000000000000000000e+00
-6.979776378063964844e+07 -4.359072148055502538e+01 1.958592222696126699e+09 5.269179256190567301e+25 0.000000000000000000e+00
-9.456055336181640625e+06 -6.179833474699649543e+01 1.253515222424745798e+09 5.255674327399130955e+25 0.000000000000000000e+00
1.154047419860839844e+07 -6.490372451496214978e+01 1.208076164167130709e+09 5.242230466271281613e+25 0.000000000000000000e+00
-4.126824354357910156e+07 -2.534127810026993899e+01 5.505837059265197754e+09 5.195937868992919604e+25 0.000000000000000000e+00
-1.874478251983642578e+07 -5.150645690678805977e+01 7.837023657252019644e+08 5.228859002267473464e+25 0.000000000000000000e+00
-1.975175845977783203e+07 -5.239880041016058954e+01 2.860475148856365681e+09 5.169495783018198815e+25 0.000000000000000000e+00
-5.381241330389404297e+07 -5.235765270735940646e+01 5.763145299145321846e+09 5.156375405898716377e+25 0.000000000000000000e+00
