0.000000000000000000e+00 0.000000000000000000e+00 0.000000000000000000e+00 0.000000000000000000e+00 0.000000000000000000e+00
-1.079743980359574493e+02 -1.079080130704836620e+02 1.918012543940943448e-01 3.501400470914182370e+04 0.000000000000000000e+00
-8.976048036446934475e+01 -8.906400190527990901e+01 3.646621797619910010e-01 3.244990762951401393e+03 0.000000000000000000e+00
-9.993681774694729825e+01 -9.967078433200944687e+01 1.955894129874376497e-01 3.427991169645274931e+04 0.000000000000000000e+00
-1.027191484280936749e+02 -1.030011026077001475e+02 1.769774366512713026e-01 1.795267524404694850e+05 0.000000000000000000e+00
-1.080873500762691179e+02 -1.079654301520552764e+02 1.129057535922387695e-01 1.825439787272293179e+05 0.000000000000000000e+00
-1.080170913246875273e+02 -1.079216787738219523e+02 8.921205760901682047e-02 1.801277209576372115e+05 0.000000000000000000e+00
-1.053991244506791247e+02 -1.052766178229471876e+02 9.254901934908701944e-02 1.772103991689112154e+05 0.000000000000000000e+00
-1.027853303023798901e+02 -1.026958449101933013e+02 8.226061803855908017e-02 3.573088908617016568e+04 0.000000000000000000e+00
-1.079728079995170873e+02 -1.079773988984710513e+02 7.013198889984825768e-02 1.716491040044583788e+05 0.000000000000000000e+00
-1.052284802530415249e+02 -1.051862352911660992e+02 9.455645203639505281e-02 1.676615251219998754e+05 0.000000000000000000e+00
-1.026069928812818119e+02 -1.025400865948943903e+02 7.205498031919892188e-02 1.641161132258425641e+05 0.000000000000000000e+00
-9.874776742877000402e+01 -9.856728153185895280e+01 9.498765798069723487e-02 3.395371476029612677e+04 0.000000000000000000e+00
-1.106433985170468901e+02 -1.106488999626949266e+02 6.578227481515232233e-02 1.577356902118949802e+05 0.000000000000000000e+00
-1.079387383130557367e+02 -1.080173242986636382e+02 6.983429417227314528e-02 2.970922742682132593e+03 0.000000000000000000e+00
-1.052911141950551013e+02 -1.052162077179053910e+02 3.969669409161528245e-02 1.536996556963337061e+05 0.000000000000000000e+00
-1.026898294821896940e+02 -1.026259413551039188e+02 6.396958354052620366e-02 3.490485469005857158e+04 0.000000000000000000e+00
-1.106807283577358305e+02 -1.107114218591158306e+02 6.349497848095909946e-02 1.494745673041430127e+05 0.000000000000000000e+00
-8.705793864141803340e+01 9.247182165267617500e+14 5.370252548799053471e+01 2.883961243788273350e+03 0.000000000000000000e+00
-1.168257300937109375e+10 -4.472642969878263841e+01 2.299447431126958618e+11 1.614129342725989177e+28 0.000000000000000000e+00
-4.823102278753906250e+09 -5.718941395340151956e+01 1.066888554568477020e+11 1.584269242689968972e+28 0.000000000000000000e+00
-5.322037730857421875e+09 -5.441029833910400981e+01 1.742727754374384766e+11 1.555473406832866287e+28 0.000000000000000000e+00
-2.333360998810546875e+09 -7.132688501155482186e+01 1.046988274775721283e+11 1.527706627566041430e+28 0.000000000000000000e+00
-1.544185870605468750e+09 -7.364215753978123757e+01 8.093771711663084412e+10 1.500911363066454441e+28 0.000000000000000000e+00
-3.090694944517578125e+09 -3.218646744489143430e+01 2.031578829734636536e+11 1.475042751028434420e+28 0.000000000000000000e+00
-1.968621405820312500e+09 -4.901730350433251004e+01 8.334456527881564331e+10 1.450049765523154587e+28 0.000000000000000000e+00
-2.383472575654296875e+09 -5.513698620336376877e+01 9.691694788138366699e+10 1.425890216887445491e+28 0.000000000000000000e+00
-1.989582173726171875e+10 -4.540143114416495962e+01 1.202146645740892639e+11 2.622292509045784613e+28 0.000000000000000000e+00
-2.271466752572265625e+09 -7.015379252891126782e+01 8.154795379020220947e+10 1.379903166729804484e+28 0.000000000000000000e+00
-4.646202933003906250e+09 -3.637138031426816553e+01 1.972764288398885498e+11 1.358000847215948538e+28 0.000000000000000000e+00
-3.187936260613281250e+09 -4.082681557804878025e+01 8.773087837892117310e+10 1.336788393850775940e+28 0.000000000000000000e+00
-1.655457554572265625e+09 -5.401937183132046272e+01 7.448306702721325684e+10 1.316230426238198320e+28 0.000000000000000000e+00
-2.807344191117187500e+09 -3.940172657202314355e+01 1.398774044061171265e+11 1.296291273039745034e+28 0.000000000000000000e+00
-1.497693481689453125e+09 -5.094223599025149696e+01 5.231207405885625458e+10 1.276950094117734518e+28 0.000000000000000000e+00
-1.435088908269531250e+09 -5.031612137991864842e+01 4.923515799833087921e+10 1.258176972501331033e+28 0.000000000000000000e+00
-1.230503713285156250e+09 -5.463824070819156731e+01 4.267108460639998627e+10 1.239942847589780031e+28 0.000000000000000000e+00
-7.880190775507812500e+08 -5.754596668391167924e+01 3.708297629739295959e+10 1.222234558674090391e+28 0.000000000000000000e+00
-6.220070397207031250e+08 -5.763697016561036435e+01 3.041337159267794800e+10 1.205022131513585110e+28 0.000000000000000000e+00
-7.887497687558593750e+08 -5.890706597813591117e+01 2.962968948538294601e+10 1.188287969580445608e+28 0.000000000000000000e+00
-8.033438126113281250e+08 -4.123383212603529557e+01 4.777364954292736816e+10 1.172011096762392163e+28 0.000000000000000000e+00
-7.557861835996093750e+08 -4.803973303852521326e+01 3.378863963658202362e+10 1.156175477215472777e+28 0.000000000000000000e+00
-6.739965169355468750e+08 -5.285753838171518026e+01 1.826107738285712433e+10 1.140761732892201473e+28 0.000000000000000000e+00
-2.306480043222656250e+08 -5.559305933875409522e+01 2.999883529709177780e+10 1.125754853552280438e+28 0.000000000000000000e+00
-5.936553878906250000e+08 -6.665898700327021231e+01 1.767891756007799911e+10 1.111135520028622333e+28 0.000000000000000000e+00
-4.706770742382812500e+08 -5.155352429334151765e+01 2.052627268968024063e+10 1.096892356934562199e+28 0.000000000000000000e+00
-5.182042278828125000e+08 -6.934919568202501239e+01 4.161842469110015869e+10 1.083008730476867913e+28 0.000000000000000000e+00
-4.317633118261718750e+08 -4.149185823351368185e+01 3.641768249406523132e+10 1.069472758337720436e+28 0.000000000000000000e+00
-6.055048214843750000e+08 -4.748844626700397953e+01 3.309385911518241501e+10 1.056269920125469925e+28 0.000000000000000000e+00
-4.579629955097656250e+08 -6.573862892544184433e+01 2.134263668608178329e+10 1.043389314321893488e+28 0.000000000000000000e+00
-4.473710450117187500e+08 -6.011277461228979746e+01 3.378252329595068741e+10 1.030819665489437714e+28 0.000000000000000000e+00
-2.625295009375000000e+08 -4.860143791930318713e+01 2.002962261247395325e+10 1.018549107981697007e+28 0.000000000000000000e+00
-2.393552819609375000e+08 -5.806773107743023132e+01 4.824280318016771698e+10 1.006566634205950613e+28 0.000000000000000000e+00
-3.388375592597656250e+08 -6.477180871255842476e+01 2.125328025390232086e+10 9.948628516330357477e+27 0.000000000000000000e+00
-3.398108118789062500e+08 -4.730374366894424298e+01 2.314842866538180161e+10 9.834279278482140212e+27 0.000000000000000000e+00
-2.211167495742187500e+08 -6.268905705170786291e+01 1.776107727081714630e+10 9.722530473657429977e+27 0.000000000000000000e+00
-5.027911522226562500e+08 -4.963206442235141935e+01 2.255439328272143555e+10 9.613293382912955625e+27 0.000000000000000000e+00
-3.014341217773437500e+08 -7.057914106762399342e+01 2.246010139078435135e+10 9.506492494552102407e+27 0.000000000000000000e+00
-2.348372598203125000e+08 -5.862600173786334778e+01 2.774157074206134796e+10 9.402027960998226965e+27 0.000000000000000000e+00
-6.140362047968750000e+08 -7.729837541649740729e+01 3.862905195435823822e+10 9.299833542509910728e+27 0.000000000000000000e+00
-3.173917121718750000e+08 -7.364150399148233817e+01 1.943333096222964478e+10 9.199848918135748420e+27 0.000000000000000000e+00
-3.376306435800781250e+08 -7.100893327764528351e+01 1.856700275889476013e+10 9.101980436085221677e+27 0.000000000000000000e+00
-3.088118530039062500e+08 -5.429422592333691000e+01 1.431806239024792099e+10 9.006171514364379701e+27 0.000000000000000000e+00
-3.179797958007812500e+08 -5.015688853540569170e+01 1.791066457561886215e+10 8.912358272033852812e+27 0.000000000000000000e+00
5.243867095703125000e+06 -6.811867239209173874e+01 2.117130337881221008e+10 8.820485182265046457e+27 0.000000000000000000e+00
-1.763373579042968750e+08 -4.292315917575632511e+01 2.128218166220177078e+10 8.820485182265046457e+27 0.000000000000000000e+00
-3.907735242597656250e+08 -4.091802187176260475e+01 2.235963625234445190e+10 8.730478111170808171e+27 0.000000000000000000e+00
-2.816083231386718750e+08 -5.306467646645205605e+01 1.381950126539379120e+10 8.642295272759748540e+27 0.000000000000000000e+00
-2.305528505175781250e+08 -4.505484561440644597e+01 1.765016405511020279e+10 8.555872856531293049e+27 0.000000000000000000e+00
-1.514225102578125000e+08 -4.778073516191397374e+01 1.720975292664576721e+10 8.471163304134036592e+27 0.000000000000000000e+00
-2.284690428359375000e+08 -5.980792948507381368e+01 1.306214840586446190e+10 8.388111192259417020e+27 0.000000000000000000e+00
-3.308931623652343750e+08 -7.452946497448296270e+01 1.625053822562506104e+10 8.306672563241545717e+27 0.000000000000000000e+00
-1.852247555898437500e+08 -5.547905877961192544e+01 1.712926989449355507e+10 8.226797139406014179e+27 0.000000000000000000e+00
-3.124762211191406250e+08 -6.314345107500346899e+01 1.796978939164732742e+10 8.148446050227206274e+27 0.000000000000000000e+00
-2.114169261445312500e+08 -4.465630172094482475e+01 1.809206900793717575e+10 8.071576608200100459e+27 0.000000000000000000e+00
-1.227771797041015625e+08 -5.488318874871281139e+01 2.421257284667900848e+10 7.996139854035889223e+27 0.000000000000000000e+00
4.969483927148437500e+07 -5.852635760075432358e+01 3.810248400226310730e+10 7.922099936361934071e+27 0.000000000000000000e+00
-7.100796385351562500e+07 -4.889203692745123675e+01 1.616989532494081306e+10 7.922099936361934071e+27 0.000000000000000000e+00
-1.157714539248046875e+08 -6.818664747478891286e+01 2.042316283891200638e+10 7.849417698872563755e+27 0.000000000000000000e+00
-2.354595228222656250e+08 -6.692202007395587771e+01 1.036333567154759789e+10 7.778059518802304887e+27 0.000000000000000000e+00
-6.295323838476562500e+07 -5.942053695987156914e+01 1.714287600950659370e+10 7.707986434361700176e+27 0.000000000000000000e+00
3.272825960449218750e+07 -5.741873189031372249e+01 1.984528219712222290e+10 7.639162854138582074e+27 0.000000000000000000e+00
-2.112730000205078125e+08 -4.398774521271414528e+01 1.279352403152544022e+10 7.639162854138582074e+27 0.000000000000000000e+00
-5.841482782617187500e+07 -5.801923004356788027e+01 1.976300679947386932e+10 7.571557548497417101e+27 0.000000000000000000e+00
1.914344843750000000e+05 -5.973931675168837074e+01 1.593381552061241913e+10 7.505137982611028895e+27 0.000000000000000000e+00
-1.544567747656250000e+08 -6.681385699571576708e+01 1.305566448040479279e+10 7.505137982611028895e+27 0.000000000000000000e+00
-2.166651529990234375e+08 -4.435335209197612016e+01 1.975693999334731674e+10 7.439873597417467098e+27 0.000000000000000000e+00
-2.185298769365234375e+08 -4.594974828260557587e+01 1.510874493001435852e+10 7.375736053322549626e+27 0.000000000000000000e+00
-1.634795191787109375e+08 -4.760139992139220055e+01 3.741259242910726166e+10 7.312694083267231975e+27 0.000000000000000000e+00
-1.214210885048828125e+08 -7.018352119038875969e+01 3.352349988386667252e+10 7.250721186276611248e+27 0.000000000000000000e+00
-1.294855218369140625e+08 -4.867282826716577659e+01 1.249275563121931267e+10 7.189790601736906457e+27 0.000000000000000000e+00
-1.633890701464843750e+08 -7.257251671276658556e+01 1.316501966044387627e+10 7.129872948833827087e+27 0.000000000000000000e+00
-4.140060260449218750e+07 -4.687004465699053668e+01 1.854579733159888840e+10 7.070946330515255979e+27 0.000000000000000000e+00
6.649341471093750000e+07 -5.776966222959579511e+01 1.420850431355507278e+10 7.012985029900877716e+27 0.000000000000000000e+00
1.626829807421875000e+08 -5.675476780698990353e+01 1.715007950158403397e+10 7.012985029900877716e+27 0.000000000000000000e+00
-7.731539291406250000e+07 -6.073681145640014023e+01 1.413685728687796021e+10 7.012985029900877716e+27 0.000000000000000000e+00
-5.511132368945312500e+07 -6.688613875583507706e+01 1.157394925488464355e+10 6.955966700203516541e+27 0.000000000000000000e+00
-1.359322069902343750e+08 -5.949670603598386265e+01 1.408558575248857117e+10 6.899867493855614642e+27 0.000000000000000000e+00
-1.309449387861328125e+08 -5.263677338656339089e+01 1.296165442973759079e+10 6.844667587804253894e+27 0.000000000000000000e+00
-8.485654133300781250e+07 -4.322696128879649535e+01 1.383710743501158714e+10 6.790343202858277009e+27 0.000000000000000000e+00
-5.378737837207031250e+07 -4.699076039169268881e+01 1.216941800525239944e+10 6.736873419300261870e+27 0.000000000000000000e+00
-8.256121824707031250e+07 -5.445013721231984505e+01 7.990150716258651733e+09 6.684239168410157453e+27 0.000000000000000000e+00
-2.587749521386718750e+08 -6.007400322282450134e+01 2.064555189926099014e+10 6.632421131993691980e+27 0.000000000000000000e+00
6.454720690722656250e+07 -5.478732561863387929e+01 1.395083031143898201e+10 6.581402650927882697e+27 0.000000000000000000e+00
-2.033546768427734375e+08 -4.847741014776400448e+01 1.254671432214974022e+10 6.581402650927882697e+27 0.000000000000000000e+00
-1.196419769042968750e+08 -6.668862368897457316e+01 1.359999887297049713e+10 6.531163306509071628e+27 0.000000000000000000e+00
-1.735351111328125000e+07 -5.322590908451278580e+01 1.031009248187323189e+10 6.481683368330846268e+27 0.000000000000000000e+00
-1.728375534716796875e+08 -6.663664622865870513e+01 1.097756493460111237e+10 6.432946482788789784e+27 0.000000000000000000e+00
-1.125472211503906250e+08 -6.715967198901428503e+01 1.103792006720421410e+10 6.384938052343378174e+27 0.000000000000000000e+00
-1.735304107421875000e+08 -4.527839908246583178e+01 1.686242043832332420e+10 6.337639726196390774e+27 0.000000000000000000e+00
-9.745007133496093750e+07 -4.418076016305847276e+01 2.098742493676903152e+10 6.291038337235953641e+27 0.000000000000000000e+00
-2.024791859970703125e+08 -5.245648317496154789e+01 1.426926710966226196e+10 6.245115835371099784e+27 0.000000000000000000e+00
-1.920023177382812500e+08 -7.165764260286648835e+01 1.535198601674062157e+10 6.199861089501124309e+27 0.000000000000000000e+00
-5.383642422656250000e+07 -6.599121373396356205e+01 1.562865046888830757e+10 6.155257109722141161e+27 0.000000000000000000e+00
-3.609556624414062500e+07 -6.529256133541453266e+01 1.242521815619710922e+10 6.111288898537060570e+27 0.000000000000000000e+00
-5.190871649804687500e+07 -5.038358812592500868e+01 1.353335285929007149e+10 6.067944063665175425e+27 0.000000000000000000e+00
6.059547350000000000e+07 -6.099056148433459157e+01 1.713967098538006592e+10 6.025209942135963139e+27 0.000000000000000000e+00
4.082795762500000000e+07 -5.981569343610850353e+01 1.617303588070888710e+10 6.025209942135963139e+27 0.000000000000000000e+00
9.697027681250000000e+07 -5.369357944288184115e+01 1.553885116283435822e+10 6.025209942135963139e+27 0.000000000000000000e+00
-1.534626153125000000e+08 -7.501346062224122591e+01 1.519729939147112083e+10 6.025209942135963139e+27 0.000000000000000000e+00
6.567937559375000000e+07 -6.278646733752331954e+01 1.911391855326005554e+10 5.983074155757682678e+27 0.000000000000000000e+00
-7.766791678125000000e+07 -6.155471251583878001e+01 7.249903372461867332e+09 5.983074155757682678e+27 0.000000000000000000e+00
-5.794886041699218750e+07 -5.109655592174014771e+01 1.175859791271500015e+10 5.941522792256346810e+27 0.000000000000000000e+00
-6.650992668847656250e+07 -5.685703732385434961e+01 8.381750122515710831e+09 5.900544822832588760e+27 0.000000000000000000e+00
-1.506992597001953125e+08 -5.441473295317729253e+01 1.135733570135476494e+10 5.860127957806412358e+27 0.000000000000000000e+00
-1.124330657734375000e+08 -6.345121968918040523e+01 8.413221261991349220e+09 5.820261525433606144e+27 0.000000000000000000e+00
-1.166791521630859375e+08 -4.890174403844349627e+01 1.033956245319986916e+10 5.780933360191694360e+27 0.000000000000000000e+00
-4.808061986621093750e+07 -4.973195456982552543e+01 1.145695601049707222e+10 5.742133813598625496e+27 0.000000000000000000e+00
-1.416089945117187500e+07 -5.691528476984881024e+01 8.449901881493753433e+09 5.703851026472296595e+27 0.000000000000000000e+00
2.284102025390625000e+06 -5.755931133966662827e+01 9.473617544590999603e+09 5.666074991447456098e+27 0.000000000000000000e+00
-9.445108344335937500e+07 -6.557414755450970745e+01 8.288416224780752182e+09 5.666074991447456098e+27 0.000000000000000000e+00
-6.737885609375000000e+07 -7.217642302550696343e+01 1.875248897307457352e+10 5.628796469523174565e+27 0.000000000000000000e+00
4.377839276269531250e+07 -6.184033865475812775e+01 1.172011467319790649e+10 5.592004974865995891e+27 0.000000000000000000e+00
-3.451729048730468750e+07 -5.771789071413153493e+01 9.913323172460451126e+09 5.592004974865995891e+27 0.000000000000000000e+00
-2.125826600615234375e+08 -3.512120714402173149e+01 2.512889508747322845e+10 5.555691258377498062e+27 0.000000000000000000e+00
7.444027604101562500e+07 -6.317597583878029610e+01 2.197694070250686264e+10 5.519848562461525740e+27 0.000000000000000000e+00
-1.240184694589843750e+08 -6.412002128204888152e+01 8.871312957770208359e+09 5.519848562461525740e+27 0.000000000000000000e+00
-6.366118558203125000e+07 -6.089114575134554030e+01 7.009540449395682335e+09 5.484463320765522997e+27 0.000000000000000000e+00
3.921326862304687500e+06 -5.072420560298045444e+01 1.133501464690839195e+10 5.449528320312646525e+27 0.000000000000000000e+00
2.841716096123046875e+08 -5.299191074987435712e+01 1.837088013510564423e+10 5.449528320312646525e+27 0.000000000000000000e+00
5.931917473730468750e+07 -4.414589752821531476e+01 1.371661595198043060e+10 5.449528320312646525e+27 0.000000000000000000e+00
1.482824461230468750e+07 -6.898823568617679314e+01 1.378284948129916382e+10 5.449528320312646525e+27 0.000000000000000000e+00
1.677840973730468750e+07 -5.365931001890118779e+01 1.071874765809925842e+10 5.449528320312646525e+27 0.000000000000000000e+00
3.095494548730468750e+07 -5.257223383092294711e+01 2.287892718611389923e+10 5.449528320312646525e+27 0.000000000000000000e+00
-2.181569988769531250e+07 -5.178425692496011123e+01 1.165348017208173561e+10 5.449528320312646525e+27 0.000000000000000000e+00
4.971464291894531250e+07 -4.917610891204824242e+01 1.238901301868986320e+10 5.415035609516834412e+27 0.000000000000000000e+00
-5.293040498046875000e+05 -5.464591641666218180e+01 1.211280683247706413e+10 5.415035609516834412e+27 0.000000000000000000e+00
6.337730978417968750e+07 -6.162208291536021676e+01 9.627033204464368820e+09 5.380976814739862978e+27 0.000000000000000000e+00
3.636088727929687500e+07 -5.981575805589973527e+01 1.184213654674018669e+10 5.380976814739862978e+27 0.000000000000000000e+00
1.250056358955078125e+08 -5.374923894691959703e+01 2.348859745352575684e+10 5.380976814739862978e+27 0.000000000000000000e+00
-1.122917017939453125e+08 -4.475022113632895326e+01 1.180596046666911507e+10 5.380976814739862978e+27 0.000000000000000000e+00
-7.365291066406250000e+06 -6.715478506087718813e+01 2.292207329868105698e+10 5.347344412303527545e+27 0.000000000000000000e+00
-1.362297527050781250e+07 -4.980818657057934473e+01 9.273484323277141571e+09 5.314129254721222877e+27 0.000000000000000000e+00
-9.185599952246093750e+07 -4.165099946907636763e+01 9.536532103575124741e+09 5.281324097941470548e+27 0.000000000000000000e+00
-3.324746595214843750e+07 -4.355724721395963428e+01 1.188829229446330833e+10 5.248921854641231252e+27 0.000000000000000000e+00
-8.239772871484375000e+07 -4.601587131413826626e+01 1.017833638735783768e+10 5.216914453229375664e+27 0.000000000000000000e+00
9.647706787304687500e+07 -5.746405299328299776e+01 1.900173126820687866e+10 5.185295425772254987e+27 0.000000000000000000e+00
-7.125142251953125000e+06 -4.883415334722282353e+01 1.374073217388554001e+10 5.185295425772254987e+27 0.000000000000000000e+00
-9.031672919824218750e+07 -4.919187883049505672e+01 1.244431427462980080e+10 5.154056897348476013e+27 0.000000000000000000e+00
-7.561563585253906250e+07 -6.021109693414369701e+01 1.083700251657968330e+10 5.123193081711408892e+27 0.000000000000000000e+00
-7.885396649804687500e+07 -6.573575548255345780e+01 9.412524104798276901e+09 5.092696413183162829e+27 0.000000000000000000e+00
-2.854788961425781250e+07 -6.256876947791140253e+01 8.786520036853437424e+09 5.062560534425522735e+27 0.000000000000000000e+00
1.270528434277343750e+07 -5.038594577064375102e+01 1.071576404292589760e+10 5.032779078219058184e+27 0.000000000000000000e+00
1.056261303427734375e+08 -5.272312647837217270e+01 1.594123441588342285e+10 5.032779078219058184e+27 0.000000000000000000e+00
-2.848017109472656250e+07 -5.536101469362161964e+01 1.139776914404253197e+10 5.032779078219058184e+27 0.000000000000000000e+00
5.382558655273437500e+06 -6.051019174233580600e+01 8.859881853036890030e+09 5.003345964970172619e+27 0.000000000000000000e+00
2.975824009277343750e+07 -5.372346176409595131e+01 1.289278969579035759e+10 5.003345964970172619e+27 0.000000000000000000e+00
1.593515067490234375e+08 -5.784533297448071920e+01 1.045720036487959480e+10 5.003345964970172619e+27 0.000000000000000000e+00
1.618955759277343750e+07 -5.366576816287786045e+01 1.051554841638874435e+10 5.003345964970172619e+27 0.000000000000000000e+00
-2.677971259765625000e+05 -4.339572285103633931e+01 1.253486026135212708e+10 5.003345964970172619e+27 0.000000000000000000e+00
-2.036895740234375000e+07 -5.120058645398800223e+01 1.045277933573961067e+10 4.974255047424132063e+27 0.000000000000000000e+00
1.178441752187500000e+08 -5.364095428122620035e+01 1.176522756488133430e+10 4.945500492119066804e+27 0.000000000000000000e+00
-1.202263963125000000e+08 -5.299611528547591632e+01 8.690740409021001816e+09 4.945500492119066804e+27 0.000000000000000000e+00
-4.914666774218750000e+07 -6.654244090151166802e+01 1.534009514352179909e+10 4.917077151744224644e+27 0.000000000000000000e+00
8.847247373046875000e+06 -6.066290419278900714e+01 9.649349670750364304e+09 4.888978180647357845e+27 0.000000000000000000e+00
1.147379926230468750e+08 -5.721473807265672917e+01 1.047954316416607285e+10 4.888978180647357845e+27 0.000000000000000000e+00
5.740297249804687500e+07 -6.293758910610896606e+01 1.053340484411382103e+10 4.888978180647357845e+27 0.000000000000000000e+00
-5.790453100195312500e+07 -5.232171518105504759e+01 6.238780521022323608e+09 4.888978180647357845e+27 0.000000000000000000e+00
-1.385086197236328125e+08 -4.285430151208151983e+01 1.876597481127792358e+10 4.861198437401848543e+27 0.000000000000000000e+00
-8.060307066406250000e+06 -6.584787363806839267e+01 1.094017140742279243e+10 4.833732637565700396e+27 0.000000000000000000e+00
-1.128264882304687500e+08 -5.698445053413973227e+01 5.268295852199188232e+09 4.806575252397380664e+27 0.000000000000000000e+00
-5.635756068847656250e+07 -5.938476493318528071e+01 7.212926423385315895e+09 4.779721745561365941e+27 0.000000000000000000e+00
-5.331301237695312500e+07 -5.767796542975122520e+01 7.245156828947597504e+09 4.753166337021102137e+27 0.000000000000000000e+00
-7.439117217773437500e+06 -6.016274770515925496e+01 1.522072932743442345e+10 4.726904407739294355e+27 0.000000000000000000e+00
-4.457559314550781250e+07 -5.263654665336928673e+01 7.261875057241194725e+09 4.700930908586014682e+27 0.000000000000000000e+00
9.379131155566406250e+07 -5.831777148543827849e+01 1.036682222966803932e+10 4.675241291208634526e+27 0.000000000000000000e+00
-4.760694700683593750e+07 -4.260529952543578958e+01 1.053182872965187836e+10 4.675241291208634526e+27 0.000000000000000000e+00
8.651278051953125000e+07 -5.050389207268314351e+01 1.187120131600012207e+10 4.649830824973988995e+27 0.000000000000000000e+00
1.795120570703125000e+07 -5.844015683010075435e+01 9.411508992842758179e+09 4.649830824973988995e+27 0.000000000000000000e+00
-5.531142929296875000e+07 -4.685207499873424553e+01 1.000485619676877022e+10 4.649830824973988995e+27 0.000000000000000000e+00
-1.611445955078125000e+06 -6.072277183238188059e+01 7.360720177350879669e+09 4.624695306670781698e+27 0.000000000000000000e+00
2.282805859375000000e+04 -5.364152511440168780e+01 8.737408888055253983e+09 4.599829898515293914e+27 0.000000000000000000e+00
3.813826441601562500e+07 -5.783322259479614758e+01 7.667564343664886475e+09 4.599829898515293914e+27 0.000000000000000000e+00
1.908810799277343750e+08 -5.528047928241515763e+01 1.090677422071572685e+10 4.599829898515293914e+27 0.000000000000000000e+00
-9.191822051367187500e+07 -4.561094368665489185e+01 7.158610159500671387e+09 4.599829898515293914e+27 0.000000000000000000e+00
-4.519503916015625000e+07 -5.240321015574189545e+01 9.602533321621173859e+09 4.575230534574633135e+27 0.000000000000000000e+00
2.746381413671875000e+07 -6.908003778757432656e+01 1.406937093246654129e+10 4.550892772886412307e+27 0.000000000000000000e+00
6.436062276171875000e+07 -5.868341532408427241e+01 1.357542600795869637e+10 4.550892772886412307e+27 0.000000000000000000e+00
2.115313104492187500e+08 -6.193086459206217143e+01 1.371037661064279938e+10 4.550892772886412307e+27 0.000000000000000000e+00
2.743319563671875000e+07 -4.918649735799249356e+01 9.093254036110134125e+09 4.550892772886412307e+27 0.000000000000000000e+00
-2.202010111328125000e+07 -5.227208265779538010e+01 9.766733976287548065e+09 4.550892772886412307e+27 0.000000000000000000e+00
4.014249649316406250e+07 -6.387620086146605303e+01 1.060865458976465988e+10 4.526812614412651979e+27 0.000000000000000000e+00
6.903702524414062500e+06 -5.073657223634189251e+01 1.201417836521838570e+10 4.526812614412651979e+27 0.000000000000000000e+00
-6.540859253808593750e+07 -5.382591769992380648e+01 1.158951401726112175e+10 4.526812614412651979e+27 0.000000000000000000e+00
7.857487626464843750e+07 -5.777708441919623539e+01 1.013828880448615837e+10 4.502986263098751427e+27 0.000000000000000000e+00
-1.316712283603515625e+08 -4.987996227571912300e+01 8.163800385861961365e+09 4.502986263098751427e+27 0.000000000000000000e+00
9.807490325000000000e+07 -6.376260141809587623e+01 2.241222105592364502e+10 4.479409819880700614e+27 0.000000000000000000e+00
1.168654550000000000e+08 -6.407859276773206147e+01 9.598841785401710510e+09 4.479409819880700614e+27 0.000000000000000000e+00
6.918840150000000000e+07 -5.480523707558939606e+01 1.008565294280867958e+10 4.479409819880700614e+27 0.000000000000000000e+00
1.266362942500000000e+08 -5.795384193532835582e+01 2.126063672400830841e+10 4.479409819880700614e+27 0.000000000000000000e+00
-3.054457500000000000e+06 -5.459864159847677456e+01 7.840739473794891357e+09 4.479409819880700614e+27 0.000000000000000000e+00
5.544005969726562500e+06 -7.312377086691873274e+01 9.004567570087701797e+09 4.456078201381960913e+27 0.000000000000000000e+00
-1.321508321386718750e+07 -5.246471519410388851e+01 1.042145435950224113e+10 4.456078201381960913e+27 0.000000000000000000e+00
5.100599440429687500e+06 -4.276418599761209549e+01 9.969721343056581497e+09 4.432988387817674703e+27 0.000000000000000000e+00
3.244619344042968750e+07 -6.968885729712697241e+01 1.634671134129354477e+10 4.432988387817674703e+27 0.000000000000000000e+00
-4.521386755957031250e+07 -5.952740868092045190e+01 6.148527065680502892e+09 4.432988387817674703e+27 0.000000000000000000e+00
5.865742278515625000e+07 -5.127964270505849242e+01 1.066598792637050629e+10 4.410136706126846149e+27 0.000000000000000000e+00
-1.072186412773437500e+08 -5.180912010192491124e+01 9.240922604660371780e+09 4.410136706126846149e+27 0.000000000000000000e+00
5.888894069433593750e+07 -4.959948805095471158e+01 1.009826141470651627e+10 4.387519983338804423e+27 0.000000000000000000e+00
-4.186888505566406250e+07 -5.562681355793022675e+01 6.284513786477616310e+09 4.387519983338804423e+27 0.000000000000000000e+00
4.661223610253906250e+07 -6.101043674278794526e+01 8.466909640364113808e+09 4.365133509459660995e+27 0.000000000000000000e+00
-9.998382327246093750e+07 -6.299385266117416649e+01 8.331586970130743027e+09 4.365133509459660995e+27 0.000000000000000000e+00
-5.731583835937500000e+07 -5.494645552051569126e+01 1.132231058353877068e+10 4.342974709648718130e+27 0.000000000000000000e+00
-6.834676197460937500e+07 -5.069362667699331126e+01 1.341695087392423820e+10 4.321039509522967024e+27 0.000000000000000000e+00
-1.214603104707031250e+08 -6.490607869375371308e+01 9.157939426578657150e+09 4.299324706031765028e+27 0.000000000000000000e+00
-3.749577315527343750e+07 -5.745373035859028477e+01 8.819866409017137527e+09 4.277827389292205358e+27 0.000000000000000000e+00
-1.359135676376953125e+08 -6.798645104520896609e+01 1.069330944287441063e+10 4.256543513354702682e+27 0.000000000000000000e+00
-1.528301990322265625e+08 -4.299083514268803441e+01 7.941427721939792633e+09 4.235470971947820491e+27 0.000000000000000000e+00
1.416313979111328125e+08 -4.887522372020893613e+01 1.153081211644121361e+10 4.214606196682195798e+27 0.000000000000000000e+00
-1.911301838388671875e+08 -7.198144212707921952e+01 1.157830397317354774e+10 4.214606196682195798e+27 0.000000000000000000e+00
-1.494250677734375000e+07 -6.815637042125725031e+01 1.069616913531434822e+10 4.193946681170778126e+27 0.000000000000000000e+00
4.389194987011718750e+07 -5.955744579455012655e+01 8.241163603888470650e+09 4.173487270700683102e+27 0.000000000000000000e+00
-1.333700136455078125e+08 -4.097594092513746489e+01 1.090821308300543022e+10 4.173487270700683102e+27 0.000000000000000000e+00
8.267074402343750000e+07 -5.602722399213758564e+01 9.758625905749252319e+09 4.153227113687427614e+27 0.000000000000000000e+00
-9.897046047656250000e+07 -4.855188903068801665e+01 1.112342932369874954e+10 4.153227113687427614e+27 0.000000000000000000e+00
-4.096683313671875000e+07 -6.043081786979880121e+01 7.643827282146319389e+09 4.133162243506688326e+27 0.000000000000000000e+00
-9.563736327246093750e+07 -3.911465609427190060e+01 1.100336155344749260e+10 4.113290217153583878e+27 0.000000000000000000e+00
5.024776678027343750e+07 -5.653039371146522285e+01 7.419882753936042786e+09 4.093608205832005857e+27 0.000000000000000000e+00
-7.968823921972656250e+07 -5.073357539026382312e+01 6.496049253684597015e+09 4.093608205832005857e+27 0.000000000000000000e+00
9.339118515234375000e+07 -5.273190169244816872e+01 1.021545332533921051e+10 4.074113918497532080e+27 0.000000000000000000e+00
1.967565190234375000e+07 -4.508778833619012971e+01 6.703481941387991905e+09 4.074113918497532080e+27 0.000000000000000000e+00
1.260630737773437500e+08 -6.114643961930632088e+01 9.409242287500461578e+09 4.074113918497532080e+27 0.000000000000000000e+00
-1.204394542226562500e+08 -6.988637221499587326e+01 1.008465126264701271e+10 4.074113918497532080e+27 0.000000000000000000e+00
1.708323330087890625e+08 -5.489566173144513783e+01 1.031286776134038353e+10 4.054805091600225437e+27 0.000000000000000000e+00
8.825146675878906250e+07 -5.670028546388938651e+01 1.070796607506252098e+10 4.054805091600225437e+27 0.000000000000000000e+00
-4.175250424121093750e+07 -4.900566860082219023e+01 9.104478466360399246e+09 4.054805091600225437e+27 0.000000000000000000e+00
1.475343876923828125e+08 -5.696994241761743893e+01 9.843549858322013855e+09 4.035677689194072341e+27 0.000000000000000000e+00
8.627992125488281250e+07 -6.146562699446051425e+01 1.548352898466671753e+10 4.035677689194072341e+27 0.000000000000000000e+00
-7.297810068261718750e+07 -4.329564143573335144e+01 8.129776953549236298e+09 4.035677689194072341e+27 0.000000000000000000e+00
-8.058281048339843750e+07 -7.648187020157982374e+01 1.486753095377876091e+10 4.016729961854305502e+27 0.000000000000000000e+00
8.204416710400390625e+07 -5.060154328723565698e+01 9.431999559773218155e+09 3.997959378455470300e+27 0.000000000000000000e+00
2.169579504150390625e+07 -5.393037407606069422e+01 7.644834518222636223e+09 3.997959378455470300e+27 0.000000000000000000e+00
-6.040862102099609375e+07 -6.253188727540079128e+01 8.294696307968883514e+09 3.997959378455470300e+27 0.000000000000000000e+00
2.729067049511718750e+07 -4.413928772748108997e+01 7.151084296350305557e+09 3.979363398379495518e+27 0.000000000000000000e+00
1.437872146826171875e+08 -6.360532928890467019e+01 1.010266565771429253e+10 3.979363398379495518e+27 0.000000000000000000e+00
-7.176662031738281250e+07 -4.478918422415787859e+01 7.400922187173878670e+09 3.979363398379495518e+27 0.000000000000000000e+00
6.435353028466796875e+07 -6.068101485350656077e+01 9.877017949379062653e+09 3.960939570975680656e+27 0.000000000000000000e+00
2.691664153466796875e+07 -5.725443954218346931e+01 6.754631033483309746e+09 3.960939570975680656e+27 0.000000000000000000e+00
-5.767621584033203125e+07 -7.921076410118001832e+01 1.355836484216836166e+10 3.960939570975680656e+27 0.000000000000000000e+00
-5.287630937939453125e+07 -4.659229257379320188e+01 7.716639554521223068e+09 3.942685382923310880e+27 0.000000000000000000e+00
-1.182883571645507812e+08 -7.704668343252237150e+01 9.796212231161905289e+09 3.924598774257278806e+27 0.000000000000000000e+00
-1.374544827016601562e+08 -6.013555853958492037e+01 7.466886666722425461e+09 3.906677446031414190e+27 0.000000000000000000e+00
9.713655650537109375e+07 -5.274842452527334302e+01 6.365142600102503777e+09 3.888919596485376036e+27 0.000000000000000000e+00
4.193862000537109375e+07 -5.935731986471098054e+01 1.095892956625831223e+10 3.888919596485376036e+27 0.000000000000000000e+00
4.869736225537109375e+07 -4.839659047315938523e+01 1.138694596405004120e+10 3.888919596485376036e+27 0.000000000000000000e+00
4.943403255371093750e+06 -7.529577021315107288e+01 1.085120735452511787e+10 3.888919596485376036e+27 0.000000000000000000e+00
-5.123352494628906250e+06 -5.654479245527146958e+01 6.731318718708532333e+09 3.888919596485376036e+27 0.000000000000000000e+00
2.556855677148437500e+07 -6.682187860151906023e+01 1.001541237453930283e+10 3.871321681319034595e+27 0.000000000000000000e+00
-2.785118100195312500e+07 -5.219390259309304980e+01 7.069917527460770607e+09 3.871321681319034595e+27 0.000000000000000000e+00
-7.341117216796875000e+06 -6.302342304247546423e+01 1.490274619768526268e+10 3.853882344363603401e+27 0.000000000000000000e+00
6.368871530517578125e+07 -4.803278010874499415e+01 1.343662486928005409e+10 3.836599412402749092e+27 0.000000000000000000e+00
-1.898031338232421875e+07 -6.056251388813839043e+01 6.935016069357086182e+09 3.836599412402749092e+27 0.000000000000000000e+00
6.937812914257812500e+07 -5.076121589392100475e+01 7.607645430332095146e+09 3.819470816784116318e+27 0.000000000000000000e+00
-1.004040136718750000e+05 -6.131937223668789017e+01 7.377654141547521591e+09 3.819470816784116318e+27 0.000000000000000000e+00
8.158901154003906250e+07 -6.309373718860118885e+01 9.691389021218614578e+09 3.802494439554962479e+27 0.000000000000000000e+00
-3.504077345996093750e+07 -6.158212936889735545e+01 5.665446206558341980e+09 3.802494439554962479e+27 0.000000000000000000e+00
4.701810148681640625e+07 -6.105434722398513259e+01 1.154576762661319923e+10 3.785668329592718043e+27 0.000000000000000000e+00
-2.342085251318359375e+07 -4.525527671645642158e+01 7.986589850879465103e+09 3.785668329592718043e+27 0.000000000000000000e+00
-9.024866241699218750e+06 -6.028833244043439521e+01 8.075973494686665535e+09 3.768990429911731139e+27 0.000000000000000000e+00
5.387713514013671875e+07 -5.194342208817451478e+01 1.013418908517881966e+10 3.752458831979617666e+27 0.000000000000000000e+00
9.328267940576171875e+07 -6.393597868758889291e+01 9.495309529838735580e+09 3.752458831979617666e+27 0.000000000000000000e+00
3.841698253076171875e+07 -5.043317753836058159e+01 9.748902250086622238e+09 3.752458831979617666e+27 0.000000000000000000e+00
-6.218864479736328125e+07 -6.410889533383848971e+01 5.398869524339607239e+09 3.752458831979617666e+27 0.000000000000000000e+00
-2.774920089599609375e+07 -5.216787916313072060e+01 8.566406983788891792e+09 3.736071809817578695e+27 0.000000000000000000e+00
2.220142546718750000e+08 -6.527764089408915993e+01 1.794064432455817795e+10 3.719827189519539075e+27 0.000000000000000000e+00
-3.624194670312500000e+07 -4.802528414693648529e+01 5.154388282386494637e+09 3.719827189519539075e+27 0.000000000000000000e+00
9.402961063574218750e+07 -6.042645126936182010e+01 1.643477195974707031e+10 3.703723149373723830e+27 0.000000000000000000e+00
2.851229682324218750e+07 -5.451539335704563882e+01 9.682181127617454529e+09 3.703723149373723830e+27 0.000000000000000000e+00
-4.130862051757812500e+06 -4.676800950256295408e+01 8.047120409124464035e+09 3.703723149373723830e+27 0.000000000000000000e+00
-6.987236777343750000e+06 -5.772154182018202562e+01 9.851199308271789551e+09 3.687757949540555648e+27 0.000000000000000000e+00
-4.618890347167968750e+07 -4.302075625894129018e+01 9.632500799356363297e+09 3.671929802721242867e+27 0.000000000000000000e+00
-2.333111974560546875e+07 -5.584150886512846768e+01 5.349809474974740028e+09 3.656237037318228036e+27 0.000000000000000000e+00
1.188454985810546875e+08 -5.285705232283815036e+01 1.060315677949347496e+10 3.640677725312370326e+27 0.000000000000000000e+00
-8.802193776269531250e+07 -6.474214833128137059e+01 6.211582987101431847e+09 3.640677725312370326e+27 0.000000000000000000e+00
9.321132279296875000e+07 -5.598808821053446394e+01 7.936505606374698639e+09 3.625250613721984105e+27 0.000000000000000000e+00
-3.212896595703125000e+07 -6.220951491300035485e+01 8.164428435439618111e+09 3.625250613721984105e+27 0.000000000000000000e+00
-1.190341449462890625e+07 -6.603000745025445894e+01 1.275637049276100731e+10 3.609953373015316887e+27 0.000000000000000000e+00
5.966611424462890625e+07 -6.074166442516015962e+01 9.159818686614017487e+09 3.594784671090272156e+27 0.000000000000000000e+00
-3.055749400537109375e+07 -4.134132671888596633e+01 7.746661683263068199e+09 3.594784671090272156e+27 0.000000000000000000e+00
8.586768187060546875e+07 -4.839547325721154891e+01 1.216986983793279076e+10 3.579742934267959634e+27 0.000000000000000000e+00
2.736561055810546875e+07 -6.143711821406838425e+01 7.394708627867218971e+09 3.579742934267959634e+27 0.000000000000000000e+00
5.136039640185546875e+07 -5.683202784199048097e+01 7.698064240753517151e+09 3.579742934267959634e+27 0.000000000000000000e+00
2.820207327685546875e+07 -6.361648392155814946e+01 7.790633516887083054e+09 3.579742934267959634e+27 0.000000000000000000e+00
1.366543496435546875e+07 -5.774050725350785029e+01 9.001334347520427704e+09 3.579742934267959634e+27 0.000000000000000000e+00
-5.751195662939453125e+07 -6.134819122975251560e+01 5.832503322198387146e+09 3.579742934267959634e+27 0.000000000000000000e+00
-5.731579802734375000e+06 -5.532821026287312094e+01 6.887355959472071648e+09 3.564826584350143311e+27 0.000000000000000000e+00
4.366474634716796875e+07 -6.584422806165821385e+01 1.226114143416338730e+10 3.550033963623653926e+27 0.000000000000000000e+00
2.461946634716796875e+07 -6.183146940138386327e+01 1.023509680504552460e+10 3.550033963623653926e+27 0.000000000000000000e+00
-3.175645665283203125e+07 -5.141858238090977551e+01 7.121241003950325012e+09 3.550033963623653926e+27 0.000000000000000000e+00
5.114439917822265625e+07 -5.762157322105046831e+01 1.113784804179557228e+10 3.535363651993124809e+27 0.000000000000000000e+00
9.400711490722656250e+06 -5.568205415187212282e+01 8.117651196423904419e+09 3.535363651993124809e+27 0.000000000000000000e+00
1.223848716782226562e+08 -5.663921708241726094e+01 1.490280732049221802e+10 3.535363651993124809e+27 0.000000000000000000e+00
-1.146498804052734375e+07 -5.969497522438518189e+01 9.196560494625806808e+09 3.535363651993124809e+27 0.000000000000000000e+00
9.425708103320312500e+07 -5.245171773956607808e+01 7.313757655837048531e+09 3.520814044978285590e+27 0.000000000000000000e+00
3.694947290820312500e+07 -5.428651685874628186e+01 6.226252701253639221e+09 3.520814044978285590e+27 0.000000000000000000e+00
-4.386064299804687500e+07 -5.061555569451525116e+01 8.950903100211950302e+09 3.520814044978285590e+27 0.000000000000000000e+00
1.432645033320312500e+08 -5.643032086721485285e+01 1.375381650716427612e+10 3.506383769333145319e+27 0.000000000000000000e+00
7.652936514453125000e+07 -5.867016364498474701e+01 9.373481445823650360e+09 3.506383769333145319e+27 0.000000000000000000e+00
9.750046401953125000e+07 -5.706090255977379400e+01 1.218334805043811035e+10 3.506383769333145319e+27 0.000000000000000000e+00
-1.205488328748046875e+10 1.863606850801403652e+03 2.900124754738786621e+12 3.504463988565458750e+27 0.000000000000000000e+00
-4.632033206476074219e+09 2.004544425406879498e+02 3.057534099504759521e+11 3.490160537410445963e+27 0.000000000000000000e+00
-5.409943273143554688e+09 3.331733289080851137e+03 1.245408951947774902e+12 3.475973368591654971e+27 0.000000000000000000e+00
-2.300917531461914062e+09 -5.627696599652760767e+01 2.812914590866196899e+11 3.461901069868747269e+27 0.000000000000000000e+00
-3.049612786816748047e+10 1.265777932419239960e+03 2.759192509155318604e+11 3.454678164215562256e+27 0.000000000000000000e+00
-1.177493256772021484e+10 6.640217588890443039e+03 1.766394978303596436e+12 3.434095547169482717e+27 0.000000000000000000e+00
-4.559360973803222656e+09 1.935034664127616225e+03 5.850383827473309326e+11 3.420359610773747623e+27 0.000000000000000000e+00
-4.636388153175781250e+09 8.446874138030609629e+02 4.725361212784290771e+11 3.406733118752667448e+27 0.000000000000000000e+00
-1.597480586482421875e+09 -3.849848691988081839e+01 3.730972417878822327e+10 3.401082408205465583e+27 0.000000000000000000e+00
-9.135090720039062500e+08 9.958649844423759987e+02 3.331131398774291382e+11 3.379803277131404209e+27 0.000000000000000000e+00
-2.676118632975097656e+09 1.359671557635464069e+03 4.329367037421281738e+11 3.366497383265094592e+27 0.000000000000000000e+00
-9.843809629965820312e+08 -5.050951225320105920e+01 2.659908193362711334e+10 3.361227114429406279e+27 0.000000000000000000e+00
-7.868952841337890625e+08 -5.928876941316302407e+01 1.331168625727609825e+10 3.348107628946199952e+27 0.000000000000000000e+00
-1.428338362022949219e+09 -6.091638163916650939e+01 1.188378073985835266e+11 3.327200959607067491e+27 0.000000000000000000e+00
-8.596647007109375000e+08 -3.925652090832692664e+01 1.100664792690008545e+11 3.314305224655563334e+27 0.000000000000000000e+00
-9.842383265117187500e+08 -4.623424927144878183e+01 2.122896469322006989e+10 3.309365876946446513e+27 0.000000000000000000e+00
-5.867186209624023438e+08 -3.830447496377669125e+01 8.023727945926322937e+10 3.288811335135272932e+27 0.000000000000000000e+00
-5.011027901870117188e+08 -4.774483077631715133e+01 4.388242684950385284e+10 3.276210900394606677e+27 0.000000000000000000e+00
-1.046051764483886719e+09 -2.347342760824987806e+01 1.145674653088885803e+11 3.263706647893354215e+27 0.000000000000000000e+00
-9.161465594033203125e+08 -5.968330843987901346e+01 7.841024566937832642e+10 3.251297480560703528e+27 0.000000000000000000e+00
-7.986569761035156250e+08 -7.311552849265831355e+01 7.269019151843650818e+10 3.238982317947050474e+27 0.000000000000000000e+00
-6.444690535815429688e+08 -4.757382419744033086e+01 9.265630533536225891e+10 3.226760095910074472e+27 0.000000000000000000e+00
-7.095501665214843750e+08 -3.419515720850572649e+01 7.875252134797512817e+10 3.214629766308498129e+27 0.000000000000000000e+00
-1.240768231293945312e+09 -5.314104408076431696e+01 1.391375541895099640e+10 3.210236940415381506e+27 0.000000000000000000e+00
-4.213367035219726562e+08 -4.831547698462148333e+01 4.564126307326663208e+10 3.190640670060523232e+27 0.000000000000000000e+00
-6.486816334804687500e+08 -5.239309588879942936e+01 1.025973872992394829e+10 3.186405524138108412e+27 0.000000000000000000e+00
-2.529433660239257812e+08 -5.685758445972430053e+01 2.427639124711941528e+10 3.167006952873437793e+27 0.000000000000000000e+00
-4.976935692714843750e+08 -4.501130382570526933e+01 4.172617919938159943e+10 3.155320902761847289e+27 0.000000000000000000e+00
-3.534982951318359375e+08 -3.953637707032080328e+01 3.015502842777017975e+10 3.143720775939938038e+27 0.000000000000000000e+00
-4.828637536904296875e+08 -3.936230024369574210e+01 4.705198743398426056e+10 3.132205628247595280e+27 0.000000000000000000e+00
-5.338652477846679688e+08 -3.054045346685388296e+01 6.893326282437292480e+10 3.120774529307150677e+27 0.000000000000000000e+00
-1.062809167744628906e+09 -7.625840954223352242e+01 1.495957556672543030e+11 3.109426562272903673e+27 0.000000000000000000e+00
-3.828965239951171875e+08 -6.019559054148034960e+01 2.841496084817750549e+10 3.098160823585671462e+27 0.000000000000000000e+00
-1.987934638214355469e+09 5.475576658468638925e+03 6.156721777909157715e+11 3.086976422733301613e+27 0.000000000000000000e+00
-2.209573738750000000e+08 -4.611312437500431827e+01 2.341205540924625397e+10 3.075872482015831231e+27 0.000000000000000000e+00
-3.374626368144531250e+08 -4.670225162175590583e+01 4.939436401732685089e+10 3.064848136316167312e+27 0.000000000000000000e+00
-3.831732575532226562e+08 -6.213665088817575111e+01 8.343759899697045326e+09 3.061428873346097896e+27 0.000000000000000000e+00
-1.607987090250000000e+09 9.885653732972838270e+02 3.190855782858571777e+11 3.043034831071430784e+27 0.000000000000000000e+00
-2.689026016401367188e+08 -5.340662851347899220e+01 3.980803395258573914e+10 3.032244202207004208e+27 0.000000000000000000e+00
-8.229552060581054688e+08 -4.245590360031400934e+01 2.753512790943077850e+10 3.029016190682860672e+27 0.000000000000000000e+00
-4.800269043999023438e+08 -3.052529395252026490e+01 5.234166547979239655e+10 3.010890906858617197e+27 0.000000000000000000e+00
-1.066624616729980469e+09 -5.472212597495499864e+01 3.140292688130788803e+10 3.007767734511038547e+27 0.000000000000000000e+00
-4.516499637815917969e+09 -3.757823174303026548e+01 1.366280804614474945e+11 2.997260024718185346e+27 0.000000000000000000e+00
-1.403558846906738281e+09 -5.011952707251050043e+01 3.309960943705585861e+10 2.986831226163767175e+27 0.000000000000000000e+00
-1.426642177198730469e+09 -4.991468499634396494e+01 1.772003300878170166e+11 2.969074003779032861e+27 0.000000000000000000e+00
-4.019558257070312500e+08 -5.008032879350582789e+01 1.183749582205625534e+10 2.966176168985678544e+27 0.000000000000000000e+00
-5.384719510737304688e+08 -5.342473162265573450e+01 5.011206862874820709e+10 2.948598125096775849e+27 0.000000000000000000e+00
-5.345221494873046875e+08 -4.952829318392482350e+01 1.058102104694403458e+10 2.945796185489983899e+27 0.000000000000000000e+00
-6.874622485766601562e+08 -5.098818352712260804e+01 1.583096301876701164e+10 2.935714228376386191e+27 0.000000000000000000e+00
-6.937334982866210938e+08 -4.358094832674314034e+01 1.368007180233779335e+10 2.925703066336139637e+27 0.000000000000000000e+00
-3.276139673613281250e+08 -4.886724865820598041e+01 2.535483286075471115e+10 2.908482088132339283e+27 0.000000000000000000e+00
-3.661900122416992188e+08 -5.180910235257675822e+01 9.448863634539003372e+09 2.905880146060006213e+27 0.000000000000000000e+00
-1.173123509386767578e+10 3.118562920222670527e+03 9.971276053939859009e+10 2.896065348228611409e+27 0.000000000000000000e+00
-1.190357388841015625e+10 2.546435551095206392e+03 6.322869571553040314e+10 2.886458655345670450e+27 0.000000000000000000e+00
-4.015988986718750000e+08 -4.108403976492621013e+01 3.495803111659560394e+10 2.869442954369210243e+27 0.000000000000000000e+00
-8.361856847548828125e+08 -4.436207470359655503e+01 1.589728600901789284e+10 2.867466814805969856e+27 0.000000000000000000e+00
-4.817469593447265625e+08 -4.642082140624788877e+01 5.407627761333013153e+10 2.850313765515948293e+27 0.000000000000000000e+00
-3.224274072138671875e+08 -5.079516979054662329e+01 3.849663801552080536e+10 2.840844496059514776e+27 0.000000000000000000e+00
-1.846400185830078125e+08 -5.851397043038251411e+01 1.805051312126189804e+10 2.831437934899387244e+27 0.000000000000000000e+00
-1.995797887775390625e+09 -4.705121145645073000e+01 4.243592695042276001e+10 2.829634384522153671e+27 0.000000000000000000e+00
-7.431103049184570312e+08 -3.985859376046990121e+01 1.833717126965335464e+10 2.820348893050853190e+27 0.000000000000000000e+00
-8.871864838388671875e+08 -3.958989745191541942e+01 1.804231762969938278e+10 2.811111310118217158e+27 0.000000000000000000e+00
-4.503689102084960938e+08 -3.714106686592194961e+01 7.506243952605865479e+10 2.794426478018737095e+27 0.000000000000000000e+00
-1.131979687807617188e+08 -5.958356073636223016e+01 2.018128617036155319e+10 2.785324307020375583e+27 0.000000000000000000e+00
-5.678311705141601562e+08 -4.409920520511023767e+01 9.995320897573163986e+09 2.783743895336567482e+27 0.000000000000000000e+00
-4.646314667255859375e+08 -4.590975616264775994e+01 8.573728186659679413e+09 2.774741472754646608e+27 0.000000000000000000e+00
-5.264771218974609375e+08 -5.568157509969299213e+01 1.155683859447120476e+10 2.765795582073574934e+27 0.000000000000000000e+00
-6.675994563925781250e+08 -4.514399983271990635e+01 9.966500193398776245e+10 2.749500953069971843e+27 0.000000000000000000e+00
-2.001916589702148438e+08 -5.840464047847419238e+01 2.215921260959098053e+10 2.740688633125083336e+27 0.000000000000000000e+00
-3.822148956591796875e+08 -4.376967052523554713e+01 1.355768597310311890e+10 2.739291285401816666e+27 0.000000000000000000e+00
-3.984970542294921875e+08 -4.721209181688629997e+01 3.956214289003199005e+10 2.723232376296820005e+27 0.000000000000000000e+00
-1.581908410693359375e+08 -5.016917176701209513e+01 1.396991845285661888e+10 2.714587370358717205e+27 0.000000000000000000e+00
-2.439996756903320312e+09 -2.405447003571449471e+01 3.145355550186181030e+11 2.705997077977850634e+27 0.000000000000000000e+00
-4.861767305766601562e+08 -3.723528977483757529e+01 8.677077020846284866e+09 2.704731579261417914e+27 0.000000000000000000e+00
-2.923792512167968750e+08 -3.975906527807876500e+01 3.581569391234883118e+10 2.688978569308926664e+27 0.000000000000000000e+00
-1.851857616157226562e+08 -4.509537705677986708e+01 1.146657104839786911e+10 2.680549336910668515e+27 0.000000000000000000e+00
-1.367107023963867188e+09 1.358919478783620207e+03 2.620473004471455078e+11 2.672172785646948698e+27 0.000000000000000000e+00
-1.879703186025390625e+08 -4.052835681615748342e+01 1.276068253183370781e+10 2.663848423190363736e+27 0.000000000000000000e+00
-2.149664254887695312e+08 -4.728396325429881841e+01 5.074131004296730042e+09 2.662758874304891058e+27 0.000000000000000000e+00
-6.520010392021484375e+08 2.967671535648527765e+02 9.471291100083029175e+10 2.647354325871124658e+27 0.000000000000000000e+00
-4.567731205698242188e+08 -4.861918667975369601e+01 6.092315759560261536e+10 2.639183636554524513e+27 0.000000000000000000e+00
-1.196606568479980469e+09 -3.839530253383428970e+01 1.650334718995552368e+11 2.631063226952479447e+27 0.000000000000000000e+00
