0.000000000000000000e+00 0.000000000000000000e+00 0.000000000000000000e+00 0.000000000000000000e+00 0.000000000000000000e+00
-1.080671139772556728e+02 -1.077885814747091473e+02 1.471234428286453955e-01 1.782278835494143423e+05 0.000000000000000000e+00
-1.078952723123951927e+02 -1.078092352168170152e+02 1.241367335581436832e-01 1.837174391077430919e+05 0.000000000000000000e+00
-1.109617415573416395e+02 -1.106017095926646334e+02 9.381974168201795417e-02 1.793832578234060784e+05 0.000000000000000000e+00
-1.023221279041488003e+02 -1.028793847819892164e+02 2.293636162870540396e-01 1.995394114553604159e+05 0.000000000000000000e+00
-9.933695433020379539e+01 -9.928649718177668149e+01 3.040828250357570650e-01 2.179210483523615694e+05 0.000000000000000000e+00
-1.108447298418475526e+02 -1.106381959147307583e+02 6.695540663059072750e-02 2.120100130798252649e+05 0.000000000000000000e+00
-1.033786650846537185e+02 -1.030253573192968304e+02 2.507566777978457728e-01 2.157673482622335141e+05 0.000000000000000000e+00
-1.080331802872405405e+02 -1.080379895517123146e+02 5.844432700863226582e-02 4.835853415941986168e+04 0.000000000000000000e+00
-1.080690680178431791e+02 -1.080431451147067037e+02 9.081151015258442927e-02 2.157950050556292990e+05 0.000000000000000000e+00
-1.025613439521039538e+02 -1.024681401627212409e+02 1.611977712610099533e-01 2.105211959686125629e+05 0.000000000000000000e+00
-1.105265855374168780e+02 -1.106392916952533767e+02 8.484274200702406066e-02 2.063584429429782322e+05 0.000000000000000000e+00
-1.024221655676280136e+02 -1.024338503944935610e+02 1.361041084962236747e-01 2.036955797147605335e+05 0.000000000000000000e+00
-1.049243008160626118e+02 -1.052037697055645538e+02 1.365357585006101993e-01 1.989689684416005039e+05 0.000000000000000000e+00
-1.051984085727563638e+02 -1.051875547729995333e+02 5.586987246056372008e-02 2.036241756142926461e+05 0.000000000000000000e+00
-1.011091850015879885e+02 -1.009644284361593520e+02 8.871421766855085156e-02 4.149342942251340719e+04 0.000000000000000000e+00
-1.079694010103232955e+02 -1.079402752272882111e+02 5.320739498731230643e-02 1.949377363165343122e+05 0.000000000000000000e+00
-1.078466496566395705e+02 -1.079354132932502779e+02 6.910486757813551206e-02 1.909475067564918718e+05 0.000000000000000000e+00
-1.081086010561964912e+02 -1.080926872319962229e+02 4.112018925542870046e-02 4.051211120184759056e+04 0.000000000000000000e+00
-1.082146699189197960e+02 -1.080953502626521328e+02 6.985785771583678805e-02 1.858406105507615139e+05 0.000000000000000000e+00
-9.578842362419746337e+01 -9.568772410531488504e+01 8.518148273450754093e-02 3.891767463626839890e+04 0.000000000000000000e+00
-1.021626765408777402e+02 -1.023597641340712414e+02 1.172345825929029667e-01 1.809340236303054553e+05 0.000000000000000000e+00
-1.050921072628628679e+02 -1.052308710476944071e+02 7.105893772874886938e-02 1.817003520501488238e+05 0.000000000000000000e+00
-9.707340235320938859e+01 -9.716091176778280669e+01 5.870697764157804810e-02 3.887259995512067690e+04 0.000000000000000000e+00
-1.053968654527132998e+02 -1.052974243209845042e+02 4.191642596644435531e-02 1.792982507954598696e+05 0.000000000000000000e+00
-9.970772241082727305e+01 -9.973159637577717263e+01 8.042619439438139506e-02 1.776746758859723923e+05 0.000000000000000000e+00
-1.053391157506081584e+02 -1.052967944042689084e+02 4.324565146120648573e-02 1.745709232013382425e+05 0.000000000000000000e+00
-9.456350585417152388e+01 -9.452219021906607566e+01 7.380793122049129906e-02 3.759544616674494318e+04 0.000000000000000000e+00
-1.080521279795701588e+02 -1.080343992691565376e+02 3.929269092303577099e-02 3.703433941059010249e+04 0.000000000000000000e+00
-1.025713692603551408e+02 -1.025266896698627193e+02 4.347783890078513180e-02 1.671617621673241956e+05 0.000000000000000000e+00
-1.079126826824424086e+02 -1.079780978588612896e+02 3.844236493906598440e-02 1.646807736129236582e+05 0.000000000000000000e+00
-1.080486632135176279e+02 -1.080315548417031550e+02 2.979171450098840393e-02 3.526327090281495475e+04 0.000000000000000000e+00
-1.025367126899934078e+02 -1.025612447026979765e+02 5.367669341206134787e-02 3.473115896769778192e+04 0.000000000000000000e+00
-1.107657152691346880e+02 -1.107296132672992144e+02 3.792770943282088025e-02 1.575671599111672840e+05 0.000000000000000000e+00
-9.502106183106333503e+01 6.794946202033550080e+17 5.959756311561093156e+01 3.551869529319228604e+03 0.000000000000000000e+00
-1.094800677136000000e+13 -3.098530347255948669e+01 3.935061748885815625e+14 6.993994114484449996e+33 0.000000000000000000e+00
-2.108455010038000000e+12 -5.275043243703580487e+01 6.900162704391878125e+13 6.906271102824758506e+33 0.000000000000000000e+00
-2.002534379614000000e+12 -5.827526222835695791e+01 5.515310180617979688e+13 6.804743887367349943e+33 0.000000000000000000e+00
-9.702235115680000000e+11 -4.795770767232465914e+01 4.392203271123118750e+13 6.706191599515953094e+33 0.000000000000000000e+00
-6.814185260540000000e+11 -6.975072066189112263e+01 3.446167953916144141e+13 6.610400048963478940e+33 0.000000000000000000e+00
-5.036167076900000000e+11 -5.297464035504965096e+01 3.139628587639273047e+13 6.517294955917072634e+33 0.000000000000000000e+00
-6.045959448420000000e+11 -4.745034943005656913e+01 3.542446802631192969e+13 6.426775071582627033e+33 0.000000000000000000e+00
-6.228086945780000000e+11 -6.234548421110766725e+01 2.917885563360361328e+13 6.338734647843799443e+33 0.000000000000000000e+00
-5.091503491020000000e+11 -5.819104313996149358e+01 2.066141790099002344e+13 6.253069084338198488e+33 0.000000000000000000e+00
-6.057994109580000000e+11 -5.690710678904324027e+01 2.002880766264404688e+13 6.169685941257298661e+33 0.000000000000000000e+00
-5.781833083560000000e+11 -6.257794590003077673e+01 1.686937775895100586e+13 6.088509099176889341e+33 0.000000000000000000e+00
-2.241255923000000000e+11 -4.457546973211443486e+01 2.269185951845182422e+13 6.009438538266134781e+33 0.000000000000000000e+00
-2.951058285680000000e+11 -5.591244880459671407e+01 1.989722953028987891e+13 5.932375332538902599e+33 0.000000000000000000e+00
-1.035555108890000000e+11 -5.707494274619513419e+01 1.721919310590326172e+13 5.857266463711165588e+33 0.000000000000000000e+00
-2.391488121970000000e+11 -5.416941955572470135e+01 1.683155669477818750e+13 5.784034910920231632e+33 0.000000000000000000e+00
-3.435889119730000000e+11 -6.959383627750572998e+01 1.442543581036638477e+13 5.712618000066150145e+33 0.000000000000000000e+00
-2.866546968970000000e+11 -6.504567320909798411e+01 1.485864861634087109e+13 5.642940560631002948e+33 0.000000000000000000e+00
-2.631970321870000000e+11 -5.663327766518955286e+01 1.859628443453248047e+13 5.574940476202440618e+33 0.000000000000000000e+00
-3.824020086390000000e+11 -5.574709482867170607e+01 1.589183455236503516e+13 5.508564405805037721e+33 0.000000000000000000e+00
-2.672086914700000000e+11 -6.108149306907571940e+01 1.018028639223497852e+13 5.443746969146145521e+33 0.000000000000000000e+00
-2.723648264960000000e+11 -6.729424726302913484e+01 9.035594126914892578e+12 5.380436106199911684e+33 0.000000000000000000e+00
-1.262725937680000000e+11 -5.967790395056027108e+01 1.126380422458019727e+13 5.318582798112137492e+33 0.000000000000000000e+00
-1.506474162510000000e+11 -6.647150112388186471e+01 1.391946982597806055e+13 5.258130715939408506e+33 0.000000000000000000e+00
-3.193956448390000000e+11 -6.892279087446284791e+01 1.381303255914375391e+13 5.199037992458302788e+33 0.000000000000000000e+00
-1.109160024420000000e+11 -6.157338854010528451e+01 1.567137073522345312e+13 5.141262113739366266e+33 0.000000000000000000e+00
-3.446096299780000000e+11 -6.277369277865789599e+01 1.373682537440711523e+13 5.084753039787086041e+33 0.000000000000000000e+00
-1.583889486540000000e+11 -5.624544145529080907e+01 9.944100489944748047e+12 5.029475047630427145e+33 0.000000000000000000e+00
-1.432544458520000000e+11 -6.175873054523709982e+01 1.007552044583968164e+13 4.975383474958229365e+33 0.000000000000000000e+00
-1.120864268800000000e+11 -5.710928528264007298e+01 9.568646803806107422e+12 4.922442472845467933e+33 0.000000000000000000e+00
-7.003642140300000000e+10 -4.801052522481501939e+01 1.046293385952077148e+13 4.870615716944835265e+33 0.000000000000000000e+00
-1.307439461830000000e+11 -5.266484199182308856e+01 9.398195959598992188e+12 4.819869035149248057e+33 0.000000000000000000e+00
-1.341922872300000000e+10 -5.219683529699373281e+01 1.506519096615290625e+13 4.770168635603470135e+33 0.000000000000000000e+00
-1.393275592330000000e+11 -5.896552691451805117e+01 1.198756121785270508e+13 4.721482026378228876e+33 0.000000000000000000e+00
-1.350319612890000000e+11 -6.188387667692512650e+01 1.167649384911589258e+13 4.673780802931852152e+33 0.000000000000000000e+00
-5.348552304000000000e+10 -5.271697991470730926e+01 1.150002312930247656e+13 4.627033298978600060e+33 0.000000000000000000e+00
-1.448787627520000000e+11 -6.341723901241239503e+01 7.852161520554200195e+12 4.581210303860096938e+33 0.000000000000000000e+00
-1.131271479100000000e+11 -5.998141941331391536e+01 1.242235217792227344e+13 4.536287377576230302e+33 0.000000000000000000e+00
-3.781518138200000000e+10 -5.872180034282457228e+01 1.172685175020290820e+13 4.492236528569132604e+33 0.000000000000000000e+00
-4.867780086300000000e+10 -5.478696649637336691e+01 8.197877216400194336e+12 4.449031823145965758e+33 0.000000000000000000e+00
-6.426504611200000000e+10 -5.188560343985175649e+01 7.665276801894620117e+12 4.406650375825674262e+33 0.000000000000000000e+00
-3.449316081600000000e+10 -5.323963523354973404e+01 1.154679013808624023e+13 4.365068786343286697e+33 0.000000000000000000e+00
-1.128870334900000000e+11 -5.023768036064362263e+01 7.399599056169404297e+12 4.324264316164911493e+33 0.000000000000000000e+00
-1.015071727130000000e+11 -5.887472638284819482e+01 7.167583346140812500e+12 4.284216366890887355e+33 0.000000000000000000e+00
-5.222156988400000000e+10 -5.933954144237590356e+01 1.049540532218050000e+13 4.244902954809356390e+33 0.000000000000000000e+00
-1.074495796470000000e+11 -6.101627993167906538e+01 9.415233049399675781e+12 4.206304413831184827e+33 0.000000000000000000e+00
-8.301245264800000000e+10 -6.123340860541134134e+01 9.060854328363675781e+12 4.168402010690668346e+33 0.000000000000000000e+00
-2.277196665430000000e+11 -6.580655382311830692e+01 8.580219067823513672e+12 4.131175919941934868e+33 0.000000000000000000e+00
-6.783836040800000000e+10 -6.999773111462620534e+01 8.753826193650018555e+12 4.094611468394931630e+33 0.000000000000000000e+00
-2.063974001840000000e+11 -6.332433476434486863e+01 9.111385104166242188e+12 4.058685613957494925e+33 0.000000000000000000e+00
3.180839588000000000e+09 -6.104050340241875006e+01 1.076992066394051562e+13 4.023387647427655524e+33 0.000000000000000000e+00
-8.976187170800000000e+10 -5.940634048230918296e+01 7.712538875151188477e+12 4.023387647427655524e+33 0.000000000000000000e+00
-2.344299769100000000e+10 -5.083537539284143492e+01 1.042454018331884375e+13 3.988696138915382069e+33 0.000000000000000000e+00
-8.189668469700000000e+10 -6.844153997556736613e+01 1.026702892449273633e+13 3.954597180878933698e+33 0.000000000000000000e+00
-3.543574383500000000e+10 -5.866902151962798229e+01 8.793179325645201172e+12 3.921076347653964737e+33 0.000000000000000000e+00
-1.953579735930000000e+11 -6.159754092795245839e+01 6.630779763643247070e+12 3.888118736056937856e+33 0.000000000000000000e+00
-4.010236269400000000e+10 -5.734045782138656477e+01 9.841216922207017578e+12 3.855712696821780476e+33 0.000000000000000000e+00
-1.461890500575400000e+13 9.707160889202998078e+03 2.967190410672112500e+15 3.815544043956074618e+33 0.000000000000000000e+00
-4.599065888324000000e+12 4.242794625974360315e+03 1.078694866512672344e+14 3.784273418870397703e+33 0.000000000000000000e+00
-3.649088627873210000e+14 6.415250748188127545e+03 1.734282634639728000e+15 3.773852378497870517e+33 0.000000000000000000e+00
-9.950539461034500000e+13 4.723324430091010981e+03 2.902584996965934375e+14 3.745061248060997505e+33 0.000000000000000000e+00
-1.699247561798000000e+13 7.146512592507487170e+03 5.498158955045547500e+14 3.693462916481761579e+33 0.000000000000000000e+00
-2.687042722097000000e+12 8.965146654060016544e+02 9.811614173098317188e+13 3.664153516578402705e+33 0.000000000000000000e+00
-1.869295854526000000e+12 -4.820969543336434526e+01 1.759540884660674609e+13 3.662979995612889342e+33 0.000000000000000000e+00
-1.382024080875000000e+12 -5.763616935513966411e+01 2.182740711577140234e+13 3.634500423104909099e+33 0.000000000000000000e+00
-5.888160436784000000e+12 1.415420183964212583e+03 1.879267709807893359e+13 3.606401491534349264e+33 0.000000000000000000e+00
-2.069088202058000000e+12 -3.416534478609721504e+01 4.201764237119044531e+13 3.579953918090270621e+33 0.000000000000000000e+00
-9.184670177010000000e+11 -5.231047163602272576e+01 2.185753226846913281e+13 3.552690429048368521e+33 0.000000000000000000e+00
-5.300801623915000000e+12 7.902797570304913097e+04 5.957090678763570000e+14 3.497621120728485487e+33 0.000000000000000000e+00
-1.886362222712000000e+12 -4.346130324119372546e+01 2.671147158449490625e+13 3.510912760316860016e+33 0.000000000000000000e+00
-7.440473661790000000e+11 -5.766027746268139254e+01 3.242182056540301562e+13 3.445423813570578202e+33 0.000000000000000000e+00
-8.420286991280000000e+11 -3.754083069463126066e+01 3.149390771397647656e+13 3.419905030684115521e+33 0.000000000000000000e+00
-7.716522853980000000e+11 -5.697635728828453949e+01 1.282644574111765039e+13 3.433569135698548329e+33 0.000000000000000000e+00
-1.009017487839000000e+12 -4.435650962216890747e+01 1.490552286214339844e+13 3.408528850358572474e+33 0.000000000000000000e+00
-4.308705090950000000e+11 -5.353973798301196751e+01 1.438182689400365430e+13 3.345567340247534892e+33 0.000000000000000000e+00
-6.358263573970000000e+11 -4.130589759344852752e+01 1.433855102039576953e+13 3.359524450591271144e+33 0.000000000000000000e+00
-2.974812011760000000e+11 -5.575097406418180412e+01 1.202078955617510352e+13 3.297778541200454744e+33 0.000000000000000000e+00
-4.714945933140000000e+11 -4.563949718601539018e+01 9.085241638140703125e+12 3.311877105321981619e+33 0.000000000000000000e+00
-8.375533843025000000e+12 -2.609997786824971655e+01 6.438246765021625000e+14 3.251335696391613208e+33 0.000000000000000000e+00
-4.943320524120000000e+11 -4.278221070028506290e+01 1.096718009353332617e+13 3.265558586642182960e+33 0.000000000000000000e+00
-4.801930673170000000e+11 -5.161056623235854346e+01 8.852516746915958984e+12 3.242887329062351364e+33 0.000000000000000000e+00
-2.798203446050000000e+11 -5.468108976959649681e+01 1.148986187043144531e+13 3.184073285981100028e+33 0.000000000000000000e+00
-9.920076980620000000e+11 -1.478005903161032464e+01 7.537100118188651562e+13 3.162266661156629872e+33 0.000000000000000000e+00
-4.309444269820000000e+11 -5.009855945231713292e+01 8.074884921503070312e+12 3.176701402884820321e+33 0.000000000000000000e+00
-3.230516173410000000e+11 -5.138271829697058024e+01 1.041076378597541797e+13 3.155243018483758188e+33 0.000000000000000000e+00
-2.970370521930000000e+11 -4.076073028752456651e+01 1.238715128781804102e+13 3.098602777070860717e+33 0.000000000000000000e+00
-2.984641896200000000e+11 -5.953067761719398732e+01 8.755396255254653320e+12 3.113167615370854301e+33 0.000000000000000000e+00
-4.217783777990000000e+11 -3.939530624513565726e+01 9.634755130371351562e+12 3.092551702313530724e+33 0.000000000000000000e+00
-3.658111412995000000e+11 -4.407141992584682555e+01 2.390130381876299609e+13 3.037451598925580764e+33 0.000000000000000000e+00
-2.347345812840000000e+11 -5.530801605228920437e+01 6.645998112698544922e+12 3.052128190700291025e+33 0.000000000000000000e+00
-2.561673946505000000e+11 -4.356979043431388732e+01 7.377782380382130859e+12 3.032306664075870270e+33 0.000000000000000000e+00
-2.586039563245000000e+11 -4.270229694753599858e+01 1.179189173203248438e+13 2.978667253552208772e+33 0.000000000000000000e+00
-2.789847987240000000e+11 -2.681371009310310782e+01 1.446154168265225781e+13 2.959574837792224090e+33 0.000000000000000000e+00
-3.791694940070000000e+11 -4.440601921296453725e+01 9.137180531310164062e+12 2.974352199719653111e+33 0.000000000000000000e+00
-2.767995443190000000e+11 -7.736266234579220225e+01 1.699068594069695508e+13 2.922114944354180940e+33 0.000000000000000000e+00
-3.314975647030000000e+11 -5.644948083075928480e+01 7.478800197987987305e+12 2.936937468433365522e+33 0.000000000000000000e+00
-8.836627812785500000e+12 3.067806545393510532e+04 8.116352565043410000e+14 2.885591434231804476e+33 0.000000000000000000e+00
-3.032029435570000000e+11 -5.879379362345979132e+01 8.621784918359041992e+12 2.901060699951869463e+33 0.000000000000000000e+00
-2.177828651145000000e+11 -4.051406854469395569e+01 1.856773126988582031e+13 2.849969632122292254e+33 0.000000000000000000e+00
-3.107360089575000000e+11 -5.063848944559095600e+01 1.124145186241457422e+13 2.865460881891007719e+33 0.000000000000000000e+00
-2.227022305845000000e+11 -2.748935597343299975e+01 1.554934320812821875e+13 2.815216553866158119e+33 0.000000000000000000e+00
-1.869350321005000000e+11 -6.749692781432341349e+01 1.131925308687925586e+13 2.798155915838190551e+33 0.000000000000000000e+00
-1.497614953175000000e+11 -7.021889061716316860e+01 7.018118011171673828e+12 2.781300804594965571e+33 0.000000000000000000e+00
-1.795707353135000000e+11 -6.907628395030084789e+01 1.688889927667750000e+13 2.764647528589490426e+33 0.000000000000000000e+00
-3.140697950925000000e+11 -4.775809019035129666e+01 9.515922599623865234e+12 2.780163198809666690e+33 0.000000000000000000e+00
-1.630412141480000000e+11 -3.537998582531660929e+01 1.009265285557270312e+13 2.731932152892574588e+33 0.000000000000000000e+00
-1.640754605940000000e+11 -6.581106850343230974e+01 7.106347600498271484e+12 2.747454983783694678e+33 0.000000000000000000e+00
-1.623672181835000000e+11 -6.170943320808204646e+01 6.905971743969365234e+12 2.731386097862414459e+33 0.000000000000000000e+00
-4.482332736005000000e+11 -4.772628752617670500e+01 8.346193462982853516e+12 2.715503748754316404e+33 0.000000000000000000e+00
-1.829514110130000000e+11 -3.183136304087574331e+01 1.503444342783320703e+13 2.668770438551109768e+33 0.000000000000000000e+00
-1.813225804370000000e+11 -3.719392667777080419e+01 1.684977394816811133e+13 2.653433711343851000e+33 0.000000000000000000e+00
-1.673330766584500000e+12 1.954721586413827754e+04 2.155937592512639688e+14 2.638272243345360825e+33 0.000000000000000000e+00
-1.282005179810000000e+11 -5.784349650593446057e+01 9.567710817447390625e+12 2.623283047583291342e+33 0.000000000000000000e+00
-2.409177482375200000e+13 3.294670098419186979e+04 8.645553008324151562e+13 2.639415430156238177e+33 0.000000000000000000e+00
-1.795987119355000000e+11 -8.612094148615490496e+01 8.556062088130249023e+12 2.593809860438149156e+33 0.000000000000000000e+00
-6.643422979339000000e+12 1.530595487123892781e+04 3.291296813702997266e+13 2.611074409608326764e+33 0.000000000000000000e+00
-1.473597274960000000e+11 -8.122825881997471242e+01 9.053459653455796875e+12 2.564991570272298608e+33 0.000000000000000000e+00
-1.346115761380000000e+11 -8.439833570069119162e+01 6.569415734917637695e+12 2.550821228265702248e+33 0.000000000000000000e+00
-1.402972556430000000e+11 -4.030424630945435638e+01 9.228496961350214844e+12 2.536806589802595094e+33 0.000000000000000000e+00
-8.414368281300000000e+11 -2.994190277014663693e+01 1.152370773940132422e+13 2.554496731194972715e+33 0.000000000000000000e+00
-5.239629529891500000e+12 2.986076511133139502e+04 2.208757406403762500e+13 2.540640373983989269e+33 0.000000000000000000e+00
-9.842626790430000000e+11 -4.777204368069809703e+01 1.423827682220400391e+13 2.527436072719577691e+33 0.000000000000000000e+00
-2.085161070240500000e+12 1.280158009201402092e+04 2.105937219473615938e+14 2.482254850529696586e+33 0.000000000000000000e+00
-6.938608306540000000e+11 -2.983621221276325386e+01 1.323427216721470703e+13 2.500446189350563163e+33 0.000000000000000000e+00
-3.746472386397000000e+12 1.753612272451745594e+04 4.746805806058271250e+14 2.455849410758297586e+33 0.000000000000000000e+00
-1.823641081532500000e+12 7.303678949864272727e+04 2.238433413385407188e+14 2.442856239744244364e+33 0.000000000000000000e+00
-1.029316454734500000e+12 7.703972060407366371e+03 8.629873488467929688e+13 2.429999827279059234e+33 0.000000000000000000e+00
-6.280635139125000000e+11 -5.222911300321117523e+01 7.072809730915333008e+12 2.449767777663041053e+33 0.000000000000000000e+00
-2.906723433465000000e+11 -2.019286376513395709e+01 1.723562246974613867e+13 2.404688731549662396e+33 0.000000000000000000e+00
-2.764485033728000000e+12 -2.545931389441268777e+01 2.397277971527259375e+13 2.424393766446916255e+33 0.000000000000000000e+00
-4.197837812925000000e+11 -3.164137138981486075e+01 4.640194326738753125e+13 2.379899471156030106e+33 0.000000000000000000e+00
-1.061250560258500000e+12 -3.595696105806686660e+01 1.149266836613560156e+13 2.399638082345631771e+33 0.000000000000000000e+00
-7.564440877065000000e+11 -4.903147108550697197e+01 8.417241988512251953e+12 2.387427883749232140e+33 0.000000000000000000e+00
-2.040272047210000000e+11 -3.750362565625545130e+01 8.893065553211244141e+12 2.343659258622270336e+33 0.000000000000000000e+00
-4.584009062220000000e+11 -5.898132308413008218e+01 5.432339328374901367e+12 2.363330255411201915e+33 0.000000000000000000e+00
-7.313327852310000000e+11 -4.438374847006505064e+01 7.394583632378224609e+12 2.351460777659795565e+33 0.000000000000000000e+00
-3.755799513785000000e+11 -6.412633600984401028e+01 6.674455329384410156e+12 2.339721590600492307e+33 0.000000000000000000e+00
-1.974087907695000000e+11 -3.215185875515694391e+01 9.633893017253593750e+12 2.297021641252230396e+33 0.000000000000000000e+00
-1.474213154255000000e+11 -4.687454408665102790e+01 1.355501788013824805e+13 2.285650814158145332e+33 0.000000000000000000e+00
-1.549045816838500000e+12 1.476771615075982663e+04 1.294161279432162344e+14 2.274392006556150543e+33 0.000000000000000000e+00
-5.419007792575000000e+11 -4.833582208715454698e+01 7.497633689426085938e+12 2.293891609284668787e+33 0.000000000000000000e+00
-2.152716802630000000e+11 -2.826307445227978477e+01 1.461783288043975000e+13 2.252203893236850766e+33 0.000000000000000000e+00
-4.833487560162500000e+12 1.960176091578515116e+04 2.475219843532516797e+13 2.271632560773157058e+33 0.000000000000000000e+00
-1.683538702085000000e+11 -3.617976999532268678e+01 1.117371979174884570e+13 2.230444504816023478e+33 0.000000000000000000e+00
-6.507547754520000000e+11 -4.489011436433121816e+01 8.467653607573996094e+12 2.250094519619836649e+33 0.000000000000000000e+00
-1.768099351980000000e+11 -3.183815264314711868e+01 1.099177183706350391e+13 2.209101534573797388e+33 0.000000000000000000e+00
-2.433595604545000000e+11 -5.973991971403965806e+01 5.231085291142207031e+12 2.228678310678602948e+33 0.000000000000000000e+00
-1.408105827755000000e+11 -3.878326955862659275e+01 7.722573763252201172e+12 2.188163142340788476e+33 0.000000000000000000e+00
-1.214094807810000000e+11 -3.871431912683434007e+01 5.104499132920068359e+12 2.177842085082159219e+33 0.000000000000000000e+00
-3.411057492105000000e+11 -5.766350557015209688e+01 5.616898310302032227e+12 2.197287403168719197e+33 0.000000000000000000e+00
-5.271452378950000000e+11 -4.053694936694740392e+01 7.564001014304586914e+12 2.187022586948763013e+33 0.000000000000000000e+00
-1.262038759035000000e+11 -3.652289918944915570e+01 8.351524621466558594e+12 2.147454933795197408e+33 0.000000000000000000e+00
-5.687598041410000000e+11 9.065381458603635110e+03 1.191462380649481562e+14 2.137513445988076112e+33 0.000000000000000000e+00
-1.188350543595000000e+11 -3.474654874122624904e+01 7.398417323219654297e+12 2.127663578821863883e+33 0.000000000000000000e+00
-8.757580435100000000e+10 -4.722406304107759922e+01 5.033800339164658203e+12 2.117904071571425975e+33 0.000000000000000000e+00
-3.615405385540000000e+11 1.342766550886991899e+04 5.040425763884172656e+13 2.108233686536085170e+33 0.000000000000000000e+00
-4.283047542265000000e+11 8.772194002076203105e+03 2.252478078748994922e+13 2.098651208516396892e+33 0.000000000000000000e+00
-4.113623858500000000e+11 -5.012862719791005617e+01 5.695997770293268555e+12 2.117915154471789201e+33 0.000000000000000000e+00
-2.531775966060000000e+11 -6.403680811759656422e+01 4.832110135218606445e+12 2.108379780321025328e+33 0.000000000000000000e+00
-2.999676793425000000e+11 -5.617918825699619134e+01 5.470705134815285156e+12 2.098926096867406258e+33 0.000000000000000000e+00
-3.380754405060000000e+11 4.568883234320012889e+03 6.936610581884225781e+13 2.061176822025587022e+33 0.000000000000000000e+00
-1.218122160305000000e+11 -3.360515841097061696e+01 9.522004305658699219e+12 2.052016403763241469e+33 0.000000000000000000e+00
-3.925343332325000000e+11 8.453543316697463160e+04 1.479979040613146875e+14 2.042937046280263833e+33 0.000000000000000000e+00
-1.370540604715000000e+11 -2.806495970009114416e+01 2.880044551300680859e+13 2.033937678374429819e+33 0.000000000000000000e+00
-8.924471159550000000e+10 -7.463449524875183272e+01 6.942860103069383789e+12 2.025017247634661649e+33 0.000000000000000000e+00
-1.001779187340000000e+11 -3.687690793976817361e+01 6.191705821753499023e+12 2.016174720030788613e+33 0.000000000000000000e+00
-3.514126676575000000e+11 -4.728745200069145938e+01 5.831706063201926758e+12 2.035216117213579506e+33 0.000000000000000000e+00
-8.771447292335000000e+11 4.202821610075078206e+04 1.175327860730958906e+14 1.998719327627760834e+33 0.000000000000000000e+00
-9.854784084100000000e+10 -3.458589216064063976e+01 6.601980123257454102e+12 1.990104483128542330e+33 0.000000000000000000e+00
-9.143865831850000000e+10 -4.176692305112922554e+01 8.235999686903750977e+12 1.981563581616678494e+33 0.000000000000000000e+00
-8.928744042050000000e+10 -3.018036360738926405e+01 1.266337294002998047e+13 1.973095675176372215e+33 0.000000000000000000e+00
-8.735442619450000000e+10 -3.678936874590074524e+01 5.744231338538625000e+12 1.964699832025057346e+33 0.000000000000000000e+00
-8.344560138300000000e+10 -3.887308154776632563e+01 7.028609119590426758e+12 1.956375136171626079e+33 0.000000000000000000e+00
-7.152245543000000000e+10 -7.283937577062746982e+01 5.819219050043846680e+12 1.948120687083311876e+33 0.000000000000000000e+00
-8.347770673550000000e+10 -3.927925392581668973e+01 6.146888035434189453e+12 1.939935599360965957e+33 0.000000000000000000e+00
-7.618704299250000000e+10 -3.848403288348823992e+01 5.129030855657766602e+12 1.931819002422499352e+33 0.000000000000000000e+00
-6.618364901450000000e+10 -4.322599555347432698e+01 3.028996464336331543e+12 1.923770040194221028e+33 0.000000000000000000e+00
-6.776630646500000000e+10 -3.927608162912255096e+01 3.767429185966839355e+12 1.915787870809862832e+33 0.000000000000000000e+00
-7.790378895500000000e+10 -8.772679464108573200e+01 4.858895506724985352e+12 1.907871666317075649e+33 0.000000000000000000e+00
-7.302552443700000000e+10 -4.357675368698535578e+01 6.872556318386237305e+12 1.900020612391163027e+33 0.000000000000000000e+00
-3.901683114305000000e+11 -5.326968928250518331e+01 5.455923356770562500e+12 1.918434873528424296e+33 0.000000000000000000e+00
-3.076527997395000000e+11 -6.231540205021473611e+01 5.498964995977849609e+12 1.910608461619464509e+33 0.000000000000000000e+00
-6.287620935650000000e+10 -6.442752225283462053e+01 5.105529766405099609e+12 1.876850409366401008e+33 0.000000000000000000e+00
-4.804024907195000000e+11 -5.068572493714587068e+01 4.970414242147141602e+12 1.895139592085785143e+33 0.000000000000000000e+00
-6.571829902250000000e+10 -3.428307141818921622e+01 1.065772305575345117e+13 1.861715019220871823e+33 0.000000000000000000e+00
-7.388068049800000000e+10 -3.952373339093500704e+01 6.487153786420048828e+12 1.854238496688997180e+33 0.000000000000000000e+00
-3.061530681350000000e+11 6.407877659697835952e+03 6.007456329183068750e+13 1.846821783407913402e+33 0.000000000000000000e+00
-5.176949292400000000e+10 -5.218268891654630437e+01 4.337218939176249512e+12 1.839464164572611121e+33 0.000000000000000000e+00
-3.556838733478500000e+12 1.931282248695211092e+04 1.715370238869889648e+13 1.857542599122926904e+33 0.000000000000000000e+00
-3.129665437545000000e+11 -5.053201050369233371e+01 5.320339790054624023e+12 1.850395303868768329e+33 0.000000000000000000e+00
-8.039017783950000000e+10 -8.825656640740459125e+01 4.899287671618466797e+12 1.817738895529225919e+33 0.000000000000000000e+00
-7.048411030905000000e+11 -4.255920115312743945e+01 7.230797161760400391e+12 1.835883230130802684e+33 0.000000000000000000e+00
-7.323056667640000000e+11 -3.629557472576933463e+01 8.941425116131376953e+12 1.828725357082641426e+33 0.000000000000000000e+00
-3.168197153010000000e+11 -5.077780530165908601e+01 5.824255164176007812e+12 1.821623071087423983e+33 0.000000000000000000e+00
-2.226849257620000000e+11 -5.721013498684664711e+01 4.617186829430802734e+12 1.814564539045985116e+33 0.000000000000000000e+00
-5.623316473650000000e+10 -6.914212884512063795e+01 5.026132200800974609e+12 1.782648480071815376e+33 0.000000000000000000e+00
-1.051741668650000000e+11 -3.670023763106404857e+01 1.477490019702366211e+13 1.775792345376698692e+33 0.000000000000000000e+00
-2.829657033985000000e+11 -5.870849495239833260e+01 4.943389342758560547e+12 1.793708050805360636e+33 0.000000000000000000e+00
-3.125486484250000000e+11 -5.352828899231103321e+01 7.800999306716031250e+12 1.786863566031236761e+33 0.000000000000000000e+00
-2.977574444735000000e+11 -4.485453420788029888e+01 4.443921595017914062e+12 1.780071441261152062e+33 0.000000000000000000e+00
-1.985887097910000000e+11 -5.846813792340407190e+01 4.384563713802562012e+12 1.773330594746046251e+33 0.000000000000000000e+00
-1.779081332430000000e+11 6.674243757966650264e+03 2.365198222636344141e+13 1.742287803945485555e+33 0.000000000000000000e+00
-3.065362600565000000e+11 -4.947505145472207033e+01 3.937060507205004883e+12 1.759999573813081610e+33 0.000000000000000000e+00
-1.615593685165000000e+11 -4.670982482235537958e+01 3.808114089073419434e+12 1.753409959686055849e+33 0.000000000000000000e+00
-2.217141715895000000e+11 -5.579646314979728317e+01 3.671310846922785645e+12 1.746867176499428388e+33 0.000000000000000000e+00
-8.222468690650000000e+10 -2.980437718342811237e+01 7.427401423610049805e+12 1.716380908256855723e+33 0.000000000000000000e+00
-7.160894809150000000e+10 -3.377777893864584513e+01 5.830781224478002930e+12 1.710024118618515155e+33 0.000000000000000000e+00
-1.633853155765000000e+11 -5.803851692283847541e+01 5.970294295108739258e+12 1.727527760928655864e+33 0.000000000000000000e+00
-1.487483515465000000e+11 -6.061270659049014853e+01 4.363555533117945801e+12 1.721176548405478883e+33 0.000000000000000000e+00
-6.895137792950000000e+10 -3.397120542486582195e+01 5.735441909437567383e+12 1.691233157513738870e+33 0.000000000000000000e+00
-2.028471509990000000e+11 2.527832519304830203e+04 2.615013568544761719e+13 1.685060940281104468e+33 0.000000000000000000e+00
-3.042378565090000000e+11 -4.495301496427163812e+01 4.608754942488960938e+12 1.702515558589626064e+33 0.000000000000000000e+00
-4.329364843990000000e+11 1.335561253570657937e+04 5.800468043588097656e+13 1.672850679056364352e+33 0.000000000000000000e+00
-2.152360393450000000e+11 -5.922285143613373037e+01 3.712530150605409180e+12 1.690244893959711242e+33 0.000000000000000000e+00
-2.003946299825000000e+11 1.409547134159578673e+04 1.898400382698380469e+13 1.660816098073286610e+33 0.000000000000000000e+00
-4.651685372855000000e+11 9.244877796059656248e+03 4.749825025527400781e+13 1.654863507087863434e+33 0.000000000000000000e+00
-1.640236057830000000e+11 9.121275147251264571e+03 2.611619870974516797e+13 1.648953432952974299e+33 0.000000000000000000e+00
-2.562839908135000000e+11 -5.283476402225183932e+01 4.290593313373487793e+12 1.666263215651843744e+33 0.000000000000000000e+00
-1.291917263155000000e+11 8.097528524555165859e+03 1.869112219432026172e+13 1.637259026100487726e+33 0.000000000000000000e+00
-4.482856466940000000e+11 1.489224224567988676e+04 5.685449497608172656e+13 1.631473804796471272e+33 0.000000000000000000e+00
-2.993808056085000000e+11 5.868384091016316233e+03 5.201952709086592188e+13 1.625729322945076341e+33 0.000000000000000000e+00
-1.693372965765000000e+11 3.571181207076673309e+04 3.122396808931867578e+13 1.620025151731575223e+33 0.000000000000000000e+00
-4.447834230260000000e+11 1.480779839952436669e+04 2.909534862312093359e+13 1.614360868338262587e+33 0.000000000000000000e+00
-1.494236036415000000e+11 1.039878011054813032e+04 1.661944559400271094e+13 1.608736055840014333e+33 0.000000000000000000e+00
-2.319284831070000000e+11 -4.924609408665347132e+01 4.792323603378303711e+12 1.625857607300292489e+33 0.000000000000000000e+00
-1.110965296240000000e+11 1.870726097321848283e+04 1.344554624267598633e+13 1.597603204679273079e+33 0.000000000000000000e+00
-1.582534757710000000e+11 -6.334731708596046929e+01 3.882767427606927734e+12 1.614669054165127853e+33 0.000000000000000000e+00
-2.100969096950000000e+11 7.217057178779800597e+04 2.851336461814690234e+13 1.586623376864985660e+33 0.000000000000000000e+00
-6.701439861750000000e+10 -4.715157421449659836e+01 7.668128098395055664e+12 1.581189864161492957e+33 0.000000000000000000e+00
-1.022884885150000000e+11 2.449435952854662446e+03 9.648896865301882812e+12 1.575793438963376160e+33 0.000000000000000000e+00
-1.128490518710000000e+11 2.426982800266295726e+03 1.323778793341495508e+13 1.570433722844618332e+33 0.000000000000000000e+00
-6.712752750250000000e+10 -3.000785928717195006e+01 2.412119403785157812e+13 1.565110342510090615e+33 0.000000000000000000e+00
-8.044645988400000000e+10 7.576782289719875735e+03 1.006769027504360742e+13 1.559822929708888269e+33 0.000000000000000000e+00
-1.952913370155000000e+11 -4.957648432755975421e+01 4.187581190842971680e+12 1.576769422798192341e+33 0.000000000000000000e+00
-1.372929763930000000e+11 1.205741974165226384e+04 1.838868275780139062e+13 1.549354558416303195e+33 0.000000000000000000e+00
-6.313876237700000000e+10 4.272775856860195745e+03 9.278203905663982422e+12 1.544172887888586663e+33 0.000000000000000000e+00
-2.996768939185000000e+11 -5.122558164881048981e+01 4.146534972370329590e+12 1.561012017617873585e+33 0.000000000000000000e+00
-9.664681666050000000e+10 1.978990629061786422e+03 1.289715537198333008e+13 1.533912832460958403e+33 0.000000000000000000e+00
-2.266442057520000000e+11 -3.827311585030780350e+01 4.079714011276600098e+12 1.550682440144121755e+33 0.000000000000000000e+00
-2.604601218450000000e+11 -5.492318417279589937e+01 4.603034967642845703e+12 1.545565305250292324e+33 0.000000000000000000e+00
-4.635873323925000000e+10 -3.571099693786067775e+01 4.757676147359298828e+12 1.518775867285651079e+33 0.000000000000000000e+00
-5.153283935750000000e+10 -3.770272172399968014e+01 5.793711914280935547e+12 1.513796382578149497e+33 0.000000000000000000e+00
-6.418106724525000000e+10 -3.719894455036119041e+01 7.573808698371814453e+12 1.508849442462308386e+33 0.000000000000000000e+00
-1.657855945362500000e+11 -4.918066670528200746e+01 3.207266229817682129e+12 1.525427166180655636e+33 0.000000000000000000e+00
-3.726766027780000000e+11 1.741122209024186668e+04 2.846274312956895703e+13 1.499051928089257535e+33 0.000000000000000000e+00
-1.149761364210000000e+11 2.379708908745455483e+04 1.954793395866834375e+13 1.494200730131534726e+33 0.000000000000000000e+00
-9.812599425750000000e+10 5.273255056846051048e+02 1.537304256373849805e+13 1.489380829232111902e+33 0.000000000000000000e+00
-3.780103398620000000e+11 -3.994848601639342434e+01 5.704597384450833008e+12 1.505939930444434201e+33 0.000000000000000000e+00
-5.762755453425000000e+10 -4.039438397114470547e+01 5.112170299998480469e+12 1.479833714925807947e+33 0.000000000000000000e+00
-1.910889028155000000e+11 -4.461441166947366810e+01 3.349476396648467285e+12 1.496319922834725047e+33 0.000000000000000000e+00
-5.038797846025000000e+10 -3.929656913487994530e+01 3.597394756615424805e+12 1.470408216137422607e+33 0.000000000000000000e+00
-4.265915914800000000e+10 -4.023417176907364734e+01 2.416785151977145996e+12 1.465740348690425100e+33 0.000000000000000000e+00
-2.641789356165000000e+11 -4.625483296729513683e+01 5.470788537797742188e+12 1.482113776313901124e+33 0.000000000000000000e+00
-7.149482901150000000e+10 3.308211631016013416e+04 1.423340226603017383e+13 1.456492961914247942e+33 0.000000000000000000e+00
-4.460462345475000000e+10 5.440052954401589886e+02 7.016669358414240234e+12 1.451912886958999440e+33 0.000000000000000000e+00
-6.132331893100000000e+10 9.113441872120187327e+03 1.310106927351235938e+13 1.447361526347225164e+33 0.000000000000000000e+00
-5.475324754150000000e+10 -8.721314980761867730e+01 4.348136581775441895e+12 1.442838610892687671e+33 0.000000000000000000e+00
-4.652342691250000000e+10 -3.851489806163945673e+01 3.574834282227437988e+12 1.438343874763327624e+33 0.000000000000000000e+00
-4.369952175400000000e+10 -3.756467064826451718e+01 3.715058031211745117e+12 1.433877055429186038e+33 0.000000000000000000e+00
-3.909140786725000000e+10 -4.226398844824289824e+01 2.995391221344069336e+12 1.429437893611287773e+33 0.000000000000000000e+00
-1.809583882217500000e+11 -4.716446920394250952e+01 2.845814430952236328e+12 1.445547002227502532e+33 0.000000000000000000e+00
-6.991961084400000000e+10 1.592077040195247491e+03 1.305668112148943945e+13 1.420641521363175352e+33 0.000000000000000000e+00
-3.777457973275000000e+10 -4.233454925952221970e+01 2.724292468426337891e+12 1.416283808183052016e+33 0.000000000000000000e+00
-5.302858976350000000e+10 -9.214467535690920386e+01 4.982295580634335938e+12 1.411952746923565751e+33 0.000000000000000000e+00
-1.813923595920000000e+11 -3.861578084309833514e+01 4.530656594651722656e+12 1.427923033403791432e+33 0.000000000000000000e+00
-3.650625232900000000e+10 -4.632570602930964299e+01 3.123347562750939941e+12 1.403369608096713000e+33 0.000000000000000000e+00
-6.148924368300000000e+10 2.424593454014761392e+03 1.025627701320245508e+13 1.399117051858267807e+33 0.000000000000000000e+00
-3.758224948100000000e+10 -6.487071640379393500e+01 3.581652975525295898e+12 1.394890190109318355e+33 0.000000000000000000e+00
-1.986750952312500000e+11 -5.394795268025954726e+01 4.347353755179001465e+12 1.410717824360103457e+33 0.000000000000000000e+00
-7.397665128600000000e+10 6.696172050374538230e+03 9.273009012775544922e+12 1.386512624186501040e+33 0.000000000000000000e+00
-5.294041337175000000e+10 1.920294679491881652e+03 6.143641746541326172e+12 1.382361463995950718e+33 0.000000000000000000e+00
-2.242462922355000000e+11 -4.260857841904245191e+01 4.419458417064416016e+12 1.398091107797991082e+33 0.000000000000000000e+00
-3.956562674625000000e+10 1.074126079467721411e+03 5.806359233184683594e+12 1.374133269471822807e+33 0.000000000000000000e+00
-4.090454366250000000e+10 -7.763316846491080980e+01 2.914294318423106445e+12 1.370055795237999405e+33 0.000000000000000000e+00
-2.357584659290000000e+11 -3.742531862658310615e+01 5.100933255190870117e+12 1.385688341791246468e+33 0.000000000000000000e+00
-3.709634469200000000e+10 -4.112284287983398912e+01 2.601606849195855469e+12 1.361973012539978223e+33 0.000000000000000000e+00
-3.460074273800000000e+10 -7.101208085418190308e+01 2.320240705399349121e+12 1.357967279586249288e+33 0.000000000000000000e+00
-1.728595693252500000e+11 -5.616231688140610601e+01 3.215558169419709473e+12 1.373497637275428445e+33 0.000000000000000000e+00
-2.238485658732500000e+11 -3.385750432955445888e+01 6.158681433966946289e+12 1.369481855467587656e+33 0.000000000000000000e+00
-5.322263115975000000e+10 3.413225685514018551e+04 1.271329251417878516e+13 1.346090219345040295e+33 0.000000000000000000e+00
-4.668396390725000000e+10 2.612830614042243269e+02 1.082978877894543555e+13 1.342177233195244422e+33 0.000000000000000000e+00
-3.212064528375000000e+10 2.052076356743270651e+02 4.303343300439026855e+12 1.338286930442986501e+33 0.000000000000000000e+00
-2.129500673817500000e+11 -4.471412922629528452e+01 2.815408807437169434e+12 1.353690838974516780e+33 0.000000000000000000e+00
-3.231239925750000000e+10 -5.419693732627078475e+01 3.120258987227234375e+12 1.330573590717440586e+33 0.000000000000000000e+00
-2.127629057542500000e+11 -3.996871190681833497e+01 4.404192314525453125e+12 1.345911244003258126e+33 0.000000000000000000e+00
-4.327903442500000000e+10 -8.892960584181415129e+01 4.456988102063870117e+12 1.322948653816201380e+33 0.000000000000000000e+00
-3.990587538275000000e+10 -4.157571985188511832e+01 5.234154465876376953e+12 1.319168862853927192e+33 0.000000000000000000e+00
-1.655862493375000000e+11 -4.184002208115623489e+01 3.738913644807512695e+12 1.334407538593253746e+33 0.000000000000000000e+00
-3.657846326075000000e+10 -4.099998892683355933e+01 3.890419776792606934e+12 1.311673707598957705e+33 0.000000000000000000e+00
-3.194046782875000000e+10 -4.296868004231782123e+01 2.049400758741333496e+12 1.307957978294593533e+33 0.000000000000000000e+00
-3.429843830150000000e+10 2.816020643104727696e+03 6.252567877935361328e+12 1.304263241301408810e+33 0.000000000000000000e+00
-1.388047104662750000e+12 2.924593805564411014e+04 6.791494894940203125e+12 1.319371272039596848e+33 0.000000000000000000e+00
-1.788373660422500000e+11 -4.938887762550940153e+01 2.872399481403881836e+12 1.315704490722934109e+33 0.000000000000000000e+00
-3.344940667475000000e+10 -2.969618605059087457e+01 9.029582534081417969e+12 1.293303220185816497e+33 0.000000000000000000e+00
-3.837002804400000000e+10 -8.659262642674275412e+01 3.505338416607294434e+12 1.289690698288598692e+33 0.000000000000000000e+00
-1.573772452975000000e+11 -5.585854600357298239e+01 3.023616617988414062e+12 1.304720990713786115e+33 0.000000000000000000e+00
-5.086882446575000000e+10 8.313464152632315745e+03 1.574875844351429688e+13 1.282525861776457997e+33 0.000000000000000000e+00
-3.819235033600000000e+10 -8.374906424315805964e+01 3.814419462776877930e+12 1.278973213613624005e+33 0.000000000000000000e+00
-1.699519776655250000e+12 2.030004858345601679e+04 6.217121687178748047e+12 1.293943033858792258e+33 0.000000000000000000e+00
-2.309633778852500000e+11 -4.897526630826525462e+01 4.392688996145603027e+12 1.290438459338378734e+33 0.000000000000000000e+00
-3.408434130175000000e+10 -4.208890403306167372e+01 2.555902195618175293e+12 1.268432386695412072e+33 0.000000000000000000e+00
-2.643555979330000000e+11 -4.931201984282967032e+01 3.247141625229580078e+12 1.283367994810495971e+33 0.000000000000000000e+00
-3.297834101025000000e+10 -4.161124529928361682e+01 2.448143540924777344e+12 1.261501166807249040e+33 0.000000000000000000e+00
-1.709698509070000000e+11 -3.527782654036539611e+01 3.983673790249006836e+12 1.276375187379494252e+33 0.000000000000000000e+00
-1.894782669662500000e+11 -3.504572633043979835e+01 5.642764372522561523e+12 1.272907028208687776e+33 0.000000000000000000e+00
-1.251760989202500000e+11 -5.353790913343112123e+01 3.098350401940150391e+12 1.269457780805608879e+33 0.000000000000000000e+00
-4.530722732950000000e+10 2.343477719311108376e+04 1.002158486113337305e+13 1.247863518325745585e+33 0.000000000000000000e+00
-2.945834566825000000e+10 -5.988833656186387344e+01 2.802199137309329102e+12 1.244500054137806182e+33 0.000000000000000000e+00
-3.623392650650000000e+10 -8.853657458097244159e+01 3.543311630133886230e+12 1.241154672693309411e+33 0.000000000000000000e+00
-2.198135512337500000e+11 4.494447415961047227e+04 1.707863639546654492e+13 1.237827228558892121e+33 0.000000000000000000e+00
-3.196487214075000000e+10 -3.805822668506903028e+01 2.889113762224958984e+12 1.234517577856574934e+33 0.000000000000000000e+00
-2.202256956770000000e+11 -4.734033754488230983e+01 4.078138931452724609e+12 1.249157097311997369e+33 0.000000000000000000e+00
-3.096067224775000000e+10 -4.176290481147864853e+01 2.275014061645734375e+12 1.227951088889141201e+33 0.000000000000000000e+00
-2.979537240000000000e+10 -4.122052144308852206e+01 2.504376915983859375e+12 1.224693970459975756e+33 0.000000000000000000e+00
-2.874299657775000000e+10 -5.451100351772202401e+01 5.260484818572997070e+12 1.221454085094974710e+33 0.000000000000000000e+00
-9.035308971825000000e+10 2.349824764293154658e+04 1.525864372441920898e+13 1.218231296388522544e+33 0.000000000000000000e+00
-3.340320818350000000e+10 -4.138501266197550876e+01 3.524080595922864746e+12 1.215025469370802889e+33 0.000000000000000000e+00
-5.916010207675000000e+10 1.874224951323310597e+04 7.809976282191500977e+12 1.211836470488958356e+33 0.000000000000000000e+00
-2.799072450350000000e+10 -4.710951775013040077e+01 2.804766971520504395e+12 1.208664167588535266e+33 0.000000000000000000e+00
-3.211148779525000000e+10 -3.896851577635374042e+01 2.935642202156938477e+12 1.205508429895243427e+33 0.000000000000000000e+00
-9.477615325400000000e+10 1.193652684683268490e+04 2.192369677247728516e+13 1.202369127996969405e+33 0.000000000000000000e+00
-3.007430864600000000e+10 -4.039294000011608432e+01 2.872025327449660645e+12 1.199246133826099355e+33 0.000000000000000000e+00
-2.934610276775000000e+10 -4.078524866055809639e+01 3.277969584664978516e+12 1.196139320642099817e+33 0.000000000000000000e+00
-2.537159149525000000e+10 -5.478656836330232949e+01 2.825912254262636230e+12 1.193048563014371037e+33 0.000000000000000000e+00
-2.879537274575000000e+10 -3.975700794518557046e+01 2.855889667846500977e+12 1.189973736805369779e+33 0.000000000000000000e+00
-2.608336050925000000e+10 -6.854406190715019420e+01 2.836555193776537109e+12 1.186914719153983768e+33 0.000000000000000000e+00
-2.439901721450000000e+10 -6.525027054238357493e+01 2.393061849680754395e+12 1.183871388459178647e+33 0.000000000000000000e+00
-1.562825671242500000e+11 -5.207337272798390870e+01 2.863053992106768555e+12 1.198063921868215141e+33 0.000000000000000000e+00
-2.750817748800000000e+10 -4.055680967833931305e+01 2.252771572856675293e+12 1.177831307739087651e+33 0.000000000000000000e+00
-3.662449994675000000e+10 5.048558127397032877e+03 5.252094783913561523e+12 1.174834320668298301e+33 0.000000000000000000e+00
-2.416626341442500000e+11 -5.232666937447233124e+01 2.698116381783328613e+12 1.188941689054809628e+33 0.000000000000000000e+00
-2.727819377275000000e+10 -4.035263605532555431e+01 2.950668285310712891e+12 1.168885869492911826e+33 0.000000000000000000e+00
-2.678221721000000000e+10 -3.843494858331518316e+01 3.329650987142664551e+12 1.165934175480311625e+33 0.000000000000000000e+00
-2.606438787425000000e+10 -8.001181996965895848e+01 3.099241969944123047e+12 1.162997351176089138e+33 0.000000000000000000e+00
-7.085568615175000000e+10 2.677950312272256269e+04 1.066895747702723633e+13 1.160075284499891680e+33 0.000000000000000000e+00
-2.211887313100000000e+10 -4.643260776262071943e+01 1.922642414842570801e+12 1.157167864494945928e+33 0.000000000000000000e+00
-4.622312705225000000e+10 2.829346161407867157e+02 1.677358754487529297e+13 1.154274981314008568e+33 0.000000000000000000e+00
-1.829990556047500000e+11 -5.125790826095954600e+01 2.464937017907276855e+12 1.168189101632155867e+33 0.000000000000000000e+00
-2.579500424975000000e+10 -4.234570866901120212e+01 1.965479398890317139e+12 1.148532391500048538e+33 0.000000000000000000e+00
-2.581623648750000000e+10 -4.205154191838096978e+01 2.408672156520016113e+12 1.145682470596726222e+33 0.000000000000000000e+00
-4.192599753950000000e+10 1.431360117495855775e+04 5.622922640240467773e+12 1.142846657950158613e+33 0.000000000000000000e+00
-3.857633769700000000e+10 1.353616139828212727e+04 6.228496359173222656e+12 1.140024849057331394e+33 0.000000000000000000e+00
-2.423604998500000000e+10 -3.977101211206615972e+01 2.141329106969473877e+12 1.137216940444781653e+33 0.000000000000000000e+00
-2.199710180025000000e+10 -4.946339406826095342e+01 1.849010650362033203e+12 1.134422829655956395e+33 0.000000000000000000e+00
-2.434191567700000000e+10 -4.287552752350309504e+01 2.023142772993533936e+12 1.131642415238748447e+33 0.000000000000000000e+00
-2.406682420550000000e+10 -4.192203618871759829e+01 2.242339440968313965e+12 1.128875596733212369e+33 0.000000000000000000e+00
-3.273751767350000000e+10 1.035344607034471846e+04 5.989149417139921875e+12 1.126122274659473334e+33 0.000000000000000000e+00
-2.388527941625000000e+10 -4.251237058972591853e+01 3.192657077848604004e+12 1.123382350505801307e+33 0.000000000000000000e+00
-2.707528170725000000e+10 2.653572070094466653e+03 5.150030344846616211e+12 1.120655726716863929e+33 0.000000000000000000e+00
-1.752875980577500000e+11 -4.835096723135943364e+01 3.258714747675601074e+12 1.134265251489984538e+33 0.000000000000000000e+00
-4.230102232550000000e+10 2.341956184089504677e+04 1.079226282925176367e+13 1.115241994724524730e+33 0.000000000000000000e+00
-2.211218725825000000e+10 -6.896945148775107270e+01 1.975360820166963867e+12 1.112554696089061359e+33 0.000000000000000000e+00
-2.252224638650000000e+10 -4.343772543148087095e+01 1.777413902956661621e+12 1.109880316931891426e+33 0.000000000000000000e+00
-2.347392867775000000e+10 8.285027501014151312e+02 4.375178718011176270e+12 1.107218764309291777e+33 0.000000000000000000e+00
-2.706079575250000000e+10 -8.075656685022605075e+01 2.753806576145935547e+12 1.104569946166939224e+33 0.000000000000000000e+00
-2.339386947545000000e+11 1.885181376643545082e+04 4.352041156730381250e+13 1.101933771329278734e+33 0.000000000000000000e+00
-2.510851394650000000e+10 -2.916606657192327035e+01 8.333187788801995117e+12 1.099310149489071333e+33 0.000000000000000000e+00
-2.121209832800000000e+10 -6.847364976661953051e+01 2.001764132915387695e+12 1.096698991197078915e+33 0.000000000000000000e+00
-2.362105340550000000e+10 7.694131311902588095e+02 3.872150270775803223e+12 1.094100207851901096e+33 0.000000000000000000e+00
-3.075286081125000000e+10 1.480469237780887670e+04 8.520110621125237305e+12 1.091513711689948545e+33 0.000000000000000000e+00
-2.139999413500000000e+10 -4.274257999196050406e+01 1.535759220583662842e+12 1.088939415775567776e+33 0.000000000000000000e+00
-2.395534159300000000e+10 -4.041985728560741364e+01 3.056481233469538086e+12 1.086377233991303865e+33 0.000000000000000000e+00
-2.195299981000000000e+10 -4.340727137690465298e+01 2.183280710691450195e+12 1.083827081028288251e+33 0.000000000000000000e+00
-2.315272620150000000e+10 -7.985825270004517051e+01 2.355384779292862305e+12 1.081288872376780604e+33 0.000000000000000000e+00
-2.107177911775000000e+10 -4.329055384807276852e+01 1.427710741087963379e+12 1.078762524316826123e+33 0.000000000000000000e+00
-2.065202118000000000e+10 -4.436555583213476694e+01 1.551274355223384766e+12 1.076247953909056666e+33 0.000000000000000000e+00
