0.000000000000000000e+00 0.000000000000000000e+00 0.000000000000000000e+00 0.000000000000000000e+00 0.000000000000000000e+00
-1.053084639139469800e+02 -1.052382508480042844e+02 6.712284267116412628e-02 1.194029166396141954e+05 0.000000000000000000e+00
-9.736892228169246266e+01 -9.718682373757928872e+01 8.451265356647487403e-02 1.169514770905373298e+05 0.000000000000000000e+00
-1.051350065456935425e+02 -1.052596125344167177e+02 1.044589436709119218e-01 2.251458228953368962e+04 0.000000000000000000e+00
-1.019824178797445455e+02 -1.018692165452296479e+02 9.004502389588553424e-02 2.263876883795484900e+04 0.000000000000000000e+00
-9.985180109790829306e+01 -9.983553243457124893e+01 7.146625291072224162e-02 2.271930912853326299e+04 0.000000000000000000e+00
-1.053373074801790494e+02 -1.053586848459345333e+02 1.066133831906275614e-01 1.108260066879650840e+05 0.000000000000000000e+00
-1.054112838720462548e+02 -1.053472846160934751e+02 7.955353253720487405e-02 1.081186507206201059e+05 0.000000000000000000e+00
-9.993741826245272364e+01 -9.991287134152355520e+01 4.892551643605849016e-02 1.060867408896973648e+05 0.000000000000000000e+00
-9.988684301493262296e+01 -9.982910223902355540e+01 8.677267191914291022e-02 1.036823578168151143e+05 0.000000000000000000e+00
-1.044980108712450999e+02 -1.044387206343415642e+02 1.105646400429483728e-01 1.017503490017643053e+05 0.000000000000000000e+00
-1.080148059757630108e+02 -1.080008371549589015e+02 3.556221110324050971e-02 2.146221935800916981e+03 0.000000000000000000e+00
-1.080267412021460132e+02 -1.080429923059971458e+02 4.047174856293524192e-02 2.079723577968776226e+04 0.000000000000000000e+00
-1.053420307693855875e+02 -1.053771933433601902e+02 6.380450645534754828e-02 9.601206121463766613e+04 0.000000000000000000e+00
-1.037247207171124899e+02 -1.036393012135368537e+02 7.025835412115088996e-02 1.997800947291835837e+04 0.000000000000000000e+00
-9.717970774467697481e+01 -9.716116531267478251e+01 5.662219085746862668e-02 9.222310706191945064e+04 0.000000000000000000e+00
-1.079909306505804807e+02 -1.080038526365130735e+02 4.052313975169628824e-02 9.039789320474171836e+04 0.000000000000000000e+00
-9.989229609144894084e+01 -9.989191411666935494e+01 4.355527499199002284e-02 8.861807804119680077e+04 0.000000000000000000e+00
-1.026771889539732427e+02 -1.026855693573518664e+02 3.191296803057373788e-02 1.900390596344464575e+04 0.000000000000000000e+00
-1.107411128069960000e+02 -1.107193741728575560e+02 2.773332045566750600e-02 2.253791353061723385e+03 0.000000000000000000e+00
-9.941720510319147763e+01 -9.933360249675585862e+01 5.830048191824071385e-02 8.377444855837601062e+04 0.000000000000000000e+00
-1.053918115998652070e+02 -1.053529123946489250e+02 3.582813662990789322e-02 8.314716404453058203e+04 0.000000000000000000e+00
-9.461621822057928455e+01 -9.447884143597111972e+01 5.422970712296910217e-02 8.187355450014119560e+04 0.000000000000000000e+00
-1.080198566887869447e+02 -1.080519036673049698e+02 3.273122407826539737e-02 8.289243597580332425e+04 0.000000000000000000e+00
-1.052807272674093610e+02 -1.052598854927496603e+02 2.850333483612813718e-02 1.855069098465981369e+04 0.000000000000000000e+00
-1.107172285902908158e+02 -1.107137449034275818e+02 2.809464850582377160e-02 1.828139364788639432e+04 0.000000000000000000e+00
-9.192562236409810339e+01 3.193112935592376562e+13 4.505482193114790590e+01 2.029936979247446516e+03 0.000000000000000000e+00
-6.308183622006835938e+08 -3.423268571578461206e+01 1.500681930205333519e+10 1.673027452323798979e+25 0.000000000000000000e+00
-1.475675186678588867e+09 -4.948720509627201380e+01 4.846175738893987656e+09 3.239412594247492540e+25 0.000000000000000000e+00
-2.438683026773681641e+08 -4.033013452799399801e+01 7.441682107426100731e+09 1.619943954526678851e+25 0.000000000000000000e+00
-1.746304720946655273e+08 -5.436901013640935076e+01 3.880032947331259251e+09 1.594645956537952524e+25 0.000000000000000000e+00
-1.656233743479003906e+08 -5.298232258721224497e+01 3.839914757509405136e+09 1.570136455579814116e+25 0.000000000000000000e+00
-2.483175068052368164e+08 -3.963967938063157703e+01 7.543753419378066063e+09 1.546370586297891161e+25 0.000000000000000000e+00
-7.754871034155273438e+07 -5.459312351290239462e+01 2.479541322744575500e+09 1.523302373388694126e+25 0.000000000000000000e+00
-2.823565743289794922e+08 -2.457376336193261679e+01 1.403624901985820770e+10 1.500905286918699387e+25 0.000000000000000000e+00
-1.013946852767944336e+08 -6.732339469201556881e+01 2.698578270079268932e+09 1.479156721412100999e+25 0.000000000000000000e+00
-1.104962258424682617e+08 -4.616787121706661878e+01 3.358383247640817642e+09 1.458037863613427478e+25 0.000000000000000000e+00
-9.638779738104248047e+07 -4.837744623152235590e+01 3.385610111948613644e+09 1.437509489332861155e+25 0.000000000000000000e+00
-1.123224669223632812e+08 -3.601061876408762430e+01 4.429968464417510033e+09 1.417545596518879333e+25 0.000000000000000000e+00
-6.939183294873046875e+07 -5.487118608946077813e+01 2.042188985805363178e+09 1.398127455811459359e+25 0.000000000000000000e+00
-1.110302269904785156e+08 -3.322313025187335711e+01 5.409034880398408890e+09 1.379243636299201284e+25 0.000000000000000000e+00
-3.997192923242187500e+07 -7.150047246681006641e+01 1.160504383876106739e+09 1.360853311161333693e+25 0.000000000000000000e+00
-2.666635862121582031e+07 -6.991063927303476078e+01 1.073742005104313850e+09 1.342955550500990553e+25 0.000000000000000000e+00
-2.775854501727294922e+07 -6.794766335630009735e+01 9.282313953623298407e+08 1.325513009413452938e+25 0.000000000000000000e+00
-6.018266188775634766e+07 -3.362833154469554842e+01 2.287936990763553619e+09 1.308519408422898613e+25 0.000000000000000000e+00
-4.493509990283203125e+07 -4.416624891728632463e+01 2.636418963941651821e+09 1.291955716384869474e+25 0.000000000000000000e+00
-4.308237150372314453e+07 -6.983594732633955005e+01 1.422573794072747946e+09 1.275807486604966264e+25 0.000000000000000000e+00
-2.687572097521972656e+07 -5.934570856740459277e+01 9.580866511660518646e+08 1.260063192638571839e+25 0.000000000000000000e+00
-1.520048518548583984e+07 -6.168108832119093421e+01 1.011464847357326865e+09 1.244698032772890462e+25 0.000000000000000000e+00
-3.308940401123046875e+07 -4.039367294919764362e+01 1.591411291742321253e+09 1.229700718482843547e+25 0.000000000000000000e+00
-2.304273060906982422e+07 -5.304854858597505540e+01 7.218312568744240999e+08 1.215061650271184406e+25 0.000000000000000000e+00
-2.246490042395019531e+07 -4.727860639142593868e+01 1.019865003553149819e+09 1.200768291910401513e+25 0.000000000000000000e+00
-3.136025540258789062e+07 -7.781842364228636200e+01 9.642085526348243952e+08 1.186804865309780093e+25 0.000000000000000000e+00
-1.458957687017822266e+07 -5.789777133103918061e+01 5.035284782982005477e+08 1.173164950268520151e+25 0.000000000000000000e+00
-1.463120922290039062e+07 -6.341158564464387126e+01 5.908875411387188435e+08 1.159833588194618103e+25 0.000000000000000000e+00
-2.216318507830810547e+07 -3.920115022614766076e+01 7.790682814539467096e+08 1.146801552734437727e+25 0.000000000000000000e+00
-1.592253965161132812e+07 -4.754848115433615874e+01 8.683295738134319782e+08 1.134058371264703433e+25 0.000000000000000000e+00
-1.660719284216308594e+07 -5.673845435212984967e+01 8.660568121951794624e+08 1.121594078462826932e+25 0.000000000000000000e+00
-1.692496489337158203e+07 -6.871408792529435061e+01 8.592672621259552240e+08 1.109403246892504440e+25 0.000000000000000000e+00
-1.249543626727294922e+07 -5.646060590186411332e+01 5.760154047476333380e+08 1.097474283588794184e+25 0.000000000000000000e+00
-1.488812672216796875e+07 -5.922843228798985393e+01 6.471316369437520504e+08 1.085798864756606798e+25 0.000000000000000000e+00
-2.644187935400390625e+07 -8.150944098267612503e+01 1.166570119983304977e+09 1.074369785554260901e+25 0.000000000000000000e+00
-1.289120685943603516e+07 -6.445426519947423571e+01 3.666280404016983509e+08 1.063181024578632538e+25 0.000000000000000000e+00
-1.367146803381347656e+07 -5.229895703653968297e+01 6.813465413283050060e+08 1.052220136219609676e+25 0.000000000000000000e+00
-1.263794227868652344e+07 -5.172138512463009619e+01 4.291645028332644701e+08 1.041482441894071745e+25 0.000000000000000000e+00
-8.273435644958496094e+06 -6.682726227350849513e+01 7.135762053670399189e+08 1.030961534487582951e+25 0.000000000000000000e+00
-9.645439129516601562e+06 -4.663214607963184477e+01 1.010832931918456078e+09 1.020651116848446289e+25 0.000000000000000000e+00
-1.133196130389404297e+07 -6.498927781458112918e+01 5.013809256862961650e+08 1.010544500385986532e+25 0.000000000000000000e+00
-1.058826723779296875e+07 -5.626139463522579831e+01 6.777577752191276550e+08 1.000636307976974743e+25 0.000000000000000000e+00
-9.588642986022949219e+06 -5.579131395878527400e+01 4.097381652721797228e+08 9.909211095162178968e+24 0.000000000000000000e+00
-1.350647916333007812e+07 -7.721712081351468271e+01 5.915803632447557449e+08 9.813925066219393462e+24 0.000000000000000000e+00
-5.814610980590820312e+06 -7.552884180405612824e+01 6.480452314136774540e+08 9.720458910844759979e+24 0.000000000000000000e+00
-5.426376028015136719e+06 -5.664254589587356037e+01 5.946440023350683451e+08 9.628749737480684543e+24 0.000000000000000000e+00
-2.404699489196777344e+06 -6.005318249319739010e+01 7.638247811171861887e+08 9.538750810454086352e+24 0.000000000000000000e+00
-6.821150802307128906e+06 -5.426563813597524444e+01 5.915338745921487808e+08 9.450419436434239028e+24 0.000000000000000000e+00
-6.640485293151855469e+06 -6.654690941479761079e+01 5.003696607726039290e+08 9.363710231767033842e+24 0.000000000000000000e+00
-1.573181082122802734e+07 -3.624679616475095401e+01 8.171975142417812347e+08 9.278578771247382124e+24 0.000000000000000000e+00
-2.519286004986572266e+07 -2.729920152965636859e+01 9.588888442542618513e+08 9.194982128918975444e+24 0.000000000000000000e+00
-4.606586398132324219e+06 -5.868950971796328275e+01 7.263984830526731014e+08 9.112879906378757230e+24 0.000000000000000000e+00
-7.245472472167968750e+06 -5.852277020869641433e+01 5.421701569476572275e+08 9.032227675903281517e+24 0.000000000000000000e+00
-4.643917452514648438e+06 -6.417468151204906235e+01 3.741665391767348051e+08 8.952992381785480632e+24 0.000000000000000000e+00
-6.968298449584960938e+06 -5.537164539947652031e+01 6.019294653889467716e+08 8.875132439672276923e+24 0.000000000000000000e+00
-8.179920344909667969e+06 -7.035339480714922900e+01 5.642613907069776058e+08 8.798617166954427507e+24 0.000000000000000000e+00
-4.596585056213378906e+06 -6.323604028147240541e+01 6.577034711299663782e+08 8.723413866055542623e+24 0.000000000000000000e+00
-9.092369142822265625e+06 -5.601202777218281170e+01 3.568870673035628796e+08 8.649481158349613005e+24 0.000000000000000000e+00
-6.202657503875732422e+06 -6.637761128342698669e+01 5.120344690133941770e+08 8.576790477290580233e+24 0.000000000000000000e+00
-1.285329950912475586e+07 -4.247270718802359113e+01 6.449460155571959019e+08 8.505309082530881498e+24 0.000000000000000000e+00
-1.283831057833862305e+07 -6.331635717505567840e+01 5.470984682121427059e+08 8.435010607900374153e+24 0.000000000000000000e+00
-7.953867662048339844e+06 -6.722398211131593371e+01 6.136354143278812170e+08 8.365874446242750489e+24 0.000000000000000000e+00
1.287171595642089844e+06 -4.981446262575397554e+01 5.957559216048078537e+08 8.297856906804523937e+24 0.000000000000000000e+00
-8.215308044982910156e+06 -7.021022487709876714e+01 4.354773853647874594e+08 8.297856906804523937e+24 0.000000000000000000e+00
-3.297014805358886719e+06 -6.198221620214285821e+01 5.669017227249095440e+08 8.230934991868827340e+24 0.000000000000000000e+00
-1.182526793365478516e+07 -3.824702225342865347e+01 8.706863548305002451e+08 8.165081737788846523e+24 0.000000000000000000e+00
-1.250997011679077148e+07 -7.119709410082417378e+01 5.571596896331251860e+08 8.100277065702724495e+24 0.000000000000000000e+00
-2.689766063323974609e+06 -6.953451004126166879e+01 6.319389608495361805e+08 8.036498498726640801e+24 0.000000000000000000e+00
-9.068391771636962891e+06 -5.540580548080598078e+01 4.958034343981077075e+08 7.973707564090410746e+24 0.000000000000000000e+00
-1.237383632339477539e+07 -7.867028670849414596e+01 4.988850317992648482e+08 7.911890231875195097e+24 0.000000000000000000e+00
-1.150004778854370117e+07 -5.838995758372976042e+01 4.284301264352970123e+08 7.851027653942074589e+24 0.000000000000000000e+00
-4.671024176605224609e+06 -7.201534507735591717e+01 3.695930141426190734e+08 7.791100342258599786e+24 0.000000000000000000e+00
-5.747910318908691406e+06 -5.985388277269098722e+01 4.022115881973090172e+08 7.732069609858751554e+24 0.000000000000000000e+00
-6.417074030883789062e+06 -5.738046815722519511e+01 4.128851698159579635e+08 7.673928895361249597e+24 0.000000000000000000e+00
1.167443555776977539e+07 -6.610778146584912918e+01 6.175005853881440163e+08 7.616655554126160530e+24 0.000000000000000000e+00
-3.819124317230224609e+06 -5.216767369427105905e+01 4.822770044110206962e+08 7.616655554126160530e+24 0.000000000000000000e+00
-3.978322035552978516e+06 -5.639319988056551836e+01 4.049364136207796335e+08 7.560230007689483813e+24 0.000000000000000000e+00
-6.678742532745361328e+06 -4.615220964665400061e+01 4.761190049928929210e+08 7.504634811162244529e+24 0.000000000000000000e+00
-4.757346555480957031e+06 -6.454926250247179098e+01 3.240842917537506223e+08 7.449850259904512118e+24 0.000000000000000000e+00
-7.391032153228759766e+06 -5.887333389308012954e+01 3.171604861388998032e+08 7.395860960643754861e+24 0.000000000000000000e+00
-5.875376811370849609e+06 -8.344225759455930813e+01 9.618155181836038828e+08 7.342650448146687360e+24 0.000000000000000000e+00
-1.830483466522216797e+06 -6.942243960429867400e+01 5.288796494816601872e+08 7.290199829471976946e+24 0.000000000000000000e+00
-6.177653862762451172e+06 -5.423226335388623198e+01 4.241392722108268738e+08 7.238491128789059315e+24 0.000000000000000000e+00
-5.414971054931640625e+06 -5.395414451792385790e+01 3.685861218023461103e+08 7.187512324730608949e+24 0.000000000000000000e+00
-7.282092505187988281e+06 -3.199439475348980721e+01 8.523263503432669640e+08 7.137244846664225854e+24 0.000000000000000000e+00
-2.745627540008544922e+06 -5.193435438361015599e+01 3.547903900549182892e+08 7.087675105601518735e+24 0.000000000000000000e+00
-1.967440623779296875e+06 -6.108999607471270821e+01 5.060718888460386992e+08 7.038790079304354895e+24 0.000000000000000000e+00
-4.145477516357421875e+06 -6.273959315353828714e+01 4.320538445836725831e+08 6.990574022880901282e+24 0.000000000000000000e+00
-2.174401763336181641e+06 -7.351330233468701181e+01 5.650563744391570091e+08 6.943016115019308817e+24 0.000000000000000000e+00
2.738128104858398438e+06 -5.997021900508688219e+01 3.576267068689765334e+08 6.896098616286467743e+24 0.000000000000000000e+00
-1.860621531860351562e+06 -6.431661382199210664e+01 3.464778468528303504e+08 6.896098616286467743e+24 0.000000000000000000e+00
-4.102037284912109375e+06 -6.626894520807397271e+01 3.387472524105919003e+08 6.849810960771941428e+24 0.000000000000000000e+00
-5.451681035491943359e+06 -7.768333935495104470e+01 5.086378048116177320e+08 6.804142078931175712e+24 0.000000000000000000e+00
-9.647730297882080078e+06 -7.058544582876449169e+01 4.029897077311632037e+08 6.759077786284905231e+24 0.000000000000000000e+00
3.868618395996093750e+04 -4.839668965921126187e+01 3.349100602846379876e+08 6.714610625558286338e+24 0.000000000000000000e+00
-3.490363112915039062e+06 -5.643186664306875855e+01 3.728527046035479903e+08 6.714610625558286338e+24 0.000000000000000000e+00
-2.832671875305175781e+06 -6.692594187201862610e+01 2.907417026963267326e+08 6.670720496019714058e+24 0.000000000000000000e+00
-8.367046729095458984e+06 -4.232528017718767188e+01 4.322140030760051012e+08 6.627399876504767038e+24 0.000000000000000000e+00
-3.702796868927001953e+06 -6.777906743781142040e+01 5.038187204586346149e+08 6.584639571458540433e+24 0.000000000000000000e+00
2.442020198852539062e+06 -5.524851024545784384e+01 4.443108403659194708e+08 6.542426288923855913e+24 0.000000000000000000e+00
-1.093673753662109375e+05 -6.520043150034004498e+01 5.116264770324926972e+08 6.542426288923855913e+24 0.000000000000000000e+00
-1.081870926788330078e+06 -5.539768929613777715e+01 4.272977348436228633e+08 6.500750343281219369e+24 0.000000000000000000e+00
-1.654100206451416016e+06 -6.316496821143987006e+01 3.929527032370961308e+08 6.459602349440011034e+24 0.000000000000000000e+00
6.277232647918701172e+06 -8.010275529487275037e+01 1.048709564012070775e+09 6.418972033662765723e+24 0.000000000000000000e+00
1.648895233856201172e+06 -6.155734662091416709e+01 3.569145491595368981e+08 6.418972033662765723e+24 0.000000000000000000e+00
-1.966185025909423828e+06 -5.323249478478206953e+01 2.975886653982208967e+08 6.418972033662765723e+24 0.000000000000000000e+00
-1.529973666412353516e+06 -4.322354728639925270e+01 4.560431929478949308e+08 6.378849320225340408e+24 0.000000000000000000e+00
-5.014089860656738281e+06 -7.427336547710747539e+01 2.870181207232940197e+08 6.339224980271337457e+24 0.000000000000000000e+00
-4.412925424407958984e+06 -3.942518679787563229e+01 3.840390129796128273e+08 6.300090066190699806e+24 0.000000000000000000e+00
-5.441654653137207031e+06 -5.502026132457378083e+01 4.250511661903111339e+08 6.261435178905259920e+24 0.000000000000000000e+00
4.842273297119140625e+05 -7.320407534183384257e+01 5.367141604535891414e+08 6.223252935582165456e+24 0.000000000000000000e+00
-3.570572521850585938e+06 -6.836758215946655071e+01 2.539263978182383776e+08 6.223252935582165456e+24 0.000000000000000000e+00
-2.925116724792480469e+06 -5.805777647295458621e+01 2.636280903370794952e+08 6.185532888848097866e+24 0.000000000000000000e+00
4.814406989593505859e+06 -6.519122980638066167e+01 3.602989538923736811e+08 6.148266748937136691e+24 0.000000000000000000e+00
-5.391847576812744141e+06 -4.247375573417738082e+01 4.718012159713905454e+08 6.148266748937136691e+24 0.000000000000000000e+00
1.882283569519042969e+06 -5.646812713672860440e+01 4.096039000800564289e+08 6.111447751829118886e+24 0.000000000000000000e+00
-4.397449070434570312e+05 -6.130785453762682380e+01 3.224289672919992805e+08 6.111447751829118886e+24 0.000000000000000000e+00
-4.816223506072998047e+06 -6.209191094130822819e+01 2.470993701407402754e+08 6.075066315777845842e+24 0.000000000000000000e+00
-1.379454812316894531e+05 -5.199682232860237718e+01 2.633820611472206414e+08 6.039116126172172834e+24 0.000000000000000000e+00
-2.785085588500976562e+06 -6.774434003094839341e+01 2.441468857631106973e+08 6.003588180038037453e+24 0.000000000000000000e+00
-5.157067620758056641e+06 -6.730568882555502341e+01 3.370785076410410404e+08 5.968476022784633197e+24 0.000000000000000000e+00
-3.745514875488281250e+05 -5.886497050097528216e+01 3.161310898661433458e+08 5.933773669528587836e+24 0.000000000000000000e+00
-2.531489677825927734e+06 -5.786750609592931482e+01 5.423832105573129654e+08 5.899470885970998075e+24 0.000000000000000000e+00
8.257936025268554688e+06 -6.474429685610395779e+01 4.033132518730590343e+08 5.865563632385898339e+24 0.000000000000000000e+00
-7.552528093872070312e+06 -4.270543980581511079e+01 3.203872023814194798e+08 5.865563632385898339e+24 0.000000000000000000e+00
6.689270421752929688e+05 -5.196618401885966421e+01 3.818238068071932197e+08 5.832043910314220807e+24 0.000000000000000000e+00
-4.025157489074707031e+06 -6.456021700841463939e+01 2.677145038131791353e+08 5.832043910314220807e+24 0.000000000000000000e+00
-3.150068026733398438e+05 -5.424599034552931442e+01 3.501118228573763371e+08 5.798904447832247968e+24 0.000000000000000000e+00
2.765202754211425781e+06 -5.613851523117944708e+01 2.779716646912419200e+08 5.766138992012458545e+24 0.000000000000000000e+00
4.446171472961425781e+06 -6.948970770939487807e+01 4.668388360477517843e+08 5.766138992012458545e+24 0.000000000000000000e+00
2.030907698364257812e+05 -5.702876664779894611e+01 4.088623225222188234e+08 5.766138992012458545e+24 0.000000000000000000e+00
-5.864316214538574219e+06 -4.714904990562159526e+01 3.632279180450535417e+08 5.766138992012458545e+24 0.000000000000000000e+00
-3.089754184509277344e+06 -4.778824394804110653e+01 4.522902626410153508e+08 5.733741974092239711e+24 0.000000000000000000e+00
-2.213238172485351562e+06 -6.061899270077620372e+01 3.128747458886044621e+08 5.701707227070711699e+24 0.000000000000000000e+00
-1.513251667022705078e+06 -6.281672284759558522e+01 3.192457717341532111e+08 5.670028348137252785e+24 0.000000000000000000e+00
-3.365175059234619141e+06 -7.193216461828204444e+01 2.808481565410636663e+08 5.638699123599493931e+24 0.000000000000000000e+00
-3.357007626159667969e+06 -6.701170710898364291e+01 3.961194519708252549e+08 5.607714140672356799e+24 0.000000000000000000e+00
2.423977712066650391e+06 -6.126899244856278415e+01 2.516597789978629351e+08 5.577069519504965345e+24 0.000000000000000000e+00
-2.298469854339599609e+06 -6.509923948044436770e+01 3.088820904365677238e+08 5.577069519504965345e+24 0.000000000000000000e+00
-1.947429818237304688e+06 -4.891928450794617333e+01 4.064338825039439201e+08 5.546756724542182529e+24 0.000000000000000000e+00
-3.077205072357177734e+06 -6.441183785240362170e+01 2.624533995165579617e+08 5.516771662277924734e+24 0.000000000000000000e+00
-4.723602438049316406e+05 -5.118043710406249858e+01 2.590222256371551752e+08 5.487109131665527756e+24 0.000000000000000000e+00
4.299853541870117188e+06 -6.046470492990547285e+01 3.151897592094414830e+08 5.457763408261373120e+24 0.000000000000000000e+00
7.568135778808593750e+04 -6.903619286238235020e+01 4.190712633176261187e+08 5.457763408261373120e+24 0.000000000000000000e+00
-2.077441857055664062e+06 -7.702320055489275319e+01 4.390450787018448114e+08 5.457763408261373120e+24 0.000000000000000000e+00
4.591175608306884766e+06 -6.254246707041011888e+01 5.019567593618004918e+08 5.428730227948269594e+24 0.000000000000000000e+00
-1.204725383880615234e+06 -4.225428386264545111e+01 5.514892545899784565e+08 5.428730227948269594e+24 0.000000000000000000e+00
-3.986922809448242188e+06 -4.121683535188005010e+01 4.419116810688726306e+08 5.400004123488194841e+24 0.000000000000000000e+00
-5.241363446350097656e+05 -5.701966917875427043e+01 2.404693259902974963e+08 5.371580858527637693e+24 0.000000000000000000e+00
6.805946691284179688e+05 -6.819369543571947645e+01 3.875618960502571464e+08 5.343454657759737132e+24 0.000000000000000000e+00
-4.273287761840820312e+05 -5.348859977038215163e+01 4.133314044827329516e+08 5.343454657759737132e+24 0.000000000000000000e+00
-5.767421145904541016e+06 -7.195084903112700658e+01 2.398063920773033500e+08 5.315621470448183497e+24 0.000000000000000000e+00
-4.063773025482177734e+06 -6.785255360619497367e+01 2.626818229594030082e+08 5.288077985467899344e+24 0.000000000000000000e+00
-2.096271506561279297e+06 -5.250696165002311488e+01 2.972066112865982652e+08 5.260817927897873107e+24 0.000000000000000000e+00
2.301909220123291016e+06 -6.352774799033917930e+01 3.548133450561864972e+08 5.233836867951565247e+24 0.000000000000000000e+00
-3.413791768157958984e+06 -4.338011526777405180e+01 2.796266288880704641e+08 5.233836867951565247e+24 0.000000000000000000e+00
-1.864884183441162109e+06 -5.408302683311453762e+01 3.583539718271377683e+08 5.207131018479114767e+24 0.000000000000000000e+00
7.778099338684082031e+05 -5.829418724820624220e+01 2.992251862630881667e+08 5.180696629032646565e+24 0.000000000000000000e+00
-4.294937345428466797e+06 -6.943198332239883541e+01 2.926958713279468417e+08 5.180696629032646565e+24 0.000000000000000000e+00
2.417058772430419922e+06 -7.618225015312705750e+01 4.648480154622572064e+08 5.154529204337656285e+24 0.000000000000000000e+00
1.036142131805419922e+06 -5.545124693814322825e+01 3.021878512835649252e+08 5.154529204337656285e+24 0.000000000000000000e+00
3.067437452117919922e+06 -5.929878041404946032e+01 4.301905537119605541e+08 5.154529204337656285e+24 0.000000000000000000e+00
-3.182647790069580078e+06 -5.530349479301854387e+01 3.394398489997769594e+08 5.154529204337656285e+24 0.000000000000000000e+00
6.819037291259765625e+06 -5.741199813436435306e+01 3.829835360403699279e+08 5.128625013156014717e+24 0.000000000000000000e+00
-1.704506673583984375e+06 -6.628853930386775062e+01 4.209710028598396778e+08 5.128625013156014717e+24 0.000000000000000000e+00
-1.012393331820678711e+07 -2.632991241639700775e+01 9.255621456756969690e+08 5.102979981068454651e+24 0.000000000000000000e+00
-6.773405703430175781e+05 -6.340607927605322658e+01 5.090741653290547729e+08 5.077591636175715029e+24 0.000000000000000000e+00
-1.740520751678466797e+06 -5.822628686960910471e+01 5.919269229104627371e+08 5.052452797549119487e+24 0.000000000000000000e+00
-7.536658521118164062e+05 -6.121443159105799481e+01 3.332053395199070573e+08 5.027561999568083704e+24 0.000000000000000000e+00
-1.212291070007324219e+06 -6.567379049299306359e+01 3.734958353059381247e+08 5.002914860931617865e+24 0.000000000000000000e+00
-1.699705684020996094e+06 -5.849255195643456773e+01 2.104149709611420631e+08 4.978508276211707198e+24 0.000000000000000000e+00
-1.836905411590576172e+06 -7.848829281345389575e+01 3.195145556592578888e+08 4.954338576503072121e+24 0.000000000000000000e+00
-4.525397057952880859e+06 -4.329606928531717358e+01 3.756191116668347716e+08 4.930402475394021968e+24 0.000000000000000000e+00
1.735851374816894531e+06 -5.778082561020647745e+01 3.277724119083936810e+08 4.906696926986633375e+24 0.000000000000000000e+00
-1.162802222839355469e+06 -5.542380463051964057e+01 2.544822588131310940e+08 4.906696926986633375e+24 0.000000000000000000e+00
2.605950740203857422e+06 -5.657741862499399588e+01 2.345142708641173244e+08 4.883217768848575527e+24 0.000000000000000000e+00
-5.635472806671142578e+06 -5.631755206608725217e+01 3.799654696339041591e+08 4.883217768848575527e+24 0.000000000000000000e+00
-2.110059635528564453e+06 -5.767741888735736211e+01 1.948150238513369560e+08 4.859964060107300196e+24 0.000000000000000000e+00
-3.288566877685546875e+06 -5.339812194817358204e+01 2.511062476273589134e+08 4.836928931496155446e+24 0.000000000000000000e+00
1.903008499969482422e+06 -5.950732776380171885e+01 2.359913121760779619e+08 4.814111635334271106e+24 0.000000000000000000e+00
-6.838638242492675781e+05 -5.371482037817927591e+01 3.827638636484988332e+08 4.814111635334271106e+24 0.000000000000000000e+00
1.411636494934082031e+06 -6.797427748905872136e+01 4.801311418603277206e+08 4.791508225626456392e+24 0.000000000000000000e+00
-2.243944913269042969e+06 -6.549285585178228075e+01 2.014067643833510578e+08 4.791508225626456392e+24 0.000000000000000000e+00
3.036520262329101562e+06 -5.915908749493414831e+01 2.846944328073661923e+08 4.769115987970534870e+24 0.000000000000000000e+00
-1.749936925170898438e+06 -5.892345487704488960e+01 1.751217243005448580e+08 4.769115987970534870e+24 0.000000000000000000e+00
-1.134011573272705078e+06 -5.504348737677467085e+01 2.576403158813723326e+08 4.746931995378155455e+24 0.000000000000000000e+00
-5.904717602233886719e+05 -5.634672409254510939e+01 4.115372941243844628e+08 4.724953590109553790e+24 0.000000000000000000e+00
2.550019727508544922e+06 -6.118952447908995396e+01 3.460347081850677133e+08 4.703177759995748942e+24 0.000000000000000000e+00
-6.718013408508300781e+05 -6.011771505064528043e+01 3.404831004466359615e+08 4.703177759995748942e+24 0.000000000000000000e+00
-5.933108875427246094e+05 -6.219542820462169175e+01 2.742997590269820094e+08 4.681601676780280373e+24 0.000000000000000000e+00
5.109788816558837891e+06 -5.696022548865391855e+01 2.762584580769621730e+08 4.660222592057577589e+24 0.000000000000000000e+00
1.686207316558837891e+06 -6.798204893937632676e+01 3.339981175716789365e+08 4.660222592057577589e+24 0.000000000000000000e+00
-1.528352237152099609e+06 -7.728606279575377869e+01 2.625447120438929498e+08 4.660222592057577589e+24 0.000000000000000000e+00
5.590331096496582031e+05 -5.823937464815390541e+01 3.954169153533505201e+08 4.639037919089497800e+24 0.000000000000000000e+00
2.026272156524658203e+06 -6.084277646699325004e+01 3.659496278248659372e+08 4.639037919089497800e+24 0.000000000000000000e+00
6.166022695587158203e+06 -6.259681944896730954e+01 4.439254632371470928e+08 4.639037919089497800e+24 0.000000000000000000e+00
4.025119560821533203e+06 -5.303796532903861305e+01 4.605048044213955402e+08 4.639037919089497800e+24 0.000000000000000000e+00
-1.894744552459716797e+06 -3.979665147026045702e+01 3.980685913051043749e+08 4.639037919089497800e+24 0.000000000000000000e+00
3.108449777038574219e+06 -4.437622648428823169e+01 5.664069561425951719e+08 4.618044997901001184e+24 0.000000000000000000e+00
-5.939449115539550781e+06 -5.066670190137513430e+01 3.788524624225621819e+08 4.618044997901001184e+24 0.000000000000000000e+00
2.522086954528808594e+06 -5.481958843529668002e+01 2.588135060966943502e+08 4.597242826922250474e+24 0.000000000000000000e+00
-1.225992272033691406e+06 -5.087988668966822559e+01 2.451194272549309433e+08 4.597242826922250474e+24 0.000000000000000000e+00
4.787558748291015625e+06 -5.639469814812532178e+01 3.925301311656131744e+08 4.576625569712732302e+24 0.000000000000000000e+00
1.369567482910156250e+05 -6.500661543563134614e+01 2.303991608508572578e+08 4.576625569712732302e+24 0.000000000000000000e+00
5.087261982666015625e+06 -6.536924675752837288e+01 4.607040201653518081e+08 4.576625569712732302e+24 0.000000000000000000e+00
4.127842213134765625e+06 -5.754067375767856873e+01 3.616666766907483339e+08 4.576625569712732302e+24 0.000000000000000000e+00
2.291263916259765625e+06 -5.597654952622296065e+01 3.431113019039068818e+08 4.576625569712732302e+24 0.000000000000000000e+00
3.269503187744140625e+06 -6.767965595004208978e+01 3.123939305571708679e+08 4.576625569712732302e+24 0.000000000000000000e+00
4.177569957275390625e+06 -4.873708551370206976e+01 3.541897700939776301e+08 4.576625569712732302e+24 0.000000000000000000e+00
6.499957346191406250e+05 -6.810506261409396700e+01 2.542991945050706863e+08 4.576625569712732302e+24 0.000000000000000000e+00
1.250629052978515625e+06 -5.851065290232627802e+01 2.841786958779219985e+08 4.576625569712732302e+24 0.000000000000000000e+00
-2.178526802490234375e+06 -3.701690574453990479e+01 5.653430146792211533e+08 4.576625569712732302e+24 0.000000000000000000e+00
1.211974383148193359e+06 -5.373894886392422165e+01 3.090374466108425856e+08 4.556192886807005137e+24 0.000000000000000000e+00
-1.956863778961181641e+06 -6.171509840986190198e+01 2.092836281807468832e+08 4.556192886807005137e+24 0.000000000000000000e+00
2.243160830902099609e+06 -5.591698432101672012e+01 2.825543027425878048e+08 4.535941553047394968e+24 0.000000000000000000e+00
-6.738010128479003906e+05 -5.119840863274916387e+01 2.563834219135502875e+08 4.535941553047394968e+24 0.000000000000000000e+00
-3.913456841064453125e+06 -7.914535369892790584e+01 4.689299826314340830e+08 4.515869275054674002e+24 0.000000000000000000e+00
8.993270018615722656e+05 -6.988994265226608604e+01 2.850228067872840166e+08 4.495974539644874177e+24 0.000000000000000000e+00
8.210064588928222656e+05 -5.335507253946983752e+01 6.799670256022747755e+08 4.495974539644874177e+24 0.000000000000000000e+00
-5.535273926696777344e+05 -5.509763279845694228e+01 1.992605967957014740e+08 4.495974539644874177e+24 0.000000000000000000e+00
2.033029821258544922e+06 -6.029192675547507463e+01 3.630925815726770759e+08 4.476253659955804466e+24 0.000000000000000000e+00
-1.534160209014892578e+06 -4.276021187026304204e+01 2.934262956799412966e+08 4.476253659955804466e+24 0.000000000000000000e+00
3.597257545776367188e+05 -5.302755724823488492e+01 3.391563963086444139e+08 4.456705029986985265e+24 0.000000000000000000e+00
1.244733590515136719e+06 -7.432479384190207838e+01 3.077520641324616671e+08 4.456705029986985265e+24 0.000000000000000000e+00
-3.300066596984863281e+06 -6.356481411695833827e+01 1.740673674341781139e+08 4.456705029986985265e+24 0.000000000000000000e+00
3.889778162994384766e+06 -4.948047599089234438e+01 3.385213999636670351e+08 4.437326549158717527e+24 0.000000000000000000e+00
2.803078674713134766e+06 -5.543333896533501814e+01 2.917077925394814014e+08 4.437326549158717527e+24 0.000000000000000000e+00
-7.450171591186523438e+04 -6.092353254628628179e+01 3.317325807214246392e+08 4.437326549158717527e+24 0.000000000000000000e+00
2.289849048583984375e+06 -6.840968514287837365e+01 4.967520664722332954e+08 4.418115689301806523e+24 0.000000000000000000e+00
-5.239047025512695312e+06 -7.115274021269223681e+01 3.088505669267333150e+08 4.418115689301806523e+24 0.000000000000000000e+00
-4.895148184631347656e+06 -4.076222811131454193e+01 3.573374103941341043e+08 4.399071785699788404e+24 0.000000000000000000e+00
1.338864706726074219e+06 -5.890839133723574150e+01 2.243614489007672369e+08 4.380190508303813376e+24 0.000000000000000000e+00
-6.962571682739257812e+05 -5.292038851196850402e+01 1.902672294737025797e+08 4.380190508303813376e+24 0.000000000000000000e+00
-1.074439888809204102e+06 -5.210266225489051806e+01 3.698979881514959931e+08 4.361470146837562136e+24 0.000000000000000000e+00
4.597269452194213867e+06 -6.307093792417106215e+01 2.411668060129154325e+08 4.342909199587701277e+24 0.000000000000000000e+00
-2.587764971633911133e+06 -5.727463444044385454e+01 2.349276865634884536e+08 4.342909199587701277e+24 0.000000000000000000e+00
-5.829098688507080078e+05 -5.857539185224533185e+01 2.824915717752753496e+08 4.324505788499573722e+24 0.000000000000000000e+00
-1.487198123703002930e+06 -6.303457475838098389e+01 2.415522905560340285e+08 4.306257423162155171e+24 0.000000000000000000e+00
4.624794119003295898e+06 -4.911082111127884531e+01 3.036130319542263746e+08 4.288162516549057255e+24 0.000000000000000000e+00
4.934613113143920898e+06 -5.537600514875495605e+01 4.903854611787402630e+08 4.288162516549057255e+24 0.000000000000000000e+00
-1.237515269668579102e+06 -4.428701198415377149e+01 2.886828690218961835e+08 4.288162516549057255e+24 0.000000000000000000e+00
-1.326698477371215820e+06 -6.923163763924041803e+01 2.758368430679691434e+08 4.270218940980419084e+24 0.000000000000000000e+00
-1.841832663314819336e+06 -6.636969313980011975e+01 1.941810783234510124e+08 4.252424881355867195e+24 0.000000000000000000e+00
-1.302267524078369141e+06 -6.659355630338498599e+01 1.740924317055930793e+08 4.234778633930520117e+24 0.000000000000000000e+00
-1.665946075439453125e+04 -5.817934576848891481e+01 1.712346071735956371e+08 4.217278065160454230e+24 0.000000000000000000e+00
-2.282976322341918945e+06 -5.005913909877570944e+01 1.944024022981662750e+08 4.199921558400930603e+24 0.000000000000000000e+00
-1.934133291275024414e+06 -4.645104640245384786e+01 2.131697450998484492e+08 4.182707452242727369e+24 0.000000000000000000e+00
-9.546822638549804688e+05 -6.611997320752351470e+01 3.718588715250198245e+08 4.165633796973927311e+24 0.000000000000000000e+00
1.213530978118896484e+06 -5.827095130302255654e+01 3.808691109351519346e+08 4.148699114000218927e+24 0.000000000000000000e+00
3.736793660736083984e+06 -7.331565338679071431e+01 3.657958010899615288e+08 4.148699114000218927e+24 0.000000000000000000e+00
2.549193297454833984e+06 -5.115784062262270737e+01 4.776577943546791673e+08 4.148699114000218927e+24 0.000000000000000000e+00
-1.232287802154541016e+06 -6.284593124241834516e+01 2.192197185527750850e+08 4.148699114000218927e+24 0.000000000000000000e+00
3.031252817520141602e+06 -5.160173652518563614e+01 3.050295275893145800e+08 4.131901460189435312e+24 0.000000000000000000e+00
-2.245936352401733398e+06 -5.789557595597143802e+01 1.895914310151749849e+08 4.131901460189435312e+24 0.000000000000000000e+00
-1.081834246826171875e+05 -5.391174545061447532e+01 2.311074202270573080e+08 4.115239276819523477e+24 0.000000000000000000e+00
-1.829871292770385742e+06 -6.861684133604587998e+01 3.316574784700356722e+08 4.098710855031582781e+24 0.000000000000000000e+00
-1.528585285903930664e+06 -4.425083349280440359e+01 2.179471451772652268e+08 4.082314987742978118e+24 0.000000000000000000e+00
4.159384244705200195e+06 -6.315015448705297985e+01 3.315779418572971225e+08 4.066049439779926269e+24 0.000000000000000000e+00
-1.672629671310424805e+06 -5.774446555569296180e+01 2.436217311197912991e+08 4.066049439779926269e+24 0.000000000000000000e+00
-2.088702811904907227e+06 -5.154938959534324283e+01 1.914466902704263330e+08 4.049913191125308685e+24 0.000000000000000000e+00
-2.756379093780517578e+05 -5.501273952029381320e+01 5.391285480219782591e+08 4.033904395653882766e+24 0.000000000000000000e+00
1.876125639892578125e+06 -5.225636471110831138e+01 5.924806448008934259e+08 4.018021617761013832e+24 0.000000000000000000e+00
2.171838626953125000e+06 -5.473584048706366190e+01 2.330452058570662141e+08 4.018021617761013832e+24 0.000000000000000000e+00
1.880756878417968750e+06 -6.531509552385426787e+01 2.495779191018913984e+08 4.018021617761013832e+24 0.000000000000000000e+00
-1.717026724853515625e+06 -7.089211063838894233e+01 4.236161668186749220e+08 4.018021617761013832e+24 0.000000000000000000e+00
1.031275351867675781e+05 -4.957344609713690886e+01 2.686708515535564423e+08 4.002263791023902125e+24 0.000000000000000000e+00
-7.597118398132324219e+05 -5.871116022177911020e+01 4.881592903327664137e+08 4.002263791023902125e+24 0.000000000000000000e+00
4.948952505950927734e+05 -5.676078525781890249e+01 1.331910069792197347e+08 3.986628747695073754e+24 0.000000000000000000e+00
-3.578034959365844727e+06 -6.998618681021328314e+01 2.057705054704675078e+08 3.986628747695073754e+24 0.000000000000000000e+00
1.093372862899780273e+06 -5.671497204190162478e+01 1.985252619590276182e+08 3.971115581649280603e+24 0.000000000000000000e+00
6.473791362899780273e+06 -6.259331392808164196e+01 4.328154103375317454e+08 3.971115581649280603e+24 0.000000000000000000e+00
-2.520302574600219727e+06 -5.225464549114513346e+01 2.284098024964275956e+08 3.971115581649280603e+24 0.000000000000000000e+00
-2.092821399765014648e+06 -6.907358473846537095e+01 2.661422200351909697e+08 3.955722615074815868e+24 0.000000000000000000e+00
-1.502796398391723633e+06 -5.785889264280999100e+01 2.978459795014944673e+08 3.940448498036947194e+24 0.000000000000000000e+00
2.849135340042114258e+06 -4.747608592996876808e+01 2.202091643430890441e+08 3.925291852870916449e+24 0.000000000000000000e+00
-3.848984564254760742e+06 -4.225800209063742585e+01 4.081883145155864358e+08 3.925291852870916449e+24 0.000000000000000000e+00
-2.025413352874755859e+06 -3.825988589971485254e+01 3.212866288091965318e+08 3.910251483553345848e+24 0.000000000000000000e+00
1.032814742407226562e+07 -5.509009153615000542e+01 3.444272730901909471e+08 3.895325741148868786e+24 0.000000000000000000e+00
1.313330164306640625e+06 -6.562282138632977535e+01 2.369551796091138721e+08 3.895325741148868786e+24 0.000000000000000000e+00
2.589571566650390625e+06 -6.036170584620902702e+01 2.648830965996050537e+08 3.895325741148868786e+24 0.000000000000000000e+00
1.057741916503906250e+05 -5.724237127349572063e+01 2.222355796249749660e+08 3.895325741148868786e+24 0.000000000000000000e+00
-2.076750378662109375e+06 -5.066407576709162441e+01 1.883387177745084167e+08 3.895325741148868786e+24 0.000000000000000000e+00
-2.781192977600097656e+05 -7.083179430229824902e+01 2.516227708180820346e+08 3.880513551925831210e+24 0.000000000000000000e+00
5.717430281829833984e+05 -4.718969810237265960e+01 2.450297197713965774e+08 3.865813486165579461e+24 0.000000000000000000e+00
-1.455138051895141602e+06 -5.891987223467095447e+01 1.478641989190981686e+08 3.865813486165579461e+24 0.000000000000000000e+00
-8.378979786376953125e+05 -5.258172086380076138e+01 2.703205212245513797e+08 3.851224451401351506e+24 0.000000000000000000e+00
4.018771646087646484e+06 -6.438190038852749808e+01 2.957536605778890252e+08 3.836745058621730935e+24 0.000000000000000000e+00
2.824028745697021484e+06 -7.388791066477608638e+01 3.722411623226355910e+08 3.836745058621730935e+24 0.000000000000000000e+00
3.730912169525146484e+06 -6.303001862269141498e+01 2.532064882729574740e+08 3.836745058621730935e+24 0.000000000000000000e+00
4.963949390563964844e+05 -6.479933535745240647e+01 2.545175060785370767e+08 3.836745058621730935e+24 0.000000000000000000e+00
4.196879410736083984e+06 -5.784706680435132142e+01 2.782550917985078692e+08 3.836745058621730935e+24 0.000000000000000000e+00
-5.271695873107910156e+05 -4.803591762280002087e+01 2.934296589409269691e+08 3.836745058621730935e+24 0.000000000000000000e+00
-2.113262403106689453e+05 -4.702873982835490807e+01 3.753874446182786822e+08 3.822374132463105466e+24 0.000000000000000000e+00
3.471587952560424805e+06 -4.337596569683542924e+01 3.720249972309998274e+08 3.808110443465084888e+24 0.000000000000000000e+00
5.107154191574096680e+06 -6.875382711648703093e+01 4.338104729775846004e+08 3.808110443465084888e+24 0.000000000000000000e+00
-3.599380991043090820e+06 -6.517925502336029808e+01 2.612609026879258752e+08 3.808110443465084888e+24 0.000000000000000000e+00
-1.628728344726562500e+04 -6.917227135890198042e+01 3.317693927172272205e+08 3.793953220187918267e+24 0.000000000000000000e+00
-8.223172774963378906e+05 -6.125241677471702673e+01 2.424819303537496328e+08 3.779900453683227246e+24 0.000000000000000000e+00
2.059498436126708984e+05 -4.910889863193178684e+01 3.501293262163109779e+08 3.765951460365745720e+24 0.000000000000000000e+00
-1.843154496231079102e+06 -4.542312344065111063e+01 1.836293760255549252e+08 3.765951460365745720e+24 0.000000000000000000e+00
-2.784636260986328125e+05 -7.995888824096182645e+01 5.855724446276143789e+08 3.752105045520878737e+24 0.000000000000000000e+00
5.643216677932739258e+06 -6.837753294701403206e+01 2.816109635901326537e+08 3.738360058841503717e+24 0.000000000000000000e+00
1.645633068557739258e+06 -5.901087318985248231e+01 2.116350918786184788e+08 3.738360058841503717e+24 0.000000000000000000e+00
-2.438688900192260742e+06 -5.246412922061835360e+01 2.694128934193589687e+08 3.738360058841503717e+24 0.000000000000000000e+00
-1.670267202850341797e+06 -5.233898856325391336e+01 2.420753657604831755e+08 3.724715588558252405e+24 0.000000000000000000e+00
1.668226669769287109e+05 -5.371349565166097051e+01 1.942430558184620738e+08 3.711170262363472396e+24 0.000000000000000000e+00
-2.670679350601196289e+06 -7.250637685961577006e+01 2.019644769056102037e+08 3.711170262363472396e+24 0.000000000000000000e+00
-1.379675049789428711e+06 -4.673517653404553585e+01 2.483872605943968594e+08 3.697723190828146209e+24 0.000000000000000000e+00
3.043394071533203125e+06 -5.585098071902321237e+01 3.057026283122403026e+08 3.684373080052523805e+24 0.000000000000000000e+00
-5.335166433105468750e+05 -6.282152549997306323e+01 2.660430648694851995e+08 3.684373080052523805e+24 0.000000000000000000e+00
2.339213081222534180e+06 -5.364120934990852163e+01 3.569869855569379926e+08 3.671118973189937565e+24 0.000000000000000000e+00
4.351727843917846680e+06 -6.480687908251593399e+01 2.387312014473148286e+08 3.671118973189937565e+24 0.000000000000000000e+00
6.949334488449096680e+06 -5.832988785042230973e+01 3.515858003069714904e+08 3.671118973189937565e+24 0.000000000000000000e+00
-8.439502522277832031e+04 -5.775664394557141179e+01 2.398305448294535577e+08 3.671118973189937565e+24 0.000000000000000000e+00
5.054768095321655273e+06 -6.575883596083035343e+01 2.650398228886193931e+08 3.657959856833585457e+24 0.000000000000000000e+00
1.643539069320678711e+06 -5.197442373818152817e+01 6.121500830535106659e+08 3.657959856833585457e+24 0.000000000000000000e+00
6.550894311630249023e+06 -7.639557296007336618e+01 4.261700514647245407e+08 3.657959856833585457e+24 0.000000000000000000e+00
5.236328519882202148e+06 -5.299182422036439277e+01 2.772759904069736004e+08 3.657959856833585457e+24 0.000000000000000000e+00
-6.374065964248657227e+06 -6.313133678951564320e+01 3.841857831704369783e+08 3.657959856833585457e+24 0.000000000000000000e+00
-3.018759248352050781e+04 -5.157434217809976218e+01 1.801088604506886303e+08 3.644896233821957886e+24 0.000000000000000000e+00
-1.273906005401611328e+06 -6.564030550168956779e+01 2.707576074549373984e+08 3.631924103224921663e+24 0.000000000000000000e+00
8.250390954589843750e+05 -7.092865873833342505e+01 6.334508454182708263e+08 3.619044052929177295e+24 0.000000000000000000e+00
3.879964972412109375e+06 -6.175243820126990357e+01 2.047997776253987551e+08 3.619044052929177295e+24 0.000000000000000000e+00
6.488023603271484375e+06 -6.406174302081653593e+01 4.192198044342857003e+08 3.619044052929177295e+24 0.000000000000000000e+00
1.555993243896484375e+06 -5.767995941598372411e+01 2.255199870747012496e+08 3.619044052929177295e+24 0.000000000000000000e+00
7.201474584960937500e+04 -5.395220621488321200e+01 2.465688300221314132e+08 3.619044052929177295e+24 0.000000000000000000e+00
1.590934218505859375e+06 -6.031856470649285740e+01 2.377013643280920684e+08 3.619044052929177295e+24 0.000000000000000000e+00
2.026960732177734375e+06 -5.526756891671295335e+01 2.295875405677041411e+08 3.619044052929177295e+24 0.000000000000000000e+00
-3.499718850097656250e+05 -6.501731127130709353e+01 2.483666479635833502e+08 3.619044052929177295e+24 0.000000000000000000e+00
6.056302307739257812e+05 -4.524742570446787227e+01 2.127202069904272854e+08 3.606254978699642299e+24 0.000000000000000000e+00
-5.346055375183105469e+06 -6.056834634338362378e+01 3.609075920390470624e+08 3.606254978699642299e+24 0.000000000000000000e+00
1.505065473251342773e+06 -6.076384672861322400e+01 3.301726112310558558e+08 3.593556874859764699e+24 0.000000000000000000e+00
1.480199137313842773e+06 -5.120019477286811593e+01 3.024738626199261546e+08 3.593556874859764699e+24 0.000000000000000000e+00
2.261862973251342773e+06 -5.973822513980174165e+01 2.826801928858647943e+08 3.593556874859764699e+24 0.000000000000000000e+00
-3.319824643936157227e+06 -8.538065715534470712e+01 2.817838973119803071e+08 3.593556874859764699e+24 0.000000000000000000e+00
-3.843846704696655273e+06 -6.647238712223953883e+01 1.724552034398871064e+08 3.580947168231133150e+24 0.000000000000000000e+00
4.252627429885864258e+06 -5.390220241458710149e+01 2.866632164914328456e+08 3.568425882793059555e+24 0.000000000000000000e+00
-2.030053031051635742e+06 -6.176477740285450579e+01 1.665182601995821893e+08 3.568425882793059555e+24 0.000000000000000000e+00
1.610351832214355469e+06 -5.477097386836395287e+01 2.745795526581433415e+08 3.555991562548492024e+24 0.000000000000000000e+00
-6.885712771606445312e+05 -5.149217506724259152e+01 2.467208211442675889e+08 3.555991562548492024e+24 0.000000000000000000e+00
1.939500792083740234e+05 -7.178731214370114344e+01 2.640178084916612506e+08 3.543643482356954090e+24 0.000000000000000000e+00
3.757366680755615234e+05 -5.108941330999170560e+01 2.198120483428204656e+08 3.543643482356954090e+24 0.000000000000000000e+00
-4.466268991104125977e+06 -5.596809156340863467e+01 1.757144527582303286e+08 3.543643482356954090e+24 0.000000000000000000e+00
-1.465616199600219727e+06 -5.136864627894947688e+01 1.291360116954357922e+08 3.531381577986799135e+24 0.000000000000000000e+00
3.243571039077758789e+06 -5.944623704213454118e+01 1.560349822445853353e+08 3.519203527112738961e+24 0.000000000000000000e+00
-1.424538874984741211e+06 -6.983592341465291042e+01 2.225891247914580703e+08 3.519203527112738961e+24 0.000000000000000000e+00
2.399139283737182617e+06 -4.905828202240496694e+01 3.874851987679523230e+08 3.507109228440214011e+24 0.000000000000000000e+00
4.131005277877807617e+06 -5.628879481277122210e+01 2.324019634161170125e+08 3.507109228440214011e+24 0.000000000000000000e+00
7.731485035690307617e+06 -6.003705588785593505e+01 3.318240745011665225e+08 3.507109228440214011e+24 0.000000000000000000e+00
3.600273295593261719e+04 -5.140417426990523353e+01 2.314125715430439413e+08 3.507109228440214011e+24 0.000000000000000000e+00
2.958902778778076172e+05 -7.582031792152801586e+01 3.285847471664839387e+08 3.507109228440214011e+24 0.000000000000000000e+00
3.873016264343261719e+04 -5.025904325775813675e+01 2.308977902688599527e+08 3.507109228440214011e+24 0.000000000000000000e+00
-1.064790185012817383e+06 -6.529050958299816898e+01 1.723317430046789646e+08 3.507109228440214011e+24 0.000000000000000000e+00
3.944201087707519531e+06 -6.041073111650340621e+01 3.267676910300464630e+08 3.495097773580450022e+24 0.000000000000000000e+00
-3.196835509643554688e+05 -5.667168199498026127e+01 2.095212925619665682e+08 3.495097773580450022e+24 0.000000000000000000e+00
2.698093161865234375e+06 -4.900530110961637575e+01 4.994174304558520317e+08 3.483168261262179788e+24 0.000000000000000000e+00
3.248048740478515625e+06 -6.527698813375573650e+01 2.201419253486279547e+08 3.483168261262179788e+24 0.000000000000000000e+00
2.102148327636718750e+05 -7.250460025387420160e+01 2.541778283637062907e+08 3.483168261262179788e+24 0.000000000000000000e+00
2.162573537353515625e+06 -5.640249635087162261e+01 2.533523371461139321e+08 3.483168261262179788e+24 0.000000000000000000e+00
3.670033985107421875e+06 -6.478271211994365331e+01 2.348175448106923401e+08 3.483168261262179788e+24 0.000000000000000000e+00
-9.879392170410156250e+05 -6.458415651750060249e+01 2.356459405505725145e+08 3.483168261262179788e+24 0.000000000000000000e+00
1.379141318634033203e+06 -6.325614673617090489e+01 3.650321671440481544e+08 3.471319961927937916e+24 0.000000000000000000e+00
4.958597196563720703e+06 -7.006060551614397980e+01 4.418900227988212109e+08 3.471319961927937916e+24 0.000000000000000000e+00
3.198834337188720703e+06 -6.863772623523857419e+01 3.626854226617541909e+08 3.471319961927937916e+24 0.000000000000000000e+00
-9.923511003112792969e+05 -6.703810844272418024e+01 2.571771276351065338e+08 3.471319961927937916e+24 0.000000000000000000e+00
-5.357377042541503906e+05 -6.431561557400041806e+01 3.498052034854999781e+08 3.459551947987643326e+24 0.000000000000000000e+00
3.729251785476684570e+06 -5.507169188457244502e+01 2.853151229749714136e+08 3.447863439035646234e+24 0.000000000000000000e+00
-6.337661247253417969e+04 -6.006523877334160488e+01 2.445414786108200252e+08 3.447863439035646234e+24 0.000000000000000000e+00
-1.331616831298828125e+06 -4.638203400133858878e+01 1.520437556976203620e+08 3.436253637471839281e+24 0.000000000000000000e+00
-2.137938367141723633e+06 -5.649120189956039439e+01 1.590237399346201718e+08 3.424721752588860086e+24 0.000000000000000000e+00
2.341117166275024414e+06 -4.726539031559936888e+01 2.651229558831213117e+08 3.413267125400742639e+24 0.000000000000000000e+00
-4.364185993499755859e+05 -5.510465559379438361e+01 1.675149474004390836e+08 3.413267125400742639e+24 0.000000000000000000e+00
-6.272498244842529297e+06 -6.820766286099245690e+01 3.215264334187351465e+08 3.401888760010243299e+24 0.000000000000000000e+00
