-1.037649813309783866e+02 -1.040771868458944311e+02 1.299534927729600609e-01 2.008029700544185107e+04 0.000000000000000000e+00
-1.052628981381716216e+02 -1.052695762994338935e+02 2.645877587349934612e-01 1.756500751067188976e+05 0.000000000000000000e+00
-8.328302698586514907e+01 2.405190448922941875e+14 4.642625776283011163e+01 2.155397409860743210e+03 0.000000000000000000e+00
-2.572285914742382812e+10 -4.473808535096720362e+01 1.590429623490315552e+11 5.511655119323812444e+27 0.000000000000000000e+00
-1.377813330953515625e+10 -4.819908900835122267e+01 1.882241764438408813e+11 2.082114214595359285e+27 0.000000000000000000e+00
-6.267071315171875000e+09 -6.654880778614395354e+01 1.503652388462900391e+11 2.010288815044704981e+27 0.000000000000000000e+00
-1.958857846349609375e+10 -4.574628955487527548e+01 1.236780723861941681e+11 4.950352575522208245e+27 0.000000000000000000e+00
-4.884128122375000000e+09 -4.682543643044661508e+01 8.721031783299195862e+10 1.880594214656953100e+27 0.000000000000000000e+00
-4.664530068183593750e+09 -3.930969927213177328e+01 1.029475697247317810e+11 1.821825415359925161e+27 0.000000000000000000e+00
-6.706414883476562500e+09 -4.248658120980950059e+01 9.140501480307778931e+10 1.766649909659839951e+27 0.000000000000000000e+00
-2.529891467863281250e+09 -5.437098844080874471e+01 4.397605904835322571e+10 1.714733276027571908e+27 0.000000000000000000e+00
-9.930667504945312500e+09 -6.075450611549866409e+01 5.637341732931896973e+10 4.234766606061676559e+27 0.000000000000000000e+00
-2.444976665286132812e+09 -7.127181344045207823e+01 4.843844303263569641e+10 1.619472894661669853e+27 0.000000000000000000e+00
-1.109551836782226562e+09 -5.924105899193872915e+01 2.731220649857139969e+10 1.575721435054188851e+27 0.000000000000000000e+00
-4.812841110172851562e+09 -3.934280515142062740e+01 9.024512302316096497e+10 1.534210235929815314e+27 0.000000000000000000e+00
-4.475034335862304688e+09 -5.164752458224554488e+01 3.555444480052430725e+10 3.796323950499802327e+27 0.000000000000000000e+00
-1.100242260266601562e+09 -6.646216671930226028e+01 2.511242627332742691e+10 1.457415683607328696e+27 0.000000000000000000e+00
-4.406805555120117188e+09 -5.238674250623117956e+01 4.937453778880371857e+10 3.608947082791200771e+27 0.000000000000000000e+00
-1.355482174046875000e+09 -5.824270017273318700e+01 1.929753380333527374e+10 1.387959743251552184e+27 0.000000000000000000e+00
-1.858715479748046875e+09 -5.251491698975522127e+01 2.532956704054659653e+10 1.355708365865775365e+27 0.000000000000000000e+00
-1.060833160940429688e+09 -4.267501734700633875e+01 2.791443415138880920e+10 1.324944004000315903e+27 0.000000000000000000e+00
-1.090730142672851562e+09 -6.545567175030696205e+01 1.665650637821720695e+10 1.295485730215981761e+27 0.000000000000000000e+00
-8.837957019687500000e+08 -3.791470570928139239e+01 1.861248227533054733e+10 1.267357995277155241e+27 0.000000000000000000e+00
-6.262329625869140625e+08 -4.834428070411337330e+01 1.665923263098904800e+10 1.240356977875470125e+27 0.000000000000000000e+00
-5.749175624970703125e+08 -4.552152326257967019e+01 1.520434064507259178e+10 1.214506129948152158e+27 0.000000000000000000e+00
-9.350186039980468750e+08 -4.302530426779773620e+01 2.288635915695137024e+10 1.189710527578999345e+27 0.000000000000000000e+00
-4.626760732031250000e+08 -6.163952907067212550e+01 1.004423318218357849e+10 1.165909898845887631e+27 0.000000000000000000e+00
-5.104230341513671875e+08 -4.877104962546516020e+01 1.211674723754384232e+10 1.143055189697313576e+27 0.000000000000000000e+00
-2.519432515712890625e+09 -6.148777439939913592e+01 2.098472033432480240e+10 2.836525216191933660e+27 0.000000000000000000e+00
-4.422849463623046875e+08 -4.243831290394624745e+01 1.501824061832203865e+10 1.099869636151584021e+27 0.000000000000000000e+00
-4.594901608398437500e+08 -6.123713295006465529e+01 9.319529963777347565e+09 1.079494059619113640e+27 0.000000000000000000e+00
-2.680753042324218750e+08 -5.481402612893774062e+01 9.753635933751861572e+09 1.059862901475891375e+27 0.000000000000000000e+00
-3.785512138652343750e+08 -5.855144725440512588e+01 7.529362017364107132e+09 1.040924357544331691e+27 0.000000000000000000e+00
-5.099426899975585938e+08 -6.159142678093574830e+01 8.358036889280475616e+09 2.585174773324045917e+27 0.000000000000000000e+00
-3.034785295068359375e+08 -6.860421605837792924e+01 7.034801205427043915e+09 1.005012717467737799e+27 0.000000000000000000e+00
-1.935144048457031250e+08 -5.229969538068758084e+01 6.820990082348947525e+09 9.879705237193029110e+26 0.000000000000000000e+00
-3.797916782011718750e+08 -4.257990200396717029e+01 1.113841851101461220e+10 9.714908397866615740e+26 0.000000000000000000e+00
-2.828142434995117188e+08 -5.108690705628242767e+01 5.842866572123253822e+09 9.555571745725103756e+26 0.000000000000000000e+00
-2.460890789233398438e+08 -5.793064241913921819e+01 5.076138262718225479e+09 9.401369153230491231e+26 0.000000000000000000e+00
-2.491213213950195312e+08 -5.236869465035557880e+01 7.666466241580499649e+09 9.252064035257247143e+26 0.000000000000000000e+00
-1.882741606328125000e+08 -4.976955863237480315e+01 6.348526889244809151e+09 9.107415290733893234e+26 0.000000000000000000e+00
-3.053103748134765625e+08 -4.438713490107751625e+01 6.184256601984720230e+09 8.967196870106249332e+26 0.000000000000000000e+00
-1.657513983720703125e+08 -4.538775220887232109e+01 9.189799104406024933e+09 8.831255428143920603e+26 0.000000000000000000e+00
-2.211581506601562500e+08 -5.299822869090914423e+01 9.672609610042476654e+09 8.699352167517947483e+26 0.000000000000000000e+00
-1.486617471650390625e+08 -5.560687896956663678e+01 7.531508223392941475e+09 8.571356274819501887e+26 0.000000000000000000e+00
-1.354678175869140625e+08 -4.880080355417940297e+01 7.631332598799842834e+09 8.447041259003556618e+26 0.000000000000000000e+00
-1.038404887495117188e+08 -5.559169861775214372e+01 5.061533019344011307e+09 8.326291050271830589e+26 0.000000000000000000e+00
-1.741488006796875000e+08 -4.507654467997365799e+01 4.889373627736038208e+09 8.208937743926929943e+26 0.000000000000000000e+00
-5.321576873994140625e+08 -6.431373253358331965e+01 1.271835325430731392e+10 8.094837239932354170e+26 0.000000000000000000e+00
-1.298742110307617188e+08 -5.782283752226814499e+01 5.256722475969181061e+09 7.983998286514675662e+26 0.000000000000000000e+00
-1.910374793515625000e+08 -5.644867392338105816e+01 6.738288558448315620e+09 7.876043816349013100e+26 0.000000000000000000e+00
-1.122367597563476562e+08 -5.064283799314162593e+01 4.622945364774275780e+09 7.770968706298592388e+26 0.000000000000000000e+00
-1.441176403081054688e+08 -5.821477173763413759e+01 4.996405614795056343e+09 7.668643472488512513e+26 0.000000000000000000e+00
-2.462756614453125000e+08 -6.364540058407003187e+01 6.460080018856720924e+09 7.568992440321130590e+26 0.000000000000000000e+00
-8.388524620131835938e+08 -5.008744783548642943e+01 8.551180020422041893e+09 1.882854857258763526e+27 0.000000000000000000e+00
-1.191635696982421875e+08 -6.071822509376633548e+01 6.728780421531144142e+09 7.377273007894984837e+26 0.000000000000000000e+00
-9.194425729345703125e+07 -4.753106066523797324e+01 5.216046498796266556e+09 7.285001201219930866e+26 0.000000000000000000e+00
-1.468466261665039062e+08 -4.178097751791869996e+01 8.129096259296497345e+09 7.194999953363846057e+26 0.000000000000000000e+00
-1.179444849965820312e+08 -4.389452195994487482e+01 5.719989920966701508e+09 7.107200489764802708e+26 0.000000000000000000e+00
-1.247601617622070312e+08 -5.383065962928984760e+01 5.871537974775497437e+09 7.021515451814931668e+26 0.000000000000000000e+00
-1.312472227163085938e+08 -5.900618861172662832e+01 3.371091480908202171e+09 6.937886251315674851e+26 0.000000000000000000e+00
-1.006505596352539062e+08 -4.894148861990075972e+01 4.304458673572449684e+09 6.856216890321082377e+26 0.000000000000000000e+00
-1.009144209575195312e+08 -4.848867148731835641e+01 3.706424504964884281e+09 6.776436474125670466e+26 0.000000000000000000e+00
-9.000698951513671875e+07 -4.362957850430309037e+01 4.829764636220989227e+09 6.698493330334941230e+26 0.000000000000000000e+00
-7.450216996289062500e+07 -4.906248407721432869e+01 3.170780380819844723e+09 6.622322473510792571e+26 0.000000000000000000e+00
-1.291817172265625000e+08 -5.364266457151905598e+01 4.873421680516567230e+09 6.547862311448737700e+26 0.000000000000000000e+00
2.228831168945312500e+06 -5.900817578106534000e+01 4.647080940500376701e+09 6.475070688055214159e+26 0.000000000000000000e+00
-1.359223222060546875e+08 -3.867321392301595040e+01 6.209184915505355835e+09 6.475070688055214159e+26 0.000000000000000000e+00
-2.297731565893554688e+08 -7.615141638071816033e+01 6.332674708849198341e+09 6.403881079957212396e+26 0.000000000000000000e+00
-1.071976311420898438e+08 -6.403840226237730349e+01 5.745027998822352409e+09 6.334262084069184664e+26 0.000000000000000000e+00
-6.473361432031250000e+07 -3.913069578798174319e+01 5.023232640454165459e+09 6.266110095030402839e+26 0.000000000000000000e+00
1.940433296728515625e+07 -5.393472912238315331e+01 5.987200568556017876e+09 6.199405540958762715e+26 0.000000000000000000e+00
-5.714317672021484375e+07 -5.555665044658268670e+01 4.510726997429181099e+09 6.199405540958762715e+26 0.000000000000000000e+00
-5.833034595361328125e+07 -4.699995743907336276e+01 4.035510334913871765e+09 6.134109886396384023e+26 0.000000000000000000e+00
3.249626758984375000e+07 -4.295353690457918105e+01 5.277719055562688828e+09 6.070173679921882913e+26 0.000000000000000000e+00
-9.606127972265625000e+07 -5.389566257781757486e+01 3.992323944879929066e+09 6.070173679921882913e+26 0.000000000000000000e+00
-5.472011572998046875e+07 -5.620132316068139033e+01 4.315206014771933556e+09 6.007560772838215401e+26 0.000000000000000000e+00
1.682407465576171875e+07 -4.793230960007697661e+01 4.648695625793307304e+09 5.946222418507276612e+26 0.000000000000000000e+00
-1.087989490673828125e+07 -6.668641275411911806e+01 8.822167773811080933e+09 5.946222418507276612e+26 0.000000000000000000e+00
-1.990727991894531250e+07 -3.288735309453221589e+01 1.786973924355885696e+10 5.886121479170940625e+26 0.000000000000000000e+00
-7.789434028417968750e+07 -5.221345287188671591e+01 4.292424386104449749e+09 5.827224643224051505e+26 0.000000000000000000e+00
-9.446563178027343750e+07 -5.959684332965368014e+01 3.765910304271728992e+09 5.769499407472954165e+26 0.000000000000000000e+00
-1.077549074233398438e+08 -4.596713976001136359e+01 5.778133751630642891e+09 5.712901435908795811e+26 0.000000000000000000e+00
-2.630283713491210938e+08 -6.849386238369932300e+01 4.857394687325699806e+09 5.657412778556489946e+26 0.000000000000000000e+00
-7.290360555908203125e+07 -3.239852084044306935e+01 7.670957527692958832e+09 5.603021831894842957e+26 0.000000000000000000e+00
-1.177738088559570312e+08 -6.742546163443208229e+01 4.144071932418200493e+09 5.549631030751208540e+26 0.000000000000000000e+00
-1.992157055605468750e+08 -6.089975600895590446e+01 1.070110025135010338e+10 5.497251927595096158e+26 0.000000000000000000e+00
3.415909152929687500e+07 -5.477632259932231307e+01 6.615973050840557098e+09 5.445865013429691660e+26 0.000000000000000000e+00
-1.673976057207031250e+08 -6.346647999415708341e+01 3.311089314675306797e+09 5.445865013429691660e+26 0.000000000000000000e+00
-6.745106680908203125e+07 -5.894076627133393487e+01 5.129516486867172241e+09 5.395429944119445414e+26 0.000000000000000000e+00
-9.209787911376953125e+07 -4.905388817508435295e+01 3.974207967237277508e+09 5.345901890635061789e+26 0.000000000000000000e+00
-1.082643712968750000e+08 -6.173831365111173852e+01 4.574112615883820534e+09 5.297282610668774321e+26 0.000000000000000000e+00
-2.851681845312500000e+07 -4.965831628240361795e+01 3.938191534318487644e+09 5.249540421471488840e+26 0.000000000000000000e+00
-6.906680669824218750e+07 -3.801161028276657561e+01 4.430787258434060097e+09 5.202642893925604379e+26 0.000000000000000000e+00
-2.997923012695312500e+05 -4.421449476834688852e+01 3.889690807790424347e+09 5.156578239385641778e+26 0.000000000000000000e+00
-1.180736054248046875e+07 -6.314148492752453024e+01 5.777272689756271362e+09 5.111319433178908925e+26 0.000000000000000000e+00
-6.262835223388671875e+07 -3.507690776132334065e+01 7.062217343001824379e+09 5.066848284692566486e+26 0.000000000000000000e+00
-9.178244839355468750e+07 -6.148139318915201557e+01 4.716477942242451668e+09 5.023147549044680241e+26 0.000000000000000000e+00
-8.214901469531250000e+07 -5.303304790410315661e+01 3.912910508566953659e+09 4.980194829391944320e+26 0.000000000000000000e+00
1.873724925781250000e+06 -6.394557571156401821e+01 4.080578534332421780e+09 4.937971427700075952e+26 0.000000000000000000e+00
-7.333217824218750000e+06 -4.706419520660043787e+01 4.977317507987997055e+09 4.937971427700075952e+26 0.000000000000000000e+00
-8.949893352001953125e+07 -5.570781698410443994e+01 3.576938410629552364e+09 4.896453283449568572e+26 0.000000000000000000e+00
2.358021834057617188e+07 -6.887484178803435952e+01 7.604339608800005913e+09 4.855634050945746884e+26 0.000000000000000000e+00
2.108894771557617188e+07 -5.349009037981485903e+01 4.545642030562730789e+09 4.855634050945746884e+26 0.000000000000000000e+00
-7.298189103442382812e+07 -4.458919011709249247e+01 3.885884812464492798e+09 4.855634050945746884e+26 0.000000000000000000e+00
-9.556470315014648438e+07 -5.883880555647846933e+01 3.378723570373405933e+09 4.815486203813631107e+26 0.000000000000000000e+00
-4.605763939575195312e+07 -5.000780908613541698e+01 4.157273807889718533e+09 4.775999492702034861e+26 0.000000000000000000e+00
-5.617677165478515625e+07 -5.983620929829925217e+01 2.689075339186230659e+09 4.737151659096279018e+26 0.000000000000000000e+00
1.646586945141601562e+07 -4.098967978954792812e+01 5.116414792142765045e+09 4.698930108300405432e+26 0.000000000000000000e+00
-5.589059479858398438e+07 -6.027972947415197780e+01 2.895873651195540905e+09 4.698930108300405432e+26 0.000000000000000000e+00
-5.643167928027343750e+07 -5.769202351070923385e+01 2.424535989349902630e+09 4.661319457765950403e+26 0.000000000000000000e+00
3.145524867749023438e+07 -5.413495108880636764e+01 3.841695384781140327e+09 4.624306982598204607e+26 0.000000000000000000e+00
1.334481167749023438e+07 -5.872708021852118776e+01 3.571690402794887543e+09 4.624306982598204607e+26 0.000000000000000000e+00
5.690668211499023438e+07 -5.019190552588759857e+01 7.205866274102797508e+09 4.624306982598204607e+26 0.000000000000000000e+00
-2.726611357250976562e+07 -5.124618399338832830e+01 4.159019837001862526e+09 4.624306982598204607e+26 0.000000000000000000e+00
-8.196639127270507812e+07 -5.732992870219347026e+01 2.898376078888916016e+09 4.587876526271824101e+26 0.000000000000000000e+00
1.316706605981445312e+07 -6.628357382352204752e+01 4.417351937177989960e+09 4.552018309042431144e+26 0.000000000000000000e+00
-2.256828494018554688e+07 -4.919837086162490891e+01 3.946286398192150593e+09 4.552018309042431144e+26 0.000000000000000000e+00
-1.364039443627929688e+08 -6.803177878193268668e+01 4.657994626780482292e+09 4.516713687705863086e+26 0.000000000000000000e+00
7.965594669311523438e+07 -5.095767494423754584e+01 3.759858220535382271e+09 4.481963931128610711e+26 0.000000000000000000e+00
-1.159544238068847656e+08 -7.056260073680148537e+01 5.703306204839998245e+09 4.481963931128610711e+26 0.000000000000000000e+00
-9.409361520996093750e+07 -7.877948468077316591e+01 6.477621417341150284e+09 4.447741672691957489e+26 0.000000000000000000e+00
9.485789770703125000e+07 -4.568865820315148341e+01 4.521559438479550362e+09 4.414033322200712857e+26 0.000000000000000000e+00
-6.471979510546875000e+07 -5.427113105808902560e+01 2.877299223514059067e+09 4.414033322200712857e+26 0.000000000000000000e+00
5.426671574951171875e+06 -5.014106182924740551e+01 4.319786888383122444e+09 4.380830245126215252e+26 0.000000000000000000e+00
2.663175138745117188e+07 -4.239622327361284704e+01 3.996535961804196835e+09 4.380830245126215252e+26 0.000000000000000000e+00
-7.607171750488281250e+05 -4.990843078667247568e+01 3.401183637269224167e+09 4.380830245126215252e+26 0.000000000000000000e+00
-6.775186443261718750e+07 -5.514970014785947683e+01 4.377850220311589241e+09 4.348121187608026374e+26 0.000000000000000000e+00
-1.351767334123535156e+08 -6.022179413156113981e+01 2.768726276888354301e+09 4.315900200884963141e+26 0.000000000000000000e+00
2.789892115722656250e+06 -5.331915317747183991e+01 2.945518432369100094e+09 4.284160503681370675e+26 0.000000000000000000e+00
-1.396591781342773438e+08 -4.495568661945938516e+01 2.888170696738782406e+09 4.284160503681370675e+26 0.000000000000000000e+00
1.077254915942382812e+07 -5.081670959524873865e+01 3.630273623246278286e+09 4.252885856513301916e+26 0.000000000000000000e+00
2.777848365942382812e+07 -5.254442434789277883e+01 3.422297382921296120e+09 4.252885856513301916e+26 0.000000000000000000e+00
-1.435825934057617188e+07 -4.123457111004366737e+01 3.785172248515071392e+09 4.252885856513301916e+26 0.000000000000000000e+00
3.688711406005859375e+06 -5.592687145835743934e+01 4.561115255476628304e+09 4.222052908814689960e+26 0.000000000000000000e+00
-2.198815498461914062e+07 -5.564057909670252400e+01 2.346214309867978096e+09 4.222052908814689960e+26 0.000000000000000000e+00
1.635923477709960938e+07 -4.072479801291205348e+01 4.516150847499576569e+09 4.191663950622529733e+26 0.000000000000000000e+00
-6.798869212915039062e+07 -5.311977934068154639e+01 3.430661155010852814e+09 4.191663950622529733e+26 0.000000000000000000e+00
-3.105207239038085938e+07 -4.500140484787434048e+01 2.513855097353883743e+09 4.161711200711351390e+26 0.000000000000000000e+00
-1.390914652316894531e+08 -8.049337427480659812e+01 5.433675339151603699e+09 4.132181403018573287e+26 0.000000000000000000e+00
-1.872242478417968750e+07 -4.671963093587068983e+01 3.421964137420460701e+09 4.103072797215119286e+26 0.000000000000000000e+00
-4.598274719824218750e+07 -5.068369187132521603e+01 3.734905767982562065e+09 4.074366382872873848e+26 0.000000000000000000e+00
-8.911228514794921875e+07 -6.466590689693657623e+01 3.879599172990901947e+09 4.046060123611661238e+26 0.000000000000000000e+00
-1.479933594296875000e+08 -6.110688674632029915e+01 4.726829242722269058e+09 4.018146763597909519e+26 0.000000000000000000e+00
-4.038988711523437500e+07 -5.682493306126976051e+01 3.000526318048039436e+09 3.990625377169635466e+26 0.000000000000000000e+00
-1.029575215688476562e+08 -5.520833367175399076e+01 4.089404085989465714e+09 3.963466659504612055e+26 0.000000000000000000e+00
-4.930542302465820312e+07 -5.157497753792743111e+01 3.962621262957510948e+09 3.936679499402438521e+26 0.000000000000000000e+00
-4.648812193310546875e+07 -5.461238748531490472e+01 3.315298543832520008e+09 3.910249198257582649e+26 0.000000000000000000e+00
3.709491783203125000e+06 -4.194240184189449394e+01 5.866955566683982849e+09 3.884170394564936307e+26 0.000000000000000000e+00
5.471647009570312500e+07 -6.011986908341305735e+01 8.814771282926227570e+09 3.884170394564936307e+26 0.000000000000000000e+00
-1.055377871679687500e+07 -6.130377674475768401e+01 6.550364586814557076e+09 3.884170394564936307e+26 0.000000000000000000e+00
-5.683516213500976562e+07 -3.796505421567421479e+01 7.965936158815500259e+09 3.858435968044864547e+26 0.000000000000000000e+00
2.398741568774414062e+07 -4.564834896819169785e+01 2.774141072744194508e+09 3.833042645022598628e+26 0.000000000000000000e+00
-4.600717943725585938e+07 -5.476641714077219092e+01 2.055442050775548458e+09 3.833042645022598628e+26 0.000000000000000000e+00
1.032219440307617188e+07 -5.517496194797959674e+01 3.569356606070259094e+09 3.807979987466566326e+26 0.000000000000000000e+00
-4.288715047192382812e+07 -6.727261439498698792e+01 3.986977205802539349e+09 3.807979987466566326e+26 0.000000000000000000e+00
5.473110130151367188e+07 -6.239433654878209268e+01 3.222678613154156685e+09 3.783242504366299532e+26 0.000000000000000000e+00
-5.638321073486328125e+06 -5.052533957862626579e+01 3.214706243085832596e+09 3.783242504366299532e+26 0.000000000000000000e+00
2.332774362622070312e+07 -4.833836721571110928e+01 4.871507903925696373e+09 3.758823708647315708e+26 0.000000000000000000e+00
6.042706305908203125e+06 -4.683860964517572967e+01 2.693755875221689701e+09 3.758823708647315708e+26 0.000000000000000000e+00
-4.418670354565429688e+07 -2.646720376977043188e+01 9.841589397165576935e+09 3.758823708647315708e+26 0.000000000000000000e+00
1.478375569921875000e+07 -4.552354904643961220e+01 2.994016465083155155e+09 3.734719535298178098e+26 0.000000000000000000e+00
7.513031444921875000e+07 -5.451114395633167220e+01 7.583513127417653084e+09 3.734719535298178098e+26 0.000000000000000000e+00
2.767099526171875000e+07 -6.734877298284956737e+01 3.392857327325580120e+09 3.734719535298178098e+26 0.000000000000000000e+00
-4.312783842578125000e+07 -5.394473027408049859e+01 3.495809354825088501e+09 3.734719535298178098e+26 0.000000000000000000e+00
9.364563896240234375e+06 -3.836781754451619264e+01 4.017902678572296619e+09 3.710922415204980289e+26 0.000000000000000000e+00
1.626387708374023438e+07 -5.246917826023867093e+01 5.290729248608506203e+09 3.710922415204980289e+26 0.000000000000000000e+00
-1.649567079125976562e+07 -6.113503362565409560e+01 2.529028904718294621e+09 3.710922415204980289e+26 0.000000000000000000e+00
-2.219167285913085938e+07 -5.009343111646347069e+01 3.737262433333936214e+09 3.687425535149335965e+26 0.000000000000000000e+00
3.394531868139648438e+07 -4.688233326101947540e+01 4.090515487307895660e+09 3.664224426301214201e+26 0.000000000000000000e+00
1.666434515014648438e+07 -5.182643754083493803e+01 3.783466664993710995e+09 3.664224426301214201e+26 0.000000000000000000e+00
-5.834672297485351562e+07 -6.942246021921444310e+01 4.885981408614262581e+09 3.664224426301214201e+26 0.000000000000000000e+00
6.902905591894531250e+07 -5.462075871323393272e+01 5.062929353623830795e+09 3.641313781304563374e+26 0.000000000000000000e+00
6.203850041894531250e+07 -6.373296611363488751e+01 3.700056268735820293e+09 3.641313781304563374e+26 0.000000000000000000e+00
-8.068415133105468750e+07 -5.557206771498325537e+01 4.830612536546933174e+09 3.641313781304563374e+26 0.000000000000000000e+00
1.071627184396972656e+08 -5.721349651780243306e+01 3.936718875164329529e+09 3.618689656200252376e+26 0.000000000000000000e+00
5.160255243969726562e+07 -5.642118424070935134e+01 4.444855725135186195e+09 3.618689656200252376e+26 0.000000000000000000e+00
-9.519760656030273438e+07 -6.448038751291309723e+01 4.131763713345703602e+09 3.618689656200252376e+26 0.000000000000000000e+00
1.221306507226562500e+07 -6.523467728580527591e+01 3.543519742834137440e+09 3.596348135158706491e+26 0.000000000000000000e+00
3.001286982226562500e+07 -5.494173741889603235e+01 3.026836196461020947e+09 3.596348135158706491e+26 0.000000000000000000e+00
-1.073000290037109375e+09 1.050177356778009425e+02 2.784023220590993652e+11 3.570813173626204328e+26 0.000000000000000000e+00
-1.339481188448217773e+11 4.446952394823934469e+02 1.219397395381274658e+12 3.585969518795012912e+26 0.000000000000000000e+00
-3.813324224697705078e+10 1.501052587185601794e+02 1.300497877340364746e+12 3.527269990477040087e+26 0.000000000000000000e+00
-1.616326044799218750e+10 7.034765346555120686e+02 1.271246912761802979e+12 3.505894200947842161e+26 0.000000000000000000e+00
-1.560260058048583984e+09 -3.366248174898758094e+01 2.465169077440575256e+11 3.484775922145137833e+26 0.000000000000000000e+00
-8.784055123811035156e+08 -3.728219254935702054e+01 8.165278580689427185e+10 3.463910528818077043e+26 0.000000000000000000e+00
-1.322958441396154785e+11 3.575049511559133180e+02 5.409129116346200562e+10 9.895850898627000249e+26 0.000000000000000000e+00
-1.892965043944660645e+11 7.881575494517230709e+02 6.853852832210764160e+11 3.463343770916512109e+26 0.000000000000000000e+00
-5.496868949537207031e+10 2.584182232993363186e+02 1.339547705419665527e+11 3.444634971060130989e+26 0.000000000000000000e+00
-1.377910445883544922e+09 -4.767281832376363582e+01 1.255524372191534042e+10 3.427986573710117062e+26 0.000000000000000000e+00
-4.586773578116894531e+10 2.521204744480697002e+02 2.223326314931741943e+11 3.408273892568358258e+26 0.000000000000000000e+00
-1.796595188434521484e+10 4.032854488629489538e+02 1.255933950020412354e+12 3.343783222092025857e+26 0.000000000000000000e+00
-8.559539215588378906e+08 -4.893830116448458512e+01 1.033854220462779083e+11 3.324567372584438921e+26 0.000000000000000000e+00
-6.519299100706298828e+09 2.277269512704362171e+02 3.866428059977942657e+10 3.352082198372173790e+26 0.000000000000000000e+00
-1.335074921146899414e+10 2.801450830438291177e+02 5.898540840307037354e+11 3.286790693795845888e+26 0.000000000000000000e+00
-2.594961114812744141e+09 -7.823745820510191962e+00 1.014047625590015411e+10 3.314744568641577986e+26 0.000000000000000000e+00
-8.769831678138671875e+09 1.883347499479274063e+02 4.598822667641000366e+11 3.249862845954720260e+26 0.000000000000000000e+00
-2.317152403349609375e+09 -3.884812444439807422e+01 1.587855339586852455e+10 3.278671648293319303e+26 0.000000000000000000e+00
-5.430312457962646484e+09 2.840584627828274051e+02 3.910012343637899780e+11 3.213755538351978089e+26 0.000000000000000000e+00
-1.200662520123291016e+09 -4.720159829360700598e+01 6.762087758426361084e+09 3.242813407513883989e+26 0.000000000000000000e+00
-9.284082230634765625e+08 -4.580194572628595751e+01 9.987554558197387695e+09 3.225331971469083735e+26 0.000000000000000000e+00
-5.244145481062011719e+08 -5.703186432748920964e+01 4.969647615955895424e+09 3.207828013582532979e+26 0.000000000000000000e+00
-4.928523612668457031e+08 -4.722020998185784890e+01 4.066791091301956177e+09 3.190471430008972960e+26 0.000000000000000000e+00
-6.186729068057373047e+09 -4.684532452075188758e+01 7.461639563602573395e+09 9.808094922699863233e+26 0.000000000000000000e+00
-4.574394398818359375e+08 -4.953959898629793912e+01 3.064280543146662235e+09 3.156258273620956731e+26 0.000000000000000000e+00
-1.622770138631835938e+09 2.733587383043710588e+02 4.115139378389034424e+11 3.093461659333548174e+26 0.000000000000000000e+00
-1.644219546083007812e+09 3.796160178959782883e+01 7.883784232260580063e+09 3.122753957519054348e+26 0.000000000000000000e+00
-5.642751321508544922e+09 1.579518638563565673e+02 2.675686565695708084e+10 3.106697666931989658e+26 0.000000000000000000e+00
-2.530556892363061523e+10 5.187736734628249451e+02 1.263279079772747070e+12 3.044620299583768682e+26 0.000000000000000000e+00
-3.951010736524902344e+09 3.002592270403797556e+02 3.741874746225416870e+11 3.028680769339047993e+26 0.000000000000000000e+00
-6.054919897145996094e+08 -5.920976345671941488e+01 6.451831994631605148e+09 3.059002347736200299e+26 0.000000000000000000e+00
-4.719823546555175781e+08 -4.891985710477674587e+01 4.347217000291577339e+09 3.043232429919461848e+26 0.000000000000000000e+00
-6.026933605107910156e+09 -5.451848270391045048e+01 8.383692102602625847e+09 9.402202767198538062e+26 0.000000000000000000e+00
-4.323963244328613281e+08 -4.230573658679141147e+01 3.952522507432982922e+09 3.012083209485339907e+26 0.000000000000000000e+00
-7.018969890939208984e+09 2.584436061555684887e+02 3.605521518834566498e+10 2.996771377505824143e+26 0.000000000000000000e+00
-3.577795878122558594e+08 -6.244648180977057450e+01 5.429449668094038010e+09 2.982091502963886311e+26 0.000000000000000000e+00
-6.086886695920410156e+08 -5.495146166547741018e+01 7.194926614272731781e+09 2.967061630231930395e+26 0.000000000000000000e+00
-4.982323321215820312e+08 -5.698219028398044372e+01 4.981878729551621437e+09 2.952223292585439500e+26 0.000000000000000000e+00
-7.614164515429687500e+08 -5.258851573762660792e+01 5.194779848756212234e+09 2.937527450647956231e+26 0.000000000000000000e+00
-7.367575024208984375e+08 -5.252198859486964011e+01 5.880479425627981186e+09 2.923059921211392669e+26 0.000000000000000000e+00
-2.338702777919921875e+08 -5.758295510123968342e+01 2.860363661843711853e+09 2.908709197254761164e+26 0.000000000000000000e+00
-4.334572112636718750e+08 -4.579144108743366104e+01 4.493740283740431786e+09 2.894396044214557500e+26 0.000000000000000000e+00
-6.851942610151367188e+08 -4.697656933302380367e+01 8.896898478811874390e+09 2.880256045270274706e+26 0.000000000000000000e+00
-3.138344603481445312e+08 -6.477848765015679078e+01 2.852030433599627495e+09 2.866262124885393234e+26 0.000000000000000000e+00
-5.806906507282714844e+08 -6.593537418627659008e+01 4.335151227622343063e+09 2.852378788188166367e+26 0.000000000000000000e+00
-2.960989125812988281e+08 -4.822411643144390325e+01 2.103135596654460907e+09 2.838689181644293093e+26 0.000000000000000000e+00
-4.734823008986083984e+09 3.106018404616588668e+02 4.374193053773289185e+11 2.781156494952113991e+26 0.000000000000000000e+00
-3.398974372277832031e+08 -5.022865424194262829e+01 4.584237195848215103e+09 2.811689393234772194e+26 0.000000000000000000e+00
-3.606911509443359375e+08 -6.763958868807557678e+01 3.087330610768501759e+09 2.798328197970828864e+26 0.000000000000000000e+00
-3.300408127872558594e+09 -5.393704028929422378e+01 6.405902879949552536e+09 8.708032108243386661e+26 0.000000000000000000e+00
-3.044053729501953125e+08 -4.333672094235156180e+01 5.253352880318329811e+09 2.771962330280778462e+26 0.000000000000000000e+00
-2.505801477666015625e+08 -5.971015047508233664e+01 2.735000605448096275e+09 2.758966969340638601e+26 0.000000000000000000e+00
-8.030705954127929688e+09 5.855617354607703646e+02 5.470436325520728760e+11 2.703183648801180138e+26 0.000000000000000000e+00
-5.419725956267089844e+08 1.170676809580708095e+02 5.862990076601335907e+10 2.690611254567400810e+26 0.000000000000000000e+00
-3.167153349335937500e+08 -5.858927605894473345e+01 3.244918460739230156e+09 2.720673473075858343e+26 0.000000000000000000e+00
-2.053834379343505859e+09 6.991073425061276225e+01 7.970558484153084755e+09 2.708166214015364819e+26 0.000000000000000000e+00
-3.997060096328125000e+09 3.704250337308169492e+02 4.280028202744053345e+11 2.653586085270380889e+26 0.000000000000000000e+00
-3.978371641379394531e+08 -5.759106933134626871e+01 2.544957130430933475e+09 2.684032207804018204e+26 0.000000000000000000e+00
-2.840324591680053711e+09 1.778874852182347865e+02 1.157060740674841118e+10 2.671886468508956986e+26 0.000000000000000000e+00
-4.464000121937866211e+09 4.057873784652926474e+02 5.617254141150406494e+11 2.617566060421964696e+26 0.000000000000000000e+00
-4.497182260091552734e+08 -4.340601020450537817e+01 5.252454779820626259e+09 2.648616432167627336e+26 0.000000000000000000e+00
-3.239339768116455078e+08 -4.539131019025108316e+01 4.016211150039416313e+09 2.636779203261053232e+26 0.000000000000000000e+00
-2.673886815854492188e+08 -4.432726095358729168e+01 4.074719882759196281e+09 2.625034976792050838e+26 0.000000000000000000e+00
-2.092320787363281250e+08 -4.499486037973958474e+01 2.780869727629332066e+09 2.613385371329905046e+26 0.000000000000000000e+00
-2.802786367962646484e+08 -4.928145188395715337e+01 5.275505489944198608e+09 2.601832817078603788e+26 0.000000000000000000e+00
-2.300842962641601562e+08 -5.508528896281541876e+01 2.423503607020171642e+09 2.590385369797483227e+26 0.000000000000000000e+00
-3.581187578161621094e+08 -4.413929815312492622e+01 5.226321160583872795e+09 2.579040056220859363e+26 0.000000000000000000e+00
-2.520829435325927734e+08 -4.189184413926494699e+01 3.044717962975837231e+09 2.567802244761468872e+26 0.000000000000000000e+00
-2.212657741883422852e+09 -4.861340133790653795e+01 3.590669314398750782e+09 8.039604526043878391e+26 0.000000000000000000e+00
-1.417531582094726562e+08 -4.723030071720790346e+01 4.254082089470181465e+09 2.545584764197297496e+26 0.000000000000000000e+00
-2.706261235797119141e+08 -4.974187193349135327e+01 2.236176764287086010e+09 2.534614456868718718e+26 0.000000000000000000e+00
-3.371105802322998047e+08 -6.299429321633098056e+01 4.750339270307299614e+09 2.523759152418070587e+26 0.000000000000000000e+00
-2.669394000274658203e+08 -4.699921465189295589e+01 2.096866752675939798e+09 2.512997834210983297e+26 0.000000000000000000e+00
-3.720468197244873047e+08 -7.079808514827965382e+01 2.561154512521643066e+10 2.461631858579097813e+26 0.000000000000000000e+00
-1.955913570771484375e+08 -5.112604502463688050e+01 3.326796112384109497e+09 2.491721092880179924e+26 0.000000000000000000e+00
-5.264991461009521484e+08 -3.050674974556987351e+01 7.478882792841605186e+09 2.481216231653025085e+26 0.000000000000000000e+00
-2.346042482081298828e+08 -4.385850939513019142e+01 3.720262597464312553e+09 2.470824274277296089e+26 0.000000000000000000e+00
-3.390714960805664062e+08 -4.604972663792626975e+01 4.586658564846414566e+09 2.460500661275907337e+26 0.000000000000000000e+00
-2.112972270544433594e+08 -4.661641137052438211e+01 2.887819622643824577e+09 2.450271591315427943e+26 0.000000000000000000e+00
-1.884560951367187500e+08 1.522999923703424052e+01 3.431755078249632359e+09 2.440118097713843298e+26 0.000000000000000000e+00
-1.999472988084716797e+08 -5.676612888262472012e+01 2.971749910073771477e+09 2.430040083780099479e+26 0.000000000000000000e+00
-1.638451958794921875e+09 -4.325825898769856792e+01 3.146065321331757545e+09 7.613005259514755006e+26 0.000000000000000000e+00
-1.154372018929443359e+08 -5.050789177265964014e+01 2.792223627619354248e+09 2.410133421915521634e+26 0.000000000000000000e+00
-1.963616578188476562e+08 -3.368388046218564824e+01 2.126791886868799591e+10 2.361160551018764084e+26 0.000000000000000000e+00
-4.536560086069335938e+08 4.672456984783158305e+02 1.665063760228299561e+11 2.351562659178087124e+26 0.000000000000000000e+00
-9.848001236282958984e+08 5.049383985429940225e+01 7.892299784845593452e+09 2.382628447045792428e+26 0.000000000000000000e+00
-3.760061685690917969e+08 -5.980196991951643781e+01 3.209752843856090069e+09 2.373125655568491851e+26 0.000000000000000000e+00
-1.431604114999511719e+09 -4.343304557724468395e+01 9.183396876453632355e+09 2.363634744903581040e+26 0.000000000000000000e+00
-2.221137106718505859e+09 3.402773673989934764e+02 3.146445381899345093e+11 2.313938885243813031e+26 0.000000000000000000e+00
-3.004517692438110352e+09 1.886554918558942404e+02 1.378960079981351662e+10 2.345277134611503651e+26 0.000000000000000000e+00
-2.117246389352050781e+09 -4.795210050186396700e+01 1.165570322708183670e+10 2.336370030172809665e+26 0.000000000000000000e+00
-1.566524569199707031e+09 -2.859785209897028224e+01 9.999399597212760925e+09 2.327404226583743369e+26 0.000000000000000000e+00
-3.782294706420898438e+08 -4.200081160873761377e+01 3.464939257370362759e+09 2.318420729762395656e+26 0.000000000000000000e+00
-5.138958021690673828e+08 -3.606992878563038119e+01 8.908965999084646225e+09 2.309363082983441909e+26 0.000000000000000000e+00
-2.322395131245117188e+08 -4.455507374898949990e+01 4.411371772250974655e+09 2.300364769087892877e+26 0.000000000000000000e+00
-6.326655915684814453e+08 -4.513060973518908270e+01 6.010567752057744980e+09 2.291423814851420741e+26 0.000000000000000000e+00
-5.463236972905273438e+08 -4.470911848633792118e+01 3.999596130974029541e+09 2.282598766004025303e+26 0.000000000000000000e+00
-2.488986846875000000e+08 -4.328762898308646356e+01 2.676929806210911274e+09 2.273852915932886023e+26 0.000000000000000000e+00
-1.781274158461914062e+08 -4.122341744730105262e+01 2.049713089865869045e+09 2.265122476653109989e+26 0.000000000000000000e+00
-1.090901330447753906e+09 2.372162941268662735e+02 1.648444410822170715e+11 2.216419517645114919e+26 0.000000000000000000e+00
-1.122258395832885742e+09 1.330699769511710429e+02 9.360634154488078308e+10 2.207960150974289391e+26 0.000000000000000000e+00
-2.531192918457885742e+09 4.433731635628112144e+02 2.332677733385590820e+11 2.199565111243917395e+26 0.000000000000000000e+00
-1.821166025651000977e+09 2.259168717610015449e+02 6.808943457431859970e+09 2.231051522674705188e+26 0.000000000000000000e+00
-8.995681563240966797e+08 9.345632215572372559e+01 1.042784766395258484e+11 2.182965099857147499e+26 0.000000000000000000e+00
-5.895328701182861328e+08 -3.290187601549223473e+01 5.780834803507149696e+09 2.214977442472797542e+26 0.000000000000000000e+00
-4.438039598035888672e+08 -3.783365922620048138e+01 5.273932582705995560e+09 2.206737029116966179e+26 0.000000000000000000e+00
-5.049644224432373047e+08 -3.136622622366612845e+01 5.190884385964493752e+09 2.198534544415376430e+26 0.000000000000000000e+00
-1.903728655869140625e+09 1.012969539629752234e+02 6.607183204203826904e+09 2.190405023639249581e+26 0.000000000000000000e+00
-1.931059371213378906e+08 -5.380421401193578390e+01 1.731218005499915123e+09 2.182747567754616465e+26 0.000000000000000000e+00
-4.111366226979980469e+08 -4.216580432733804429e+01 3.156150542065295696e+09 2.174701602405487968e+26 0.000000000000000000e+00
-8.945581016130371094e+08 -4.089444021592337464e+01 7.694491473311018944e+09 2.166748010664856697e+26 0.000000000000000000e+00
-1.478694538400878906e+08 -4.963197728433863887e+01 5.281104114935471535e+09 2.158887917994227410e+26 0.000000000000000000e+00
-1.840037414605712891e+08 -4.585736272424410487e+01 1.730505515220379829e+09 2.151010659438514278e+26 0.000000000000000000e+00
-3.581498155291748047e+08 -4.081590003863483673e+01 3.972597227367908478e+09 2.143197002747721360e+26 0.000000000000000000e+00
-2.547898899465332031e+08 -4.453210196375700747e+01 3.332877698578088760e+09 2.135456821711884893e+26 0.000000000000000000e+00
-1.708744734215087891e+08 -4.834222297116446043e+01 2.289057313546572208e+09 2.127760418943214809e+26 0.000000000000000000e+00
-2.288510047497558594e+08 -4.101713928318716995e+01 2.183324157879100323e+09 2.120112984599774479e+26 0.000000000000000000e+00
-1.361069565405273438e+08 -6.930462882380368228e+01 1.183725454976869583e+10 2.073428553433802617e+26 0.000000000000000000e+00
-1.858047548966064453e+08 -5.690684907017348593e+01 1.809299178818276596e+10 2.066023642749810245e+26 0.000000000000000000e+00
-2.177716936531982422e+08 -5.511526137339620135e+01 1.854083375655338287e+09 2.097516986981893728e+26 0.000000000000000000e+00
-1.262597160186767578e+08 -6.905907896454363026e+01 1.295247462458655167e+10 2.051371366607658107e+26 0.000000000000000000e+00
-1.057132831386718750e+08 -4.600400114076897040e+01 1.846436731031748772e+09 2.082704749845517792e+26 0.000000000000000000e+00
-1.069228314720458984e+08 -4.824276819260581561e+01 1.466802301716376066e+09 2.075372758225880365e+26 0.000000000000000000e+00
-2.447905171737060547e+08 -4.423934756047848538e+01 3.644106253159821033e+09 2.068092019788849866e+26 0.000000000000000000e+00
-2.801122308967285156e+08 -5.070127914738914399e+01 4.278848334054318428e+09 2.060873738721449535e+26 0.000000000000000000e+00
-3.540250567054687500e+09 4.229546744196585450e+02 4.195181115464406738e+11 2.015634074248802448e+26 0.000000000000000000e+00
-1.442848163011474609e+08 -4.905091527487888925e+01 1.235632285657907248e+09 2.046618569784414998e+26 0.000000000000000000e+00
-1.113854647651367188e+08 -5.532134584215388884e+01 1.527566524458863020e+09 2.039540993853443282e+26 0.000000000000000000e+00
-1.217081474677734375e+08 -4.575787603971345874e+01 1.759114999443300247e+09 2.032509939093169795e+26 0.000000000000000000e+00
-1.936101753782958984e+08 -5.090806732327681061e+01 2.636989689868694782e+09 2.025527924691336817e+26 0.000000000000000000e+00
-5.809436139445800781e+08 -3.792529207488452414e+01 4.211450249112067699e+09 2.018598979491019979e+26 0.000000000000000000e+00
-2.687412192817382812e+08 -3.443293101468083961e+01 3.122398697189788342e+09 2.011771832429877791e+26 0.000000000000000000e+00
-1.160521551594238281e+08 -4.171002608091746566e+01 2.854244682536798477e+09 2.004943509168429225e+26 0.000000000000000000e+00
-3.269195637081298828e+08 -5.463245074657425704e+01 2.690032506216440201e+09 1.998149832887772381e+26 0.000000000000000000e+00
-2.692277792391357422e+08 -3.289493573876008270e+01 2.658290245894847870e+09 1.991424205950208167e+26 0.000000000000000000e+00
-1.328854664385253906e+09 3.812971141725198549e+02 9.881225241166114807e+10 1.947769188896464299e+26 0.000000000000000000e+00
-2.548256967698974609e+08 -3.994199641539428569e+01 2.903355797722314835e+09 1.978354527586629992e+26 0.000000000000000000e+00
-1.824130803442382812e+08 -3.729981118693154940e+01 2.334658113559204578e+09 1.971751559521092159e+26 0.000000000000000000e+00
-1.047699635925292969e+08 -4.865909308835965419e+01 1.543910794141252041e+09 1.965186084115964514e+26 0.000000000000000000e+00
-1.994128541518554688e+08 -5.915097669107098710e+01 1.704854440686753035e+09 1.958658664939911134e+26 0.000000000000000000e+00
-1.689348349874267578e+08 -4.542475865222046849e+01 1.974784707862480640e+09 1.952182369932352410e+26 0.000000000000000000e+00
7.410432891967773438e+06 -5.384611133048274922e+01 2.196872444570858955e+09 1.945745656205263367e+26 0.000000000000000000e+00
-1.388556238580322266e+08 -5.167134791825911577e+01 1.186527981250601768e+09 1.945745656205263367e+26 0.000000000000000000e+00
-2.531094964927978516e+08 -4.670913325028195118e+01 2.333548292800060272e+09 1.939348961961636183e+26 0.000000000000000000e+00
-2.226259097680664062e+08 -3.914578958534188047e+01 3.367537925247306347e+09 1.933004981062076568e+26 0.000000000000000000e+00
-1.976903068833129883e+09 5.494205432947177314e+02 1.597650698437969055e+11 1.890483114428754756e+26 0.000000000000000000e+00
-4.385212614697265625e+07 -5.338448808786557720e+01 2.789489615468554020e+09 1.920455874142806152e+26 0.000000000000000000e+00
-1.122856407072753906e+08 -4.397252971499423069e+01 1.979999348485228300e+09 1.914219680505970375e+26 0.000000000000000000e+00
-2.406259705230712891e+08 -5.618074466795471267e+01 2.635752048254183292e+09 1.908027027873453046e+26 0.000000000000000000e+00
-1.378707543923339844e+08 -5.016451059968043324e+01 1.685311051137691259e+09 1.901883787106333911e+26 0.000000000000000000e+00
-1.223219684651123047e+09 2.512688302838955963e+02 1.302254074515034027e+11 1.860090135049756804e+26 0.000000000000000000e+00
-2.035353213718261719e+08 7.577136266369063833e+01 3.530262686285717773e+10 1.854128431571113990e+26 0.000000000000000000e+00
-3.524610208288574219e+07 -4.085030653562788672e+01 1.916465278081742048e+09 1.883723138133601129e+26 0.000000000000000000e+00
1.449140278674316406e+07 -3.493952410142869525e+01 2.363810679211040020e+09 1.877723027596288779e+26 0.000000000000000000e+00
-2.769981330257568359e+08 -3.035020076333045580e+01 6.379514150515078545e+09 1.877723027596288779e+26 0.000000000000000000e+00
-6.598435783630371094e+07 -5.599862757468331864e+01 2.075093439740958691e+09 1.871770042512492898e+26 0.000000000000000000e+00
-1.446856498363525391e+09 2.668884724450620070e+02 1.367464117815555573e+11 1.830658929068592253e+26 0.000000000000000000e+00
-8.258006976148681641e+08 2.894242855906201726e+02 8.725362608225903320e+10 1.824884095983625460e+26 0.000000000000000000e+00
-2.230359636995849609e+08 -2.915138173350272055e+01 3.511748906943593502e+09 1.854197569902903730e+26 0.000000000000000000e+00
-9.066185005760498047e+08 3.304543118696998363e+02 1.402822138461782532e+11 1.813443044103860288e+26 0.000000000000000000e+00
-2.283033732205810547e+08 -5.972249836129876144e+01 1.861679497585225821e+09 1.842617499102862932e+26 0.000000000000000000e+00
-7.940084295599365234e+08 2.610296450611298269e+02 1.239126501330574493e+11 1.802144555618903514e+26 0.000000000000000000e+00
-1.100199871447753906e+08 -4.772335929062545290e+01 1.616227949288677454e+09 1.831189695290206081e+26 0.000000000000000000e+00
-4.155268999353027344e+07 -5.374178691971005151e+01 1.410866157595593929e+09 1.825522480304869378e+26 0.000000000000000000e+00
-1.731823518415527344e+08 -2.645939702765107882e+01 4.614777012865926743e+09 1.819887239033711067e+26 0.000000000000000000e+00
-1.704395655341796875e+08 -3.983005346384076972e+01 3.014809546305964470e+09 1.814291389273472404e+26 0.000000000000000000e+00
-1.406171430989990234e+08 -6.198866107690003702e+01 1.418327395781157494e+09 1.808731395659246595e+26 0.000000000000000000e+00
-2.436005031638183594e+08 -3.196195511967633962e+01 3.804200754776357174e+09 1.803204112484987967e+26 0.000000000000000000e+00
-1.048585471540527344e+08 -6.126186597141446555e+01 1.358583554953740120e+09 1.797714507575202814e+26 0.000000000000000000e+00
-5.711528627783203125e+07 -4.537115469152656999e+01 1.622102111566538095e+09 1.792252105784005333e+26 0.000000000000000000e+00
6.863638468347167969e+07 -5.431935093267806280e+01 2.217979316344124794e+09 1.786820781554827895e+26 0.000000000000000000e+00
-3.789432778099731445e+09 6.250498107238837520e+02 3.645888099854102173e+11 1.752996082452698042e+26 0.000000000000000000e+00
-1.193985581805419922e+08 -4.314059461040116616e+01 1.284793682804237843e+09 1.781441290953242285e+26 0.000000000000000000e+00
-1.025564879572753906e+08 -6.378916032294603866e+01 2.063201037785044909e+09 1.776077902937776282e+26 0.000000000000000000e+00
-7.759851388818359375e+07 -5.381483361363034135e+01 8.029184037524266243e+08 1.770746043628775365e+26 0.000000000000000000e+00
-1.041969568001708984e+08 -5.708035927692337452e+01 2.065091380181426287e+09 1.765444747343985380e+26 0.000000000000000000e+00
-2.943501447088623047e+08 8.341846769277404405e+01 2.659978041051242828e+10 1.726832435900439771e+26 0.000000000000000000e+00
-8.350092196533203125e+07 -4.419069313700898505e+01 1.772718840479111433e+09 1.754979496523179760e+26 0.000000000000000000e+00
-4.524555312858886719e+08 2.125917800399194562e+02 3.594288596716136932e+10 1.716584354828566551e+26 0.000000000000000000e+00
-8.039208872143554688e+07 -4.049422909512727387e+01 1.469177431251227379e+09 1.744594448218861448e+26 0.000000000000000000e+00
-4.018660409899902344e+07 -4.058883682260174908e+01 2.423785726604516983e+09 1.739448449837204494e+26 0.000000000000000000e+00
-8.148971591027832031e+07 -7.119955688042753650e+01 2.553961463072035789e+09 1.734331620521002413e+26 0.000000000000000000e+00
-1.830984471096191406e+08 -3.367122977148543583e+01 2.967032143129931927e+09 1.729245649777580817e+26 0.000000000000000000e+00
-7.944895849582519531e+08 4.464563366162719831e+02 1.218677251833863525e+11 1.691488528489383004e+26 0.000000000000000000e+00
-3.896482192352294922e+08 1.718754586941873868e+02 5.297842874872451782e+10 1.686557159749851551e+26 0.000000000000000000e+00
-1.002736349149658203e+09 7.102483691113176292e+02 1.796127706870522461e+11 1.681654461021268329e+26 0.000000000000000000e+00
-1.504656477524414062e+08 -4.950733563150257766e+01 1.293930032822010994e+09 1.709372032263653645e+26 0.000000000000000000e+00
-1.333572721611328125e+08 -3.579616153752795071e+01 2.655453051199258327e+09 1.704436255185825941e+26 0.000000000000000000e+00
-5.183408875477294922e+08 3.500393587140655427e+02 7.225922477606724548e+10 1.667115906310099659e+26 0.000000000000000000e+00
-6.298569785900878906e+07 -4.252606537199778813e+01 2.212951543664874554e+09 1.694759636531176635e+26 0.000000000000000000e+00
-1.596952331763916016e+08 -3.792220730599041190e+01 1.301476280713357925e+09 1.689903396260168269e+26 0.000000000000000000e+00
-1.035821005325073242e+09 4.146597862155110761e+02 1.150624710039844208e+11 1.652826577737037556e+26 0.000000000000000000e+00
-9.452234181030273438e+06 -4.752371994400242272e+01 2.165661947163618088e+09 1.680288866482489173e+26 0.000000000000000000e+00
-1.557944567264404297e+08 -5.697324713249236794e+01 1.690912215382236242e+09 1.675514279664453702e+26 0.000000000000000000e+00
-5.554711378515625000e+07 -4.821269820233166570e+01 1.782574045311894178e+09 1.670772749466551112e+26 0.000000000000000000e+00
-1.782594827242431641e+08 -6.144588428137523550e+01 2.103197659658189535e+09 1.666052619354976536e+26 0.000000000000000000e+00
-4.863147591955566406e+07 -5.317103765546752925e+01 1.379128332846082449e+09 1.661365571711719364e+26 0.000000000000000000e+00
-4.697065834533691406e+07 -3.770351364705344110e+01 2.358949745856552601e+09 1.656698388388803099e+26 0.000000000000000000e+00
-2.271918044982910156e+08 -3.240045412150976034e+01 2.596069632914519787e+09 1.652057214617821427e+26 0.000000000000000000e+00
-2.621464568387451172e+09 4.445518993076207721e+02 7.890959913590723991e+09 1.647452367121241048e+26 0.000000000000000000e+00
-6.876986812500000000e+07 -5.417385849948804832e+01 1.675005495284078121e+09 1.643257283174946564e+26 0.000000000000000000e+00
-1.293738706303710938e+08 -3.818572553526087887e+01 2.469618040191471577e+09 1.638692837207329461e+26 0.000000000000000000e+00
-1.367303921142578125e+08 -4.628893718374806809e+01 1.478913687897325754e+09 1.634155665893233311e+26 0.000000000000000000e+00
-5.823362372368164062e+08 6.205701147965777409e+02 9.101778376071070862e+10 1.598037604188625570e+26 0.000000000000000000e+00
-1.210345704995117188e+08 -3.513574070403645067e+01 2.235254126514210701e+09 1.625395898852409503e+26 0.000000000000000000e+00
-4.510592299285888672e+08 -3.219699416783102919e+01 4.077647151748414993e+09 1.620932875777054922e+26 0.000000000000000000e+00
-1.339275336735839844e+08 -5.149784712066566783e+01 1.248191805935589314e+09 1.616518269478250588e+26 0.000000000000000000e+00
-2.596561916353759766e+08 -5.383542470987087825e+01 2.248840785281501770e+09 1.612104976977233005e+26 0.000000000000000000e+00
-1.203465594781494141e+08 -4.196130219477004175e+01 1.566721698427284718e+09 1.607725846740550973e+26 0.000000000000000000e+00
-1.445860711770019531e+08 -5.711904638287629155e+01 1.213887489598186016e+09 1.603359364704411039e+26 0.000000000000000000e+00
-2.217167246048583984e+08 -5.234607119162814826e+01 2.323559126845377445e+09 1.599018217618777918e+26 0.000000000000000000e+00
1.699060154821777344e+07 -3.619226431326567450e+01 1.317548872043891430e+09 1.594705896743906888e+26 0.000000000000000000e+00
-1.253255852017822266e+08 -4.088751607928237775e+01 2.783736337429438114e+09 1.594705896743906888e+26 0.000000000000000000e+00
-7.461114360620117188e+07 -4.732543585713032996e+01 1.017291719992463589e+09 1.590409348849434175e+26 0.000000000000000000e+00
-1.014128392133789062e+08 -5.569364728537817655e+01 1.868263625036960125e+09 1.586134350833528560e+26 0.000000000000000000e+00
-7.580046740551757812e+07 -5.550615382018054333e+01 1.160016638726071119e+09 1.581883249274392232e+26 0.000000000000000000e+00
-1.508384792274169922e+08 -3.164525537676752975e+01 2.815539461581990719e+09 1.577654151094425254e+26 0.000000000000000000e+00
-1.487457712292480469e+08 -4.757743923492334659e+01 2.200049756178397179e+09 1.573450317369604932e+26 0.000000000000000000e+00
-1.183014043554687500e+08 -6.044272685404399681e+01 2.009624194786048412e+09 1.569269338128341295e+26 0.000000000000000000e+00
-9.815145491760253906e+07 -3.703610926872643461e+01 2.300273360455875397e+09 1.565108918946981442e+26 0.000000000000000000e+00
