0.000000000000000000e+00 0.000000000000000000e+00 0.000000000000000000e+00 0.000000000000000000e+00 0.000000000000000000e+00
-9.474550599021219455e+01 -9.415570517103643056e+01 4.243226303169672642e-01 1.728805779465654923e+05 0.000000000000000000e+00
-1.107716656685932861e+02 -1.106298078124076625e+02 1.115837952861021137e-01 1.763585317862731172e+05 0.000000000000000000e+00
-8.926217304250118900e+01 -8.862967502253364671e+01 1.143782855034011892e+00 1.748316784183777927e+05 0.000000000000000000e+00
-1.080251575280992142e+02 -1.079626600355132098e+02 6.868414634516289974e-02 1.718349105433842342e+05 0.000000000000000000e+00
-9.698835436525823184e+01 -9.680748605729678502e+01 1.591175680404255666e-01 1.684814700156471517e+05 0.000000000000000000e+00
-1.081157562941625230e+02 -1.080486909099684993e+02 6.943856066229758817e-02 1.675743748419971089e+05 0.000000000000000000e+00
-9.455545043300793395e+01 -9.449279677662536869e+01 9.318213990758539289e-02 4.030034548143108987e+04 0.000000000000000000e+00
-9.987599082165489506e+01 -9.982423758095556821e+01 1.093589967507156285e-01 1.613383839828975615e+05 0.000000000000000000e+00
-1.028058527619933074e+02 -1.027629222852400233e+02 1.078509081122472207e-01 1.581857339268014184e+05 0.000000000000000000e+00
-1.052654978017759220e+02 -1.052871615963866958e+02 7.284303706090140829e-02 1.550421753967064433e+05 0.000000000000000000e+00
-1.053457237147239169e+02 -1.053490190309064900e+02 5.102523214645125760e-02 1.518872095611219702e+05 0.000000000000000000e+00
-1.033889868877997316e+02 -1.031696208294080321e+02 1.726864517048929404e-01 3.727665821132740530e+04 0.000000000000000000e+00
-1.052634177285181920e+02 -1.052635582255421411e+02 4.278974239306363586e-02 1.458909071746037225e+05 0.000000000000000000e+00
-9.436771515913572728e+01 -9.422466398807695498e+01 6.481166856728245995e-02 3.330666970366484293e+03 0.000000000000000000e+00
-1.080450092393541723e+02 -1.079964564666908586e+02 4.373028354706240406e-02 1.409421109945282515e+05 0.000000000000000000e+00
-1.025899325356483871e+02 -1.026045006213092279e+02 3.219981857201464209e-02 3.571166488088059123e+04 0.000000000000000000e+00
-9.981533938301294029e+01 -9.980738819471982026e+01 4.460739816964707366e-02 1.361056401589388261e+05 0.000000000000000000e+00
-1.043166734922001950e+02 -1.042150713521979100e+02 6.179857316656460486e-02 3.566783096280395694e+04 0.000000000000000000e+00
-1.023514784819606120e+02 -1.023586646388571353e+02 6.236920043465190439e-02 1.329916608855184168e+05 0.000000000000000000e+00
-1.050734789339160073e+02 -1.050944148333222756e+02 7.892727541340122110e-02 1.306652271561243688e+05 0.000000000000000000e+00
-1.080718144546525394e+02 -1.080747106091332626e+02 4.630415659761629582e-02 1.284675924813330785e+05 0.000000000000000000e+00
-1.040719024870671205e+02 -1.041783967413600749e+02 4.116920742308650960e-02 1.262913113133477309e+05 0.000000000000000000e+00
-1.052483023438962988e+02 -1.052480212166983762e+02 3.295972021315551892e-02 1.258580893073541374e+05 0.000000000000000000e+00
-1.025806341591342488e+02 -1.026091381704194276e+02 4.655985672015935245e-02 1.237944364677319827e+05 0.000000000000000000e+00
-1.012281672378112489e+02 -1.013741687044926323e+02 5.947035677590858244e-02 1.219019109975288884e+05 0.000000000000000000e+00
-9.959979430760316177e+01 -9.961394616178229455e+01 6.488094770579184989e-02 1.225783294568229758e+05 0.000000000000000000e+00
-9.987397780563973981e+01 -9.984909346308859313e+01 6.088041171347672448e-02 1.206870504295229912e+05 0.000000000000000000e+00
-1.051895041203309091e+02 -1.052239489993377219e+02 2.884255231430355587e-02 1.189121354760962568e+05 0.000000000000000000e+00
-9.957300929326220285e+01 -9.955084059903072102e+01 4.526805037768766998e-02 3.288762825394704123e+04 0.000000000000000000e+00
-1.080038868679131667e+02 -1.079398502451237079e+02 3.992243348192496544e-02 1.155428518006154918e+05 0.000000000000000000e+00
-1.038185261558878096e+02 -1.037335084709865214e+02 4.952501008785317044e-02 1.143619664156054496e+05 0.000000000000000000e+00
-1.081022142956985590e+02 -1.080545950045133878e+02 3.578931943020633583e-02 1.135600626513642637e+05 0.000000000000000000e+00
-1.053115774726356477e+02 -1.053103200535604174e+02 3.109719961441147901e-02 1.122236799768402125e+05 0.000000000000000000e+00
-1.043161205780598664e+02 -1.044673839043868213e+02 5.880122147703477353e-02 3.130537040662655272e+04 0.000000000000000000e+00
-9.734199037230729346e+01 -9.728099850355559397e+01 5.553188757782593493e-02 1.115944330746345222e+05 0.000000000000000000e+00
-1.107649890343562191e+02 -1.107623779937384967e+02 2.516235003731864123e-02 3.213652051163913711e+04 0.000000000000000000e+00
-1.025535411978666787e+02 -1.025845707193600305e+02 2.765743675609873969e-02 3.170292808842417435e+04 0.000000000000000000e+00
-1.079587031361478466e+02 -1.079941422511371201e+02 2.779678213687008029e-02 3.138086897931699787e+04 0.000000000000000000e+00
-9.969331878897519061e+01 -9.976805688284805740e+01 5.042481365002649679e-02 1.064442329945941019e+05 0.000000000000000000e+00
-1.025775608015634646e+02 -1.025624035299268968e+02 2.980861287948669003e-02 1.056405113620484190e+05 0.000000000000000000e+00
-1.052184217099163703e+02 -1.052450637860411291e+02 3.445863088466046692e-02 1.043149516051476385e+05 0.000000000000000000e+00
-1.053624695005971859e+02 -1.053590666637447413e+02 3.500416653676676620e-02 1.030755532055236836e+05 0.000000000000000000e+00
-1.014007163803351261e+02 -1.013221605220722807e+02 4.866428527391050696e-02 1.017884254589702905e+05 0.000000000000000000e+00
-1.038175667898971710e+02 -1.038583357026248137e+02 3.828604881218788253e-02 3.113244443962419609e+04 0.000000000000000000e+00
-9.709864175321514779e+01 -9.715332880420299944e+01 3.847408864416290014e-02 9.998917318652480026e+04 0.000000000000000000e+00
-9.983498315789397282e+01 -9.985173804327124003e+01 5.167536405836649360e-02 9.908684023257165973e+04 0.000000000000000000e+00
-1.080911283574829014e+02 -1.080828911435418576e+02 3.019225385786714760e-02 9.793138644014137390e+04 0.000000000000000000e+00
-9.740107900639726779e+01 -9.753594909780144917e+01 6.620327031102545001e-02 9.678588567520516517e+04 0.000000000000000000e+00
-1.079837440007823943e+02 -1.079971695756271117e+02 2.397560113237274734e-02 2.993903464849691591e+04 0.000000000000000000e+00
-1.025985583504811558e+02 -1.026200736022619679e+02 2.622427608390823922e-02 9.602720122181791521e+04 0.000000000000000000e+00
-1.022296773863409243e+02 -1.021494435292458860e+02 3.836103897420673620e-02 9.498375293934167712e+04 0.000000000000000000e+00
-1.052932229016478090e+02 -1.053342467814079129e+02 2.401528882535693479e-02 2.912677700913479930e+04 0.000000000000000000e+00
-9.198577953536185703e+01 -9.182545575675463567e+01 6.070234207641370117e-02 9.368866550869189086e+04 0.000000000000000000e+00
-1.052721497882211992e+02 -1.052917823533035317e+02 3.125741523405602823e-02 9.469620674192758452e+04 0.000000000000000000e+00
-1.053141028656887954e+02 -1.053162455558236417e+02 2.294482568578178755e-02 9.370375823164338362e+04 0.000000000000000000e+00
-9.183763368840236296e+01 -9.187600958058456513e+01 6.130335437730335957e-02 9.269654908615362365e+04 0.000000000000000000e+00
-9.969637572706703565e+01 -9.971135809447095255e+01 2.760325833057166584e-02 2.920575755911409578e+04 0.000000000000000000e+00
-9.466465673677366510e+01 -9.459920442426115983e+01 4.233522889602363282e-02 9.092668423194489151e+04 0.000000000000000000e+00
-1.054026656699492861e+02 -1.054086335281896822e+02 2.693431347363388351e-02 9.035927004153902817e+04 0.000000000000000000e+00
-1.041019417514532677e+02 -1.041347172234699059e+02 3.636507465955576140e-02 8.943133568962890422e+04 0.000000000000000000e+00
-9.989100209901292260e+01 -9.992327074217011784e+01 2.846791851635312176e-02 8.861501718371448806e+04 0.000000000000000000e+00
-9.995061380380604987e+01 -1.000066783020574661e+02 3.593758451909204177e-02 2.791063626923643460e+04 0.000000000000000000e+00
-1.080773980879395708e+02 -1.080778966815939839e+02 2.832302544576282416e-02 8.768685446304290963e+04 0.000000000000000000e+00
-1.053069509881652834e+02 -1.053172316871082472e+02 2.071771383255435750e-02 2.757524575385987919e+04 0.000000000000000000e+00
-1.081326950349415483e+02 -1.081006039493278195e+02 2.607635023361534049e-02 8.600485803725570440e+04 0.000000000000000000e+00
-1.079877280331438101e+02 -1.079730064766805100e+02 1.898769922230614249e-02 8.525938944326945057e+04 0.000000000000000000e+00
-1.080660892622097293e+02 -1.080418989784040917e+02 2.166244965390140206e-02 8.445959092984844756e+04 0.000000000000000000e+00
-9.989908238909704608e+01 -9.991622630166123997e+01 2.554347737600277599e-02 2.654108320802417438e+04 0.000000000000000000e+00
-1.052867187883598064e+02 -1.052890385530762956e+02 1.603495020760114034e-02 2.631654587356029151e+04 0.000000000000000000e+00
-1.052935442985687189e+02 -1.052855899665462260e+02 2.133490926812547581e-02 8.232470706032366434e+04 0.000000000000000000e+00
-1.079974027918510728e+02 -1.080002496537920536e+02 2.202368060699871205e-02 8.156824851908715209e+04 0.000000000000000000e+00
-1.081315209838103470e+02 -1.081018376697920047e+02 2.387989048406307518e-02 8.082051521940935345e+04 0.000000000000000000e+00
-1.107265156356873774e+02 -1.107070009481837189e+02 2.413910726403581397e-02 8.015871178117603995e+04 0.000000000000000000e+00
-1.078449927280082932e+02 -1.078718746670962787e+02 2.811824931679227785e-02 2.514326851846019417e+04 0.000000000000000000e+00
-1.079895235426035214e+02 -1.079963522718839926e+02 1.387285623645174298e-02 2.497269199232491155e+04 0.000000000000000000e+00
-1.040524722393762289e+02 -1.041004223382098388e+02 2.843079278035326105e-02 7.813109226013955777e+04 0.000000000000000000e+00
-1.035853961346179943e+02 -1.036154585250992852e+02 2.038096679966483471e-02 2.460592580772799192e+04 0.000000000000000000e+00
-9.713437284222166568e+01 -9.717011582336850495e+01 3.134904282909675016e-02 7.710551664940098999e+04 0.000000000000000000e+00
-1.012919667353820472e+02 -1.013020591195737126e+02 3.355015549590380231e-02 7.653657252851940575e+04 0.000000000000000000e+00
-1.052585453544364213e+02 -1.052569294454746966e+02 1.839822318364094447e-02 7.589008602270211850e+04 0.000000000000000000e+00
-1.026396610183527969e+02 -1.026306283826381929e+02 1.742734662167821566e-02 7.524712368418870028e+04 0.000000000000000000e+00
-9.979609706192098884e+01 -9.982523968050045937e+01 3.242202327801031736e-02 7.462151399239931197e+04 0.000000000000000000e+00
-1.024457839676558280e+02 -1.024506008170741325e+02 2.302882427689637718e-02 7.405956478276163398e+04 0.000000000000000000e+00
-1.080206224818076208e+02 -1.079961252272404550e+02 1.691834853248004589e-02 7.344917904067685595e+04 0.000000000000000000e+00
-1.080509408349636971e+02 -1.080342010896462881e+02 1.759990176582581362e-02 7.289338432407598884e+04 0.000000000000000000e+00
-1.053924622224375724e+02 -1.053895772545582474e+02 1.797481659763115053e-02 7.232226208120117371e+04 0.000000000000000000e+00
-1.026229865731772009e+02 -1.026371067292564589e+02 1.693627728494594142e-02 7.173957621266380011e+04 0.000000000000000000e+00
-1.040952275888164991e+02 -1.041406851902627153e+02 2.320985717057905129e-02 7.118078820518290740e+04 0.000000000000000000e+00
-9.667528146022128510e+01 -9.659932143575946384e+01 3.382520093658443472e-02 2.246419024208609335e+04 0.000000000000000000e+00
-1.039401724409447496e+02 -1.039019236893464324e+02 3.154549857915889266e-02 7.023160017704525671e+04 0.000000000000000000e+00
-1.018496248917750506e+02 -1.018945947813324722e+02 4.073148334275987492e-02 6.978299965805374086e+04 0.000000000000000000e+00
-1.051617538944941685e+02 -1.051876027870744394e+02 2.580996996278470471e-02 6.937182978862465825e+04 0.000000000000000000e+00
-1.053814724850052755e+02 -1.053926169085731743e+02 1.222171771467646384e-02 2.238836551657103337e+04 0.000000000000000000e+00
-1.052825793108530377e+02 -1.052631344280161585e+02 1.660898094253476787e-02 6.838424830326020310e+04 0.000000000000000000e+00
-9.601061702657391095e+01 -9.607593340772022827e+01 3.846709886084945934e-02 6.789390274003487139e+04 0.000000000000000000e+00
-1.016859538805940844e+02 -1.017307343113599813e+02 2.540624180809808452e-02 2.198203766329721111e+04 0.000000000000000000e+00
-1.053955324903711954e+02 -1.053934850847430624e+02 1.322490067696885721e-02 2.192931320544941264e+04 0.000000000000000000e+00
-1.080015062293591797e+02 -1.079765124769006945e+02 1.551547375068062888e-02 6.684141885378111328e+04 0.000000000000000000e+00
-1.080563348609574490e+02 -1.080629899238136886e+02 9.941500974804026378e-03 2.161039409458278533e+04 0.000000000000000000e+00
-1.025968695510406121e+02 -1.026203305390428824e+02 2.301420014270986678e-02 6.591117722208447231e+04 0.000000000000000000e+00
-1.053833935077858541e+02 -1.053796101229647348e+02 1.719529481248786504e-02 6.546889119935340568e+04 0.000000000000000000e+00
-9.800332287223241678e+01 -9.806005509485933658e+01 3.528529544934534690e-02 6.499887691775768326e+04 0.000000000000000000e+00
-1.107127469927069399e+02 -1.107009876703314006e+02 1.751736729932988623e-02 6.472636073548362765e+04 0.000000000000000000e+00
-1.079844674310559469e+02 -1.079840840986719996e+02 1.085447389639567981e-02 2.085628848379094779e+04 0.000000000000000000e+00
-1.053412857907879072e+02 -1.053429133548113441e+02 1.481629956990898958e-02 6.384709609054349130e+04 0.000000000000000000e+00
-1.079861327804936053e+02 -1.079709170668489975e+02 1.305519998054356125e-02 6.340076855222728773e+04 0.000000000000000000e+00
-1.026203497807253200e+02 -1.026258509323073440e+02 1.443222588916513553e-02 2.042572948777717102e+04 0.000000000000000000e+00
-1.051825507663829455e+02 -1.051946542533429465e+02 1.705286831699219519e-02 6.259073688553327520e+04 0.000000000000000000e+00
-1.054016846916324397e+02 -1.053806703750023672e+02 1.635387568175102058e-02 6.217125447214191809e+04 0.000000000000000000e+00
-1.053971421750126751e+02 -1.053517179699659465e+02 1.924682522244959559e-02 6.177685647188745497e+04 0.000000000000000000e+00
-9.611542984687635283e+01 -9.610769245794423910e+01 3.328567263511427593e-02 6.149011528880878905e+04 0.000000000000000000e+00
-1.080243562277156144e+02 -1.080266944595585699e+02 1.479857076916728763e-02 6.108122602099520009e+04 0.000000000000000000e+00
-1.066333817047584773e+02 -1.066511948541926671e+02 2.626761838331902882e-02 1.963452898369200557e+04 0.000000000000000000e+00
-1.052812495598827240e+02 -1.052901528132961460e+02 1.497458590959454064e-02 6.028844537184018554e+04 0.000000000000000000e+00
-9.987856956980711232e+01 -9.990559842987529748e+01 1.798235772721730810e-02 5.989673599065539747e+04 0.000000000000000000e+00
-1.079917078123875598e+02 -1.079819040085342294e+02 1.251343801257157572e-02 5.954968465387638571e+04 0.000000000000000000e+00
-1.080124285218461324e+02 -1.080070087659177034e+02 1.390574687599999658e-02 5.916884935937776754e+04 0.000000000000000000e+00
-1.052379655115451129e+02 -1.052090953415759884e+02 2.032710185586227361e-02 5.878882786719517753e+04 0.000000000000000000e+00
-1.079652657296673084e+02 -1.079588157967559567e+02 1.555480216637520306e-02 5.846129841737874085e+04 0.000000000000000000e+00
-1.026064366222255586e+02 -1.025462601018522122e+02 3.712634957140843045e-02 5.809127631831348117e+04 0.000000000000000000e+00
-1.052909431373182372e+02 -1.052725054344522135e+02 1.248836666879755281e-02 5.790360964972917282e+04 0.000000000000000000e+00
-1.053827122177815028e+02 -1.053902378531539483e+02 1.441942865775805611e-02 5.756045596266814391e+04 0.000000000000000000e+00
-1.079819639350218665e+02 -1.079807646790240199e+02 1.262353171102787233e-02 5.720416695779711154e+04 0.000000000000000000e+00
-1.026007419801933480e+02 -1.026209305497218480e+02 1.445632013071481564e-02 5.684894232074833417e+04 0.000000000000000000e+00
-1.025354258844574673e+02 -1.025343924048463720e+02 2.061185712176855783e-02 5.652158348611102701e+04 0.000000000000000000e+00
-1.080449633208970397e+02 -1.080361506863856249e+02 1.146833254068358246e-02 5.617487602765014890e+04 0.000000000000000000e+00
-9.708545310264187833e+01 -9.713188255653629710e+01 2.245584289067201894e-02 5.583675629321986344e+04 0.000000000000000000e+00
-9.722411030644687457e+01 -9.717896334576155937e+01 3.475234050931195334e-02 5.561666511670561158e+04 0.000000000000000000e+00
-1.052610671533489608e+02 -1.052588117577082727e+02 1.220991776147633233e-02 5.538488168183031667e+04 0.000000000000000000e+00
-1.080845629279185687e+02 -1.080609555195848088e+02 1.572614982025948363e-02 5.505352042367215472e+04 0.000000000000000000e+00
-1.052380049566860833e+02 -1.052580034813312722e+02 1.407591063631669949e-02 5.475704740298801335e+04 0.000000000000000000e+00
-1.053614340054001275e+02 -1.053700314581455331e+02 1.507577214631616522e-02 5.445576409377574601e+04 0.000000000000000000e+00
-1.025434946185589951e+02 -1.025515357479699077e+02 9.907825488758606816e-03 1.750280594099877271e+04 0.000000000000000000e+00
-1.079569021072920805e+02 -1.079523489620937369e+02 1.219763252786775637e-02 5.387706246304050001e+04 0.000000000000000000e+00
-1.081110389778912264e+02 -1.081191237279878976e+02 1.274070389239605715e-02 1.730243624438023835e+04 0.000000000000000000e+00
-9.934189745403891436e+01 -9.930473822900664516e+01 1.897850838382551114e-02 1.720641711159889019e+04 0.000000000000000000e+00
-1.026234973139251565e+02 -1.026335776430646405e+02 9.546729784097348140e-03 1.717347591449542961e+04 0.000000000000000000e+00
-1.053958715287212300e+02 -1.053919199294138451e+02 1.258568185219584128e-02 5.279975635452270217e+04 0.000000000000000000e+00
-1.080561614063139189e+02 -1.080539948791586085e+02 1.106097590329873509e-02 5.250051979794522777e+04 0.000000000000000000e+00
-1.080626941783572192e+02 -1.080372903700243938e+02 1.326808415246773405e-02 5.220411591686979955e+04 0.000000000000000000e+00
-1.080518711275421708e+02 -1.080495220531213931e+02 9.381519790571560963e-03 1.680058178477797628e+04 0.000000000000000000e+00
-1.107130398929699027e+02 -1.107144571467098899e+02 1.055832660053037352e-02 1.670698582354154496e+04 0.000000000000000000e+00
-1.053317671378587619e+02 -1.053225553090686049e+02 1.206479953618574616e-02 5.138638532742409006e+04 0.000000000000000000e+00
-1.026338443612088156e+02 -1.026210698231115828e+02 2.221915980916705849e-02 5.110722971414632775e+04 0.000000000000000000e+00
-1.042732413617541027e+02 -1.042387879085826512e+02 2.861347488886240714e-02 5.083450835213800019e+04 0.000000000000000000e+00
-1.025611496041955633e+02 -1.025896798849177287e+02 1.261705437892025015e-02 5.061090723330055334e+04 0.000000000000000000e+00
-1.051924641322986389e+02 -1.052112234374624933e+02 1.414063971785785648e-02 1.628114078811021864e+04 0.000000000000000000e+00
-9.664809689843762897e+01 -9.663968268748904222e+01 2.057549897924215720e-02 1.621110757011792339e+04 0.000000000000000000e+00
-1.079900325994702825e+02 -1.079802738207712309e+02 1.016593878225947704e-02 4.989435492784409871e+04 0.000000000000000000e+00
-1.052837278507971632e+02 -1.052936592977256822e+02 1.138923211589807846e-02 4.963240692272086017e+04 0.000000000000000000e+00
-1.024407030249657282e+02 -1.024506732310441208e+02 2.286080224543895340e-02 4.937339976595489861e+04 0.000000000000000000e+00
-1.107178922861204029e+02 -1.107062704830466657e+02 1.423094436948612977e-02 4.911710482004428923e+04 0.000000000000000000e+00
-1.053015386360551133e+02 -1.053139202941490851e+02 9.167831099955635332e-03 4.886494428629916365e+04 0.000000000000000000e+00
-1.080980632256436280e+02 -1.080998075121336939e+02 1.016167336840491028e-02 1.570797886557776656e+04 0.000000000000000000e+00
-9.981581725881675027e+01 -9.990993664798912732e+01 3.157595554682474104e-02 4.836375150129912799e+04 0.000000000000000000e+00
-1.068148978351328964e+02 -1.068240051588792028e+02 1.975094458419987195e-02 4.849744388076500763e+04 0.000000000000000000e+00
-1.080680123053975876e+02 -1.080620339998446156e+02 9.873099516036402609e-03 4.825159591384673695e+04 0.000000000000000000e+00
-1.080051688127490053e+02 -1.080157830333927365e+02 8.690995525419921083e-03 1.556064735699719313e+04 0.000000000000000000e+00
-1.019780013312862366e+02 -1.018944029724727613e+02 2.495712112132227392e-02 4.776330058925735648e+04 0.000000000000000000e+00
-1.052611991680752226e+02 -1.052770735759120981e+02 1.451896997500663755e-02 4.783498400712414150e+04 0.000000000000000000e+00
-1.079994297811137614e+02 -1.080098455494615166e+02 8.831861292681852590e-03 1.549508797446880635e+04 0.000000000000000000e+00
-1.025158939840605115e+02 -1.025252921287142129e+02 1.011835740410255147e-02 1.542227642000692686e+04 0.000000000000000000e+00
-9.991275370557323754e+01 -9.991979808308802546e+01 1.865028262117022703e-02 4.712965022522602521e+04 0.000000000000000000e+00
-1.080779705738970335e+02 -1.080590830801422868e+02 1.037919243119296217e-02 4.689726408721152256e+04 0.000000000000000000e+00
-1.107757504031397247e+02 -1.107591381409582283e+02 1.204136457041143221e-02 4.668199739518890419e+04 0.000000000000000000e+00
-1.079876893886475528e+02 -1.079900094882750068e+02 1.014250248720316439e-02 4.646466420480405213e+04 0.000000000000000000e+00
-1.053167655614799116e+02 -1.053160417960474575e+02 8.820014393435550784e-03 4.623716394447265338e+04 0.000000000000000000e+00
-1.053449078367305276e+02 -1.053291083592818183e+02 1.058137025955135750e-02 4.601163827075176960e+04 0.000000000000000000e+00
-9.711876284930683312e+01 -9.708138787376979906e+01 2.188215054898546078e-02 4.579988703089657793e+04 0.000000000000000000e+00
-1.080627248025150493e+02 -1.080720246941090039e+02 7.867993738324531930e-03 1.491241507045962499e+04 0.000000000000000000e+00
-1.080346435045846079e+02 -1.080309343979978820e+02 8.754336143268513087e-03 4.542590095430985093e+04 0.000000000000000000e+00
-1.107447839240441851e+02 -1.107319000786689998e+02 1.306074444757208269e-02 4.520918919967430702e+04 0.000000000000000000e+00
-9.990926710481015505e+01 -9.992971315287776690e+01 1.346382933826619117e-02 4.500136433076596586e+04 0.000000000000000000e+00
-9.604741001205267992e+01 -9.609015308465875194e+01 1.848377125995600417e-02 4.480695084830962878e+04 0.000000000000000000e+00
-1.053444877187141344e+02 -1.053450396522786292e+02 8.301964561511349788e-03 1.460311860205690027e+04 0.000000000000000000e+00
-9.729495391121076864e+01 -9.726545447446876835e+01 2.647556639089102340e-02 4.446632693807131000e+04 0.000000000000000000e+00
-1.053631880213761889e+02 -1.053662166120547852e+02 1.101928577926901756e-02 4.429389017203870026e+04 0.000000000000000000e+00
-1.107614254857397071e+02 -1.107697846617272575e+02 9.554040533132428584e-03 1.452855738365014076e+04 0.000000000000000000e+00
-1.068297006384049013e+02 -1.069224241308203318e+02 2.656654709688722332e-02 4.389003508473298280e+04 0.000000000000000000e+00
-1.053222328463224926e+02 -1.053222212780566167e+02 8.114827599485677917e-03 1.469987754205143938e+04 0.000000000000000000e+00
-9.983193896221261809e+01 -9.985551282989105459e+01 9.524369012698883155e-03 1.463243909567572700e+04 0.000000000000000000e+00
-1.053146145991680953e+02 -1.053133514356358660e+02 9.535448242490857443e-03 4.367402760079166183e+04 0.000000000000000000e+00
-1.079812352526839021e+02 -1.079795554001089641e+02 8.541297134401982377e-03 4.347557278808981209e+04 0.000000000000000000e+00
-1.079754230128770018e+02 -1.079806980821944649e+02 9.630752946487467631e-03 1.445743084799307144e+04 0.000000000000000000e+00
-1.053604841661110783e+02 -1.053671269631092002e+02 1.071349103303584349e-02 1.439359750373949100e+04 0.000000000000000000e+00
-1.053275744364281650e+02 -1.053473234263603189e+02 1.010531854420781105e-02 4.294108127122387668e+04 0.000000000000000000e+00
-1.080469743766022219e+02 -1.080410051082047005e+02 8.280461075086155420e-03 4.276641098887845874e+04 0.000000000000000000e+00
-1.107772330132265495e+02 -1.107614272363504426e+02 1.063234948869553644e-02 4.257780292657475366e+04 0.000000000000000000e+00
-1.079499590500656581e+02 -1.079628486522760369e+02 1.194006133310319788e-02 4.239974107909596205e+04 0.000000000000000000e+00
-1.080450063039423441e+02 -1.080397060597268961e+02 8.449443261545640238e-03 4.221984709522705089e+04 0.000000000000000000e+00
-1.107733300333553075e+02 -1.107565590568931526e+02 1.044696074026947238e-02 4.203585973239392479e+04 0.000000000000000000e+00
-1.079524115420451267e+02 -1.079681410183227541e+02 1.080759379593836805e-02 4.186389013669189444e+04 0.000000000000000000e+00
-1.080821741113853420e+02 -1.080943497954604737e+02 1.167485650438521670e-02 1.390047851655100931e+04 0.000000000000000000e+00
-1.025613810631439691e+02 -1.025684412581546212e+02 1.089910294697410929e-02 1.384637942168685004e+04 0.000000000000000000e+00
-9.976179569424220972e+01 -9.978202605734790609e+01 1.513782267817318644e-02 4.135906977970928710e+04 0.000000000000000000e+00
-9.921404833108138632e+01 -9.916596415252679719e+01 2.238171865576836506e-02 4.119801052600551338e+04 0.000000000000000000e+00
-1.107199519126480567e+02 -1.107096561994137431e+02 1.120454091002715154e-02 4.111085976795756869e+04 0.000000000000000000e+00
-1.053884025212976070e+02 -1.053870413478942538e+02 1.023671321926422108e-02 4.094003088490446680e+04 0.000000000000000000e+00
-1.080997281725570076e+02 -1.080924231031345357e+02 1.065034646006774756e-02 4.076661669455260562e+04 0.000000000000000000e+00
-1.031851177461048223e+02 -1.031757052677752569e+02 2.523323579258092073e-02 4.059669298506898485e+04 0.000000000000000000e+00
-1.026115359554664650e+02 -1.026253814815914751e+02 5.834989985442890978e-03 1.351185913930135212e+04 0.000000000000000000e+00
-1.107649673261512504e+02 -1.107602849969562158e+02 9.857909012692454495e-03 4.027072664416358748e+04 0.000000000000000000e+00
-1.026256307155526883e+02 -1.026463445382083250e+02 1.271689788418551605e-02 4.010372408214633469e+04 0.000000000000000000e+00
-1.080339966811931305e+02 -1.080389727441624643e+02 7.178382444394955375e-03 3.995430872040507529e+04 0.000000000000000000e+00
-1.025946741813252174e+02 -1.025887848141790357e+02 8.781075129570863752e-03 1.329685881689886628e+04 0.000000000000000000e+00
-9.716626103305411277e+01 -9.716601884933149336e+01 1.519427262618483834e-02 3.964049744780174660e+04 0.000000000000000000e+00
-1.052564922500804698e+02 -1.052740482942823235e+02 9.700959345782843649e-03 3.947804902279485395e+04 0.000000000000000000e+00
-9.464073995402176820e+01 -9.461291726939835200e+01 1.964508386638902371e-02 3.932904504246812576e+04 0.000000000000000000e+00
-1.018903930629923309e+02 -1.018381581809077971e+02 2.058178494340382955e-02 3.919807233196563902e+04 0.000000000000000000e+00
-1.107772309947536513e+02 -1.107624709633373499e+02 9.522754239540093951e-03 3.913923442814339069e+04 0.000000000000000000e+00
-1.042509473162713931e+02 -1.043226579828833422e+02 2.510414434903520883e-02 3.898967596631628840e+04 0.000000000000000000e+00
-1.080642066128440035e+02 -1.080562036616861974e+02 7.808171507896468841e-03 3.901057007113954751e+04 0.000000000000000000e+00
-1.052248727473170646e+02 -1.052468733066562550e+02 1.047922049611505271e-02 3.885695433005131781e+04 0.000000000000000000e+00
-1.025332834188785540e+02 -1.025556579433614957e+02 7.990432572658089788e-03 1.301970145644416152e+04 0.000000000000000000e+00
-1.031633372071580084e+02 -1.031419538390831860e+02 2.549588992333575235e-02 3.858498523325474525e+04 0.000000000000000000e+00
-1.080148668962782637e+02 -1.080231540103545314e+02 8.815586734409568137e-03 1.295396890187429926e+04 0.000000000000000000e+00
-1.052689200984988105e+02 -1.052762740371860133e+02 9.339707360292421809e-03 3.829621836693818477e+04 0.000000000000000000e+00
-1.066331006989118606e+02 -1.066559562024602741e+02 1.462605332132202972e-02 1.285545123768579833e+04 0.000000000000000000e+00
-9.448886544579508495e+01 -9.445494521918865871e+01 1.952039068773387884e-02 3.803247850130544975e+04 0.000000000000000000e+00
-1.080342119856638163e+02 -1.080402434707668817e+02 6.831630184158807122e-03 3.792582654830481624e+04 0.000000000000000000e+00
-1.107127882781506116e+02 -1.107036705674094748e+02 9.052665142851818586e-03 3.778024375367759785e+04 0.000000000000000000e+00
-9.633122091955573296e+01 -9.631445617005586257e+01 2.058992616489273286e-02 3.763745371886199428e+04 0.000000000000000000e+00
-9.976946512570174264e+01 -9.978417391990436158e+01 1.368982940196520129e-02 3.750252954562372906e+04 0.000000000000000000e+00
-1.052238974944978196e+02 -1.052251004059482682e+02 1.155169658453738396e-02 3.736663609441237350e+04 0.000000000000000000e+00
-1.053253181157923279e+02 -1.053300200389029158e+02 9.417956235740128704e-03 3.722405214255881583e+04 0.000000000000000000e+00
-1.025202738675887133e+02 -1.025440310232559824e+02 8.895278545639172252e-03 1.255665790735496739e+04 0.000000000000000000e+00
-1.025423843776702455e+02 -1.025565015044499546e+02 9.546845792981286521e-03 3.699405925622901123e+04 0.000000000000000000e+00
-1.026843927113135777e+02 -1.027014991621226443e+02 7.992772385619906217e-03 1.248226346481984365e+04 0.000000000000000000e+00
-1.107668332701582727e+02 -1.107735378941428905e+02 8.839911889047376292e-03 1.244655104547793599e+04 0.000000000000000000e+00
-1.025300691006952860e+02 -1.025386854819352322e+02 9.303428755696398558e-03 1.240161324901110493e+04 0.000000000000000000e+00
-1.053238831754252800e+02 -1.053287185012517710e+02 7.132797879403303398e-03 1.235780733300437169e+04 0.000000000000000000e+00
-1.080379802430221901e+02 -1.080384553162443382e+02 7.131461121980599629e-03 3.640610136393101857e+04 0.000000000000000000e+00
-1.052647722496898552e+02 -1.052780598280836415e+02 8.697306821270520474e-03 3.627127215768966562e+04 0.000000000000000000e+00
-1.053273517001473749e+02 -1.053318402017815600e+02 8.934779801375443767e-03 3.614375306836343952e+04 0.000000000000000000e+00
-1.025883668104266349e+02 -1.025950185215822756e+02 8.477598009549667732e-03 3.601159435646695783e+04 0.000000000000000000e+00
-1.024515285508667262e+02 -1.024824773913421438e+02 1.057851488033663412e-02 1.213389733007265386e+04 0.000000000000000000e+00
-9.914462896680265658e+01 -9.913465155716849608e+01 1.753641660744770583e-02 3.577164480512645969e+04 0.000000000000000000e+00
-9.993175979956285460e+01 -9.992009973944406909e+01 1.788038231934609840e-02 3.564496273988315806e+04 0.000000000000000000e+00
-1.024962344388349607e+02 -1.025108086912636338e+02 9.955054931597937320e-03 3.552051151681984629e+04 0.000000000000000000e+00
-1.052480964297062798e+02 -1.052577711000018326e+02 1.001308875309117608e-02 3.539957191402143508e+04 0.000000000000000000e+00
-1.053177537442868896e+02 -1.053314811948907845e+02 8.400852325004277282e-03 3.527547641710273456e+04 0.000000000000000000e+00
-1.025707327056817064e+02 -1.025814028360764780e+02 6.248770692244812533e-03 1.191808959513581249e+04 0.000000000000000000e+00
-1.007747919200530760e+02 -1.007469299979319857e+02 1.329974268474595593e-02 1.187925366516799113e+04 0.000000000000000000e+00
-1.026753593995852185e+02 -1.026891901899853536e+02 8.792059568721243348e-03 1.185939020049235296e+04 0.000000000000000000e+00
-1.080127814925355523e+02 -1.080118825589354543e+02 7.198620505165155559e-03 3.485899180171202897e+04 0.000000000000000000e+00
-9.916190379966279522e+01 -9.913911159613020629e+01 1.770208362083137282e-02 3.473583735197213537e+04 0.000000000000000000e+00
-1.052892026678661210e+02 -1.052979976476614752e+02 8.797831209053282378e-03 1.176747659505048432e+04 0.000000000000000000e+00
-1.080281879017881010e+02 -1.080412383505962879e+02 7.814651579235316545e-03 3.451925259370662388e+04 0.000000000000000000e+00
-9.979208487532008576e+01 -9.980743161479944092e+01 9.303797538469804271e-03 1.168782411153210523e+04 0.000000000000000000e+00
-1.051618388106581534e+02 -1.051742053938187667e+02 1.229710657011514469e-02 3.434309315112728655e+04 0.000000000000000000e+00
-1.025746676264789699e+02 -1.025857973572148722e+02 9.675777100021445976e-03 3.422890410804003477e+04 0.000000000000000000e+00
-1.024451567301183275e+02 -1.024590687720143052e+02 9.999345896377435580e-03 3.411450532035455399e+04 0.000000000000000000e+00
-1.052945545176078781e+02 -1.052832415662133059e+02 8.875107017845992180e-03 3.400327625318645005e+04 0.000000000000000000e+00
-9.970775411979231251e+01 -9.971955145804096787e+01 1.264542568710736760e-02 3.389078312699190428e+04 0.000000000000000000e+00
-1.009909580434838716e+02 -1.010298556062132036e+02 1.395389950202667942e-02 3.377939347073345562e+04 0.000000000000000000e+00
-1.037812547971112167e+02 -1.037496595459681998e+02 1.524081423558353021e-02 3.371253956226172886e+04 0.000000000000000000e+00
-1.034528966625383362e+02 -1.034768439430794871e+02 1.475933983412289208e-02 3.363016209547505423e+04 0.000000000000000000e+00
-1.053316272509072746e+02 -1.053487733666442523e+02 6.959693625056957884e-03 3.353433353449404240e+04 0.000000000000000000e+00
-1.025161298490198476e+02 -1.025241258402059117e+02 7.616686772062627488e-03 1.139698116741245030e+04 0.000000000000000000e+00
-1.079927106229041271e+02 -1.079891943248173334e+02 6.702238415538604513e-03 3.335849258223859943e+04 0.000000000000000000e+00
-1.080587440843499252e+02 -1.080647625605981261e+02 6.937081444938505634e-03 3.324694158904358483e+04 0.000000000000000000e+00
-1.026020553593175890e+02 -1.026236452057542294e+02 8.837485473020134305e-03 3.313697902228823659e+04 0.000000000000000000e+00
-1.012167062792715342e+02 -1.012164520920876356e+02 1.164460122652618071e-02 1.125396559667820111e+04 0.000000000000000000e+00
-9.970422717862625461e+01 -9.966206255125098323e+01 1.619632021806908725e-02 3.294963024489793315e+04 0.000000000000000000e+00
-1.025652483473103445e+02 -1.025808464246542826e+02 8.572652138559648180e-03 3.289514500196068548e+04 0.000000000000000000e+00
-1.025091529297533413e+02 -1.025317361588224401e+02 9.567477829028095751e-03 3.279435760709125316e+04 0.000000000000000000e+00
-1.052490237165850857e+02 -1.052682442035564776e+02 6.991905106939251373e-03 3.270265970318784093e+04 0.000000000000000000e+00
-1.107740566466551684e+02 -1.107628037749819327e+02 8.496893657156633084e-03 3.260714756016748288e+04 0.000000000000000000e+00
-1.052882359357395643e+02 -1.053010508164269083e+02 7.806011196057578878e-03 3.250446576644151355e+04 0.000000000000000000e+00
-1.107776579646571378e+02 -1.107678147505590971e+02 8.332423250357937766e-03 3.240379328282738788e+04 0.000000000000000000e+00
-9.996204600193898671e+01 -9.995243807077687848e+01 1.146814679334394287e-02 3.230149816369805922e+04 0.000000000000000000e+00
-1.052049660746972393e+02 -1.052070634447586741e+02 1.097718434989121070e-02 3.219986078807954982e+04 0.000000000000000000e+00
-1.080717227783864161e+02 -1.080667400618946061e+02 7.130364196704284084e-03 3.209611514430845637e+04 0.000000000000000000e+00
-1.053833210340462614e+02 -1.054016937091662811e+02 8.053873781808419674e-03 3.199363276270963979e+04 0.000000000000000000e+00
-9.850267196286208105e+01 -9.847724056985391883e+01 1.159615184558060452e-02 1.085813088645076823e+04 0.000000000000000000e+00
-1.053396866449896976e+02 -1.053497529106892046e+02 1.096095189559276664e-02 3.180111776423772608e+04 0.000000000000000000e+00
-9.720909252854963256e+01 -9.722988205572349329e+01 1.100007928118560893e-02 1.080944297650716544e+04 0.000000000000000000e+00
-1.106702342293231851e+02 -1.106569654026142615e+02 1.016201621046493829e-02 3.160783516004331977e+04 0.000000000000000000e+00
-9.998377535788837633e+01 -9.998529191696621865e+01 1.320131011622687964e-02 3.151310526059786571e+04 0.000000000000000000e+00
-1.106913270168297601e+02 -1.106927099147684004e+02 8.710984413974149840e-03 1.072113733923174550e+04 0.000000000000000000e+00
-1.052308222319436908e+02 -1.052472046094512024e+02 9.478445244425441965e-03 3.131590869408112485e+04 0.000000000000000000e+00
-9.725131709350175413e+01 -9.725564942126344192e+01 1.303888435786780021e-02 3.122564496028902795e+04 0.000000000000000000e+00
-1.052841926140426949e+02 -1.052969937677214460e+02 6.577214944597845753e-03 3.112858377679772821e+04 0.000000000000000000e+00
-1.025333683558417590e+02 -1.025460142011728095e+02 7.789125306944346717e-03 1.060562697076919903e+04 0.000000000000000000e+00
-1.053217874606461351e+02 -1.053254004682508054e+02 5.942215461562678526e-03 3.095777513624243147e+04 0.000000000000000000e+00
-1.080596329821840840e+02 -1.080485203261071803e+02 7.919659029163349587e-03 3.086232999795427895e+04 0.000000000000000000e+00
-1.053124604401306641e+02 -1.053203480014128530e+02 5.243609334787410238e-03 3.077072224277539135e+04 0.000000000000000000e+00
-1.026825282447729819e+02 -1.026973279591794750e+02 7.207305351427928213e-03 1.048032457806020102e+04 0.000000000000000000e+00
-1.025655219472115078e+02 -1.025774357856620469e+02 8.786538417100980478e-03 3.060331147383610005e+04 0.000000000000000000e+00
-1.026371169313736118e+02 -1.026608080923888764e+02 8.723800591856335079e-03 3.051391819629862221e+04 0.000000000000000000e+00
-1.080311598617083035e+02 -1.080268182007579441e+02 8.159792626460601189e-03 3.043769612034426609e+04 0.000000000000000000e+00
-1.052807376044511045e+02 -1.052767234877442490e+02 7.326238955440303804e-03 3.034572925789110741e+04 0.000000000000000000e+00
-1.026047295731317206e+02 -1.026195385623545349e+02 7.230565769448827132e-03 3.025423357427653536e+04 0.000000000000000000e+00
-1.026967125180912461e+02 -1.027133373505874800e+02 7.774706974482122751e-03 1.030583797317794779e+04 0.000000000000000000e+00
-9.986620769593913849e+01 -9.985571747179463387e+01 1.342178933367264848e-02 3.011889778594192467e+04 0.000000000000000000e+00
-1.052830489971013321e+02 -1.052892897600114992e+02 8.143753891866318748e-03 3.003158719378378009e+04 0.000000000000000000e+00
-1.013603913878702087e+02 -1.013943365001035630e+02 1.202959330706888236e-02 2.994282671293559542e+04 0.000000000000000000e+00
-1.053379910805044517e+02 -1.053365869123855560e+02 5.924487705640476588e-03 1.019592386463220464e+04 0.000000000000000000e+00
-1.080592185562499310e+02 -1.080535305641844275e+02 8.116768957904332144e-03 2.981227459187716886e+04 0.000000000000000000e+00
-1.052732592242071519e+02 -1.052850535996544750e+02 6.653776998859256726e-03 1.013584604700473210e+04 0.000000000000000000e+00
-1.081303025021889113e+02 -1.081171082366040963e+02 9.647274559682648271e-03 2.964006684080919149e+04 0.000000000000000000e+00
-1.053028226514625203e+02 -1.053173000898601117e+02 6.455800798016463060e-03 2.955743189326918946e+04 0.000000000000000000e+00
-1.080599165018795844e+02 -1.080719857749590744e+02 7.102474046762800343e-03 2.947643151707001743e+04 0.000000000000000000e+00
-9.980845282794824413e+01 -9.982799710297915396e+01 7.454273364197541024e-03 1.002178094184423571e+04 0.000000000000000000e+00
-9.720860674548475799e+01 -9.722716931882854396e+01 8.687238857221694574e-03 1.000229539119358560e+04 0.000000000000000000e+00
-9.872680900980139995e+01 -9.875384762171059094e+01 1.336412208342425273e-02 9.982974326572844802e+03 0.000000000000000000e+00
-1.052824575363813722e+02 -1.052864730997003022e+02 6.317116039331016966e-03 9.971400500196596113e+03 0.000000000000000000e+00
-9.990675012264088650e+01 -9.993377477051687663e+01 9.953943277163770920e-03 2.916389300836414259e+04 0.000000000000000000e+00
-1.026451041785084897e+02 -1.026464676683836075e+02 8.692230461655937879e-03 9.921416571149253286e+03 0.000000000000000000e+00
-9.821113900791294782e+01 -9.821997692156217852e+01 1.358781249650239074e-02 2.901751856286894690e+04 0.000000000000000000e+00
-9.993150805430225603e+01 -9.994586170702901029e+01 9.212897935346318901e-03 2.893606683466834875e+04 0.000000000000000000e+00
-9.689556196310641667e+01 -9.687909258201668194e+01 2.067296336341984189e-02 2.885888367970329273e+04 0.000000000000000000e+00
-1.015484537051541452e+02 -1.015520514393733009e+02 9.623655352505337476e-03 9.832199972339065425e+03 0.000000000000000000e+00
-1.026817013283329345e+02 -1.026675559172077499e+02 9.524501551130794968e-03 2.870161857680363028e+04 0.000000000000000000e+00
-1.052821981114628755e+02 -1.052895358347907830e+02 8.125349095615356371e-03 2.862562765414436944e+04 0.000000000000000000e+00
-1.080672914836247998e+02 -1.080729694689996307e+02 6.252867114588222218e-03 2.854597889370142366e+04 0.000000000000000000e+00
-1.107240802627072043e+02 -1.107218938495529699e+02 8.015359001302910583e-03 2.846627142434897542e+04 0.000000000000000000e+00
-1.018730955064528274e+02 -1.018550963454255509e+02 1.264233996100706803e-02 9.700115488042089055e+03 0.000000000000000000e+00
-1.053573299588369565e+02 -1.053637559913179587e+02 5.484776406420999520e-03 9.681009168663009405e+03 0.000000000000000000e+00
-1.053905929761407947e+02 -1.053899922094386739e+02 8.674550154648137668e-03 2.824001516045446988e+04 0.000000000000000000e+00
-1.079744426370471615e+02 -1.079725853831265141e+02 7.620271407835482042e-03 2.816113822568684554e+04 0.000000000000000000e+00
-1.025530380169975331e+02 -1.025480978749068584e+02 8.303440015218094619e-03 2.808277519917937025e+04 0.000000000000000000e+00
-1.080338095163566123e+02 -1.080451656742325071e+02 6.815487145930586473e-03 2.800543793131816710e+04 0.000000000000000000e+00
-9.833920852368331111e+01 -9.829532764219814567e+01 1.148631557169431557e-02 9.555698049891083429e+03 0.000000000000000000e+00
-1.052754573594383771e+02 -1.052707047597645413e+02 5.911613045567366310e-03 2.785435075636954207e+04 0.000000000000000000e+00
-1.079905128535484806e+02 -1.079963539884540182e+02 5.807624962614206174e-03 9.550825757516833619e+03 0.000000000000000000e+00
-1.081001171673973715e+02 -1.080969509803122861e+02 8.258752703487240096e-03 2.770913145111401536e+04 0.000000000000000000e+00
-1.080236459368816782e+02 -1.080179982108429328e+02 6.440568921280370382e-03 2.763345800543904988e+04 0.000000000000000000e+00
-1.025892364579956677e+02 -1.025902414566252219e+02 7.267615526402090159e-03 9.474170276170221769e+03 0.000000000000000000e+00
-1.053696883727763804e+02 -1.053825975490385929e+02 7.627367705480041921e-03 2.748616509356252209e+04 0.000000000000000000e+00
-1.106929774839769038e+02 -1.106929944166021613e+02 7.646022804617345556e-03 9.422698230028396210e+03 0.000000000000000000e+00
-1.053627719304417383e+02 -1.053645092587620127e+02 6.986843729757021698e-03 2.734237184144919956e+04 0.000000000000000000e+00
-9.968972301426883575e+01 -9.971454394648554853e+01 1.075646502586410230e-02 9.372228677834295013e+03 0.000000000000000000e+00
-9.992961960335743754e+01 -9.991906538213302724e+01 6.606720844310617034e-03 9.361018779831996653e+03 0.000000000000000000e+00
-9.433977694399374059e+01 -9.437195931921488068e+01 1.584120231416497049e-02 9.338667149442693699e+03 0.000000000000000000e+00
-1.019535613748374629e+02 3.832336114981863680e+17 9.661166375449865029e+01 9.333813573412307960e+03 0.000000000000000000e+00
-1.852419206034625000e+12 6.482678848802005632e+03 6.135653241598947500e+14 3.916451634882981714e+32 0.000000000000000000e+00
-1.171044773140125000e+12 7.236039570524080489e+01 8.077464923400115625e+13 3.906035688845104191e+32 0.000000000000000000e+00
-3.731560714362500000e+11 -4.503773812714259606e+01 3.212634783708996094e+13 3.895674998633405837e+32 0.000000000000000000e+00
-3.950920435213750000e+11 1.554582496138223860e+03 6.281321681674443750e+13 3.885369125722034818e+32 0.000000000000000000e+00
-1.432015747292125000e+12 3.085145979765421771e+02 1.554976307472867812e+14 3.875117636213247965e+32 0.000000000000000000e+00
-2.753091186268750000e+11 -4.429875295131925128e+01 2.270941165574813672e+13 3.864920100776594884e+32 0.000000000000000000e+00
-1.788406778665000000e+11 6.542220637420568252e+00 2.095370920468646094e+13 3.854776094588654029e+32 0.000000000000000000e+00
-1.608971928540000000e+11 -5.400435830747840527e+01 1.570092549385237500e+13 3.844685197274422498e+32 0.000000000000000000e+00
-1.349799925778750000e+11 -5.356449556565089409e+01 1.603956098537233594e+13 3.834646992849041610e+32 0.000000000000000000e+00
-1.810254879412500000e+11 -5.853362969596847165e+01 2.962592868108198438e+13 3.824661069660674698e+32 0.000000000000000000e+00
-6.648202650537500000e+10 -5.001325911098570742e+01 9.319232715199291016e+12 3.814727020334243810e+32 0.000000000000000000e+00
-8.694162591050000000e+10 -5.422140022746707189e+01 7.529805953318061523e+12 3.804844441716023908e+32 0.000000000000000000e+00
-1.167381110363750000e+11 1.722032388845299010e+03 1.849691513074172266e+13 3.795012934819117607e+32 0.000000000000000000e+00
-9.938213115912500000e+10 -4.807441721736309859e+01 1.720088335911686719e+13 3.785232104769754255e+32 0.000000000000000000e+00
-6.162377542212500000e+10 -4.494059082684393758e+01 7.149267338603744141e+12 3.775501560754417669e+32 0.000000000000000000e+00
-5.121984377325000000e+10 -4.731559059451356575e+01 8.518949696620512695e+12 3.765820915967803983e+32 0.000000000000000000e+00
-5.876005743125000000e+10 -6.369473848736746646e+01 6.408515953105066406e+12 3.756189787561574284e+32 0.000000000000000000e+00
-8.556145664176250000e+11 -6.201302519583834538e+01 1.922538636589728438e+14 3.746607796593836475e+32 0.000000000000000000e+00
-8.652681480700000000e+10 -6.110901016676129416e+01 3.493720612305736328e+13 3.737074567979608565e+32 0.000000000000000000e+00
-3.631359772546250000e+11 -6.471741208279978252e+01 4.229574304349253906e+13 3.727589730441539195e+32 0.000000000000000000e+00
-1.014512413923625000e+12 2.303411239578259938e+03 2.834053395296433750e+14 3.718152916462139220e+32 0.000000000000000000e+00
-4.797023889975000000e+10 -7.622953652286754789e+01 6.822786730021675781e+12 3.708763762236006805e+32 0.000000000000000000e+00
-5.473253344225000000e+10 -5.491395882166099796e+01 1.090097398323154297e+13 3.699421907623101679e+32 0.000000000000000000e+00
-4.904371727575000000e+10 -3.820839749852518707e+01 6.710193919160569336e+12 3.690126996102861017e+32 0.000000000000000000e+00
-3.808931702350000000e+10 -5.206504991001558835e+01 6.016281766161774414e+12 3.680878674728713807e+32 0.000000000000000000e+00
-9.021382312737500000e+10 5.394904275026692630e+03 2.783512415580078125e+13 3.671676594083446213e+32 0.000000000000000000e+00
-3.248074073125000000e+10 -7.528223652364071938e+01 4.458740160672736328e+12 3.662520408235187358e+32 0.000000000000000000e+00
-4.688126709037500000e+10 1.009974420513868495e+03 6.432951987936727539e+12 3.653409774694071004e+32 0.000000000000000000e+00
-2.916872329737500000e+10 -6.773538267472382302e+01 5.369627372140608398e+12 3.644344354369527011e+32 0.000000000000000000e+00
-5.622734656590000000e+11 -4.897821762214948649e+01 1.195942425318521094e+14 3.635323811528175930e+32 0.000000000000000000e+00
-3.792318772500000000e+10 -3.214175017557002434e+01 1.129914835875304883e+13 3.626347813752547926e+32 0.000000000000000000e+00
-4.138502234712500000e+10 -5.700715946306030446e+01 1.043110568928939062e+13 3.617416031899937889e+32 0.000000000000000000e+00
-3.366997047712500000e+10 -1.609384010185035052e+01 5.988729523767397461e+12 3.608528140062479043e+32 0.000000000000000000e+00
-3.600338762550000000e+10 -4.077752138579199936e+01 8.360215686253985352e+12 3.599683815527351304e+32 0.000000000000000000e+00
-2.693791445462500000e+10 -5.239513918145723892e+01 3.965674515913097656e+12 3.590882738737755604e+32 0.000000000000000000e+00
-2.695285049212500000e+10 -5.688092930592150509e+01 3.744107488049729004e+12 3.582124593254423610e+32 0.000000000000000000e+00
-2.247223468562500000e+10 -5.164197283765156499e+01 2.818132460943824707e+12 3.573409065717695250e+32 0.000000000000000000e+00
-3.675483544525000000e+10 1.741378816561663143e+03 6.170805764209130859e+12 3.564735845810148927e+32 0.000000000000000000e+00
-3.702341215162500000e+10 -6.473766363742046792e+01 7.524489127076094727e+12 3.556104626219764232e+32 0.000000000000000000e+00
-2.319974420912500000e+10 -3.061731725225938305e+01 3.951237697339531738e+12 3.547515102603633746e+32 0.000000000000000000e+00
-2.615896124350000000e+10 -6.466646610340369250e+01 8.911441236156564453e+12 3.538966973552187160e+32 0.000000000000000000e+00
-2.192152059950000000e+10 -5.044797929833098493e+01 3.902055701559817871e+12 3.530459940553937096e+32 0.000000000000000000e+00
-2.205330138375000000e+10 -5.670712644166160743e+01 3.151896530919641113e+12 3.521993707960736543e+32 0.000000000000000000e+00
-2.062781159725000000e+10 -5.095822295020848713e+01 3.831302354291686523e+12 3.513567982953521233e+32 0.000000000000000000e+00
-2.013703049812500000e+10 -3.136729351353671902e+01 2.974796261295558105e+12 3.505182475508551379e+32 0.000000000000000000e+00
-1.873914510700000000e+10 -5.911245789789837346e+01 2.786052223782146484e+12 3.496836898364144124e+32 0.000000000000000000e+00
-1.595182076362500000e+10 -5.052154726541292717e+01 3.727346287989765137e+12 3.488530966987863557e+32 0.000000000000000000e+00
-1.888026898237500000e+10 -3.358101196445475978e+01 3.658243384423010742e+12 3.480264399544183429e+32 0.000000000000000000e+00
-1.581127105987500000e+10 -4.951253105485725570e+01 2.591411832630390137e+12 3.472036916862615356e+32 0.000000000000000000e+00
-1.571178743362500000e+10 -6.141457972335720683e+01 2.654043742362656250e+12 3.463848242406280178e+32 0.000000000000000000e+00
-1.427072469900000000e+10 -4.336225756554566146e+01 2.140723700478444824e+12 3.455698102240926081e+32 0.000000000000000000e+00
-2.086499646337500000e+10 -7.896832721385166565e+01 3.172300387946155762e+12 3.447586225004381933e+32 0.000000000000000000e+00
-1.505582838912500000e+10 -5.115865658101937896e+01 3.444865357578136230e+12 3.439512341876435057e+32 0.000000000000000000e+00
-1.692600546137500000e+10 -7.657808457696886251e+01 3.655089555447241699e+12 3.431476186549145659e+32 0.000000000000000000e+00
-2.641884450562500000e+10 2.073727883231119904e+03 5.059557432501946289e+12 3.423477495197564064e+32 0.000000000000000000e+00
-1.643524111950000000e+10 -1.946240096198159719e+01 5.337879268505194336e+12 3.415516006450857238e+32 0.000000000000000000e+00
-1.411128746712500000e+10 -6.463237551832401095e+01 4.152073996663954102e+12 3.407591461363838110e+32 0.000000000000000000e+00
-1.391426550325000000e+10 -4.275807677425031983e+01 2.197083390737799805e+12 3.399703603388896983e+32 0.000000000000000000e+00
-1.424219017450000000e+10 -4.916875920301563951e+01 3.149301532101840820e+12 3.391852178348317001e+32 0.000000000000000000e+00
-1.277029235250000000e+10 -5.130049565143959001e+01 2.570879890996651855e+12 3.384036934406965764e+32 0.000000000000000000e+00
-1.734418802150000000e+10 -8.439808513930502443e+01 2.302929892183650391e+12 3.376257622045377493e+32 0.000000000000000000e+00
-2.624567772187500000e+10 -8.905292446868777745e+01 4.127658637296886719e+12 3.368513994033191159e+32 0.000000000000000000e+00
-1.784739016775000000e+10 -8.589481277445740659e+01 2.252593845190849609e+12 3.360805805402965476e+32 0.000000000000000000e+00
