5.000000000000000000e+00
1.200000000000000233e-01
1.000000000000000056e-01
9.327138502204987969e-01
6.852779450049764076e-01
5.905164359943332331e-01
5.357951715874305076e-01
4.589784500525085909e-01
4.235821848052093719e-01
4.224040426037030116e-01
4.007618453409111936e-01
3.779583399410685884e-01
3.615627087638063619e-01
2.002753604081880523e-01
1.742709427923168075e-01
1.192994105853020376e-01
6.217638734818917851e-02
5.002681710251661445e-02
3.627603226806003223e-02
1.807842416467049171e-02
1.654472001628472244e-02
1.559624058155284487e-02
2.888037275784801228e-03
