5.000000000000000000e+00
6.000000000000001166e-02
5.999999999999999778e-01
6.079013233985859355e-01
4.707859679947521414e-01
4.574750916382389621e-01
4.320087786593907464e-01
4.288439920083422230e-01
3.897998493435451683e-01
3.764996289764307447e-01
3.715868298250050716e-01
3.561829646868314714e-01
3.550323027455162261e-01
2.407251650773690743e-01
1.088215236281512566e-01
7.387004157147032679e-02
8.393968404426091490e-02
6.505148152450808408e-02
2.578569914482153891e-02
2.400210965898293830e-02
1.978123165170432574e-02
9.152787277058236498e-03
2.837166400135479345e-03
