5.000000000000000000e+00
8.000000000000001554e-02
9.000000000000000222e-01
5.524290544999951313e-01
4.125152049869626469e-01
4.914914527675783296e-01
4.462893074398509574e-01
4.449806832476198015e-01
4.156420141987958727e-01
3.963747743984470384e-01
3.805347402223017705e-01
3.731384387629789190e-01
3.646573031855501745e-01
1.703260028700689099e-01
6.549685235971176855e-02
9.020236952590182655e-02
9.649104713991511761e-02
7.503904347012188558e-02
3.440907618065201096e-02
1.706408547694057698e-02
1.868741038366165952e-02
1.098894155519587225e-02
4.494427245396723399e-03
