5.000000000000000000e+00
1.000000000000000194e-01
3.000000000000000444e-01
6.940448057233965518e-01
5.325215140819449244e-01
4.448925780037792377e-01
4.554261652282474704e-01
4.213092215501573756e-01
3.739987289376544011e-01
3.742233556985051779e-01
3.747659270503790330e-01
3.551927175191919583e-01
3.505969431903020461e-01
2.153792466334652211e-01
1.079155879276589569e-01
6.275722463013355679e-02
4.721339983310326310e-02
3.678438146539501907e-02
3.509309129602519728e-02
3.133064891065041879e-02
1.572541728475519707e-02
1.601201355447736188e-02
2.775749083795983705e-03
