5.000000000000000000e+00
1.000000000000000194e-01
5.000000000000000000e-01
6.254518037455520929e-01
4.812449066172007628e-01
4.584517476718679707e-01
4.389525879708118805e-01
4.270665406391981334e-01
3.834217553011919910e-01
3.774351547913872840e-01
3.713007263304363703e-01
3.542543424132144070e-01
3.513595213753240576e-01
2.190075006858382412e-01
1.120461869593187554e-01
7.667466411381811120e-02
8.068595959507468551e-02
5.922890888580578661e-02
2.726140310841030159e-02
2.522382594544329143e-02
1.891798610588074636e-02
1.011125687951125798e-02
1.762345141540459272e-03
