0.000000000000000000e+00 0.000000000000000000e+00 0.000000000000000000e+00 0.000000000000000000e+00 0.000000000000000000e+00
-9.469357120871575262e+01 -9.446744295509004985e+01 2.568700450195429141e-01 3.234194642666613217e+05 0.000000000000000000e+00
-1.018476315774579604e+02 -1.017803550337837493e+02 2.348252281616771964e-01 6.466804659557313425e+04 0.000000000000000000e+00
-1.023803755733454608e+02 -1.024805827519678445e+02 1.066046285608982652e-01 3.110945000222168746e+05 0.000000000000000000e+00
-9.974743942439795319e+01 -9.979644800239549340e+01 1.025105868066094189e-01 3.050342703052961733e+05 0.000000000000000000e+00
-1.107474484281392364e+02 -1.107291257033135139e+02 1.849593388386567561e-01 5.992920350534284808e+04 0.000000000000000000e+00
-1.051784540336575731e+02 -1.052766527460049133e+02 1.045349415090101874e-01 2.953578867033679853e+05 0.000000000000000000e+00
-9.720311263407502622e+01 -9.713042200038863427e+01 1.574980928438209915e-01 2.900159787532137125e+05 0.000000000000000000e+00
-9.702688460498792722e+01 -9.700437771703047929e+01 8.286076309933104733e-02 5.785396428974145965e+04 0.000000000000000000e+00
-1.107062122588294812e+02 -1.106890118577833420e+02 7.245081809314954380e-02 5.657837569126910239e+04 0.000000000000000000e+00
-9.606460487401812998e+01 -9.600282160962505884e+01 1.008619248449691558e-01 5.535283905215781124e+04 0.000000000000000000e+00
-1.018817098439747184e+02 -1.017876973197312651e+02 2.153427885886836368e-01 5.541262467972772356e+03 0.000000000000000000e+00
-1.052355673538010450e+02 -1.053153875849429539e+02 5.998226935176548952e-02 5.336055436033078149e+04 0.000000000000000000e+00
-9.745640835554362980e+01 -9.736401841301366744e+01 9.168873190820882313e-02 5.302946221379967028e+04 0.000000000000000000e+00
-1.024535546617127579e+02 -1.024485898729823532e+02 9.238969036988591010e-02 2.651311075687963166e+05 0.000000000000000000e+00
-9.981973543582370212e+01 -9.985704880626340696e+01 6.221505258219452855e-02 5.161462943744361110e+04 0.000000000000000000e+00
-9.982567278787259113e+01 -9.979973743793064500e+01 5.503931585824951150e-02 5.075688238140531757e+04 0.000000000000000000e+00
-1.079916467126561059e+02 -1.079863903906792331e+02 4.187405035880215759e-02 4.987364111573847185e+04 0.000000000000000000e+00
-1.026512801803706907e+02 -1.024126073362455571e+02 8.689237988673935431e-02 2.459990888739495422e+05 0.000000000000000000e+00
-9.711038385994379496e+01 -9.692857286892434843e+01 9.504242235419441132e-02 2.495031255185488262e+05 0.000000000000000000e+00
-1.078843829406471286e+02 -1.079261745126931231e+02 5.945001451571521600e-02 2.493520939308930538e+05 0.000000000000000000e+00
-9.966171828617156336e+01 -9.951259807203969388e+01 7.058222831441068879e-02 4.654440972886648524e+04 0.000000000000000000e+00
-1.001652852534720353e+02 -1.000598840399154028e+02 1.079003753683635825e-01 4.762919673930213321e+04 0.000000000000000000e+00
-1.079599802978171255e+02 -1.079954004561423204e+02 4.154920587899126744e-02 4.734258053261497844e+04 0.000000000000000000e+00
-1.107513059684865908e+02 -1.107373600044076767e+02 3.984535300146315601e-02 4.669096564270075760e+04 0.000000000000000000e+00
-1.017097584441673064e+02 -1.015371209292654981e+02 1.297312376304554926e-01 2.366737505447666335e+05 0.000000000000000000e+00
-9.826179977657271536e+01 -9.825070251415617406e+01 5.545198307193462128e-02 4.950340488176761937e+03 0.000000000000000000e+00
-1.107043119642260365e+02 -1.107078328090022268e+02 6.212467698609121236e-02 2.318460707346896816e+05 0.000000000000000000e+00
-9.927295566581510400e+01 -9.927668978863546556e+01 5.339166475978834175e-02 4.424637980710067495e+04 0.000000000000000000e+00
-1.080369210944383269e+02 -1.080362068079667637e+02 2.679846866819167450e-02 4.355586190025135875e+04 0.000000000000000000e+00
-1.052941087900908030e+02 -1.052551366393880556e+02 4.671497565994368190e-02 2.242085738648693659e+05 0.000000000000000000e+00
-1.106503316704707061e+02 -1.106423420800963271e+02 4.839741796660678580e-02 4.226665874240191624e+04 0.000000000000000000e+00
-1.053235378900164818e+02 -1.053023237487289379e+02 3.330384850376628264e-02 4.164118407457256399e+04 0.000000000000000000e+00
-1.052466171142012570e+02 -1.052303314983839329e+02 4.693277790114742942e-02 2.149020849849819206e+05 0.000000000000000000e+00
-1.052612336403625619e+02 -1.052707307565977857e+02 2.883745605557686345e-02 4.059237443852591969e+04 0.000000000000000000e+00
-1.106794692513252443e+02 -1.106715573422827674e+02 2.602370892586251816e-02 4.002149603723586915e+04 0.000000000000000000e+00
-1.079733042489279313e+02 -1.079816033651197245e+02 4.179980445598745903e-02 2.062317003594125563e+05 0.000000000000000000e+00
-1.024938571276264980e+02 -1.025774982995820892e+02 4.497811860306247939e-02 3.923004964195895445e+04 0.000000000000000000e+00
-1.079216714849509486e+02 -1.079468603985049953e+02 3.294832805304277745e-02 3.932658731346260902e+04 0.000000000000000000e+00
-1.051834424253498810e+02 -1.052267783907051353e+02 3.383886266943691296e-02 3.886034994494245620e+04 0.000000000000000000e+00
-9.715059318618597217e+01 -9.711660143002397660e+01 2.575810161944237439e-02 3.852992331355730857e+04 0.000000000000000000e+00
-7.175430385131365085e+01 -7.094969313780096343e+01 1.846580305513841891e-01 3.815575385953383375e+04 0.000000000000000000e+00
-9.970084922126837057e+01 -9.978017603404560987e+01 8.777062990470603510e-02 1.969795989198609313e+05 0.000000000000000000e+00
-1.052973536521745643e+02 -1.053157529675755910e+02 2.470233570529553613e-02 4.526701284567132825e+04 0.000000000000000000e+00
-1.080078468717530029e+02 -1.080138816199594203e+02 3.618818634700475545e-02 1.932588975689717627e+05 0.000000000000000000e+00
-1.014229837521098432e+02 -1.014213788628859731e+02 4.261409134509543117e-02 4.417456516390219622e+04 0.000000000000000000e+00
-9.987218623023456132e+01 -9.988051165376565166e+01 2.369768550961451337e-02 4.362975237103008840e+04 0.000000000000000000e+00
-1.046091466206263192e+02 -1.044625178665913126e+02 6.058600639645238262e-02 4.310438539771320939e+04 0.000000000000000000e+00
-9.698153319303202125e+01 -9.699769960464206520e+01 9.197147699996845172e-02 1.847109731645532884e+05 0.000000000000000000e+00
-9.986141563988560677e+01 -9.984475747972129511e+01 3.488914472128380739e-02 4.345138340255437652e+04 0.000000000000000000e+00
-1.080069613160895017e+02 -1.080110660976985457e+02 3.593801974716518549e-02 1.811210515830634395e+05 0.000000000000000000e+00
-1.079766443524335813e+02 -1.079857310756250399e+02 3.413715026092312144e-02 1.790165558655807108e+05 0.000000000000000000e+00
-1.053028835669011727e+02 -1.052894955823877297e+02 2.793956837321015518e-02 1.769680302432059252e+05 0.000000000000000000e+00
-1.066759995362091615e+02 -1.068563518553455225e+02 8.239949306000793339e-02 1.749769949005213857e+05 0.000000000000000000e+00
-1.080237034914046177e+02 -1.080320299757739519e+02 1.760438793156424500e-02 4.114909652500465745e+04 0.000000000000000000e+00
-1.026192348001208927e+02 -1.026309916023405293e+02 2.353253632811033377e-02 4.069960068943270744e+04 0.000000000000000000e+00
-1.053679007050499479e+02 -1.053796826517225753e+02 2.506002082141134055e-02 4.026673055692893831e+04 0.000000000000000000e+00
-1.080124212505407826e+02 -1.080320103476893649e+02 1.626802546157901652e-02 3.984438397551751405e+04 0.000000000000000000e+00
-1.027368259544015103e+02 -1.027015079363731900e+02 6.696348832194666534e-02 1.685403445853908488e+05 0.000000000000000000e+00
-1.080084309333628454e+02 -1.080338765286071521e+02 2.451752309093936308e-02 3.903867773128503904e+04 0.000000000000000000e+00
-1.080290229435377540e+02 -1.080557705915004760e+02 2.841018857162936131e-02 3.869090522030164720e+04 0.000000000000000000e+00
-1.107085237620646581e+02 -1.107056991785677411e+02 2.124681638022622374e-02 3.835545379679743201e+04 0.000000000000000000e+00
-1.079317181391607363e+02 -1.079392530088395858e+02 3.357933093991525425e-02 1.617600634214438905e+05 0.000000000000000000e+00
-9.979179336581320570e+01 -9.971586748624362428e+01 4.231872935021949167e-02 1.601147380352183827e+05 0.000000000000000000e+00
-1.079975625697970685e+02 -1.079644228663396746e+02 2.690805826708205645e-02 1.590185607909530227e+05 0.000000000000000000e+00
-1.041979398828492549e+02 -1.043266585811312552e+02 6.137126454323850455e-02 1.575327708238341729e+05 0.000000000000000000e+00
-1.107523767537286972e+02 -1.107367982430738351e+02 3.009342131313868032e-02 1.572972265667488973e+05 0.000000000000000000e+00
-1.026232759903846556e+02 -1.026367354015925883e+02 1.965617930034872785e-02 3.649849315661341825e+04 0.000000000000000000e+00
-9.707951693469178167e+01 -9.705173721982595225e+01 5.435177121735915162e-02 1.546983012615411135e+05 0.000000000000000000e+00
-1.035530758801883877e+02 -1.034251298679177893e+02 7.532282530172834667e-02 1.532730526449310710e+05 0.000000000000000000e+00
-1.025909861533872629e+02 -1.026220235299321786e+02 2.868169938174590025e-02 3.555689216611009033e+04 0.000000000000000000e+00
-1.080384734217685292e+02 -1.080376575554714407e+02 2.935271331185038482e-02 1.523299672266600537e+05 0.000000000000000000e+00
-1.053467358542043399e+02 -1.053095558218092265e+02 2.307761258634694751e-02 1.509061417072228214e+05 0.000000000000000000e+00
-9.935705474918430014e+01 -9.930940485097656278e+01 5.016622752879909553e-02 1.496332760074139223e+05 0.000000000000000000e+00
-1.052968402710087616e+02 -1.053143091851978426e+02 1.574260611205927432e-02 3.433613168858540303e+04 0.000000000000000000e+00
-1.018865644233227385e+02 -1.018902958336374240e+02 3.932470078082640763e-02 3.404913797926848929e+04 0.000000000000000000e+00
-1.053274583104061151e+02 -1.053401297294080052e+02 1.663827590578591600e-02 3.374285057758300536e+04 0.000000000000000000e+00
-1.032617256132522101e+02 -1.031752996750380476e+02 3.478828348883516303e-02 3.345579434752650559e+04 0.000000000000000000e+00
-1.024759720237101277e+02 -1.024766801162368921e+02 2.880941784363249755e-02 1.442734646927142749e+05 0.000000000000000000e+00
-1.007292857633690915e+02 -1.007463004409613774e+02 3.662823681934880560e-02 3.336572671105671907e+04 0.000000000000000000e+00
-1.036258138755061680e+02 -1.036309733262718140e+02 4.225782079662582236e-02 3.309607879688138928e+04 0.000000000000000000e+00
-1.080360434604262565e+02 -1.080397597489013606e+02 1.542726227557156965e-02 3.281201798175067961e+04 0.000000000000000000e+00
-1.016887369961300323e+02 -1.016918584221752440e+02 2.735020958981768807e-02 3.253295613843929459e+04 0.000000000000000000e+00
-1.025970058868302175e+02 -1.026229012134169665e+02 2.560857018779832961e-02 1.386883055300624692e+05 0.000000000000000000e+00
-9.723897003426847618e+01 -9.725635139281064312e+01 2.855591308504773496e-02 3.198661027138983627e+04 0.000000000000000000e+00
-1.026646015202401401e+02 -1.026839686755209584e+02 2.008877859819462389e-02 3.173941458150246035e+04 0.000000000000000000e+00
-1.107121498973389180e+02 -1.106925312603267457e+02 2.226572802767299783e-02 1.353040866171957168e+05 0.000000000000000000e+00
-9.176601563393197125e+01 -9.179590704723374017e+01 3.236005181344051018e-02 3.125122852967538347e+04 0.000000000000000000e+00
-1.079443008669270654e+02 -1.079832999358027337e+02 2.025597205080314350e-02 3.105442028798587125e+04 0.000000000000000000e+00
-1.026734747841288709e+02 -1.026925642692897327e+02 2.335307336754095103e-02 3.091082439032623734e+04 0.000000000000000000e+00
-9.457376621873626732e+01 -9.424819097606859941e+01 1.197529500274826797e-01 1.313769374452214106e+05 0.000000000000000000e+00
-1.053052376859956496e+02 -1.052884405442028424e+02 2.091524634819478742e-02 1.343349679568892461e+05 0.000000000000000000e+00
-1.068258183291127921e+02 -1.067475461141748951e+02 2.936128780659987350e-02 3.042426032522460082e+04 0.000000000000000000e+00
-1.025252443848347639e+02 -1.025225606768659645e+02 2.488889199707589733e-02 1.322575184014057741e+05 0.000000000000000000e+00
-1.009797269828575139e+02 -1.010078136913897140e+02 3.663457016194436588e-02 3.035067062562584397e+04 0.000000000000000000e+00
-1.022563902492634611e+02 -1.020888676318127608e+02 5.246884507496423627e-02 3.015618170112196822e+04 0.000000000000000000e+00
-9.984472412900839799e+01 -9.989090511441436604e+01 2.319725914935082123e-02 3.106531514917825916e+04 0.000000000000000000e+00
-9.993311953119841462e+01 -9.995719616128899077e+01 2.005974700376252431e-02 3.097194693131840904e+04 0.000000000000000000e+00
-1.107754518577838638e+02 -1.107473448740837512e+02 2.421189121410307482e-02 1.279356494015658245e+05 0.000000000000000000e+00
-1.052889724284149935e+02 -1.053063172855154477e+02 2.413831376322603944e-02 1.270360173290319944e+05 0.000000000000000000e+00
-1.037174374838640318e+02 -1.036648335599716262e+02 4.416987495212634091e-02 1.261161862124337931e+05 0.000000000000000000e+00
-1.106725762987150716e+02 -1.106910410751301441e+02 1.822868998438662014e-02 3.016709701604905422e+04 0.000000000000000000e+00
-1.025701042011033479e+02 -1.025673618201440149e+02 1.342676453816020292e-02 2.996958009877106088e+04 0.000000000000000000e+00
-1.052364669018389520e+02 -1.051876691819676211e+02 2.975382155927750599e-02 1.235661859680884518e+05 0.000000000000000000e+00
-1.052800658976035209e+02 -1.052911389978897461e+02 1.370636902512727823e-02 2.954253967313562680e+04 0.000000000000000000e+00
-1.052806920411168221e+02 -1.053036466185050841e+02 2.576806338348586536e-02 1.220211056931543280e+05 0.000000000000000000e+00
-9.990426411332268231e+01 -9.992031033561688957e+01 1.951886705627988577e-02 2.915570436635462829e+04 0.000000000000000000e+00
-1.080422787450876427e+02 -1.080502007933099833e+02 1.932739783357567687e-02 1.203610488219660183e+05 0.000000000000000000e+00
-1.053023321235381644e+02 -1.053022853989240133e+02 1.500305588306529922e-02 1.195237518399808469e+05 0.000000000000000000e+00
-1.053397000487793491e+02 -1.052912325731642369e+02 2.252686404821812802e-02 1.186936647382316442e+05 0.000000000000000000e+00
-1.080104430095626782e+02 -1.080006772179232968e+02 2.179099926963273814e-02 1.180323307230845094e+05 0.000000000000000000e+00
-9.993182044744366976e+01 -9.995101086299865756e+01 1.337404676734209492e-02 2.821414253276131058e+04 0.000000000000000000e+00
-1.079563777194758813e+02 -1.079857328954185505e+02 1.631529777200774189e-02 2.804416881715277123e+04 0.000000000000000000e+00
-1.025631266304959297e+02 -1.025715095488562696e+02 1.217599532543473841e-02 2.790861440986271555e+04 0.000000000000000000e+00
-8.359691926265766426e+01 -8.311828090343902886e+01 2.457478213448353044e-01 2.772529558938579066e+04 0.000000000000000000e+00
-9.705432245688625414e+01 -9.704052547269796491e+01 3.887245276464972726e-02 1.184411950225337350e+05 0.000000000000000000e+00
-1.053103988720064592e+02 -1.053060251219227013e+02 2.677436284932708382e-02 1.176678879725920706e+05 0.000000000000000000e+00
-1.107688536733855784e+02 -1.107564597457348157e+02 2.136506402496866908e-02 1.168950149924716679e+05 0.000000000000000000e+00
-9.984171480965575540e+01 -9.987425822949779786e+01 2.656742549297832351e-02 2.760943319106100898e+04 0.000000000000000000e+00
-1.051837373444190717e+02 -1.051943623261989984e+02 1.771444253296864182e-02 2.749186049673737580e+04 0.000000000000000000e+00
-1.067570540858106085e+02 -1.067988741962382733e+02 4.069988180756456408e-02 1.152747225220335094e+05 0.000000000000000000e+00
-1.080581275970635033e+02 -1.080495321582992858e+02 1.944044535352947717e-02 1.146352320064238011e+05 0.000000000000000000e+00
-9.872110994845731113e+01 -9.877641110068663011e+01 3.203955751227208215e-02 1.139094101507584419e+05 0.000000000000000000e+00
-9.996310410911095801e+01 -9.997766277415276193e+01 1.365649809145111186e-02 2.701716913767078950e+04 0.000000000000000000e+00
-1.106806212683004276e+02 -1.106938967144009638e+02 1.608972762786566729e-02 2.685972951875663421e+04 0.000000000000000000e+00
-1.017453522631885079e+02 -1.017610513354014046e+02 3.254082295402675046e-02 2.670235920033715593e+04 0.000000000000000000e+00
-1.080370326035431958e+02 -1.080344859982881900e+02 1.803465619935227041e-02 1.116488796451995586e+05 0.000000000000000000e+00
-1.051799300571520916e+02 -1.052000903978801745e+02 2.345047153364200263e-02 2.640187456306422973e+04 0.000000000000000000e+00
-9.720422182949208434e+01 -9.720400730071224871e+01 2.123564287292523112e-02 2.626282648888630138e+04 0.000000000000000000e+00
-1.025481592458282876e+02 -1.025560020262384597e+02 1.419320165553097229e-02 2.610268173959461637e+04 0.000000000000000000e+00
-1.053182632787041229e+02 -1.052955035317915957e+02 2.304688214497966833e-02 1.091014668624080223e+05 0.000000000000000000e+00
-1.080405543251855107e+02 -1.080540352275984475e+02 1.649590356528901625e-02 2.580035159670174835e+04 0.000000000000000000e+00
-1.080207806086304174e+02 -1.080357329508580477e+02 1.605446064130340578e-02 1.078446152944298665e+05 0.000000000000000000e+00
-1.079693324274913664e+02 -1.079734173545783165e+02 1.372332921550756257e-02 2.550427740229070696e+04 0.000000000000000000e+00
-9.721626246945487537e+01 -9.722024416694864613e+01 3.212333812744330025e-02 1.066103805163115176e+05 0.000000000000000000e+00
-1.053315861676105527e+02 -1.053347143959394856e+02 1.430498325173939524e-02 2.522052960827409697e+04 0.000000000000000000e+00
-1.052238401538282488e+02 -1.052344820205950668e+02 1.612112193177013195e-02 2.507366262818662653e+04 0.000000000000000000e+00
-1.026640478793555644e+02 -1.026884402426701115e+02 1.690749753849428438e-02 2.493394498104107333e+04 0.000000000000000000e+00
-9.723319555949616699e+01 -9.724105154552830754e+01 1.923461835525073355e-02 2.482281150458619595e+04 0.000000000000000000e+00
-1.080084902325998542e+02 -1.080029701433651041e+02 1.446054910955988336e-02 2.468348419269815713e+04 0.000000000000000000e+00
-1.106978830260576103e+02 -1.107182741943843638e+02 1.474418869971226391e-02 2.454406559926425689e+04 0.000000000000000000e+00
-9.990050073346277770e+01 -9.989303888297537526e+01 1.617528577586755528e-02 2.442706616807661339e+04 0.000000000000000000e+00
-9.858928904968767881e+01 3.778008005500216960e+17 1.558586100882671133e+02 2.429190633864648044e+04 0.000000000000000000e+00
-5.440656972465000000e+11 -4.894391611982447898e+01 1.556599625990261523e+13 8.018817993606889821e+32 0.000000000000000000e+00
-5.136849282792500000e+11 -4.629920000113520473e+01 1.414961410519682031e+13 7.974296615672721552e+32 0.000000000000000000e+00
-6.282720814882500000e+11 -5.109631232239684806e+01 3.285484574664866406e+13 7.885581506635350364e+32 0.000000000000000000e+00
-4.710743057790000000e+11 -6.250307387353673505e+01 1.265364495934468555e+13 7.886687914109505144e+32 0.000000000000000000e+00
-3.610776136847500000e+11 -4.714505929636967352e+01 9.000800450377003906e+12 7.843620944785432108e+32 0.000000000000000000e+00
-2.250911036267500000e+11 -5.748281674639483185e+01 7.033695254724585938e+12 7.801014215436864640e+32 0.000000000000000000e+00
-6.598116783600000000e+11 -4.224212765914894874e+01 3.472840618530337500e+13 7.715092687851516351e+32 0.000000000000000000e+00
-2.233264788237500000e+11 -5.141378296168576156e+01 8.058225446022060547e+12 7.717120205698776997e+32 0.000000000000000000e+00
-2.207185356770000000e+11 -5.898561046637943406e+01 5.157840226486146484e+12 7.675850786906404201e+32 0.000000000000000000e+00
-3.011603169320000000e+11 -5.524957817877139377e+01 9.056992916243826172e+12 7.635024092375552421e+32 0.000000000000000000e+00
-2.345283474412500000e+11 -5.568308077305157866e+01 6.274494964547200195e+12 7.594636629496303473e+32 0.000000000000000000e+00
-1.405984792565000000e+11 -6.009615791057476031e+01 5.842375316774691406e+12 7.554671286909525157e+32 0.000000000000000000e+00
-1.605325919580000000e+11 -5.639224318071914155e+01 6.274987439827062500e+12 7.515112301768451879e+32 0.000000000000000000e+00
-1.208567708570000000e+11 -5.314276926434634873e+01 6.936186097961856445e+12 7.475963862701646417e+32 0.000000000000000000e+00
-1.220675617662500000e+11 -5.291186795346975202e+01 7.685459979581041016e+12 7.437221147008195137e+32 0.000000000000000000e+00
-3.301144775092500000e+11 -5.619698612624793554e+01 1.599088899379328711e+13 7.357195811859684977e+32 0.000000000000000000e+00
-1.476005354917500000e+11 -5.754407116831490754e+01 5.045360491328750000e+12 7.360936056311051500e+32 0.000000000000000000e+00
-2.772974217980000000e+11 -5.264107008467276927e+01 1.627648436362124219e+13 7.282126374974861509e+32 0.000000000000000000e+00
-1.330121234125000000e+11 -6.016493776363993362e+01 3.784661434574227539e+12 7.286190679734550922e+32 0.000000000000000000e+00
-1.168452729190000000e+11 -5.902695248578046971e+01 4.141792830389384766e+12 7.249387154995757867e+32 0.000000000000000000e+00
-2.044242553100000000e+11 -6.395032949674612155e+01 4.308617482422075684e+12 7.212951383749659534e+32 0.000000000000000000e+00
-2.365401464092500000e+11 -5.252605259844391128e+01 1.523760970653679297e+13 7.136491316717634004e+32 0.000000000000000000e+00
-2.311711820807500000e+11 -6.368080994125045891e+01 4.187377501221710449e+12 7.141169055589481144e+32 0.000000000000000000e+00
-9.441866129300000000e+10 -5.224659920871103225e+01 6.100053657592592773e+12 7.105825049528406641e+32 0.000000000000000000e+00
-1.370226181567500000e+11 -4.698171282300977225e+01 9.674086592332333984e+12 7.031031162435591574e+32 0.000000000000000000e+00
-1.283807468022500000e+11 -4.708341717621283351e+01 5.428447512717911133e+12 7.036142464140306929e+32 0.000000000000000000e+00
-8.367247665875000000e+10 -5.095315193053401970e+01 3.481189743881033203e+12 7.001814010625950572e+32 0.000000000000000000e+00
-2.359943553427500000e+11 -5.084843005396302118e+01 7.402765363564853516e+12 6.967816476250670115e+32 0.000000000000000000e+00
-7.252159956250000000e+10 -5.139778595941459827e+01 5.961567084599045898e+12 6.934156815179505154e+32 0.000000000000000000e+00
-1.105297311990000000e+11 -5.005337095140932746e+01 4.282547990196510254e+12 6.900811249162965939e+32 0.000000000000000000e+00
-1.099129483332500000e+11 -4.938504726168881831e+01 1.519885125124656445e+13 6.829192894540389748e+32 0.000000000000000000e+00
-4.803223314287500000e+11 -4.361635160784264542e+01 1.003548850457505664e+13 6.835526863911934936e+32 0.000000000000000000e+00
-3.377862996885000000e+11 -4.409559828956892602e+01 7.770541493100180664e+12 6.803179360638472155e+32 0.000000000000000000e+00
-1.100037768857500000e+11 -5.717835572145880008e+01 5.299204366391095703e+12 6.732557766179603819e+32 0.000000000000000000e+00
-2.466108189510000000e+11 -4.698961181633113426e+01 4.365168999444994629e+12 6.739315943730212318e+32 0.000000000000000000e+00
-2.418272233802500000e+11 -5.152712026684471880e+01 4.753262057258549805e+12 6.707835233831983772e+32 0.000000000000000000e+00
-1.344710660600000000e+11 -4.285165011008253799e+01 1.857132354926537891e+13 6.638619251174101174e+32 0.000000000000000000e+00
-8.716930789300000000e+10 -5.899143281713629250e+01 4.297385992567777832e+12 6.607886241925318870e+32 0.000000000000000000e+00
-7.761411892425000000e+10 -5.379019259517185958e+01 3.178974814066000488e+12 6.577436467747489781e+32 0.000000000000000000e+00
-1.695688242110000000e+11 -4.437765973480345139e+01 3.783646143362626953e+12 6.584745957808865435e+32 0.000000000000000000e+00
-9.870556888875000000e+10 -6.345913695542903099e+01 6.100666244363402344e+12 6.517371106213385489e+32 0.000000000000000000e+00
-8.435361128575000000e+10 -5.542359246881322576e+01 6.325719116126103516e+12 6.487747935987855666e+32 0.000000000000000000e+00
-7.325724564400000000e+10 -6.685042816999202842e+01 3.501272836439482422e+12 6.458392831903775651e+32 0.000000000000000000e+00
-7.258675273100000000e+10 -5.239891599324836591e+01 4.578120572371491211e+12 6.429302171748564725e+32 0.000000000000000000e+00
-6.221093259725000000e+10 -5.595098196820109848e+01 3.790500569903956055e+12 6.400472398275314112e+32 0.000000000000000000e+00
-5.622413679475000000e+10 -5.656274077586687099e+01 2.352091836837848633e+12 6.371900017752807322e+32 0.000000000000000000e+00
-6.409189047325000000e+10 -4.784302780996317495e+01 4.595994982243707031e+12 6.343581598554261359e+32 0.000000000000000000e+00
-1.414921775857500000e+11 -5.122226726347636827e+01 3.762077694475003906e+12 6.351622204148489211e+32 0.000000000000000000e+00
-6.230863412050000000e+10 -5.513343321173813649e+01 4.194228117997257324e+12 6.287693219937277269e+32 0.000000000000000000e+00
-5.568588941500000000e+10 -4.479381129090278080e+01 4.546303347494058594e+12 6.260116695603362576e+32 0.000000000000000000e+00
-1.518152813502500000e+11 -5.507976865867109240e+01 4.545368064480007812e+12 6.268403481357611771e+32 0.000000000000000000e+00
-5.554941905150000000e+10 -5.753918993974291851e+01 2.130053814130332031e+12 6.205682992700427270e+32 0.000000000000000000e+00
-1.667788571185000000e+11 -5.666591758869545714e+01 2.804357193944608887e+12 6.214128131110630215e+32 0.000000000000000000e+00
-6.562894151975000000e+10 -7.675622330273597527e+01 4.538664515552732422e+12 6.152187748218007404e+32 0.000000000000000000e+00
-4.970083319800000000e+10 -4.980238863081908818e+01 3.393302234040026367e+12 6.125784496486514368e+32 0.000000000000000000e+00
-5.231307575400000000e+10 -6.991437204416403972e+01 3.298010551829335938e+12 6.099606900939769784e+32 0.000000000000000000e+00
-2.353926405867500000e+11 -5.622151697261703163e+01 3.892730116968085449e+12 6.108339725489046847e+32 0.000000000000000000e+00
-1.757769398777500000e+11 -5.359855292469116250e+01 3.446010358155714355e+12 6.082468735911375666e+32 0.000000000000000000e+00
-5.254598386025000000e+10 -5.353628098245135902e+01 4.532174079261783203e+12 6.022399489439202956e+32 0.000000000000000000e+00
-4.759470223550000000e+10 -4.965111524692272127e+01 3.742948815098533203e+12 5.997096196657138043e+32 0.000000000000000000e+00
-4.193349452500000000e+10 -4.894955647711383051e+01 2.760108325919127930e+12 5.972004635552994839e+32 0.000000000000000000e+00
-8.036091506100000000e+10 -4.543517765441082190e+01 4.155121487342985840e+12 5.981078534734009295e+32 0.000000000000000000e+00
-8.306331652175000000e+10 -4.120184791508512490e+01 4.131008221809381348e+12 5.956256366672481633e+32 0.000000000000000000e+00
-9.236447617225000000e+10 -5.197568194045357615e+01 2.988460743637511230e+12 5.931639573318831771e+32 0.000000000000000000e+00
-6.311567390950000000e+10 -6.344470694121408627e+01 1.130433484262725195e+13 5.873703432162756411e+32 0.000000000000000000e+00
-4.669296499100000000e+10 -5.464704298815046002e+01 3.703182554591216797e+12 5.849631697529314151e+32 0.000000000000000000e+00
-4.428455595775000000e+10 -5.244669318255450463e+01 3.598165278323579590e+12 5.825756456826750017e+32 0.000000000000000000e+00
-4.180915169500000000e+10 -5.285923753730845220e+01 2.548252429389795410e+12 5.802075313950293531e+32 0.000000000000000000e+00
-3.960768140825000000e+10 -4.943735456919323923e+01 3.670006384378612305e+12 5.778585911595203977e+32 0.000000000000000000e+00
-5.078061409975000000e+10 -8.275926380983925412e+01 3.834988140617476562e+12 5.755285930474590985e+32 0.000000000000000000e+00
-9.158234605900000000e+10 -4.792676178894858197e+01 4.018078022954112793e+12 5.764851777294927732e+32 0.000000000000000000e+00
-9.721904720825000000e+10 -5.507924808731821997e+01 3.197203851330038086e+12 5.741789672167447531e+32 0.000000000000000000e+00
-3.982214524650000000e+10 -5.285055347031806150e+01 2.741796576735896973e+12 5.686499876016181241e+32 0.000000000000000000e+00
-3.712126396175000000e+10 -4.830638615564433991e+01 2.841568398921737793e+12 5.663935120986018675e+32 0.000000000000000000e+00
-1.609929522232500000e+11 -5.213973087232433556e+01 2.849155299404958008e+12 5.673692987418218162e+32 0.000000000000000000e+00
-3.891514728275000000e+10 -5.874648520141155927e+01 3.635931348340973633e+12 5.619338611284323099e+32 0.000000000000000000e+00
-3.707592631600000000e+10 -4.823160545388692810e+01 3.994546508509192383e+12 5.597302676482222209e+32 0.000000000000000000e+00
-3.816156541450000000e+10 -7.922673604940658265e+01 3.855498925938075195e+12 5.575438889383405467e+32 0.000000000000000000e+00
-5.889273137100000000e+10 -4.407283674887376890e+01 3.208931606389518555e+12 5.585374811065417074e+32 0.000000000000000000e+00
-3.547693109300000000e+10 -5.799476589406899052e+01 2.418578765520673828e+12 5.532219751920753392e+32 0.000000000000000000e+00
-1.121099195300000000e+11 -6.684430511020957510e+01 3.574422998605407227e+12 5.542234935612587675e+32 0.000000000000000000e+00
-3.368383234125000000e+10 -4.804381646348699064e+01 2.808171501673164551e+12 5.489665494060490419e+32 0.000000000000000000e+00
-3.176830336825000000e+10 -6.048946724362845373e+01 2.569304658111311035e+12 5.468632918835807141e+32 0.000000000000000000e+00
-1.240759569765000000e+11 -6.004762861907565252e+01 3.689948285943215332e+12 5.478763221818644736e+32 0.000000000000000000e+00
-3.362946045475000000e+10 -5.075029674117615741e+01 3.129371545543833984e+12 5.427047577730881675e+32 0.000000000000000000e+00
-3.160403941525000000e+10 -4.781552229025561473e+01 3.515952489847440430e+12 5.406491177145648422e+32 0.000000000000000000e+00
-3.419367837600000000e+10 -6.766601358879381678e+01 3.021236705323828613e+12 5.386089912451451614e+32 0.000000000000000000e+00
-1.048125614752500000e+11 -5.793565439847463239e+01 2.875314327053675781e+12 5.396362478352115946e+32 0.000000000000000000e+00
-6.382347335675000000e+10 -5.707594622970499643e+01 3.496025700139926270e+12 5.376149839147077863e+32 0.000000000000000000e+00
-4.561202070800000000e+10 -8.978130175456048789e+01 6.334087472083021484e+12 5.325799568753989709e+32 0.000000000000000000e+00
-3.263497268750000000e+10 -5.256367917554072733e+01 3.084616850118373535e+12 5.306001611761143218e+32 0.000000000000000000e+00
-3.149831648300000000e+10 -6.916929351168057849e+01 2.600185782482207520e+12 5.286350300152861120e+32 0.000000000000000000e+00
-2.334877735175000000e+10 -4.215450353854080134e+01 2.536078211151825684e+12 5.296780734652733774e+32 0.000000000000000000e+00
-3.025257220100000000e+10 -4.740849911138109007e+01 2.413585562440984863e+12 5.247481143800046109e+32 0.000000000000000000e+00
-2.865019561975000000e+10 -5.088030184090173691e+01 1.453447940634180176e+12 5.228260123649010353e+32 0.000000000000000000e+00
-9.412475902900000000e+10 -5.559886224527770082e+01 3.545148937599393066e+12 5.238774353727446702e+32 0.000000000000000000e+00
-2.741327772975000000e+10 -7.941201702118529226e+01 3.423458373356643555e+12 5.190237434073553425e+32 0.000000000000000000e+00
-2.919022166475000000e+10 -5.030116132981471821e+01 2.067375701488143555e+12 5.171432726039471694e+32 0.000000000000000000e+00
-2.609142663675000000e+10 -7.018585309299390929e+01 2.336720367594705078e+12 5.152763786664617412e+32 0.000000000000000000e+00
-2.785477434100000000e+10 -4.914524675975022205e+01 2.194692495724854736e+12 5.134229150897218527e+32 0.000000000000000000e+00
-1.170667088937500000e+11 -5.957941797870473977e+01 2.675147595803828125e+12 5.144872360604766375e+32 0.000000000000000000e+00
-7.962229957875000000e+10 -5.847172473695204076e+01 2.152808967542971924e+12 5.126497875512870578e+32 0.000000000000000000e+00
-2.744631424400000000e+10 -5.216598015792607868e+01 1.784889220573232910e+12 5.079416727523970185e+32 0.000000000000000000e+00
-8.999232579200000000e+10 -6.067968341993397274e+01 3.611787474559958984e+12 5.090133419330562362e+32 0.000000000000000000e+00
-2.732424180050000000e+10 -5.189433644529396616e+01 2.023371821123779785e+12 5.043520698786998718e+32 0.000000000000000000e+00
-2.627035592575000000e+10 -4.843104086904793348e+01 2.763884697803141602e+12 5.025762268932890593e+32 0.000000000000000000e+00
-2.547450657250000000e+10 -5.124129525980423949e+01 2.090148572093281006e+12 5.008128454954313162e+32 0.000000000000000000e+00
-6.295341157400000000e+10 -5.466542460970872241e+01 4.454362071385141602e+12 5.018930574160644975e+32 0.000000000000000000e+00
-3.296891405475000000e+10 -4.609720956232198574e+01 5.368123212615462891e+12 4.973229464463458176e+32 0.000000000000000000e+00
-2.822604828675000000e+10 -5.374157420398196194e+01 2.309897143049611816e+12 4.955961728095300707e+32 0.000000000000000000e+00
-2.669117909475000000e+10 -5.942284186609061436e+01 1.939432580173846436e+12 4.938813487265031937e+32 0.000000000000000000e+00
-2.581125081900000000e+10 -4.994358080930030042e+01 2.369390906814586914e+12 4.921783505872055893e+32 0.000000000000000000e+00
-2.547277317400000000e+10 -5.392314645512755789e+01 2.395316766399629883e+12 4.904870564805813725e+32 0.000000000000000000e+00
-2.514941444200000000e+10 -5.056860945339003166e+01 3.064085215155370605e+12 4.888073461654891518e+32 0.000000000000000000e+00
-2.683087350150000000e+10 -7.670901355284456713e+01 3.324714139640269043e+12 4.871391010422063494e+32 0.000000000000000000e+00
-2.376327587625000000e+10 -4.730003566308366203e+01 2.089740345376622803e+12 4.854822041245157467e+32 0.000000000000000000e+00
-2.528261790925000000e+10 -6.285265417632869145e+01 2.561251029100140137e+12 4.838365400123610682e+32 0.000000000000000000e+00
-2.354405545100000000e+10 -5.284012526843011415e+01 2.058820932821682129e+12 4.822019948650542390e+32 0.000000000000000000e+00
-2.293412902950000000e+10 -5.054657048704435596e+01 1.860962731113344727e+12 4.805784563750253794e+32 0.000000000000000000e+00
-2.191798871025000000e+10 -5.030597045413659885e+01 1.570789001509531006e+12 4.789658137421026398e+32 0.000000000000000000e+00
-2.208403493100000000e+10 -5.212088777532944306e+01 2.222849487443528320e+12 4.773639576483041480e+32 0.000000000000000000e+00
-2.203150353850000000e+10 -5.101198344054625267e+01 2.501848236109105957e+12 4.757727802331394766e+32 0.000000000000000000e+00
-6.794985435475000000e+10 -4.887787088518968659e+01 2.753209537377292480e+12 4.768776142127338556e+32 0.000000000000000000e+00
-2.232799776725000000e+10 -5.131624722458120402e+01 2.250583032157759277e+12 4.726220371394210631e+32 0.000000000000000000e+00
-2.093295191825000000e+10 -5.035229746037965981e+01 1.845377287715383789e+12 4.710622628118459426e+32 0.000000000000000000e+00
-7.085797772175000000e+10 -5.485929283464619033e+01 1.603551567176593262e+12 4.721708270518316681e+32 0.000000000000000000e+00
-1.930250553025000000e+10 -4.855011046037078870e+01 1.854934405817526367e+12 4.679733972335676674e+32 0.000000000000000000e+00
-1.825574998700000000e+10 -4.873389749514419123e+01 1.699803713227454590e+12 4.664441054486460522e+32 0.000000000000000000e+00
-2.046792858575000000e+10 -5.215310291765302253e+01 1.380040660771793457e+12 4.649247761542910638e+32 0.000000000000000000e+00
-2.226282280725000000e+10 -6.583861839452210063e+01 2.463149596314838867e+12 4.634153123174367951e+32 0.000000000000000000e+00
-2.026986137750000000e+10 -5.471678510537420692e+01 1.703681501653284668e+12 4.619156181610407948e+32 0.000000000000000000e+00
-3.308771668700000000e+10 -9.549582874832240975e+01 5.192422253766184570e+12 4.604255991438283893e+32 0.000000000000000000e+00
-1.801312440450000000e+10 -6.460251629320032407e+01 3.178435533329722168e+12 4.589451619404243866e+32 0.000000000000000000e+00
-1.969777972075000000e+10 -5.271751845984093876e+01 1.660079306229905273e+12 4.574742144218699276e+32 0.000000000000000000e+00
-1.896600614975000000e+10 -5.175855184085657612e+01 1.361396815788349365e+12 4.560126656365111552e+32 0.000000000000000000e+00
-1.880564961250000000e+10 -5.263113292567078361e+01 1.843276507224457275e+12 4.545604257912549441e+32 0.000000000000000000e+00
-1.810565718550000000e+10 -4.775410094018185703e+01 2.239877179440015137e+12 4.531174062331774250e+32 0.000000000000000000e+00
-2.165695496775000000e+10 -7.393273315235838083e+01 3.373183345934350586e+12 4.516835194314863836e+32 0.000000000000000000e+00
-8.540456531425000000e+10 -7.056659105336558468e+01 2.788868083373975098e+12 4.528045452746260079e+32 0.000000000000000000e+00
-1.811099919275000000e+10 -5.160315037324792797e+01 1.292762641443517090e+12 4.488427994788985283e+32 0.000000000000000000e+00
-1.681086186800000000e+10 -4.919233208289784187e+01 1.596547100178031494e+12 4.474357967194529603e+32 0.000000000000000000e+00
-1.798302255325000000e+10 -5.627445618620404133e+01 1.418728039139706299e+12 4.460375874655399733e+32 0.000000000000000000e+00
-1.732132318150000000e+10 -5.438333206736992764e+01 1.376589830060023682e+12 4.446480895381221878e+32 0.000000000000000000e+00
-1.726234811150000000e+10 -5.566494867695556081e+01 1.720452122007694824e+12 4.432672217789677159e+32 0.000000000000000000e+00
-1.629876665700000000e+10 -4.883682356109637368e+01 1.497786566551821533e+12 4.418949040348512450e+32 0.000000000000000000e+00
-2.451518326950000000e+10 -8.712228254068102729e+01 2.496831544118811035e+12 4.405310571420449378e+32 0.000000000000000000e+00
-1.681727910925000000e+10 -5.417895911057711800e+01 1.911689079484168701e+12 4.391756029110969144e+32 0.000000000000000000e+00
-1.649893624850000000e+10 -5.098516059687901958e+01 1.673016177962541260e+12 4.378284641118885246e+32 0.000000000000000000e+00
-1.621099540525000000e+10 -5.366045348888813749e+01 1.671887999801230225e+12 4.364895644589663761e+32 0.000000000000000000e+00
-1.595679410425000000e+10 -5.066575329982779152e+01 1.465179750392449951e+12 4.351588285971440745e+32 0.000000000000000000e+00
-1.540173830200000000e+10 -4.985556296199756332e+01 1.471332776131950195e+12 4.338361820873632984e+32 0.000000000000000000e+00
-1.569508339825000000e+10 -5.261266261326977656e+01 1.378907544484210449e+12 4.325215513928158666e+32 0.000000000000000000e+00
-1.546085974900000000e+10 -5.736716962498627481e+01 1.375341272188955322e+12 4.312148638653140448e+32 0.000000000000000000e+00
-1.505360378775000000e+10 -5.218829589081348530e+01 1.511030585205906006e+12 4.299160477319084412e+32 0.000000000000000000e+00
-1.498558247675000000e+10 -4.919171115543073114e+01 1.778145884498183105e+12 4.286250320817470795e+32 0.000000000000000000e+00
-5.094200780875000000e+10 -5.762075758053711638e+01 2.122481204696123047e+12 4.297536872851700035e+32 0.000000000000000000e+00
-1.461987290750000000e+10 -5.304410652008002103e+01 1.120303494486179688e+12 4.260661228210430418e+32 0.000000000000000000e+00
-2.040992585400000000e+10 -8.112438842802360739e+01 2.363707485428225098e+12 4.247980915842921797e+32 0.000000000000000000e+00
-6.581319582225000000e+10 -5.433218397345379458e+01 1.382878426519653564e+12 4.259274492492916895e+32 0.000000000000000000e+00
-1.456669920575000000e+10 -5.027862876976534068e+01 1.633231114064747070e+12 4.222845379398684666e+32 0.000000000000000000e+00
-8.411161475687500000e+10 -5.596344931707282200e+01 1.712320854052697754e+12 4.234142217639796218e+32 0.000000000000000000e+00
-1.432899280962500000e+10 -5.243265063356487587e+01 1.377384386292791016e+12 4.198005547335884988e+32 0.000000000000000000e+00
-1.973318615550000000e+10 -8.474222705613199480e+01 1.990681509200394287e+12 4.185694894564155121e+32 0.000000000000000000e+00
-1.425448450962500000e+10 -5.091417186150843577e+01 1.530447065818079834e+12 4.173456232040014818e+32 0.000000000000000000e+00
-1.384578292950000000e+10 -5.263555417292347016e+01 9.967496411107014160e+11 4.161288930132981829e+32 0.000000000000000000e+00
-1.367450594225000000e+10 -5.230681870662422739e+01 1.254990850478301514e+12 4.149192366533528181e+32 0.000000000000000000e+00
-1.350219320575000000e+10 -5.012480215537954820e+01 1.483177292971147461e+12 4.137165926147007074e+32 0.000000000000000000e+00
-1.444273018825000000e+10 -5.981305602864681248e+01 2.613974565795243652e+12 4.125209000989378340e+32 0.000000000000000000e+00
-1.326152922400000000e+10 -5.012987888235284828e+01 1.158578102852077637e+12 4.113320990084784334e+32 0.000000000000000000e+00
-1.296715169375000000e+10 -4.882184778917974199e+01 1.609892702449655029e+12 4.101501299364821349e+32 0.000000000000000000e+00
-1.308544584662500000e+10 -5.207653173504617428e+01 1.053269486623541870e+12 4.089749341569626870e+32 0.000000000000000000e+00
-1.280206128700000000e+10 -5.060004432790636031e+01 1.042916836280650513e+12 4.078064536150580933e+32 0.000000000000000000e+00
-1.267192364962500000e+10 -5.224157927508028365e+01 7.776760321698453369e+11 4.066446309174741177e+32 0.000000000000000000e+00
-1.263915518825000000e+10 -5.331930334873026567e+01 8.939767489121256104e+11 4.054894093230853801e+32 0.000000000000000000e+00
-2.055436651600000000e+10 -9.047462055414401050e+01 1.804581500537386963e+12 4.043407327336998069e+32 0.000000000000000000e+00
-1.239900069200000000e+10 -4.928511273026099104e+01 1.626206524918674561e+12 4.031985456849764197e+32 0.000000000000000000e+00
-1.241585570662500000e+10 -7.386686980757147580e+01 2.205593571973685547e+12 4.020627933374995609e+32 0.000000000000000000e+00
-1.262825027725000000e+10 -5.365106424322843282e+01 1.252837008641204590e+12 4.009334214680023509e+32 0.000000000000000000e+00
-1.209637309712500000e+10 -5.130304276176003242e+01 1.040707635101334473e+12 3.998103764607364945e+32 0.000000000000000000e+00
-1.184796417637500000e+10 -4.972665308775041382e+01 1.419291111020641602e+12 3.986936052989882914e+32 0.000000000000000000e+00
-1.379756224737500000e+10 -7.756886991979106938e+01 2.173401944769067139e+12 3.975830555567372493e+32 0.000000000000000000e+00
-2.053778561837500000e+10 -9.369800211933645073e+01 2.034994947585880371e+12 3.964786753904499489e+32 0.000000000000000000e+00
-1.180111680412500000e+10 -4.904813686888292068e+01 1.751012134998993164e+12 3.953804135310145653e+32 0.000000000000000000e+00
-1.226144181725000000e+10 -5.470767904957796901e+01 1.190573647010721436e+12 3.942882192758063905e+32 0.000000000000000000e+00
-1.279345314125000000e+10 -5.897692642043974587e+01 1.797336149234861084e+12 3.932020424808864452e+32 0.000000000000000000e+00
-1.329504460900000000e+10 -8.046099967246104256e+01 1.814548055455019531e+12 3.921218335533256885e+32 0.000000000000000000e+00
-1.162510999037500000e+10 -5.073297925424979837e+01 1.108123527553492676e+12 3.910475434436593621e+32 0.000000000000000000e+00
-1.133798108487500000e+10 -5.070060810519565564e+01 8.939469090172491455e+11 3.899791236384610235e+32 0.000000000000000000e+00
-1.126772726525000000e+10 -5.171822486403733166e+01 1.380901482681125244e+12 3.889165261530417424e+32 0.000000000000000000e+00
-1.190552109612500000e+10 -5.995869816108028516e+01 1.728902907974473389e+12 3.878597035242651656e+32 0.000000000000000000e+00
-1.329838068000000000e+10 -8.224937792991210017e+01 2.251130731707115234e+12 3.868086088034811898e+32 0.000000000000000000e+00
-1.087576129362500000e+10 -4.880183458596501112e+01 1.453921684350075195e+12 3.857631955495737722e+32 0.000000000000000000e+00
-1.128821228787500000e+10 -5.197932016514258891e+01 1.315080809360162842e+12 3.847234178221212958e+32 0.000000000000000000e+00
-1.096525154775000000e+10 -5.207776841336469431e+01 1.096876258545634155e+12 3.836892301746667508e+32 0.000000000000000000e+00
-1.085464717850000000e+10 -5.216593827489741386e+01 1.314024186911919434e+12 3.826605876480968664e+32 0.000000000000000000e+00
-1.064325834625000000e+10 -4.946513420274737882e+01 1.377507203301129150e+12 3.816374457641261588e+32 0.000000000000000000e+00
-1.082705238200000000e+10 -5.568363949460593432e+01 1.676733709343018066e+12 3.806197605188882007e+32 0.000000000000000000e+00
-1.276528287137500000e+10 -8.183953018099634846e+01 1.736262164485663574e+12 3.796074883766250337e+32 0.000000000000000000e+00
-1.046438797262500000e+10 -4.972940783376159146e+01 1.035122599760550293e+12 3.786005862634804872e+32 0.000000000000000000e+00
-1.045017580987500000e+10 -5.240697098685706834e+01 9.417276000816546631e+11 3.775990115613894063e+32 0.000000000000000000e+00
-1.030723850412500000e+10 -5.204987384678166507e+01 1.047934681928050415e+12 3.766027221020660306e+32 0.000000000000000000e+00
-1.003258524200000000e+10 -5.004546870914594336e+01 9.964421354756875000e+11 3.756116761610856162e+32 0.000000000000000000e+00
-1.841814427875000000e+10 -9.680446313920538159e+01 2.403104278624275391e+12 3.746258324520597319e+32 0.000000000000000000e+00
-1.033877779800000000e+10 -5.213694803392502308e+01 1.784678465375252686e+12 3.736451501209023482e+32 0.000000000000000000e+00
-9.874501280375000000e+09 -5.172205381117137080e+01 1.391931686410378906e+12 3.726695887401878716e+32 0.000000000000000000e+00
-9.905960204250000000e+09 -4.925027574631319283e+01 1.401296370550650635e+12 3.716991083035951445e+32 0.000000000000000000e+00
-9.924296623375000000e+09 -5.291523226971117566e+01 1.110147989440237793e+12 3.707336692204386332e+32 0.000000000000000000e+00
-1.585489866825000000e+10 -9.150732758877809658e+01 1.584699566291951416e+12 3.697732323102839249e+32 0.000000000000000000e+00
-9.393859582875000000e+09 -6.592829388089121778e+01 2.018175951365391846e+12 3.688177587976504132e+32 0.000000000000000000e+00
-9.738662585625000000e+09 -5.309644651274296479e+01 1.192165281273563721e+12 3.678672103067899333e+32 0.000000000000000000e+00
-9.570127838000000000e+09 -5.237815012471256892e+01 1.182212132860998535e+12 3.669215488565503519e+32 0.000000000000000000e+00
-9.588561756250000000e+09 -4.954712724547420777e+01 1.357227431460991943e+12 3.659807368553168365e+32 0.000000000000000000e+00
-9.364426323125000000e+09 -5.162486652384445307e+01 1.055396596304267090e+12 3.650447370960309458e+32 0.000000000000000000e+00
-9.673070035250000000e+09 -5.835401802480782152e+01 1.343238538345108643e+12 3.641135127512851652e+32 0.000000000000000000e+00
-1.137409216637500000e+10 -8.216158989009322511e+01 1.851157017676062500e+12 3.631870273684929583e+32 0.000000000000000000e+00
-9.324038578125000000e+09 -4.924130285103246507e+01 1.587733375859860352e+12 3.622652448651336137e+32 0.000000000000000000e+00
-9.128355031625000000e+09 -5.036704560456276170e+01 1.199471356338865723e+12 3.613481295240661244e+32 0.000000000000000000e+00
-9.026604211625000000e+09 -5.067920037053323057e+01 1.062454615513062866e+12 3.604356459889174290e+32 0.000000000000000000e+00
-9.030191267125000000e+09 -5.381940932497551699e+01 7.779810582574992676e+11 3.595277592595380996e+32 0.000000000000000000e+00
-8.902440030250000000e+09 -5.313304251216751339e+01 1.104929413244748779e+12 3.586244346875283584e+32 0.000000000000000000e+00
-1.319000886462500000e+10 -8.831167050634090288e+01 1.815680700065484619e+12 3.577256379718283682e+32 0.000000000000000000e+00
-8.944986411625000000e+09 -4.923814844307568706e+01 1.594792889045773682e+12 3.568313351543797177e+32 0.000000000000000000e+00
-9.121845116500000000e+09 -5.414966461946819010e+01 2.543276413992523438e+12 3.559414926158454879e+32 0.000000000000000000e+00
-8.631557846625000000e+09 -4.988593619507729215e+01 1.244357936629480713e+12 3.550560770714001435e+32 0.000000000000000000e+00
-8.417520194625000000e+09 -4.933677910270062483e+01 1.048102860893806274e+12 3.541750555665767814e+32 0.000000000000000000e+00
-8.636744009000000000e+09 -5.268359757916374519e+01 8.931224355122258301e+11 3.532983954731816815e+32 0.000000000000000000e+00
-8.489178041875000000e+09 -5.176921880645394225e+01 8.195160698205915527e+11 3.524260644852640534e+32 0.000000000000000000e+00
-9.231989746625000000e+09 -6.193594829019952641e+01 2.786592558587499512e+12 3.515580306151489773e+32 0.000000000000000000e+00
-8.292372697125000000e+09 -4.992781158741568248e+01 1.104025527435319336e+12 3.506942621895257581e+32 0.000000000000000000e+00
-8.434065911875000000e+09 -5.365398766557297705e+01 1.198049003520744141e+12 3.498347278455983920e+32 0.000000000000000000e+00
-8.300523813500000000e+09 -5.293328844513259668e+01 1.199362188039956299e+12 3.489793965272879873e+32 0.000000000000000000e+00
-7.680383013000000000e+09 -5.149126249456417526e+01 1.111483897266395264e+12 3.481282374814917506e+32 0.000000000000000000e+00
-8.196745763375000000e+09 -4.992796712143326232e+01 1.500881984298746338e+12 3.472812202543976730e+32 0.000000000000000000e+00
-8.093879812250000000e+09 -5.271988060826807043e+01 9.865479489140207520e+11 3.464383146878549167e+32 0.000000000000000000e+00
-7.996996705250000000e+09 -5.358730963516262591e+01 8.473883360506168213e+11 3.455994909157912563e+32 0.000000000000000000e+00
-7.878450796625000000e+09 -5.128568902513185890e+01 1.029373737986725952e+12 3.447647193606868675e+32 0.000000000000000000e+00
-7.770031883500000000e+09 -5.029572976820431052e+01 6.919974213936909180e+11 3.439339707300979093e+32 0.000000000000000000e+00
-8.814038248625000000e+09 -7.762547573245703347e+01 1.355433829235113037e+12 3.431072160132312657e+32 0.000000000000000000e+00
-7.807149970750000000e+09 -5.338300575491395961e+01 9.923078729901329346e+11 3.422844264775660535e+32 0.000000000000000000e+00
-7.648217175125000000e+09 -5.122844213372308531e+01 8.330363302785256348e+11 3.414655736655255704e+32 0.000000000000000000e+00
-7.669075710500000000e+09 -5.516734294641630498e+01 1.012032797450251831e+12 3.406506293911967286e+32 0.000000000000000000e+00
-7.546422025250000000e+09 -4.960808291069768217e+01 1.149280798161569092e+12 3.398395657370959664e+32 0.000000000000000000e+00
-7.530779648500000000e+09 -5.116011635035452798e+01 1.065589331678425049e+12 3.390323550509821402e+32 0.000000000000000000e+00
-7.314548556875000000e+09 -4.890864238247906570e+01 1.139404997379659668e+12 3.382289699427116432e+32 0.000000000000000000e+00
-7.429634750875000000e+09 -5.311488661531947741e+01 8.438890009522050781e+11 3.374293832811428833e+32 0.000000000000000000e+00
-7.102644286125000000e+09 -4.946159587157079329e+01 9.713391498545545654e+11 3.366335681910808248e+32 0.000000000000000000e+00
-7.313644231500000000e+09 -5.208576076578039249e+01 9.011999542699499512e+11 3.358414980502670704e+32 0.000000000000000000e+00
-7.162143143875000000e+09 -5.126353652080836554e+01 7.320348485753554688e+11 3.350531464864096478e+32 0.000000000000000000e+00
-7.107302630000000000e+09 -5.136235015206407439e+01 8.981712695406087646e+11 3.342684873742567501e+32 0.000000000000000000e+00
-7.290683872125000000e+09 -5.665248023828673496e+01 1.364570238650967773e+12 3.334874948327116223e+32 0.000000000000000000e+00
-1.449295002600000000e+10 -9.455088276974562689e+01 1.975436854608438477e+12 3.327101432219866464e+32 0.000000000000000000e+00
-7.137590018500000000e+09 -4.954411299965613580e+01 1.367443796953140381e+12 3.319364071407962659e+32 0.000000000000000000e+00
-1.274205751050000000e+10 -9.117826682221402734e+01 1.772277966268787842e+12 3.311662614235922076e+32 0.000000000000000000e+00
-7.072600782250000000e+09 -5.308820946057491597e+01 8.967757189491574707e+11 3.303996811378331480e+32 0.000000000000000000e+00
-6.981292962375000000e+09 -5.227667081852464293e+01 9.316758247862838135e+11 3.296366415812969643e+32 0.000000000000000000e+00
-6.867799415625000000e+09 -5.315000587846905233e+01 1.626527749702570068e+12 3.288771182794235391e+32 0.000000000000000000e+00
-6.884437077875000000e+09 -5.185867484192495169e+01 9.579951488529140625e+11 3.281210869827015193e+32 0.000000000000000000e+00
