0.000000000000000000e+00 0.000000000000000000e+00 0.000000000000000000e+00 0.000000000000000000e+00 0.000000000000000000e+00
-1.014065000248024688e+02 -1.013135879974568780e+02 1.241183113969215185e-01 1.339961240944435413e+05 0.000000000000000000e+00
-1.083853744160913237e+02 -1.080395109561462021e+02 1.920593857721154540e-01 1.314386675029149919e+05 0.000000000000000000e+00
-1.080753853437275751e+02 -1.080552120735457038e+02 5.822856462626856827e-02 2.957295697236255819e+03 0.000000000000000000e+00
-1.053695852715879653e+02 -1.052706979298916821e+02 7.637599553918178463e-02 1.332480636713687272e+05 0.000000000000000000e+00
-9.730667370366550983e+01 -9.712931130264630042e+01 1.354709292520162034e-01 3.159583894406922263e+04 0.000000000000000000e+00
-1.053398919656201684e+02 -1.053172234675032257e+02 5.732859049073452118e-02 1.293915753378623340e+05 0.000000000000000000e+00
-1.081850655563507644e+02 -1.080498877349290439e+02 9.665420295854526556e-02 3.115613848227093695e+04 0.000000000000000000e+00
-9.444068301969771539e+01 -9.430029251125019130e+01 8.562136319253164929e-02 1.236529198314149980e+05 0.000000000000000000e+00
-1.132790958291932810e+02 -1.134439620110160547e+02 1.525994959642493765e-01 2.800972051399428892e+03 0.000000000000000000e+00
-9.183602693499526026e+01 -9.172749867932441248e+01 6.638304321146572262e-02 1.218149511564966815e+05 0.000000000000000000e+00
-9.865622631021543043e+01 -9.875898321104639876e+01 7.233223732304248921e-02 1.211051077438523207e+05 0.000000000000000000e+00
-9.707809794144465343e+01 -9.704351305251429949e+01 5.886023850290720422e-02 1.201205239928582014e+05 0.000000000000000000e+00
-1.026093841285825050e+02 -1.025590035934656044e+02 4.743989205746005494e-02 2.944945799196655935e+04 0.000000000000000000e+00
-1.025398604815557349e+02 -1.025599374480738959e+02 4.221193932729768589e-02 2.739880629509668779e+03 0.000000000000000000e+00
-9.706906840620014520e+01 -9.694714001268694403e+01 5.036302221099226567e-02 1.133000824723402911e+05 0.000000000000000000e+00
-1.025726491079369680e+02 -1.025834564676761289e+02 4.132016235016647970e-02 2.917038266982611094e+04 0.000000000000000000e+00
-1.025192394112543610e+02 -1.025278899270037130e+02 3.572829580686376350e-02 2.863395542714590192e+04 0.000000000000000000e+00
-1.080674264208804516e+02 -1.080333557025463307e+02 2.545747593238735160e-02 2.811035420859696387e+04 0.000000000000000000e+00
-1.107797236295860728e+02 -1.106976581708840968e+02 5.554943336601247950e-02 1.074819063542191288e+05 0.000000000000000000e+00
-1.079717441761083592e+02 -1.079002666894714082e+02 4.317620252359976457e-02 1.064685567489335517e+05 0.000000000000000000e+00
-9.982159648601064816e+01 -9.979401790729953348e+01 2.438742450211836901e-02 2.714094341063257525e+04 0.000000000000000000e+00
-9.441779574827613430e+01 -9.434886203516437320e+01 5.930484345797658319e-02 1.036135304132394231e+05 0.000000000000000000e+00
-1.053002274644926928e+02 -1.052811184981439965e+02 3.389987868492919804e-02 1.024587549908961810e+05 0.000000000000000000e+00
-1.025938746884956032e+02 -1.026281752924412132e+02 2.444284843366196364e-02 2.590172456657199655e+04 0.000000000000000000e+00
-1.053176372509518046e+02 -1.053149901786400733e+02 2.396994215664200942e-02 2.563618153290218470e+04 0.000000000000000000e+00
-9.699458435420457647e+01 -9.690794831554858035e+01 6.044667897842470605e-02 9.794369845958489168e+04 0.000000000000000000e+00
-1.025220562284854822e+02 -1.025136089370519414e+02 3.174601251058328105e-02 9.724065132105682278e+04 0.000000000000000000e+00
-9.968798571182277612e+01 -9.968866150425161266e+01 2.304710487025878746e-02 2.493388493359601125e+04 0.000000000000000000e+00
-1.081111489392327769e+02 -1.081188211465347564e+02 3.290879075720594404e-02 2.455022632162845548e+04 0.000000000000000000e+00
-1.026023688119949497e+02 -1.026111893066837411e+02 2.490482831230554986e-02 2.418563576614440535e+04 0.000000000000000000e+00
-1.026348707557458368e+02 -1.026108259890216203e+02 3.495465220222589847e-02 9.155653334706726309e+04 0.000000000000000000e+00
-1.051829226623203795e+02 -1.051636149556583177e+02 2.522262532074830144e-02 2.349411845828082005e+04 0.000000000000000000e+00
-9.135414882036913298e+01 -9.133855145242881690e+01 1.404565075363266025e-01 8.908423969050146115e+04 0.000000000000000000e+00
-1.079875350205979032e+02 -1.080087255845958509e+02 2.044876654111618675e-02 2.290780906941973080e+04 0.000000000000000000e+00
-1.052610725257769104e+02 -1.052751304366892242e+02 3.773681775269897842e-02 2.263728744298188030e+04 0.000000000000000000e+00
-1.013705310822803511e+02 -1.013548493468221636e+02 3.203662641136231087e-02 2.233672343867621385e+04 0.000000000000000000e+00
-1.041069339403481706e+02 -1.040784316520854702e+02 3.708843125393183199e-02 2.205176034357656317e+04 0.000000000000000000e+00
-1.033289524450297847e+02 -1.032244173195836936e+02 6.501556852179114776e-02 2.182262909414956448e+04 0.000000000000000000e+00
-9.657486067033633503e+01 -9.648846399077046954e+01 6.841596702267341290e-02 2.203062012948572738e+04 0.000000000000000000e+00
-1.025039784617561907e+02 -1.025169040812604635e+02 2.712383735445079297e-02 8.178006545579549856e+04 0.000000000000000000e+00
-9.557534048886273581e+01 -9.571418149452050272e+01 6.160981576299134899e-02 8.073571893531066598e+04 0.000000000000000000e+00
-1.080674766481762390e+02 -1.080409894896943683e+02 2.320780634628654901e-02 8.134215897676769237e+04 0.000000000000000000e+00
-1.053503305031934616e+02 -1.053364257339943890e+02 2.877897477461883319e-02 2.154497325273292154e+04 0.000000000000000000e+00
-1.080155380022836482e+02 -1.079880204301011872e+02 2.289402331705241156e-02 7.939977277545798279e+04 0.000000000000000000e+00
-1.026273052778010992e+02 -1.026069984137583475e+02 1.650445664377735502e-02 2.103472070177552450e+04 0.000000000000000000e+00
-9.418713227801904964e+01 -9.415437589371684624e+01 3.775026616469936286e-02 2.082450324223426651e+04 0.000000000000000000e+00
-1.052930552925670185e+02 -1.052945453232481299e+02 1.611152703713625636e-02 2.063774549990066589e+04 0.000000000000000000e+00
-9.989922823153480635e+01 -9.987771123326089651e+01 3.025242046460375339e-02 7.614362959789074375e+04 0.000000000000000000e+00
-9.649773671900391037e+01 -9.650714105956126332e+01 4.328394150996267564e-02 2.015621617881137354e+04 0.000000000000000000e+00
-1.025718261273979550e+02 -1.025590030792457696e+02 1.459231859837688793e-02 1.992712089101097445e+04 0.000000000000000000e+00
-9.710872605770769894e+01 -9.714577790557846981e+01 3.241439843731026144e-02 7.393904805561696412e+04 0.000000000000000000e+00
-1.052118728227231372e+02 -1.052022837902753878e+02 2.144440596353440129e-02 1.959214491636081584e+04 0.000000000000000000e+00
-1.026199021088381045e+02 -1.026312434397839013e+02 1.574683489161964045e-02 1.938085215358585629e+04 0.000000000000000000e+00
-9.988965828793473634e+01 -9.991174250726419359e+01 3.943511242216164031e-02 7.176938361509173410e+04 0.000000000000000000e+00
-1.079932084886266352e+02 -1.079978161508772416e+02 1.280105534515370812e-02 1.900268848613958835e+04 0.000000000000000000e+00
-1.018119030640317817e+02 -1.017625248010287322e+02 5.611189407003455698e-02 1.879759347760991295e+04 0.000000000000000000e+00
-1.080801237896410072e+02 -1.080943860044991425e+02 1.924823576254066845e-02 1.868959510457812212e+04 0.000000000000000000e+00
-9.550699327088446466e+01 -9.547269931143209476e+01 3.869898288191633146e-02 1.850919881411952883e+04 0.000000000000000000e+00
-9.918416928128317522e+01 -9.922602868849764945e+01 4.456489228741283837e-02 1.838051529678219958e+04 0.000000000000000000e+00
-1.026304274898584907e+02 -1.026151580774830165e+02 1.587133910405302828e-02 1.827392623218761946e+04 0.000000000000000000e+00
-1.041113089306370938e+02 -1.041460270759524178e+02 4.146621965775534879e-02 7.043346346529296716e+04 0.000000000000000000e+00
-1.045236263057701507e+02 -1.046236679486401613e+02 5.608143071717933831e-02 6.981864458852796815e+04 0.000000000000000000e+00
-1.025480876313782801e+02 -1.025186638342324414e+02 1.537312189141881551e-02 6.981824637343606446e+04 0.000000000000000000e+00
-1.107140242102770600e+02 -1.107245880624218444e+02 1.823494331606840407e-02 1.783138101104393718e+04 0.000000000000000000e+00
-1.106502721390403678e+02 -1.106618470529593594e+02 1.956195566445637773e-02 1.766402894286062656e+04 0.000000000000000000e+00
-1.053495313422353377e+02 -1.053576553284902531e+02 1.167742019324700779e-02 1.750075335545761118e+04 0.000000000000000000e+00
-9.987257793559817287e+01 -9.987259399753956757e+01 1.517143099748479232e-02 1.733704940419064587e+04 0.000000000000000000e+00
-9.986970210473894838e+01 -9.988290667698602476e+01 1.694636217261766276e-02 1.717033200748465970e+04 0.000000000000000000e+00
-1.053733645274293735e+02 -1.054026266470282707e+02 1.585662126070457034e-02 1.702191862529739592e+04 0.000000000000000000e+00
-1.025735840897752240e+02 -1.026167617640973191e+02 4.450330895578284013e-02 6.594212623474113934e+04 0.000000000000000000e+00
-9.455464735369812956e+01 -9.457076140647157558e+01 2.988090377850145460e-02 1.677629842846184329e+04 0.000000000000000000e+00
-1.025734335669337440e+02 -1.025836362079177206e+02 1.317739734163393336e-02 1.664156700992122933e+04 0.000000000000000000e+00
-1.080493837014582255e+02 -1.080559245300775473e+02 1.286177699712964632e-02 1.649739269892263110e+04 0.000000000000000000e+00
-9.818413502887226230e+01 -9.823740228483751480e+01 3.588223592794118760e-02 6.379805545395069930e+04 0.000000000000000000e+00
-1.025901964736546432e+02 -1.025718649787006029e+02 1.661634520305006746e-02 6.343323890224468050e+04 0.000000000000000000e+00
-1.014051319553245492e+02 -1.014342109681115147e+02 1.531528788119810615e-02 1.629780073684799936e+04 0.000000000000000000e+00
-1.081112827333628275e+02 -1.081234101517414246e+02 1.760452024883817079e-02 1.621778415312608195e+04 0.000000000000000000e+00
-9.714582947629152443e+01 -9.718964401961792987e+01 3.112210317712963206e-02 1.608661176176253139e+04 0.000000000000000000e+00
-1.052263400627042387e+02 -1.051711842760011706e+02 2.592728828355808299e-02 6.177015789584744198e+04 0.000000000000000000e+00
-1.025836280378361067e+02 -1.025901702730119780e+02 1.601778716605632008e-02 6.147393143301155214e+04 0.000000000000000000e+00
-1.052419667854676817e+02 -1.052353320791518314e+02 1.383231410831447725e-02 1.582303459263432342e+04 0.000000000000000000e+00
-1.032741050533172853e+02 -1.032767155594975321e+02 2.566958730079817175e-02 2.083487817589974838e+03 0.000000000000000000e+00
-1.080488270078539728e+02 -1.080476522575401646e+02 9.649122606588811726e-03 1.569947381997700177e+04 0.000000000000000000e+00
-9.977068235952856412e+01 -9.974204573319644851e+01 1.845375808173544546e-02 1.556877927457448277e+04 0.000000000000000000e+00
-1.025971910820586714e+02 -1.026002007156637887e+02 9.250040777300360534e-03 1.549860200423128481e+04 0.000000000000000000e+00
-1.025374659922122333e+02 -1.025160085606462417e+02 1.479378015113072889e-02 5.859204893404918403e+04 0.000000000000000000e+00
-9.976544811795659484e+01 -9.976945177155292299e+01 1.375547689486777622e-02 1.525660647200234234e+04 0.000000000000000000e+00
-1.051822653006386759e+02 -1.051686982141969509e+02 1.292174904248346093e-02 1.513432438567493773e+04 0.000000000000000000e+00
-1.024790047180477188e+02 -1.024772314074787118e+02 8.296093982535272804e-03 1.502615675651682977e+04 0.000000000000000000e+00
-1.025688401592321810e+02 -1.025716121229192908e+02 1.154946210988144935e-02 1.490726593567306372e+04 0.000000000000000000e+00
-1.053374695857913821e+02 -1.053379116152841277e+02 9.804315634362620671e-03 1.479046578569995654e+04 0.000000000000000000e+00
-1.024809544347984342e+02 -1.024704287256138144e+02 2.582493319363810685e-02 5.600452825489337556e+04 0.000000000000000000e+00
-1.025108679301776249e+02 -1.025079785318884404e+02 1.571547658172399095e-02 1.458098116367235161e+04 0.000000000000000000e+00
-9.920105505133572876e+01 -9.922311328145305254e+01 2.952001624655519255e-02 1.446951162569925145e+04 0.000000000000000000e+00
-1.107697655123116363e+02 -1.107702306622886681e+02 1.258902641927446206e-02 1.438117809270791622e+04 0.000000000000000000e+00
-9.982510200107559228e+01 -9.983255028957913169e+01 1.306894404564006018e-02 1.427221716333203949e+04 0.000000000000000000e+00
-9.707819698085042148e+01 -9.706260644485840317e+01 2.101339013484115545e-02 5.398961570176857640e+04 0.000000000000000000e+00
-1.081220256192620468e+02 -1.081222881312520627e+02 1.238688838765443674e-02 1.406425395107399891e+04 0.000000000000000000e+00
-1.052863946118969096e+02 -1.052872959031055160e+02 1.038382464227585386e-02 1.396007358547197327e+04 0.000000000000000000e+00
-1.014473602161037888e+02 -1.014690466118533436e+02 2.873412491418660467e-02 5.282110816707233607e+04 0.000000000000000000e+00
-9.910122237472742768e+01 -9.914019164374316517e+01 3.034548730808653283e-02 1.375622849157266137e+04 0.000000000000000000e+00
-1.053053721642575482e+02 -1.053101048680890557e+02 9.717651160679220690e-03 1.372330336843414807e+04 0.000000000000000000e+00
-1.053561293393756131e+02 -1.053548039536322278e+02 7.066362075273242144e-03 1.362603964735400041e+04 0.000000000000000000e+00
-1.080702568795445018e+02 -1.080754965064013504e+02 9.542718262530185472e-03 1.352884333829278876e+04 0.000000000000000000e+00
-1.052753866200789901e+02 -1.052757800860262307e+02 1.192016415781945587e-02 1.343461879077724734e+04 0.000000000000000000e+00
-1.052694930102337452e+02 -1.052460207178956892e+02 1.081199137443313377e-02 5.064689490019506775e+04 0.000000000000000000e+00
-1.052514628870800095e+02 -1.052509999909153464e+02 1.092356112375501148e-02 1.326622971395124478e+04 0.000000000000000000e+00
-1.052574534990062602e+02 -1.052460584098031973e+02 8.111100250015126217e-03 1.317414479912341449e+04 0.000000000000000000e+00
-1.080297521266798952e+02 -1.080268441452801653e+02 7.284380450769254410e-03 1.747122168597479458e+03 0.000000000000000000e+00
-1.053572347083455014e+02 -1.053663619494783887e+02 1.609505319672807633e-02 4.932224049923597340e+04 0.000000000000000000e+00
-1.024705249077011615e+02 -1.024674813897042043e+02 1.002066097228167599e-02 1.294273326536913009e+04 0.000000000000000000e+00
-1.107555006366205959e+02 -1.107511234500232717e+02 1.276326914915337091e-02 1.285591999981982190e+04 0.000000000000000000e+00
-1.025112071582961022e+02 -1.024982087912142674e+02 1.293462148001361944e-02 1.277078182250409373e+04 0.000000000000000000e+00
-9.863078978392586293e+01 -9.860252134147697234e+01 3.137100714167357501e-02 4.805500655053816445e+04 0.000000000000000000e+00
-1.080682472284272393e+02 -1.080553559375824335e+02 1.642468374865315578e-02 4.777997106746887584e+04 0.000000000000000000e+00
-1.025843287366192982e+02 -1.025873144634232972e+02 7.665388276919233614e-03 1.256129797217355190e+04 0.000000000000000000e+00
-1.053279329757676379e+02 -1.053458134191828037e+02 1.034088382238323479e-02 1.247955400130944690e+04 0.000000000000000000e+00
-9.985853608332757858e+01 -9.987900684611766167e+01 1.530680166845015122e-02 4.693688526377674862e+04 0.000000000000000000e+00
-1.134780039442701707e+02 -1.134336510668643001e+02 2.285302753514591168e-02 4.665927948082839430e+04 0.000000000000000000e+00
-1.107731961492899586e+02 -1.107756188875749928e+02 9.620978519223180592e-03 1.229640227843830689e+04 0.000000000000000000e+00
-9.984525408235384702e+01 -9.986419540874746303e+01 9.070714661118424449e-03 1.221844748265454837e+04 0.000000000000000000e+00
-1.107664712605817527e+02 -1.107751431047699811e+02 9.295662711356317276e-03 1.216203169660135791e+04 0.000000000000000000e+00
-1.024740958121420817e+02 -1.024800615688312035e+02 7.209548829341988832e-03 1.209002137069760283e+04 0.000000000000000000e+00
-1.053357649958404352e+02 -1.053411692876159265e+02 1.168429513122547746e-02 4.534814302325397875e+04 0.000000000000000000e+00
-1.079977430075900742e+02 -1.080011870078140532e+02 6.053244016615538965e-03 1.194270324505479948e+04 0.000000000000000000e+00
-9.720848767115460021e+01 -9.719591597284842521e+01 2.701321090284803175e-02 4.479068899294677976e+04 0.000000000000000000e+00
-9.976834401306827260e+01 -9.977263571895089456e+01 9.539448823377677522e-03 1.179742470157147000e+04 0.000000000000000000e+00
-9.978962555927924427e+01 -9.978914604959749113e+01 1.185499332897902054e-02 1.172661698795262419e+04 0.000000000000000000e+00
-1.080435685152782526e+02 -1.080450773259017581e+02 8.038996323334070965e-03 1.165555951481899319e+04 0.000000000000000000e+00
-1.080592343594910716e+02 -1.080533427651427729e+02 7.194285365614961833e-03 1.158539174917676428e+04 0.000000000000000000e+00
-1.080011177313993755e+02 -1.080001105419982963e+02 6.735747567430655676e-03 1.151799104936769982e+04 0.000000000000000000e+00
-1.080799569130083597e+02 -1.080650866206253937e+02 1.472496783983571339e-02 4.321700232785180560e+04 0.000000000000000000e+00
-1.025864902858315020e+02 -1.025778701366397456e+02 1.138233024381796361e-02 1.138192019653198804e+04 0.000000000000000000e+00
-1.052581025511801442e+02 -1.052550281610397604e+02 9.262180309761751038e-03 1.131841791586826548e+04 0.000000000000000000e+00
-1.025558334477578342e+02 -1.025460312715318736e+02 7.723739411510310501e-03 1.125274005821209903e+04 0.000000000000000000e+00
-1.054082868617186648e+02 -1.054028594232202494e+02 1.038264674428538911e-02 1.119308623447465288e+04 0.000000000000000000e+00
-1.052756957632356460e+02 -1.052754894188232413e+02 4.916287256098100279e-03 1.112973117568054295e+04 0.000000000000000000e+00
-1.080936180269614511e+02 -1.080973415518556067e+02 9.052451645292338214e-03 1.106577239569220183e+04 0.000000000000000000e+00
-1.080214871191015789e+02 -1.080220935922756809e+02 7.803765648065477852e-03 1.100333317801077465e+04 0.000000000000000000e+00
-1.107493054386034004e+02 -1.107145846029187339e+02 1.367762588650407903e-02 4.129575164628054335e+04 0.000000000000000000e+00
-1.026962985809646227e+02 -1.027002353426264136e+02 1.552936362747973052e-02 1.087916244705440113e+04 0.000000000000000000e+00
-9.994367922256158465e+01 -9.995283521102844304e+01 9.665358007090125991e-03 1.081901208826362927e+04 0.000000000000000000e+00
-9.987885107363972281e+01 -9.987913484475350856e+01 9.252925735284489930e-03 1.076253676341401297e+04 0.000000000000000000e+00
-1.079717106645160385e+02 -1.079699782920977782e+02 7.638905790361710628e-03 1.070277008812680288e+04 0.000000000000000000e+00
-1.053065563140386587e+02 -1.053014899719123889e+02 1.083789146995667134e-02 1.064386656309067075e+04 0.000000000000000000e+00
-9.421699853024473725e+01 -9.422118327329341980e+01 1.804486332450273497e-02 1.058674713652487299e+04 0.000000000000000000e+00
-1.052807881638057665e+02 -1.052853432985601216e+02 3.333644970278105881e-03 1.430697984080644574e+03 0.000000000000000000e+00
-1.053639302229234005e+02 -1.053561693016800120e+02 6.796479525608360890e-03 1.047274359320923759e+04 0.000000000000000000e+00
-1.107245834674265126e+02 -1.106804749778337253e+02 1.314192676640651286e-02 3.938489912774992990e+04 0.000000000000000000e+00
-9.826207707953085446e+01 -9.827372504697532918e+01 1.574426011827577410e-02 1.036334123581840322e+04 0.000000000000000000e+00
-1.026559439023001801e+02 -1.026545046555589664e+02 1.298624178140478196e-02 1.031398416413281666e+04 0.000000000000000000e+00
-1.134239473206655333e+02 -1.134460669550944942e+02 1.266787533582194349e-02 1.025912517645752814e+04 0.000000000000000000e+00
-1.107218684418915871e+02 -1.107229494628219015e+02 8.111162966022213497e-03 1.022834582078610583e+04 0.000000000000000000e+00
-1.053053787491396918e+02 -1.052938522374141854e+02 1.141648393067317031e-02 3.850371681965993776e+04 0.000000000000000000e+00
-1.026436184839571268e+02 -1.026471855774491644e+02 1.381476924739836326e-02 1.012139081099394207e+04 0.000000000000000000e+00
-1.053215437412003865e+02 -1.053095727775469754e+02 7.860727589010194430e-03 1.006926627274509519e+04 0.000000000000000000e+00
-9.993454374817567043e+01 -9.994186611159946665e+01 1.919997438097134981e-02 3.792116794934498466e+04 0.000000000000000000e+00
-1.080564815655085908e+02 -1.080507785584786973e+02 6.113026326693899067e-03 9.989105389627780824e+03 0.000000000000000000e+00
-1.080712057000924915e+02 -1.080752925398853961e+02 5.480142071774358505e-03 9.939442344946572121e+03 0.000000000000000000e+00
-1.053700602469397865e+02 -1.053781568227798147e+02 7.939884642809189041e-03 9.889556048014277621e+03 0.000000000000000000e+00
-1.018023429002090836e+02 -1.018344213560207834e+02 1.830163134124371607e-02 9.842670337104371356e+03 0.000000000000000000e+00
-1.081056801482664440e+02 -1.081029450250395172e+02 7.752893846863627252e-03 9.831517106230023273e+03 0.000000000000000000e+00
-1.079714433652487031e+02 -1.079703242393603659e+02 6.823789831488253493e-03 9.782437039562482823e+03 0.000000000000000000e+00
-1.107091408019858108e+02 -1.107206273829667680e+02 6.885857385418006106e-03 9.733616620034395964e+03 0.000000000000000000e+00
-1.107742656805887123e+02 -1.107759691503010231e+02 6.639796838394056329e-03 9.691412959106006383e+03 0.000000000000000000e+00
-1.106619115458690743e+02 -1.106671422419631625e+02 1.020696985677875014e-02 9.643583798057017702e+03 0.000000000000000000e+00
-1.053446822640249536e+02 -1.053452934526694094e+02 6.228002084582964608e-03 9.597161777493112822e+03 0.000000000000000000e+00
-1.052979324496804026e+02 -1.052972202559850814e+02 6.466613623002186693e-03 9.550111221003549872e+03 0.000000000000000000e+00
-1.008931098898524681e+02 -1.008592126256261565e+02 1.609263390189889786e-02 9.503569249665744792e+03 0.000000000000000000e+00
-1.080697505371248042e+02 -1.080640903664201176e+02 7.921250115287832572e-03 3.566808552442982182e+04 0.000000000000000000e+00
-1.053040535367512547e+02 -1.053046037792661025e+02 5.124161631713491753e-03 9.458276170973605986e+03 0.000000000000000000e+00
-1.080270945089496450e+02 -1.080153731745331385e+02 9.180350283226008934e-03 3.532657121609674505e+04 0.000000000000000000e+00
-1.053814270977516543e+02 -1.053862337835776088e+02 8.395093158505789396e-03 9.367763644552545884e+03 0.000000000000000000e+00
-1.026887470556446118e+02 -1.026892724745658398e+02 6.909460837133506693e-03 9.324503065059177970e+03 0.000000000000000000e+00
-1.025485967221551249e+02 -1.025417450851183787e+02 6.259446678203969654e-03 9.280330396855908475e+03 0.000000000000000000e+00
-1.080443433541522040e+02 -1.080452100221307035e+02 6.211003492147827362e-03 9.238853698605398677e+03 0.000000000000000000e+00
-1.025437029994961335e+02 -1.025391665260662108e+02 6.108901786933755920e-03 9.195476147903096717e+03 0.000000000000000000e+00
-1.081121571994012669e+02 -1.081038770324457801e+02 7.414570648743426702e-03 9.153753414436887397e+03 0.000000000000000000e+00
-9.693538795328539948e+01 -9.694798884917915416e+01 1.355264364033208560e-02 9.113988584961578454e+03 0.000000000000000000e+00
-1.053852116048739163e+02 -1.053813089046200844e+02 7.563064738803562150e-03 9.078955646110927773e+03 0.000000000000000000e+00
-9.974271137253171560e+01 -9.973798594091564951e+01 1.206244166372783325e-02 3.392364570728316903e+04 0.000000000000000000e+00
-1.080426028647755601e+02 -1.080301113410482969e+02 7.564466729084374196e-03 8.996275948833252187e+03 0.000000000000000000e+00
-1.026272893614288506e+02 -1.026262422006243185e+02 7.439530061032838260e-03 8.961745689034010866e+03 0.000000000000000000e+00
-1.053024099069386352e+02 -1.053065280297987698e+02 5.067477425997625982e-03 8.921031046077154315e+03 0.000000000000000000e+00
-9.607020979406658512e+01 -9.616861476725264879e+01 2.379539988410171031e-02 8.881287431965085489e+03 0.000000000000000000e+00
-1.052639772227048809e+02 -1.052556545780909829e+02 4.500917788054928717e-03 9.110384309053084507e+03 0.000000000000000000e+00
-1.025707749427681961e+02 -1.025766292191042766e+02 1.209112374164370528e-02 3.320136571948940400e+04 0.000000000000000000e+00
-1.080278577424741400e+02 -1.080131771372648899e+02 8.985139583850344433e-03 3.305459105377783999e+04 0.000000000000000000e+00
-1.025636827663961128e+02 -1.025567934778469947e+02 9.504392919228740397e-03 3.291672600023997074e+04 0.000000000000000000e+00
-1.079171933937125374e+02 -1.079137908081137880e+02 7.158779172958895133e-03 8.954287910368895609e+03 0.000000000000000000e+00
-1.025976662544944560e+02 -1.025949771471131413e+02 8.210185441223118857e-03 8.915337888181325980e+03 0.000000000000000000e+00
-9.973665028668482080e+01 3.517348229663219840e+17 9.421513689050320295e+01 8.876492019296258150e+03 0.000000000000000000e+00
-6.637289534448000000e+12 7.472351222631607925e+03 1.248623792448440750e+15 5.378913658380834431e+32 0.000000000000000000e+00
-2.186072374669500000e+12 5.009370508730185065e+02 1.649223350054302812e+14 5.355629204013255426e+32 0.000000000000000000e+00
-1.714200885260750000e+12 5.318878632592954091e+03 6.002674881240560938e+13 5.332545466266743469e+32 0.000000000000000000e+00
-2.006455694932750000e+12 3.302436030873861341e+02 1.226595072975130156e+14 5.309659861002859017e+32 0.000000000000000000e+00
-1.348380538833000000e+12 2.088995586817634830e+04 1.254839010628219062e+14 5.286969848252456545e+32 0.000000000000000000e+00
-7.475936459459750000e+12 1.782656472718446821e+03 4.434234414126870000e+14 5.264472931275319971e+32 0.000000000000000000e+00
-6.682084581027500000e+11 9.958289085263420475e+02 2.216921130641192969e+13 5.242166655646580456e+32 0.000000000000000000e+00
-4.716135582880500000e+12 -2.575745654911115068e+01 1.664741776303344531e+13 5.358239986548488322e+32 0.000000000000000000e+00
-1.034850596802250000e+12 4.904578401747163298e+04 1.705239537537945312e+14 5.198116416963044647e+32 0.000000000000000000e+00
-5.584528450360000000e+11 7.571934358944176893e+02 3.772648670975660156e+13 5.176367748703322015e+32 0.000000000000000000e+00
-3.712455320650000000e+11 1.901031292876860607e+04 2.927495215731558203e+13 5.154800309705859308e+32 0.000000000000000000e+00
-2.447936708740175000e+13 9.808202141180141552e+03 8.658624171795531250e+13 5.286271093901463397e+32 0.000000000000000000e+00
-1.468023468088500000e+12 7.312949760357921150e+03 2.250958813603470312e+14 5.112200133555065104e+32 0.000000000000000000e+00
-7.904929172408500000e+12 3.115801587569241349e+01 1.920831576551168750e+13 5.244721166797015245e+32 0.000000000000000000e+00
-4.009454700692000000e+12 1.710576282658779235e+01 1.415332464184944141e+13 5.226430855981758281e+32 0.000000000000000000e+00
-8.359316314955000000e+11 6.815418051402079982e+03 1.357157560560039531e+14 5.049603889352231540e+32 0.000000000000000000e+00
-6.590970942695000000e+11 3.624989027435464959e+04 8.249522716480175000e+13 5.029077732438639791e+32 0.000000000000000000e+00
-5.854011204630000000e+11 6.245066856774535154e+03 5.396515364017685156e+13 5.008717770883469740e+32 0.000000000000000000e+00
-7.812107658376750000e+12 5.922691846905482635e+03 2.261475479643352344e+13 5.145228476104789164e+32 0.000000000000000000e+00
-6.888322736672500000e+11 9.416351525546948324e+03 5.050708078873069531e+13 4.968488424965716226e+32 0.000000000000000000e+00
-4.262755205640000000e+11 -5.619533245279423994e+00 3.985021629455250000e+13 4.948615116244011252e+32 0.000000000000000000e+00
-4.907216786752500000e+11 9.443531892670725938e+03 4.026718218690186719e+13 4.928900152886360815e+32 0.000000000000000000e+00
-5.476445619887500000e+11 6.149716796017150955e+03 8.620635264783482812e+13 4.909341649950868393e+32 0.000000000000000000e+00
-9.288402288362500000e+11 1.083534969476442056e+05 8.939806772825834375e+13 4.889937752294504236e+32 0.000000000000000000e+00
-4.023863468035000000e+11 1.037172076469285457e+04 3.203227071964284375e+13 4.870686633986882256e+32 0.000000000000000000e+00
-2.851610085720000000e+11 1.626037098325578154e+04 4.944333663253250000e+13 4.851586497737392059e+32 0.000000000000000000e+00
-3.773386993447500000e+11 2.171081594629183382e+04 3.833594798672223438e+13 4.832635574335738747e+32 0.000000000000000000e+00
-5.335982280867500000e+11 8.729820526184334085e+03 1.464980992771920938e+14 4.813832122105955321e+32 0.000000000000000000e+00
-2.241141726620000000e+11 1.266317313506406754e+04 2.424353539862567578e+13 4.795174426372682886e+32 0.000000000000000000e+00
-2.943053061960000000e+11 8.615286701043154608e+03 2.152893256494914453e+13 4.776660798940030684e+32 0.000000000000000000e+00
-2.508090597190000000e+11 3.536611950726272084e+02 3.720028946493141406e+13 4.758289577582357317e+32 0.000000000000000000e+00
-1.943528585200000000e+11 2.216713843930758543e+01 1.394129604837700000e+13 4.740059125546678480e+32 0.000000000000000000e+00
-3.226794643935000000e+11 3.444487756057367369e+04 3.736589831799282812e+13 4.721967831066913027e+32 0.000000000000000000e+00
-2.472545225500000000e+11 1.883880125325494373e+04 2.073077079544812891e+13 4.704014106888609090e+32 0.000000000000000000e+00
-1.423422634495000000e+11 2.868542036604083842e+04 2.514876685918571875e+13 4.686196389804901828e+32 0.000000000000000000e+00
-1.543221343130000000e+11 2.943604578579443753e+01 1.826876337693750781e+13 4.668513140202725679e+32 0.000000000000000000e+00
-5.149933854655000000e+11 1.101459562319845863e+05 1.435830060300934062e+14 4.650962841619393547e+32 0.000000000000000000e+00
-2.711522933765000000e+11 3.628097350730864855e+04 4.250302787949726562e+13 4.633544000309166046e+32 0.000000000000000000e+00
-1.773583469810000000e+11 7.942570585496464446e+03 1.326571446779115430e+13 4.616255144819366945e+32 0.000000000000000000e+00
-1.173081608732500000e+11 2.011705413304738101e+02 1.026914809777496289e+13 4.599094825576203318e+32 0.000000000000000000e+00
-1.047783819782500000e+11 -6.096386057325886298e+01 7.292991997840924805e+12 4.582061614479320520e+32 0.000000000000000000e+00
-1.346407885010000000e+11 1.283578969188250767e+02 1.332145430182208594e+13 4.565154104506069092e+32 0.000000000000000000e+00
-8.012753867525000000e+10 1.393926781045831653e+01 7.144099120201404297e+12 4.548370909323746269e+32 0.000000000000000000e+00
-8.479137601100000000e+10 1.303302548597811256e+04 9.203506082355759766e+12 4.531710662910875680e+32 0.000000000000000000e+00
-2.044198903477500000e+11 1.365133645176775644e+04 1.651250293093707031e+13 4.515172019186523627e+32 0.000000000000000000e+00
-8.435231334275000000e+10 1.996591402663646519e+01 5.525570740420637695e+12 4.498753651647738420e+32 0.000000000000000000e+00
-1.684414310185000000e+11 6.913397026946130791e+04 4.438670608714114062e+13 4.482454253014980895e+32 0.000000000000000000e+00
-1.352849996610000000e+11 1.255601364691600065e+04 1.370293576523612500e+13 4.466272534885154132e+32 0.000000000000000000e+00
-7.845926754450000000e+10 -2.706940936693241540e+01 7.531476377866216797e+12 4.450207227392060864e+32 0.000000000000000000e+00
-1.690656268192500000e+11 4.858571496546873095e+04 1.519738503521052930e+13 4.434257078874277053e+32 0.000000000000000000e+00
-2.813358103762500000e+11 7.978112667687847534e+03 5.103634835344821094e+13 4.418420855550069104e+32 0.000000000000000000e+00
-2.150641625752500000e+11 4.313354990125235054e+04 3.081266294814850391e+13 4.402697341199321553e+32 0.000000000000000000e+00
-1.957931349265000000e+11 3.601809294744365161e+03 2.485200197571266016e+13 4.387085336852071722e+32 0.000000000000000000e+00
-1.715820345607500000e+11 2.653127624086441938e+04 2.626308175274444922e+13 4.371583660484023868e+32 0.000000000000000000e+00
-6.474615614225000000e+10 1.112143884709976646e+03 7.273012033317755859e+12 4.356191146717823619e+32 0.000000000000000000e+00
-4.304640352150000000e+10 -1.230830619399401371e+01 5.763964148997773438e+12 4.340906646531398378e+32 0.000000000000000000e+00
-1.179854776852500000e+11 9.028798916991305305e+03 1.134039496155977344e+13 4.325729026971875704e+32 0.000000000000000000e+00
-6.780073144300000000e+10 3.984879652052131291e+02 6.007217860948876953e+12 4.310657170875610013e+32 0.000000000000000000e+00
-7.910804872825000000e+10 -6.691560912833986663e+01 6.750686249158380859e+12 4.295689976594280138e+32 0.000000000000000000e+00
-1.841250476872500000e+11 6.451023691867536400e+04 3.556929570378537500e+13 4.280826357726280233e+32 0.000000000000000000e+00
-3.945063747900000000e+10 -2.521925639359951177e+01 5.069606839611488281e+12 4.266065242853891861e+32 0.000000000000000000e+00
-9.686993479075000000e+10 4.351411544745940046e+04 1.111107399759763086e+13 4.251405575286009560e+32 0.000000000000000000e+00
-7.104684617825000000e+10 9.862597147525342507e+02 9.205352730132886719e+12 4.236846312805782901e+32 0.000000000000000000e+00
-1.285806235972500000e+11 1.942266723577032826e+04 1.508884676725767188e+13 4.222386427423768784e+32 0.000000000000000000e+00
-8.192518648900000000e+10 6.412480190012125604e+03 7.611261535226715820e+12 4.208024905135858999e+32 0.000000000000000000e+00
-5.078710740700000000e+10 1.298891439264835526e+03 5.711356992642125000e+12 4.193760745686553732e+32 0.000000000000000000e+00
-7.249560533650000000e+10 2.134539779510565495e+04 1.024449098902889258e+13 4.179592962336299849e+32 0.000000000000000000e+00
-7.559358899300000000e+10 3.425154925894797634e+04 6.402515755844657227e+12 4.165520581634283207e+32 0.000000000000000000e+00
-3.667021750275000000e+10 1.035553896296793027e+03 1.043945832770363867e+13 4.151542643195383024e+32 0.000000000000000000e+00
-1.219114779187500000e+11 3.266437444330448852e+04 1.297812317148321484e+13 4.137658199481730001e+32 0.000000000000000000e+00
-7.195973575875000000e+10 1.415786449774767846e+02 6.851302071398572266e+12 4.123866315588471169e+32 0.000000000000000000e+00
-6.572438386475000000e+10 -6.018227019985501158e+01 7.641071214810956055e+12 4.110166069034221362e+32 0.000000000000000000e+00
-5.287932279150000000e+10 2.212673956192345941e+03 9.199301768448080078e+12 4.096556549554999392e+32 0.000000000000000000e+00
-1.088006544530000000e+11 8.329938416460965527e+03 1.879579894804776953e+13 4.083036858902960387e+32 0.000000000000000000e+00
-8.459287025825000000e+10 2.006773187129268990e+04 1.030948341103413281e+13 4.069606110648608493e+32 0.000000000000000000e+00
-7.353438658700000000e+10 1.670884460090086577e+04 7.097307471410767578e+12 4.056263429987133456e+32 0.000000000000000000e+00
-5.464430334775000000e+10 1.061991593910609663e+04 7.554880876092895508e+12 4.043007953548427883e+32 0.000000000000000000e+00
-4.793479583175000000e+10 8.099820015459441720e+02 4.152140021433265137e+12 4.029838829210953834e+32 0.000000000000000000e+00
-5.688249374475000000e+10 2.237750219112247578e+03 4.269787811250702148e+12 4.016755215919009085e+32 0.000000000000000000e+00
-3.465296595975000000e+10 1.926790071238379767e+02 5.450071993332001953e+12 4.003756283503818214e+32 0.000000000000000000e+00
-7.603778564125000000e+10 3.207942551311910938e+04 7.877087508294107422e+12 3.990841212507823036e+32 0.000000000000000000e+00
-4.737318861600000000e+10 3.070916940257478200e+04 6.780574377338874023e+12 3.978009194012611951e+32 0.000000000000000000e+00
-5.875204322100000000e+10 2.508354082482442027e+04 6.144067663309776367e+12 3.965259429469960022e+32 0.000000000000000000e+00
-9.371691366675000000e+10 5.082996024825415589e+03 2.065288835600121875e+13 3.952591130536207474e+32 0.000000000000000000e+00
-4.076263267512500000e+10 7.156966368187511307e+02 3.922680777735011719e+12 3.940003518909785671e+32 0.000000000000000000e+00
-5.109442374950000000e+10 3.802964791113810861e+03 6.512122460544953125e+12 3.927495826171706827e+32 0.000000000000000000e+00
-4.459248569300000000e+10 -7.120620326802877287e+01 4.414561986857460938e+12 3.915067293629433211e+32 0.000000000000000000e+00
-4.089451158862500000e+10 1.633888055752782975e+03 3.737148203017969727e+12 3.902717172163266211e+32 0.000000000000000000e+00
-3.058858846387500000e+10 1.134815927429777275e+03 3.434401155388415039e+12 3.890444722075944839e+32 0.000000000000000000e+00
-3.383105829900000000e+10 1.147549530246125323e+04 7.040644698136934570e+12 3.878249212944926225e+32 0.000000000000000000e+00
-3.177587793887500000e+10 -2.690065057758239675e+01 5.468291221196803711e+12 3.866129923477534719e+32 0.000000000000000000e+00
-3.947475926100000000e+10 4.917544350992419027e+02 5.165407871270287109e+12 3.854086141368662556e+32 0.000000000000000000e+00
-2.582710431500000000e+10 -6.407558401601581011e+01 2.819252107236187500e+12 3.842117163161317511e+32 0.000000000000000000e+00
-3.281216723275000000e+10 -2.516476124816586335e+01 4.172768629783421387e+12 3.830222294109595300e+32 0.000000000000000000e+00
-3.217915597687500000e+10 8.179865977717388432e+02 4.113179025652906738e+12 3.818400848044301535e+32 0.000000000000000000e+00
-5.123089565850000000e+10 4.275955929560196819e+04 6.298532727934267578e+12 3.806652147240968147e+32 0.000000000000000000e+00
-2.492872372475000000e+10 1.555321564566987149e+02 3.940151821918422363e+12 3.794975522290377426e+32 0.000000000000000000e+00
-2.498417149075000000e+10 7.646429259901484556e+02 2.651666979354532715e+12 3.783370311971424315e+32 0.000000000000000000e+00
-3.843491826362500000e+10 2.034832142628658403e+04 3.759158349892790527e+12 3.771835863126270871e+32 0.000000000000000000e+00
-2.117045268000000000e+10 1.280181818637546712e+03 2.681472005321894531e+12 3.760371530537827455e+32 0.000000000000000000e+00
-3.414488781000000000e+10 -6.208344138027424464e+01 3.786702039535242188e+12 3.748976676809481399e+32 0.000000000000000000e+00
-2.205280641275000000e+10 7.711615994883212579e+02 2.915101547600227539e+12 3.737650672246915352e+32 0.000000000000000000e+00
-3.660152527462500000e+10 1.932922931733629957e+04 3.748342241672590332e+12 3.726392894742134901e+32 0.000000000000000000e+00
-2.400881229037500000e+10 -4.008339688126719125e+01 3.322976168879188477e+12 3.715202729659564252e+32 0.000000000000000000e+00
-2.407454863550000000e+10 7.015003871988351420e+03 3.626358537396477539e+12 3.704079569724227977e+32 0.000000000000000000e+00
-2.799044261150000000e+10 -7.390167075986742873e+01 2.530046683460224609e+12 3.693022814911841563e+32 0.000000000000000000e+00
-2.759137790450000000e+10 -8.982893847739188686e+01 3.988954304415467285e+12 3.682031872340912372e+32 0.000000000000000000e+00
-1.973343025500000000e+10 5.819296035898837545e+02 2.653647118904199707e+12 3.671106156166857494e+32 0.000000000000000000e+00
-1.903325284200000000e+10 2.210048090396835221e+02 2.972632709310995117e+12 3.660245087477813506e+32 0.000000000000000000e+00
-2.994219166087500000e+10 2.979293251177337152e+04 3.208005856234625488e+12 3.649448094192442234e+32 0.000000000000000000e+00
-1.705622179800000000e+10 8.528325010367668213e+00 2.384352277124239746e+12 3.638714610959478140e+32 0.000000000000000000e+00
-2.549246882612500000e+10 1.832937640183410394e+03 2.696011067307066406e+12 3.628044079059072833e+32 0.000000000000000000e+00
-1.458579175700000000e+10 -7.017944211438017987e+01 2.778821361391487793e+12 3.617435946305781764e+32 0.000000000000000000e+00
-1.845960483687500000e+10 3.906136997305352452e+02 3.260580208567509766e+12 3.606889666953400648e+32 0.000000000000000000e+00
-3.403050614087500000e+10 1.960679709340703994e+04 5.216533322766973633e+12 3.596404701601296352e+32 0.000000000000000000e+00
-4.601528985262500000e+10 3.848530581217516010e+04 6.476923997989838867e+12 3.585980517102522660e+32 0.000000000000000000e+00
-1.609951360375000000e+10 6.301982703226100284e+02 1.853075090855984375e+12 3.575616586473414647e+32 0.000000000000000000e+00
-2.990943589562500000e+10 2.009234716615118668e+04 4.013693502221619629e+12 3.565312388804774816e+32 0.000000000000000000e+00
-1.474457007100000000e+10 1.438109093235550802e+02 3.070856151745479980e+12 3.555067409174606306e+32 0.000000000000000000e+00
-1.088052270275000000e+10 1.282588135003099410e+02 2.979506169641260742e+12 3.544881138562389579e+32 0.000000000000000000e+00
-2.514773681175000000e+10 3.102675352575027318e+03 2.496393882039584473e+12 3.534753073764692883e+32 0.000000000000000000e+00
-2.066863853937500000e+10 4.067608189813984609e+03 2.181398022733181641e+12 3.524682717312391052e+32 0.000000000000000000e+00
-4.854900150575000000e+10 2.611837562622034238e+04 4.975167376830232422e+12 3.514669577389159717e+32 0.000000000000000000e+00
-1.455711485162500000e+10 1.921041063142326720e+03 2.928787195538272949e+12 3.504713167751457513e+32 0.000000000000000000e+00
-2.712480672487500000e+10 -6.130196742136128307e+01 3.909501300261540039e+12 3.494813007649775052e+32 0.000000000000000000e+00
-1.270497678750000000e+10 1.403275530878616166e+02 2.331604776562341797e+12 3.484968621751291183e+32 0.000000000000000000e+00
-1.528606642200000000e+10 5.071221316625596955e+02 1.915848709073137939e+12 3.475179540063783780e+32 0.000000000000000000e+00
-2.467277336812500000e+10 2.851152463950753372e+04 4.050624674574069824e+12 3.465445297860848368e+32 0.000000000000000000e+00
-1.190846261912500000e+10 1.758182722659413999e+00 2.978919224503724121e+12 3.455765435608333804e+32 0.000000000000000000e+00
-2.813834396812500000e+10 3.938763876187000278e+04 4.497123750066093750e+12 3.446139498892049056e+32 0.000000000000000000e+00
-4.128570592062500000e+10 2.645754788479018680e+04 4.808383055345166992e+12 3.436567038346653888e+32 0.000000000000000000e+00
-4.727299035837500000e+10 1.326199978519133765e+04 9.412494569998542969e+12 3.427047609585695254e+32 0.000000000000000000e+00
-1.336412615025000000e+10 5.505149567573193963e+02 2.320353718924451660e+12 3.417580773132947230e+32 0.000000000000000000e+00
-2.065842536012500000e+10 -8.370480734915476262e+01 2.754787768323873047e+12 3.408166094354663172e+32 0.000000000000000000e+00
-1.469345568137500000e+10 -1.482663107075947728e+01 2.011011173821391357e+12 3.398803143393106199e+32 0.000000000000000000e+00
-1.516491816437500000e+10 -5.280561387222043379e+01 1.824554772354956543e+12 3.389491495101140348e+32 0.000000000000000000e+00
-2.523409755137500000e+10 3.491468771851372730e+04 5.889995802905754883e+12 3.380230728977861525e+32 0.000000000000000000e+00
-2.846856700325000000e+10 2.391700521858690081e+03 9.980515681400605469e+12 3.371020429105295632e+32 0.000000000000000000e+00
-1.640664778700000000e+10 1.582558447540525776e+03 2.845037058540496582e+12 3.361860184086178272e+32 0.000000000000000000e+00
-1.265149434787500000e+10 1.077692171198058077e+03 2.599618165076084961e+12 3.352749586982642388e+32 0.000000000000000000e+00
-1.124060983025000000e+10 7.419133811380330599e+02 1.873900095569325439e+12 3.343688235255990359e+32 0.000000000000000000e+00
-2.633051971737500000e+10 2.245945339503848300e+04 3.452464999506556641e+12 3.334675730707412943e+32 0.000000000000000000e+00
-9.954544901500000000e+09 5.247643010215955428e+02 5.029980537024493164e+12 3.325711679419634872e+32 0.000000000000000000e+00
-4.006068006712500000e+10 2.481602046388649251e+04 2.735304290916922266e+13 3.316795691699560610e+32 0.000000000000000000e+00
-2.560292688650000000e+10 4.325430265009470168e+04 6.125581774273335938e+12 3.307927382021767513e+32 0.000000000000000000e+00
-3.448085768200000000e+10 2.411188791485344700e+04 4.224070349718565918e+12 3.299106368972947976e+32 0.000000000000000000e+00
-1.649873677237500000e+10 1.090334432551448799e+03 2.889625435315140625e+12 3.290332275197262400e+32 0.000000000000000000e+00
-3.037595396525000000e+10 2.626158008131905808e+04 3.811608369309767090e+12 3.281604727342469653e+32 0.000000000000000000e+00
-1.979839444912500000e+10 2.117122384258315287e+04 2.915564565195239258e+12 3.272923356007018062e+32 0.000000000000000000e+00
-1.101619031987500000e+10 5.209303853953650787e+02 1.662428563022682861e+12 3.264287795687938404e+32 0.000000000000000000e+00
-2.370684460737500000e+10 2.682990557176960647e+04 3.166923998735726562e+12 3.255697684729490621e+32 0.000000000000000000e+00
-1.620197213512500000e+10 1.562318119943920692e+03 2.590940052350841309e+12 3.247152665272732872e+32 0.000000000000000000e+00
-1.121038794912500000e+10 9.836898481027625962e+01 1.908437138860703857e+12 3.238652383205795307e+32 0.000000000000000000e+00
-2.979825158262500000e+10 1.764933927815130301e+04 2.988534013986289551e+12 3.230196488114980706e+32 0.000000000000000000e+00
-1.107421069500000000e+10 1.068575247720268180e+03 2.112046029127627686e+12 3.221784633236604418e+32 0.000000000000000000e+00
-1.112450721087500000e+10 4.590165830835472889e+02 2.092118426336662598e+12 3.213416475409599570e+32 0.000000000000000000e+00
-1.052983857550000000e+10 2.051032959657631363e+04 3.147138704974384277e+12 3.205091675028855803e+32 0.000000000000000000e+00
-1.406976258350000000e+10 3.688077726313880248e+03 1.858272079153107666e+12 3.196809895999263825e+32 0.000000000000000000e+00
-9.424828169750000000e+09 2.268531146330820718e+02 2.854674024074170898e+12 3.188570805690500350e+32 0.000000000000000000e+00
-1.012196544825000000e+10 6.151893959710114359e+02 1.472975155340579590e+12 3.180374074892490021e+32 0.000000000000000000e+00
-8.993013280625000000e+09 6.511099627886885628e+02 1.482663783860201172e+12 3.172219377771551879e+32 0.000000000000000000e+00
-7.451400355250000000e+09 3.757518896863712854e+01 1.916598614628778076e+12 3.164106391827237583e+32 0.000000000000000000e+00
-1.838680316462500000e+10 2.201485252948993002e+04 2.921611066207507324e+12 3.156034797849809503e+32 0.000000000000000000e+00
-7.977872754625000000e+09 2.692892445512665844e+01 1.699830052598548584e+12 3.148004279878374901e+32 0.000000000000000000e+00
-2.383366051362500000e+10 2.100257209358523323e+04 4.167208009082188477e+12 3.140014525159662859e+32 0.000000000000000000e+00
-8.750008327250000000e+09 -5.569154325572138475e+01 1.940588165414635498e+12 3.132065224107413341e+32 0.000000000000000000e+00
-9.135310689875000000e+09 2.640964721691505474e+03 2.785912705333918945e+12 3.124156070262409366e+32 0.000000000000000000e+00
-8.773253754000000000e+09 1.073002947443222638e+03 1.546419086067559082e+12 3.116286760253078799e+32 0.000000000000000000e+00
-1.785768712762500000e+10 3.179419443659642639e+04 2.583185122640595215e+12 3.108456993756705752e+32 0.000000000000000000e+00
-1.043617071550000000e+10 6.097289599009515086e+02 1.700066757403295410e+12 3.100666473461240049e+32 0.000000000000000000e+00
-1.301120839112500000e+10 -7.977872577066985116e+01 1.872342854786771973e+12 3.092914905027659396e+32 0.000000000000000000e+00
-9.187825124625000000e+09 -4.283249715244760836e+01 1.609470311766956543e+12 3.085201997052892134e+32 0.000000000000000000e+00
-1.877954858162500000e+10 -5.864416164397389508e+01 3.566184998649947266e+12 3.077527461033304944e+32 0.000000000000000000e+00
-8.738210969500000000e+09 1.007612143535233599e+03 2.048257826466725586e+12 3.069891011328741419e+32 0.000000000000000000e+00
-1.592060852512500000e+10 -8.154412972259883929e+01 1.831232267914416748e+12 3.062292365127083781e+32 0.000000000000000000e+00
-6.909747665375000000e+09 3.386259212159660592e+02 2.433070836541137695e+12 3.054731242409317197e+32 0.000000000000000000e+00
-1.690799830637500000e+10 2.214447907677541662e+04 2.592069759086933105e+12 3.047207365915151824e+32 0.000000000000000000e+00
-9.015667794750000000e+09 1.649479673140210252e+03 1.993229728158005127e+12 3.039720461109142403e+32 0.000000000000000000e+00
-6.945918511125000000e+09 -1.901577019647070266e+00 1.634792179020142334e+12 3.032270256147279123e+32 0.000000000000000000e+00
-8.153134999625000000e+09 4.615268312148659220e+02 1.245885762229558350e+12 3.024856481844088640e+32 0.000000000000000000e+00
-9.350855988875000000e+09 -3.801054627465236280e+01 1.857241404965480469e+12 3.017478871640226899e+32 0.000000000000000000e+00
-2.312381429450000000e+10 3.155130098555622681e+04 3.696478444091904297e+12 3.010137161570510779e+32 0.000000000000000000e+00
-9.994947384750000000e+09 1.304406254437528878e+04 3.995478091186699707e+12 3.002831090232455586e+32 0.000000000000000000e+00
-1.434162666762500000e+10 -6.389518782352297421e+01 1.834106683489046143e+12 2.995560398755254264e+32 0.000000000000000000e+00
-2.143631830525000000e+10 4.337882553439156618e+04 4.246242081098016602e+12 2.988324830769163716e+32 0.000000000000000000e+00
-1.188000700675000000e+10 -6.888087569589043824e+01 1.682554424778449463e+12 2.981124132375435902e+32 0.000000000000000000e+00
-1.296322548362500000e+10 2.136419944045362172e+03 2.348018856376679688e+12 2.973958052116558045e+32 0.000000000000000000e+00
-1.355979827375000000e+10 2.900543323020453681e+04 2.801824326647146484e+12 2.966826340947025711e+32 0.000000000000000000e+00
-7.000519411750000000e+09 1.599323822710179570e+02 1.695165257042847168e+12 2.959728752204465733e+32 0.000000000000000000e+00
-5.940389495625000000e+09 3.658048352919302488e+03 2.767121273939941406e+12 2.952665041581215251e+32 0.000000000000000000e+00
-2.049877243012500000e+10 3.167992660104406605e+04 6.323962819928026367e+12 2.945634967096281580e+32 0.000000000000000000e+00
-1.510541480600000000e+10 2.936912100834775629e+04 1.971896463238532471e+12 2.938638289067710285e+32 0.000000000000000000e+00
-7.150950330875000000e+09 1.789549709748519888e+02 2.116194870969081055e+12 2.931674770085353178e+32 0.000000000000000000e+00
-1.455714973887500000e+10 2.569551126926150027e+04 2.166523167374483398e+12 2.924744174984010645e+32 0.000000000000000000e+00
-2.143281044187500000e+10 1.999772258831719228e+04 3.076837874276442383e+12 2.917846270816948325e+32 0.000000000000000000e+00
-6.075591549625000000e+09 -1.163049264146638073e+01 2.504734606776224121e+12 2.910980826829825948e+32 0.000000000000000000e+00
-1.459113654962500000e+10 1.511919265704479949e+04 2.279781396771971191e+12 2.904147614434950076e+32 0.000000000000000000e+00
-1.729228853325000000e+10 3.123230849880757523e+04 4.049283716211667480e+12 2.897346407185891817e+32 0.000000000000000000e+00
-5.811981060750000000e+09 3.835725306057055946e+02 3.041357806794913086e+12 2.890576980752490046e+32 0.000000000000000000e+00
-2.296927365812500000e+10 9.925392250305349080e+03 4.775964966730565430e+12 2.883839112896183566e+32 0.000000000000000000e+00
-1.653858505712500000e+10 8.835183764701313294e+02 5.384421044026883789e+12 2.877132583445691312e+32 0.000000000000000000e+00
-7.695451588875000000e+09 -3.267837004697808823e+01 1.638761437008190430e+12 2.870457174273025816e+32 0.000000000000000000e+00
-9.746530226375000000e+09 -6.362119489570336839e+01 1.541336694155908691e+12 2.863812669269852919e+32 0.000000000000000000e+00
-7.451561780250000000e+09 1.250533608588438028e+03 2.104750381222824707e+12 2.857198854324153747e+32 0.000000000000000000e+00
-6.547976608000000000e+09 1.956388215100652815e+03 1.785410491194270264e+12 2.850615517297257083e+32 0.000000000000000000e+00
-5.462641029625000000e+09 -2.313580170847392026e+01 1.525343904908968018e+12 2.844062448001123925e+32 0.000000000000000000e+00
-6.195511706375000000e+09 -5.614558871257182915e+01 1.446549972761609863e+12 2.837539438176000988e+32 0.000000000000000000e+00
