0.000000000000000000e+00 0.000000000000000000e+00 0.000000000000000000e+00 0.000000000000000000e+00 0.000000000000000000e+00
-9.739651082238864888e+01 -9.426544247144241240e+01 5.801508716015962852e-01 4.269603066141048475e+04 0.000000000000000000e+00
-9.674764281679657074e+01 -9.678423303789313081e+01 1.684956010912175006e-01 2.597612536546294286e+05 0.000000000000000000e+00
-1.082308396478006642e+02 -1.079852392748804562e+02 1.459523822158501627e-01 2.527088574407578853e+05 0.000000000000000000e+00
-1.079628017814239058e+02 -1.079644945146400516e+02 1.183060283724430284e-01 2.545626688959219900e+05 0.000000000000000000e+00
-9.958814965011058007e+01 -9.910285507289877671e+01 2.725366426077626691e-01 2.478645414171896409e+05 0.000000000000000000e+00
-1.021834959376256364e+02 -1.021071959241314744e+02 1.528090401321575420e-01 7.271595981910728733e+04 0.000000000000000000e+00
-1.080547870612217167e+02 -1.080709128567852133e+02 6.279195741330707847e-02 6.287822232168388837e+03 0.000000000000000000e+00
-1.080148143847208502e+02 -1.079799670563333365e+02 1.506879805682805884e-01 2.443421935131718346e+05 0.000000000000000000e+00
-1.025980945119297019e+02 -1.025304247944672369e+02 9.596990657804799207e-02 2.386777994365375489e+05 0.000000000000000000e+00
-1.025491660383859767e+02 -1.025323191774636484e+02 8.242096708303613128e-02 6.670145855829448556e+04 0.000000000000000000e+00
-8.862654840422831626e+01 8.238257226004778240e+17 2.553901404487628497e+02 6.522412383843881980e+04 0.000000000000000000e+00
-4.664469956088000000e+12 -5.468704871476334972e+01 1.437276986283570312e+14 1.477503832897002892e+34 0.000000000000000000e+00
-1.165384103755620000e+14 5.797306985999077369e+03 7.852640651993097000e+15 1.443336195686180683e+34 0.000000000000000000e+00
-2.535791446668860000e+14 3.733837741970504794e+03 1.946601083798127500e+15 1.417548718151862651e+34 0.000000000000000000e+00
-7.003666707604200000e+13 1.123228633792860819e+03 2.844752959041447500e+14 1.389342546921711279e+34 0.000000000000000000e+00
-3.107238698415200000e+13 3.804968439626326017e+03 2.105890466015636875e+14 1.362884531134183171e+34 0.000000000000000000e+00
-3.876672069850000000e+12 -4.964602633940296528e+01 6.970891534509940625e+13 1.336607776949903581e+34 0.000000000000000000e+00
-2.333144051661000000e+13 3.520250330910686444e+03 1.805523809133700000e+14 1.310977027109816646e+34 0.000000000000000000e+00
-3.626208480306400000e+13 1.476354851639362751e+05 2.100639909420088750e+15 1.280071243373353052e+34 0.000000000000000000e+00
-3.230791051343200000e+13 1.177929675058391877e+04 2.487453582670919688e+14 1.266442158995783645e+34 0.000000000000000000e+00
-1.903694657789200000e+13 1.905241509256598511e+04 1.047355476432827812e+14 1.243843126746033808e+34 0.000000000000000000e+00
-1.651922566428600000e+13 1.424255071425101960e+04 1.684652251739720000e+14 1.222269594129921133e+34 0.000000000000000000e+00
-8.769131825614000000e+12 1.520329381470922453e+04 8.193355779558162500e+13 1.201038834978140101e+34 0.000000000000000000e+00
-9.408203412468000000e+12 1.960781071024748235e+04 9.133137251901695312e+13 1.180538441682845893e+34 0.000000000000000000e+00
-4.470430883332000000e+12 1.542483560710198560e+02 7.154090016555309375e+13 1.160657321666488715e+34 0.000000000000000000e+00
-3.037024705556000000e+12 -3.406856047079818950e+01 8.596787490135981250e+13 1.141340115343299242e+34 0.000000000000000000e+00
-4.787914498348000000e+12 -5.195587466625975992e+01 1.217734347190780469e+14 1.112295456877961893e+34 0.000000000000000000e+00
-5.228630397374000000e+12 1.255718041286051994e+04 3.511371582570953125e+13 1.104554087191130063e+34 0.000000000000000000e+00
-7.125678374960000000e+12 1.526117226809187923e+04 8.267163666936589062e+13 1.087199741813821929e+34 0.000000000000000000e+00
-4.568678649044000000e+12 2.188555630246653527e+04 8.967912578137681250e+13 1.070308618854813473e+34 0.000000000000000000e+00
-1.374827642088000000e+12 -5.289622406020415468e+01 4.604841263714807031e+13 1.053878607164208405e+34 0.000000000000000000e+00
-1.016706411858000000e+12 -5.150899918231777974e+01 3.143302498315919141e+13 1.037918739632512906e+34 0.000000000000000000e+00
-3.831398145940000000e+11 -5.588913020428861245e+01 2.117669911215857422e+13 1.022434977540198481e+34 0.000000000000000000e+00
-3.366534034040000000e+11 -4.990090851025523477e+01 1.987413004225813672e+13 1.007397173298468388e+34 0.000000000000000000e+00
-2.475878349410000000e+12 1.929233723426434517e+04 2.409456688162952344e+13 9.927955061399563445e+33 0.000000000000000000e+00
-8.599327900660000000e+11 -5.202256971299377852e+01 3.382895849616811719e+13 9.786459238657678963e+33 0.000000000000000000e+00
-6.211961939040000000e+11 -5.164244025514845760e+01 2.760736008440769141e+13 9.648637703619743913e+33 0.000000000000000000e+00
-8.048473556960000000e+11 -6.488311559998116707e+01 3.089468655324494141e+13 9.514631040163156205e+33 0.000000000000000000e+00
-5.016935941100000000e+11 -5.954680539371930337e+01 1.929599506386600000e+13 9.384305988706017444e+33 0.000000000000000000e+00
-2.001945770856000000e+12 -4.662808890435215403e+01 5.939680236886900000e+13 9.169748590944933470e+33 0.000000000000000000e+00
-3.415786489542000000e+12 5.224382353223938480e+03 6.116820363604138281e+13 9.134021377927721372e+33 0.000000000000000000e+00
-2.429397149870000000e+12 1.403524233860950153e+04 1.927738913668637500e+13 9.014207440588003930e+33 0.000000000000000000e+00
-7.865236570680000000e+11 -5.618438319969045125e+01 2.737632216331811328e+13 8.897564737832941150e+33 0.000000000000000000e+00
-3.846187583240000000e+11 -5.127686862263968237e+01 1.854952153852162891e+13 8.783513215392303363e+33 0.000000000000000000e+00
-6.296849093580000000e+11 -6.574460655204832449e+01 1.835207850666855859e+13 8.672320672054325916e+33 0.000000000000000000e+00
-3.884824543280000000e+11 -5.092329844393696447e+01 1.904670979254411719e+13 8.563921571696968390e+33 0.000000000000000000e+00
-1.698127176900000000e+11 -4.044416490560323041e+01 2.973756025854122656e+13 8.458191214026707523e+33 0.000000000000000000e+00
-4.507636581760000000e+11 -6.602939470640068009e+01 1.655139706742193945e+13 8.355024010798873447e+33 0.000000000000000000e+00
-2.046619030800000000e+11 -4.861028594219398968e+01 1.838122370653349609e+13 8.254354527514412023e+33 0.000000000000000000e+00
-1.267148840398000000e+12 -5.104783814946302556e+01 5.169328545566458594e+13 8.078455185751011793e+33 0.000000000000000000e+00
-2.128652037980000000e+11 -5.191560422971135580e+01 1.197695926910252148e+13 8.060107407876310605e+33 0.000000000000000000e+00
-2.961495758260000000e+11 -5.930553354623216933e+01 1.112883652634810352e+13 7.966367707007569899e+33 0.000000000000000000e+00
-3.116797303260000000e+11 -5.681982787628929543e+01 1.427424089590104688e+13 7.874782247710074272e+33 0.000000000000000000e+00
-3.284203102060000000e+11 -6.233980616637682459e+01 1.481517612921817773e+13 7.785279550917155659e+33 0.000000000000000000e+00
-3.632046555900000000e+11 -6.805755217549737779e+01 1.118718643773903711e+13 7.697792959731962597e+33 0.000000000000000000e+00
-1.607893091500000000e+11 -4.951580390934010012e+01 1.295629813956129297e+13 7.612252065992443077e+33 0.000000000000000000e+00
-1.913321855980000000e+11 -6.694970901947296227e+01 1.173038246080936328e+13 7.528585979036724458e+33 0.000000000000000000e+00
-6.125938521200000000e+10 -5.020735397578746273e+01 1.229484942836600391e+13 7.446737145514044725e+33 0.000000000000000000e+00
-1.145304056353000000e+12 -7.367519650772720752e+01 4.774357054917033594e+13 7.296866322635033926e+33 0.000000000000000000e+00
-8.190332474452000000e+12 1.652866703552550462e+04 3.864431397872101875e+14 7.219258331383077205e+33 0.000000000000000000e+00
-8.495315734657000000e+12 1.164039739908579031e+04 3.956740572865671250e+14 7.143283619452333683e+33 0.000000000000000000e+00
-3.700685339501000000e+12 6.899331440859899885e+03 1.756913595355712188e+14 7.068891170618344780e+33 0.000000000000000000e+00
-3.829959598920000000e+11 -5.718889265860686777e+01 1.812620842204539844e+13 7.063100043353447885e+33 0.000000000000000000e+00
-5.861223408108000000e+12 8.064380602574221848e+04 2.015292753382118125e+14 6.924659402862041496e+33 0.000000000000000000e+00
-2.218871165400000000e+11 -5.284840566850740373e+01 1.910134100607687109e+13 6.920438390753550322e+33 0.000000000000000000e+00
-2.668486199820000000e+11 -4.273993628899193453e+01 1.820755302940622656e+13 6.851222555618269478e+33 0.000000000000000000e+00
-6.920231015000000000e+11 -5.012125076599413376e+01 3.452004120272109766e+13 6.719018658157569988e+33 0.000000000000000000e+00
-7.973017147220000000e+11 -3.300095377741986624e+01 6.023013693337107812e+13 6.653159036851830839e+33 0.000000000000000000e+00
-3.583932703740000000e+11 -3.446487437042210900e+01 2.647117176487456641e+13 6.651668252987925503e+33 0.000000000000000000e+00
-2.446866973940000000e+11 -5.975306182359885554e+01 1.514591893043386523e+13 6.587711701759845311e+33 0.000000000000000000e+00
-2.061737409510000000e+11 -6.199905730530065284e+01 1.183185194393563867e+13 6.524963406347786614e+33 0.000000000000000000e+00
-5.835320483830000000e+11 -6.648986669584805043e+01 2.382189048152245703e+13 6.402143342251516464e+33 0.000000000000000000e+00
-5.214721006470000000e+11 -4.429680126876449009e+01 2.643742303217685938e+13 6.342321030764702035e+33 0.000000000000000000e+00
-4.723602228060000000e+11 -6.761378439041631339e+01 1.977610541873938672e+13 6.283606241158333806e+33 0.000000000000000000e+00
-4.240653791160000000e+11 -5.215768189976947156e+01 2.319505444829641797e+13 6.225968502089413298e+33 0.000000000000000000e+00
-4.756969411040000000e+11 -7.479311578281362927e+01 1.961895813633493750e+13 6.169378449770247885e+33 0.000000000000000000e+00
-3.737287405170000000e+11 -4.431080172463729383e+01 1.907833630299041406e+13 6.113807778104945048e+33 0.000000000000000000e+00
-1.719583257590000000e+11 -5.708525006886423370e+01 8.285737327400417969e+12 6.117086203933649309e+33 0.000000000000000000e+00
-5.574353424990000000e+11 -7.585688613266590608e+01 1.430686964157208984e+13 6.062944101471261400e+33 0.000000000000000000e+00
-2.825521046820000000e+11 -5.536540651270333058e+01 1.406949223698717578e+13 5.952943877760022927e+33 0.000000000000000000e+00
-3.130622040030000000e+11 -4.151681183700861055e+01 1.989209881487758203e+13 5.901187221334806953e+33 0.000000000000000000e+00
-4.322128356890000000e+11 -7.530868336455702661e+01 1.132919078713981250e+13 5.906134220694449409e+33 0.000000000000000000e+00
-3.243244868380000000e+11 -4.216879409044614846e+01 2.980194647940109375e+13 5.800327484777486488e+33 0.000000000000000000e+00
-9.865426958800000000e+10 -5.275220771003739628e+01 8.871144232247652344e+12 5.806022452352832822e+33 0.000000000000000000e+00
-3.183335907160000000e+11 -6.627136071609096746e+01 1.663347948673927734e+13 5.702857235123850846e+33 0.000000000000000000e+00
-2.400129887690000000e+11 -5.554853714901375383e+01 1.098500182170895312e+13 5.655340222810103812e+33 0.000000000000000000e+00
-2.184213571260000000e+11 -5.172848718558692838e+01 9.886179007062306641e+12 5.608608447816889939e+33 0.000000000000000000e+00
-2.540854381222000000e+12 2.067729360027517760e+04 2.408761615446427344e+13 5.615629304751316319e+33 0.000000000000000000e+00
-2.995258464650000000e+11 -7.857650606630929246e+01 1.151967613934245898e+13 5.517424022793719945e+33 0.000000000000000000e+00
-2.520812896420000000e+11 -4.787751845398098283e+01 1.472286735346609570e+13 5.472934622817833622e+33 0.000000000000000000e+00
-4.002463702610000000e+11 -4.648138859646678611e+01 2.048731796874877734e+13 5.481059578848868762e+33 0.000000000000000000e+00
-1.695494600340000000e+12 8.582645567485575157e+03 8.535677881049242188e+13 5.386073946579832130e+33 0.000000000000000000e+00
-1.293693393182000000e+12 1.300314013641371821e+04 8.579160921115451562e+13 5.343669322792912510e+33 0.000000000000000000e+00
-2.870330977260000000e+11 -4.829681120475991207e+01 1.584804532058959375e+13 5.301927145018937356e+33 0.000000000000000000e+00
-2.205472206180000000e+11 -4.936676520214422226e+01 1.087500469086496289e+13 5.260832011435544774e+33 0.000000000000000000e+00
-2.068260890470000000e+11 -5.225935313046890940e+01 1.084243791703075977e+13 5.270291678844638739e+33 0.000000000000000000e+00
-2.744397209220000000e+11 -5.172401688062024760e+01 1.280228828147776758e+13 5.230055325264065418e+33 0.000000000000000000e+00
-2.944414870760000000e+11 -6.284183373938746087e+01 9.963786718552244141e+12 5.190431241435985606e+33 0.000000000000000000e+00
-1.931538032650000000e+11 -4.985159325886853310e+01 9.144671503749468750e+12 5.102630090034282108e+33 0.000000000000000000e+00
-1.664963558710000000e+11 -4.654801436635595024e+01 9.810198105600289062e+12 5.064555115727662954e+33 0.000000000000000000e+00
-2.378177567070000000e+11 -4.813694706431549974e+01 1.174951863556418164e+13 5.075072199889613225e+33 0.000000000000000000e+00
-9.893657168900000000e+10 -4.411378296475120209e+01 1.049846516403875781e+13 5.037751636355527190e+33 0.000000000000000000e+00
-1.349318079090000000e+11 -5.359644915099814000e+01 9.644124920290212891e+12 5.000973603235002343e+33 0.000000000000000000e+00
-1.955722289870000000e+11 -6.560812975150030013e+01 7.816368660027406250e+12 4.964729061100245059e+33 0.000000000000000000e+00
-2.080673833774000000e+12 3.723767751899556060e+03 1.574358726847335938e+14 4.882396513802419402e+33 0.000000000000000000e+00
-1.771065167900000000e+11 -4.777532875618081221e+01 8.090709147340442383e+12 4.847525902500040998e+33 0.000000000000000000e+00
-1.510710409010000000e+11 -5.481886395857875272e+01 6.669797860371886719e+12 4.859081198771084258e+33 0.000000000000000000e+00
-1.467319648120000000e+11 -4.473752954281346206e+01 1.035006697548471875e+13 4.824857393621693549e+33 0.000000000000000000e+00
-4.969364764720000000e+11 1.707489900127472993e+03 3.067083390316866797e+13 4.745839824551248429e+33 0.000000000000000000e+00
-2.061075380610000000e+11 2.942738508120916663e+02 2.010727322752428516e+13 4.712885861196269714e+33 0.000000000000000000e+00
-1.744881930550000000e+11 -4.432888604208176275e+01 9.648721249386904297e+12 4.680386368101449363e+33 0.000000000000000000e+00
-1.480652945999000000e+12 8.000589054689283330e+03 4.641025825191454688e+13 4.648332008670684713e+33 0.000000000000000000e+00
-3.830010824140000000e+11 -7.337868938554419174e+01 9.851975614922744141e+12 4.660751789641291726e+33 0.000000000000000000e+00
-1.385016011665000000e+12 6.142145990698078094e+03 6.138549811818494531e+13 4.585522605812503337e+33 0.000000000000000000e+00
-1.549087955910000000e+11 -4.891016680296585406e+01 9.291140747667767578e+12 4.598201982691971515e+33 0.000000000000000000e+00
-6.035887122980000000e+11 5.279389904232552908e+03 2.610628827131636328e+13 4.524387887739366537e+33 0.000000000000000000e+00
-7.796650340600000000e+11 1.014721699913238263e+04 1.274905536560649375e+14 4.494427744402296218e+33 0.000000000000000000e+00
-3.037823690100000000e+11 2.798278138001126347e+00 2.677887669048804297e+13 4.464861760554384817e+33 0.000000000000000000e+00
-2.450523709020000000e+11 -5.329451903145641012e+01 1.263955295770211719e+13 4.477975347851750211e+33 0.000000000000000000e+00
-4.109685139230000000e+11 9.356823918672649597e+03 1.447659882546049414e+13 4.406881563035555753e+33 0.000000000000000000e+00
-9.907893409300000000e+10 -5.333753710448449681e+01 5.704998767948243164e+12 4.420261082432371312e+33 0.000000000000000000e+00
-1.878148680070000000e+11 -4.205277558721665088e+01 1.136605185378295508e+13 4.391921530693990805e+33 0.000000000000000000e+00
-1.896810862120000000e+11 -3.056236659109703879e+01 1.449796444295032031e+13 4.322680669343675571e+33 0.000000000000000000e+00
-2.933261937420000000e+11 9.013344356377838267e+03 3.364943394371062891e+13 4.295324172278673911e+33 0.000000000000000000e+00
-1.616921583270000000e+11 -6.049315441734081844e+01 8.500421626961266602e+12 4.309043793288582466e+33 0.000000000000000000e+00
-2.261165413380000000e+11 -6.755784968905288679e+01 1.419323870880618750e+13 4.241636922162730842e+33 0.000000000000000000e+00
-1.649565243270000000e+11 -3.995702543259862694e+01 1.501703061425030078e+13 4.215293429005683153e+33 0.000000000000000000e+00
-1.283065029880000000e+11 -3.909984162802371799e+01 9.639597917522044922e+12 4.189275125801276965e+33 0.000000000000000000e+00
-4.202154786800000000e+10 -4.991257771128010745e+01 6.526400418006904297e+12 4.203286246949638572e+33 0.000000000000000000e+00
-1.457696623000000000e+11 1.084609981136786018e+03 1.827943623029092578e+13 4.138190298565759225e+33 0.000000000000000000e+00
-2.231973781680000000e+11 -3.619867504394182589e+01 1.288468458778244336e+13 4.152343348397266924e+33 0.000000000000000000e+00
-1.218861234190000000e+11 -4.188524722612542206e+01 8.366157801265292969e+12 4.088336291985033583e+33 0.000000000000000000e+00
-2.024378742980000000e+11 -7.321174147558393486e+01 1.401272227894212500e+13 4.063857029417985263e+33 0.000000000000000000e+00
-1.741778259530000000e+11 -6.408370242570950381e+01 6.702551742011683594e+12 4.078185295332899482e+33 0.000000000000000000e+00
-1.142567331510000000e+11 -3.249895200688246177e+01 1.321329782418851758e+13 4.015767496079252528e+33 0.000000000000000000e+00
-9.081865275000000000e+10 -5.415489440746676308e+01 6.907625653803403320e+12 4.030200259676509995e+33 0.000000000000000000e+00
-1.123764980430000000e+11 -4.765189349499510030e+01 6.688867613820238281e+12 3.968802744499636360e+33 0.000000000000000000e+00
-1.666769642060000000e+11 -7.915368183740334018e+01 9.273333321460800781e+12 3.945729902171225324e+33 0.000000000000000000e+00
-1.037092888450000000e+11 -4.523699197537371930e+01 6.185693571306949219e+12 3.922923770373788958e+33 0.000000000000000000e+00
-1.411549349780000000e+11 -7.358227259112751995e+01 9.494481217288648438e+12 3.900379751280948330e+33 0.000000000000000000e+00
-9.457388651100000000e+10 -6.193393418926631711e+01 5.685594934922828125e+12 3.915034537348639667e+33 0.000000000000000000e+00
-8.830761802400000000e+10 -4.353941051266497908e+01 6.353309528880202148e+12 3.856060182295056022e+33 0.000000000000000000e+00
-2.044843940640000000e+11 -6.785625337775378796e+01 6.515177289003264648e+12 3.870791674909313850e+33 0.000000000000000000e+00
-1.014077833240000000e+11 -4.860621394565112041e+01 6.544244011087412109e+12 3.812736461089878879e+33 0.000000000000000000e+00
-1.350598260090000000e+11 -7.220068724516642078e+01 1.986632870294529297e+13 3.791437613395852524e+33 0.000000000000000000e+00
-1.418663446330000000e+11 -5.012194319105808660e+01 7.937898899519844727e+12 3.806271799500982543e+33 0.000000000000000000e+00
-9.219634123900000000e+10 -4.443662930654901544e+01 7.956294624005633789e+12 3.749545890417679379e+33 0.000000000000000000e+00
-1.109112052950000000e+11 -7.282368007801264298e+01 7.747609693303904297e+12 3.728945258169228855e+33 0.000000000000000000e+00
-1.428745415060000000e+11 -8.668048515385548569e+01 8.760821671476392578e+12 3.708569748708834853e+33 0.000000000000000000e+00
-1.006290524840000000e+11 -5.073678322870151192e+01 6.247212977119233398e+12 3.723515879969841460e+33 0.000000000000000000e+00
-2.380909222740000000e+11 -7.121750652955110183e+01 5.951420971410923828e+12 3.703386038646037372e+33 0.000000000000000000e+00
-9.168911815500000000e+10 -4.928522602993371038e+01 1.153027254588448047e+13 3.648757651315687441e+33 0.000000000000000000e+00
-8.172474131950000000e+10 -6.005439997273241204e+01 7.068794768691755859e+12 3.629246715505514250e+33 0.000000000000000000e+00
-1.044127867820000000e+11 -5.237497140648204663e+01 5.350542181894938477e+12 3.644284081607332520e+33 0.000000000000000000e+00
-8.654456617850000000e+10 -4.574708302027580942e+01 6.419077947971568359e+12 3.590844185047743085e+33 0.000000000000000000e+00
-1.013469760615000000e+11 -7.422645535166989816e+01 5.639038890083363281e+12 3.571946071769455784e+33 0.000000000000000000e+00
-1.184416486415000000e+11 -6.453413299004222381e+01 6.830598082202738281e+12 3.587035859796818005e+33 0.000000000000000000e+00
-8.500941016050000000e+10 -4.634615045370610176e+01 6.389037960745766602e+12 3.534740361732830380e+33 0.000000000000000000e+00
-8.755212033640000000e+11 1.606829928953661693e+04 1.265195915919040039e+13 3.549859405689253239e+33 0.000000000000000000e+00
-7.738364469700000000e+10 -5.380488188850879538e+01 3.642393755650832520e+12 3.498301716638674106e+33 0.000000000000000000e+00
-9.222169347850000000e+10 -7.675512720495268582e+01 8.111555271667989258e+12 3.480362668626403441e+33 0.000000000000000000e+00
-9.701525509200000000e+10 -3.530114488706458076e+01 8.052688039614236328e+12 3.495542622953908067e+33 0.000000000000000000e+00
-7.539652933200000000e+10 -4.475839137866968542e+01 4.431318585741261719e+12 3.445030896062110061e+33 0.000000000000000000e+00
-1.456163338660500000e+12 9.843514473004472165e+03 1.574344940720405312e+14 3.427632653674955950e+33 0.000000000000000000e+00
-8.046472475350000000e+10 -4.478255540294547643e+01 6.847342822413291992e+12 3.410409254408216875e+33 0.000000000000000000e+00
-7.766981882650000000e+10 -4.457916213865600241e+01 5.820200318713779297e+12 3.393358075886190886e+33 0.000000000000000000e+00
-1.210341323345000000e+11 -8.550937985521096607e+01 8.475907541894204102e+12 3.376476547912959876e+33 0.000000000000000000e+00
-7.054877962550000000e+10 -4.873980174498651508e+01 4.622195629118629883e+12 3.359762151181101354e+33 0.000000000000000000e+00
-7.250595860100000000e+10 -4.829445490111044137e+01 5.292224519179665039e+12 3.343212416018453543e+33 0.000000000000000000e+00
-2.284560234720000000e+11 -3.032048691444057908e+01 1.148019870264947656e+13 3.358443784776023328e+33 0.000000000000000000e+00
-7.812710910450000000e+10 -6.795483197640515982e+01 6.108309652272119141e+12 3.310597292625810046e+33 0.000000000000000000e+00
-7.229681426500000000e+10 -4.545700478756454288e+01 4.699917802138397461e+12 3.294527202457228208e+33 0.000000000000000000e+00
-6.731356226850000000e+10 -6.368917465045976201e+01 5.460003937903804688e+12 3.278612367721141365e+33 0.000000000000000000e+00
-6.353413977300000000e+10 -5.389226671090652587e+01 5.254086973132533203e+12 3.262850549370198864e+33 0.000000000000000000e+00
-7.149028315550000000e+10 -4.517350193673243552e+01 4.968878157647620117e+12 3.247239551204533834e+33 0.000000000000000000e+00
-7.119232340750000000e+10 -4.158366363586063130e+01 5.420516152238250000e+12 3.231777218851727412e+33 0.000000000000000000e+00
-9.165938222150000000e+10 -8.088123797187857633e+01 7.932471043023043945e+12 3.216461438775774132e+33 0.000000000000000000e+00
-6.041742880700000000e+10 -4.685746185871715852e+01 4.381269634996417480e+12 3.201290137314099057e+33 0.000000000000000000e+00
-6.556733757450000000e+10 -4.326962640349967870e+01 4.269955291079447754e+12 3.186261279741685272e+33 0.000000000000000000e+00
-6.640278437250000000e+10 -6.401182914216508379e+01 5.156142819010165039e+12 3.171372869361449370e+33 0.000000000000000000e+00
-6.198437850000000000e+10 -4.614186368516081416e+01 4.019831657015835449e+12 3.156622946619986976e+33 0.000000000000000000e+00
-5.986469765300000000e+10 -4.194404520312139084e+01 4.120836756048058105e+12 3.142009588247878956e+33 0.000000000000000000e+00
-7.474621080400000000e+10 -7.465944941923575584e+01 4.911684104687917969e+12 3.127530906423772021e+33 0.000000000000000000e+00
-5.659606193800000000e+10 -4.365873699409726783e+01 3.970356606950668457e+12 3.113185047961452622e+33 0.000000000000000000e+00
-6.772586529240000000e+11 5.121798796627094998e+04 8.437647384214476562e+13 3.098970193519193559e+33 0.000000000000000000e+00
-8.943771254150000000e+10 -3.824013925420026538e+01 2.996117951887743359e+13 3.084884556830624477e+33 0.000000000000000000e+00
-1.256398772020000000e+11 -4.247537956260458714e+01 6.998202910455803711e+12 3.100103377223335856e+33 0.000000000000000000e+00
-5.536685154300000000e+10 -5.838393610837785275e+01 4.586731173871443359e+12 3.057093952557321529e+33 0.000000000000000000e+00
-6.635867744600000000e+10 -4.977474502182140981e+01 2.120037844536087891e+13 3.043385571183375139e+33 0.000000000000000000e+00
-5.650670762000000000e+10 -4.468004879906145987e+01 4.145692249826595215e+12 3.029799578586957369e+33 0.000000000000000000e+00
-9.697350972750000000e+10 -8.511316278937739810e+01 7.325967028756556641e+12 3.016334343050462965e+33 0.000000000000000000e+00
-7.830912821100000000e+10 -7.944048890318725853e+01 5.119526483252335938e+12 3.002988261733319636e+33 0.000000000000000000e+00
-5.743851949750000000e+10 -4.769672295279328011e+01 5.926235193151265625e+12 2.989759760035999660e+33 0.000000000000000000e+00
-5.401666008650000000e+10 -4.447076499043068054e+01 3.725492491118953125e+12 2.976647290980768453e+33 0.000000000000000000e+00
-5.253381665300000000e+10 -4.623822494736010924e+01 3.531678654568185547e+12 2.963649334608674333e+33 0.000000000000000000e+00
-6.882053900500000000e+10 -7.614127994868327676e+01 5.176832418934036133e+12 2.950764397392242820e+33 0.000000000000000000e+00
-5.250188232700000000e+10 -4.600543738614069156e+01 4.702991518298932617e+12 2.937991011663439636e+33 0.000000000000000000e+00
-4.817894266700000000e+10 -4.718476550114056778e+01 3.598841480467786133e+12 2.925327735056413020e+33 0.000000000000000000e+00
-1.027337461475000000e+11 -4.635336132042696988e+01 5.424077913415593750e+12 2.940434407667589101e+33 0.000000000000000000e+00
-7.056215796800000000e+10 -8.303134197336432010e+01 6.518351064526426758e+12 2.900325863011731089e+33 0.000000000000000000e+00
-6.423156642500000000e+10 -7.827802961426252182e+01 6.225347182430915039e+12 2.887984504536365513e+33 0.000000000000000000e+00
-7.502668265400000000e+10 -8.322689141913025423e+01 8.083321447248428711e+12 2.875747728089498078e+33 0.000000000000000000e+00
-5.782803811650000000e+10 -7.094118231990645995e+01 4.428546378210118164e+12 2.863614209944912588e+33 0.000000000000000000e+00
-6.483250730850000000e+10 -8.376679745379105668e+01 5.293663782219156250e+12 2.851582648621859365e+33 0.000000000000000000e+00
-5.034080394850000000e+10 -6.151672999005733544e+01 5.947329029127390625e+12 2.839651764419718256e+33 0.000000000000000000e+00
-8.804397763550000000e+10 -4.876567181568415066e+01 5.538780918934721680e+12 2.854661712307116376e+33 0.000000000000000000e+00
-4.423085283750000000e+10 -5.390377044521657979e+01 4.679917055569299805e+12 2.816087014765434719e+33 0.000000000000000000e+00
-4.797713235300000000e+10 -4.524074599646413475e+01 3.353265731762488281e+12 2.804450694785530394e+33 0.000000000000000000e+00
-4.675222908350000000e+10 -6.641708914658136109e+01 3.793141507838807129e+12 2.792910142018776543e+33 0.000000000000000000e+00
-4.188260210300000000e+10 -4.663435130297713016e+01 3.812799322262458008e+12 2.781464179080712018e+33 0.000000000000000000e+00
-4.452354957200000000e+10 -4.919959278549735160e+01 3.372748371464313477e+12 2.770111647807819220e+33 0.000000000000000000e+00
-4.586666216450000000e+10 -4.748031975078003342e+01 3.471620071964761719e+12 2.758851408866899879e+33 0.000000000000000000e+00
-1.924957094100000000e+10 -5.274110237996597306e+01 8.500056740931020508e+12 2.773750913366906175e+33 0.000000000000000000e+00
-5.106555262650000000e+10 -4.600064936054057085e+01 5.708960444316794922e+12 2.736603342522156991e+33 0.000000000000000000e+00
-5.927043703600000000e+10 -8.390825632301698533e+01 4.589600409313779297e+12 2.725613327219103647e+33 0.000000000000000000e+00
-4.728440710650000000e+10 -4.447443539601189855e+01 4.442071801995908203e+12 2.714711227732344380e+33 0.000000000000000000e+00
-2.103428151010000000e+11 -6.267556683761231540e+01 7.444733707333236328e+12 2.729542383261770661e+33 0.000000000000000000e+00
-4.210975672500000000e+10 -6.217784199281997104e+01 4.013062707508395020e+12 2.693166590011771051e+33 0.000000000000000000e+00
-3.620829469700000000e+10 -5.748820181889362146e+01 6.014076672792494141e+12 2.682522000042217380e+33 0.000000000000000000e+00
-4.246813084750000000e+10 -4.254256019696996560e+01 1.109642862166341016e+13 2.671961221766162081e+33 0.000000000000000000e+00
-9.442743540900000000e+10 -6.107873850364203605e+01 6.922372080419306641e+12 2.686724383705116783e+33 0.000000000000000000e+00
-4.869689093300000000e+10 -7.645504338477618944e+01 3.626866880548635742e+12 2.651087171868187950e+33 0.000000000000000000e+00
-3.993055241050000000e+10 -6.188488851555175785e+01 4.641256460694726562e+12 2.640771974244357995e+33 0.000000000000000000e+00
-4.589722637350000000e+10 -4.578243544079015948e+01 4.355152170999202637e+12 2.630536735717839441e+33 0.000000000000000000e+00
-4.091434662850000000e+10 -4.454799108919368678e+01 3.495269318412361328e+12 2.620380530178126925e+33 0.000000000000000000e+00
-9.481640296350000000e+10 -3.561141796346846888e+01 6.812587040513540039e+12 2.635050804840691788e+33 0.000000000000000000e+00
-4.202704586500000000e+10 -4.419724370367791977e+01 3.709811129881166504e+12 2.600301584578039428e+33 0.000000000000000000e+00
-4.132046371050000000e+10 -6.730915340901955801e+01 4.521763919284173828e+12 2.590377062445131094e+33 0.000000000000000000e+00
-4.744320200200000000e+10 -7.435667891097287452e+01 4.250889325979861816e+12 2.580528008626742042e+33 0.000000000000000000e+00
-4.152524115250000000e+10 -4.627125329391494546e+01 3.381083863488669922e+12 2.570753565578849205e+33 0.000000000000000000e+00
-3.745659320800000000e+10 -4.274693729219758609e+01 3.546261618436222656e+12 2.561052888700537917e+33 0.000000000000000000e+00
-3.987984318950000000e+10 -4.740125778665913003e+01 2.923273128643889648e+12 2.551425146090737497e+33 0.000000000000000000e+00
-6.313967807150000000e+10 1.148266078754188311e+04 1.541272902230645312e+13 2.541869518310410148e+33 0.000000000000000000e+00
-3.327005324950000000e+10 -4.541326084412436614e+01 5.176701772222692383e+12 2.532385198150075575e+33 0.000000000000000000e+00
-4.021343192250000000e+10 -7.323958103350472015e+01 3.954320999812968750e+12 2.522971390402513661e+33 0.000000000000000000e+00
-3.957896110550000000e+10 -4.719805086762432467e+01 3.682548637532063965e+12 2.513627311640516659e+33 0.000000000000000000e+00
-3.710948789700000000e+10 -4.566068743673331198e+01 2.497785260667937500e+12 2.504352189999571554e+33 0.000000000000000000e+00
-3.732433595350000000e+10 -4.723763635942448502e+01 3.270892819146841797e+12 2.495145264965319561e+33 0.000000000000000000e+00
-3.424285935600000000e+10 -5.754526358684641707e+01 3.995259468021638184e+12 2.486005787165703116e+33 0.000000000000000000e+00
-5.904542683150000000e+10 -8.777958926700272002e+01 7.982783061471473633e+12 2.476933018167648740e+33 0.000000000000000000e+00
-4.541045959450000000e+10 -8.027331834427042168e+01 3.898122936374478516e+12 2.467926230278198749e+33 0.000000000000000000e+00
-3.487485777650000000e+10 -4.430578654747721856e+01 3.602202541401668945e+12 2.458984706349954591e+33 0.000000000000000000e+00
-3.545029309650000000e+10 -4.599826462775371283e+01 2.480274930090855469e+12 2.450107739590745942e+33 0.000000000000000000e+00
-3.258437161850000000e+10 -4.839942917571121939e+01 2.965517010703860840e+12 2.441294633377392661e+33 0.000000000000000000e+00
-3.782064169350000000e+10 -7.190826239789568319e+01 3.620332776890755371e+12 2.432544701073486412e+33 0.000000000000000000e+00
-3.302681412750000000e+10 -6.841215962327439115e+01 4.359949267515985840e+12 2.423857265851062531e+33 0.000000000000000000e+00
-8.692578096850000000e+10 -4.414690900135582297e+01 5.644388507239875000e+12 2.438124381897701480e+33 0.000000000000000000e+00
-5.389950877500000000e+10 -6.163459865922051506e+01 4.597794113874932617e+12 2.429477739810200532e+33 0.000000000000000000e+00
-3.799162150350000000e+10 -7.167282136601754416e+01 4.154156097101580566e+12 2.398163317880898889e+33 0.000000000000000000e+00
-3.434323400550000000e+10 -4.577016636476227518e+01 2.757383643465375488e+12 2.389719292843086268e+33 0.000000000000000000e+00
-1.269245204575000000e+11 1.825691196353557461e+04 2.122317780382107422e+13 2.381334521893711933e+33 0.000000000000000000e+00
-2.860271015100000000e+10 -6.525870187235442188e+01 5.728222243360244141e+12 2.373008383517492363e+33 0.000000000000000000e+00
-3.296449314950000000e+10 -4.659740673067877026e+01 2.542736922117510742e+12 2.364740264860844714e+33 0.000000000000000000e+00
-6.501366467050000000e+10 -3.240886611055920241e+01 3.660607890346902344e+13 2.356529561581504629e+33 0.000000000000000000e+00
-3.251201306750000000e+10 -4.787204013981209982e+01 2.358651311406453125e+12 2.348375677701294425e+33 0.000000000000000000e+00
-3.244818961650000000e+10 -4.414514325218126345e+01 3.182501009656395508e+12 2.340278025461926329e+33 0.000000000000000000e+00
-3.151837648750000000e+10 -4.721659275032570235e+01 2.696473790451081055e+12 2.332236025183767577e+33 0.000000000000000000e+00
-3.113880314450000000e+10 -4.613640824047026001e+01 2.630739843920437988e+12 2.324249105127527593e+33 0.000000000000000000e+00
-2.852361151000000000e+10 -5.857970887217456379e+01 3.422370895756846191e+12 2.316316701358762331e+33 0.000000000000000000e+00
-2.620668498050000000e+10 -5.288427060993820561e+01 5.655096260405918945e+12 2.308438257615147644e+33 0.000000000000000000e+00
-3.122288855400000000e+10 -4.664714203643289636e+01 2.903661762783001953e+12 2.300613225176457118e+33 0.000000000000000000e+00
-3.055201435150000000e+10 -4.625034764308343682e+01 2.631846373528006836e+12 2.292841062737160794e+33 0.000000000000000000e+00
-1.109851724478000000e+12 7.216311967123261638e+03 9.936549983471829688e+13 2.285121236281623424e+33 0.000000000000000000e+00
-3.269571986050000000e+10 -4.266277929775068145e+01 4.650754782767397461e+12 2.277453218961770572e+33 0.000000000000000000e+00
-3.306758458400000000e+10 -4.397525204142085897e+01 4.137030475410687500e+12 2.269836490977300064e+33 0.000000000000000000e+00
-3.113696044750000000e+10 -4.421645990404704207e+01 3.259864544790452637e+12 2.262270539458142507e+33 0.000000000000000000e+00
-2.755926896050000000e+10 -5.436478394932254332e+01 2.802036969861046875e+12 2.254754858349409238e+33 0.000000000000000000e+00
-1.198240448515000000e+11 -5.023288729510901618e+01 5.998744361878777344e+12 2.268622207443581596e+33 0.000000000000000000e+00
-2.833542335200000000e+10 -6.125081512457068555e+01 3.644201539345089355e+12 2.239872316544728739e+33 0.000000000000000000e+00
-2.975955611600000000e+10 -4.417163495623583458e+01 4.319487476917117676e+12 2.232504476810494992e+33 0.000000000000000000e+00
-2.942665082950000000e+10 -4.672112057963948928e+01 2.645055357246266113e+12 2.225184949195420357e+33 0.000000000000000000e+00
-2.924935906700000000e+10 -4.427189190748565295e+01 3.089327616281219727e+12 2.217913260071951867e+33 0.000000000000000000e+00
-2.860377975150000000e+10 -4.466993824359816756e+01 2.836259276181051758e+12 2.210688941983239639e+33 0.000000000000000000e+00
-1.962157211000000000e+10 -4.184873899098766259e+01 4.098865867620042969e+12 2.203511533542975373e+33 0.000000000000000000e+00
-2.758534756550000000e+10 -4.456097321702294067e+01 2.811648527876263672e+12 2.196380579337169498e+33 0.000000000000000000e+00
-5.039897502050000000e+11 4.967016472738317134e+03 4.093408652574510156e+13 2.189295629827825439e+33 0.000000000000000000e+00
-3.041850106900000000e+10 -3.409294923967664204e+01 1.105654004543699414e+13 2.182256241258474133e+33 0.000000000000000000e+00
-3.686716846520000000e+11 -4.197800957519598342e+01 9.862411204018142578e+12 2.195909516323130697e+33 0.000000000000000000e+00
-1.365254679140000000e+11 1.180853643501072293e+04 2.888617977935775391e+13 2.168312400267485320e+33 0.000000000000000000e+00
-3.577473946350000000e+10 -1.924973012906906078e+01 1.177855329642573633e+13 2.161407088415591841e+33 0.000000000000000000e+00
-2.101840112635000000e+11 -6.753238624243411437e+01 6.322511187423911133e+12 2.175008985842174236e+33 0.000000000000000000e+00
-2.907762324500000000e+10 -4.538122395774536244e+01 4.708559875507015625e+12 2.147727574217041116e+33 0.000000000000000000e+00
-2.639090958800000000e+10 -5.144280244677580782e+01 3.712389843955257812e+12 2.140952544714740409e+33 0.000000000000000000e+00
-2.527904655100000000e+10 -4.674604313470061356e+01 3.932282837850765137e+12 2.134220124176620508e+33 0.000000000000000000e+00
-2.510438897150000000e+10 -4.703240040931634525e+01 3.438160148004481445e+12 2.127529911907498219e+33 0.000000000000000000e+00
-4.384043355250000000e+10 -1.775211297606149330e+01 1.731281545804759180e+13 2.120881512220626917e+33 0.000000000000000000e+00
-3.835772366500000000e+10 -4.345918185035558423e+01 1.682910590283851367e+13 2.114274534359690172e+33 0.000000000000000000e+00
-2.318852853550000000e+10 -4.913357151041640947e+01 2.934296761688790039e+12 2.107708592422256403e+33 0.000000000000000000e+00
-7.590579766950000000e+10 3.678789974131411327e+03 3.094618832718124609e+13 2.101183305284625402e+33 0.000000000000000000e+00
-2.101128003189500000e+12 2.232144003050057290e+04 9.795062687469550781e+12 2.114594028097807953e+33 0.000000000000000000e+00
-2.319877892790000000e+11 4.408733057559216832e+03 1.187682239112637344e+14 2.088253194366610485e+33 0.000000000000000000e+00
-5.302031400900000000e+10 -2.843503469154682151e+01 9.644870143289478516e+12 2.081847631575657016e+33 0.000000000000000000e+00
-3.303646504500000000e+10 -4.822226765627706158e+01 5.760647352230777344e+12 2.075481245422559463e+33 0.000000000000000000e+00
-3.544399825550000000e+10 -6.774483899078943239e+01 6.129350206837221680e+12 2.069153677598005358e+33 0.000000000000000000e+00
-2.547317437750000000e+10 -6.060548648875017363e+01 3.419037803362189453e+12 2.062864574148819165e+33 0.000000000000000000e+00
-2.631097065050000000e+10 -4.330787952458722856e+01 3.971130144256365234e+12 2.056613585411958387e+33 0.000000000000000000e+00
-2.311336854200000000e+10 -4.935027200462212704e+01 3.841999340324032715e+12 2.050400365949726873e+33 0.000000000000000000e+00
-2.540363565000000000e+10 -4.418146117238288184e+01 3.544996899590674805e+12 2.044224574486125769e+33 0.000000000000000000e+00
-4.539656168050000000e+10 -4.488387526029883645e+01 1.007380235323846875e+13 2.038085873844387942e+33 0.000000000000000000e+00
-2.477488064300000000e+10 -4.576308306052641228e+01 4.448955485137398438e+12 2.031983930885597015e+33 0.000000000000000000e+00
-2.327080730150000000e+10 -4.445141621460885517e+01 2.880952360502744141e+12 2.025918416448442319e+33 0.000000000000000000e+00
-5.874828603260000000e+11 -1.965755242543828984e+01 1.435512777362661719e+13 2.039193475962089777e+33 0.000000000000000000e+00
-3.382903270500000000e+10 -7.244803619503116465e+01 7.522186476351914062e+12 2.013895376027679403e+33 0.000000000000000000e+00
-5.504622965650000000e+10 -3.159302663421104285e+01 1.017061512075405859e+13 2.007937211081987109e+33 0.000000000000000000e+00
-6.475416349100000000e+10 -8.758777296400849366e+01 7.472949525187634766e+12 2.002014196620562438e+33 0.000000000000000000e+00
-3.736435802550000000e+10 -7.457953432247421688e+01 5.173257969783785156e+12 1.996126022503014171e+33 0.000000000000000000e+00
-2.664060671700000000e+10 -4.298483926051711990e+01 8.748863474670867188e+12 1.990272382226801201e+33 0.000000000000000000e+00
-3.933362548300000000e+10 -3.407920415409407866e+01 5.432340829656855469e+12 1.984452972874050579e+33 0.000000000000000000e+00
-3.666368908050000000e+10 -3.702285715375400343e+01 5.746971885975910156e+12 1.978667495059307682e+33 0.000000000000000000e+00
-3.370922433250000000e+10 -3.794544974940188808e+01 4.382379106582193848e+12 1.972915652878189991e+33 0.000000000000000000e+00
-3.158805658700000000e+10 -3.793432254182147290e+01 4.015226932746768555e+12 1.967197153856944470e+33 0.000000000000000000e+00
-2.147124443850000000e+10 -4.937852066665698914e+01 3.693142177881307129e+12 1.961511708902875686e+33 0.000000000000000000e+00
-5.053162301600000000e+10 3.269063343550590872e+01 3.866358250559507812e+13 1.955859032255622195e+33 0.000000000000000000e+00
-1.912218299250000000e+11 1.627747211474550750e+04 2.129916453249268359e+13 1.950238841439289258e+33 0.000000000000000000e+00
-5.537586132980000000e+11 3.265078034660081903e+04 5.160179550828698438e+13 1.944650857215385147e+33 0.000000000000000000e+00
-4.316981582500000000e+10 -6.631128557466503537e+01 1.255920388204521484e+13 1.939094803536580629e+33 0.000000000000000000e+00
-2.592702580020000000e+12 2.356407447073759613e+04 1.483819591043358984e+13 1.952097338631187585e+33 0.000000000000000000e+00
-2.837088194650000000e+10 -7.049789763473027904e+01 4.126087178772865234e+12 1.928077399308916263e+33 0.000000000000000000e+00
-3.377943138965000000e+11 1.455359376755061094e+05 6.594242744089939062e+13 1.922615512215966022e+33 0.000000000000000000e+00
-2.793759600000000000e+10 -3.194604914354419023e+01 6.976154309625624023e+12 1.917184482492895645e+33 0.000000000000000000e+00
-3.318497031100000000e+10 -3.663204294638499192e+01 6.917051709712922852e+12 1.911784049381615290e+33 0.000000000000000000e+00
-2.556764566000000000e+10 -3.674116533816690122e+01 4.488370462201881836e+12 1.906413955053806385e+33 0.000000000000000000e+00
-1.936531279550000000e+10 -5.334738157321623930e+01 4.918171086725380859e+12 1.901073944569855137e+33 0.000000000000000000e+00
-2.602443658500000000e+10 -3.893199496789769398e+01 3.120775554032652832e+12 1.895763765838527379e+33 0.000000000000000000e+00
-4.395227841700000000e+10 -7.113191743745150575e+01 6.152789686936230469e+12 1.890483169577289907e+33 0.000000000000000000e+00
-4.157656641150000000e+10 -8.350817887502584824e+01 6.083299825369737305e+12 1.885231909273307722e+33 0.000000000000000000e+00
-2.538413938200000000e+10 -3.974105283813445766e+01 3.384695923986104980e+12 1.880009741145080571e+33 0.000000000000000000e+00
-2.445986774600000000e+10 -3.940101469428213932e+01 2.976660684768819336e+12 1.874816424104725115e+33 0.000000000000000000e+00
-2.360906751150000000e+10 -3.969253463071008525e+01 2.965878271483497559e+12 1.869651719720865849e+33 0.000000000000000000e+00
-2.100776362750000000e+10 -6.711877125375674780e+01 2.764583081037158203e+12 1.864515392182155221e+33 0.000000000000000000e+00
-2.299028349550000000e+10 -4.047874567319394146e+01 3.206764755593436523e+12 1.859407208261380303e+33 0.000000000000000000e+00
-2.248191327600000000e+10 -3.982913099082523445e+01 3.362430525242339355e+12 1.854326937280158898e+33 0.000000000000000000e+00
-1.914791249350000000e+10 -4.588408394625411546e+01 3.895431778079277344e+12 1.849274351074221322e+33 0.000000000000000000e+00
-2.152565078025000000e+10 -4.028440619049382576e+01 2.308515655416689941e+12 1.844249223959251934e+33 0.000000000000000000e+00
-3.599921155400000000e+10 -8.179981856701211029e+01 4.359961096446380371e+12 1.839251332697283785e+33 0.000000000000000000e+00
-1.563659441550000000e+10 -6.059002785379404088e+01 2.437893631271016113e+12 1.834280456463644638e+33 0.000000000000000000e+00
-1.754044938800000000e+10 -6.511166393786560036e+01 2.903509561461645508e+12 1.829336376814431619e+33 0.000000000000000000e+00
-1.819145269450000000e+10 -6.375248547571074909e+01 2.861832071782653320e+12 1.824418877654513321e+33 0.000000000000000000e+00
-2.157235929600000000e+10 -3.984997098759616563e+01 3.351867012154182129e+12 1.819527745206051293e+33 0.000000000000000000e+00
-2.065718265425000000e+10 -7.000983747337905072e+01 2.483240942293072266e+12 1.814662767977514130e+33 0.000000000000000000e+00
-2.116063358450000000e+10 -4.072592112390247365e+01 2.632547048649449219e+12 1.809823736733198549e+33 0.000000000000000000e+00
-2.091717924975000000e+10 -7.158192041285448681e+01 4.354144120766705566e+12 1.805010444463233538e+33 0.000000000000000000e+00
-1.666389788050000000e+10 -4.478130535570383586e+01 3.993940341200461914e+12 1.800222686354059807e+33 0.000000000000000000e+00
-1.792264209850000000e+10 -1.755348445255852852e+01 1.248741327425975391e+13 1.795460259759379621e+33 0.000000000000000000e+00
-2.705178799525000000e+10 -7.614389806529975147e+01 4.076925540953037109e+12 1.790722964171568385e+33 0.000000000000000000e+00
-1.718679446375000000e+10 -4.678289888079924452e+01 2.475149903303001465e+12 1.786010601193528077e+33 0.000000000000000000e+00
-1.757629253050000000e+10 -4.282279828976739111e+01 2.368163835325332520e+12 1.781322974511002730e+33 0.000000000000000000e+00
-1.603498102525000000e+10 -6.362787933015565045e+01 2.735903512626470703e+12 1.776659889865310098e+33 0.000000000000000000e+00
-1.495657684675000000e+10 -4.625502608277452765e+01 2.793564445669749512e+12 1.772021155026504535e+33 0.000000000000000000e+00
-1.338208011475000000e+10 -4.723307718475704320e+01 3.835688546090199219e+12 1.767406579766968747e+33 0.000000000000000000e+00
-2.020225550200000000e+10 -3.942354119087364950e+01 3.485202296810324707e+12 1.762815975835409069e+33 0.000000000000000000e+00
-1.866954639600000000e+10 -6.954531440606589854e+01 2.298127572293292969e+12 1.758249156931256580e+33 0.000000000000000000e+00
-1.345347797995000000e+11 2.602195523965446773e+04 1.540749740861091211e+13 1.753705938679460481e+33 0.000000000000000000e+00
-1.517620778875000000e+10 -6.216651834124478171e+01 2.807025832502677246e+12 1.749186138605667148e+33 0.000000000000000000e+00
-2.021829654400000000e+10 -4.002601918678433179e+01 5.142526705349850586e+12 1.744689576111844191e+33 0.000000000000000000e+00
-1.936567096475000000e+10 -3.955973429074646219e+01 4.401141557482389648e+12 1.740216072452143184e+33 0.000000000000000000e+00
-2.101758788375000000e+10 -3.696354647527326875e+01 4.486220149840507812e+12 1.735765450709271109e+33 0.000000000000000000e+00
-1.577171275575000000e+10 -4.158791303114018234e+01 2.918083685534153809e+12 1.731337535771150911e+33 0.000000000000000000e+00
-1.911319744125000000e+10 -3.847132203514380677e+01 3.244942701997184570e+12 1.726932154307961631e+33 0.000000000000000000e+00
-1.440533589625000000e+10 -4.107335601222443699e+01 3.162133725787159668e+12 1.722549134749516654e+33 0.000000000000000000e+00
-1.818920614200000000e+10 -3.909171468232949564e+01 2.531183770338162598e+12 1.718188307262989550e+33 0.000000000000000000e+00
-1.648449114425000000e+10 -5.715333092527254166e+01 5.459922130700050781e+12 1.713849503730983202e+33 0.000000000000000000e+00
-1.760880400250000000e+10 -3.985594862884811107e+01 2.485447967917234375e+12 1.709532557729925785e+33 0.000000000000000000e+00
-1.588971766750000000e+10 -6.683123208049326536e+01 3.134783552129846191e+12 1.705237304508787836e+33 0.000000000000000000e+00
-1.432168221225000000e+10 -4.919519168177503587e+01 1.952909464211334717e+12 1.700963580968123295e+33 0.000000000000000000e+00
-1.349041957075000000e+10 -5.838945475840993282e+01 2.401011735321767578e+12 1.696711225639436532e+33 0.000000000000000000e+00
-1.597202831500000000e+10 -3.996537759233459752e+01 2.188625778702409912e+12 1.692480078664832706e+33 0.000000000000000000e+00
-1.559366504325000000e+10 -3.945983469129674148e+01 2.262838995465193848e+12 1.688269981776994690e+33 0.000000000000000000e+00
-1.619544265275000000e+10 -4.006911555774505018e+01 2.478616054504653809e+12 1.684080778279447938e+33 0.000000000000000000e+00
-1.554518911100000000e+10 -3.905275952903241432e+01 2.068592220247118408e+12 1.679912313027118189e+33 0.000000000000000000e+00
-1.483760766475000000e+10 -4.413087396375583182e+01 1.945511427054663086e+12 1.675764432407182023e+33 0.000000000000000000e+00
-1.487127964400000000e+10 -4.212438050485704366e+01 1.916205130243542480e+12 1.671636984320193819e+33 0.000000000000000000e+00
-1.591480557725000000e+10 -4.142695715123254985e+01 2.374655748566083008e+12 1.667529818161500664e+33 0.000000000000000000e+00
-2.674990352155000000e+11 5.225246653996443456e+03 3.085181894337787891e+13 1.663442784802917818e+33 0.000000000000000000e+00
-1.726348822500000000e+10 -4.208029036981573512e+01 4.062904309120656738e+12 1.659375736574679148e+33 0.000000000000000000e+00
-1.609926517125000000e+10 -4.031553288173351746e+01 3.933764613411214844e+12 1.655328527247665136e+33 0.000000000000000000e+00
-1.081101424097500000e+11 3.543949618592977640e+04 1.009730025980994922e+13 1.651301012015858871e+33 0.000000000000000000e+00
-1.581661815975000000e+10 -4.289527493357964261e+01 2.564963779459819824e+12 1.647293047479081912e+33 0.000000000000000000e+00
-9.941748612200000000e+10 1.226917237213032968e+04 3.288696176528648047e+13 1.643304491625997921e+33 0.000000000000000000e+00
-1.639945485675000000e+10 -4.262116262395670674e+01 3.526111688838457520e+12 1.639335203817298744e+33 0.000000000000000000e+00
-1.487505513725000000e+10 -4.071101489098656856e+01 2.360023518363909668e+12 1.635385044769201493e+33 0.000000000000000000e+00
-1.497024253775000000e+10 -4.311892480667410865e+01 1.614028900057355225e+12 1.631453876537154015e+33 0.000000000000000000e+00
-1.220367419375000000e+10 -3.540242936884362024e+01 8.665789349382156250e+12 1.627541562499772971e+33 0.000000000000000000e+00
-2.107826185075000000e+10 -7.215005179572123950e+01 4.574562783981991211e+12 1.623647967343017968e+33 0.000000000000000000e+00
-1.480990856475000000e+10 -4.217220378071935727e+01 1.911835208860028564e+12 1.619772957044592242e+33 0.000000000000000000e+00
-1.177505368925000000e+10 -4.852606028294746920e+01 2.546328924855900391e+12 1.615916398858565281e+33 0.000000000000000000e+00
-1.465722700075000000e+10 -4.283210376523916096e+01 2.210014787798195801e+12 1.612078161300214788e+33 0.000000000000000000e+00
-1.222839970625000000e+10 -5.350228153830791911e+01 3.971418623450475586e+12 1.608258114131083379e+33 0.000000000000000000e+00
-9.742712016580000000e+11 -4.788153711924147871e+01 2.384103155293180469e+13 1.620081736240764636e+33 0.000000000000000000e+00
-2.269783520355000000e+11 -4.762100827131254022e+01 4.377774194128207031e+13 1.600672076149797108e+33 0.000000000000000000e+00
-2.772514484675000000e+10 -3.851123438926767051e+01 8.178571391795414062e+12 1.596905830960506576e+33 0.000000000000000000e+00
-2.042502453525000000e+10 -4.337305477528058617e+01 4.336873571204731934e+12 1.593157267377745712e+33 0.000000000000000000e+00
-6.003867570675000000e+10 -5.348200313894537317e+01 1.508882845897162695e+13 1.589426261177537620e+33 0.000000000000000000e+00
-1.781020412100000000e+10 -3.972756060907219933e+01 5.195290263459441406e+12 1.585712689296841732e+33 0.000000000000000000e+00
-1.100166090300000000e+10 -3.793691424455851546e+01 4.590356028107325195e+12 1.582016429820034647e+33 0.000000000000000000e+00
-7.645397487250000000e+10 3.252443267297655257e+04 2.402995215594800781e+13 1.578337361965553540e+33 0.000000000000000000e+00
-2.911852540050000000e+10 -4.488807577865389931e+01 9.653141157148476562e+12 1.574675366072749970e+33 0.000000000000000000e+00
-1.717125225125000000e+10 -4.382876418574409882e+01 3.777267787470089355e+12 1.571030323588917787e+33 0.000000000000000000e+00
-2.654477481300000000e+10 -4.535311884151835216e+01 1.299060417349407812e+13 1.567402117056489071e+33 0.000000000000000000e+00
