0.000000000000000000e+00 0.000000000000000000e+00 0.000000000000000000e+00 0.000000000000000000e+00 0.000000000000000000e+00
-1.027757158526526950e+02 -1.025096804217299962e+02 1.078322268023906849e-01 1.502314515764135285e+05 0.000000000000000000e+00
-1.020188770230243023e+02 -1.025323235809440519e+02 2.876525099740604996e-01 1.572751593479735602e+05 0.000000000000000000e+00
-1.029033564826485048e+02 -1.026206953016071708e+02 1.328429741768341055e-01 1.646221215668473742e+05 0.000000000000000000e+00
-9.790176553071476917e+01 -9.811916452205956318e+01 1.443012437334051101e-01 1.706019558890864719e+05 0.000000000000000000e+00
-1.053402255267385925e+02 -1.053637773311417902e+02 1.028837118641293402e-01 1.717658264863028307e+05 0.000000000000000000e+00
-1.053485768054951137e+02 -1.053334325558492424e+02 8.683701031972292095e-02 1.674517857539125544e+05 0.000000000000000000e+00
-1.025916144413124158e+02 -1.025187851279311957e+02 5.234859238528841163e-02 1.633003856996655813e+05 0.000000000000000000e+00
-1.079229318525644459e+02 -1.080142667242175207e+02 7.656437962647559548e-02 1.604099533815494797e+05 0.000000000000000000e+00
-1.081706628134162429e+02 -1.080772910738876078e+02 7.168166173023814147e-02 1.580739337315772136e+05 0.000000000000000000e+00
-1.026660996244310411e+02 -1.026372045421490498e+02 5.212814501609638884e-02 1.559132576576932333e+05 0.000000000000000000e+00
-1.014433869370930665e+02 -1.015017833687778364e+02 7.727637074428475583e-02 1.525405300502734899e+05 0.000000000000000000e+00
-9.689352128745530024e+01 -9.698135166706718735e+01 1.068645498087259782e-01 1.496764716492893058e+05 0.000000000000000000e+00
-1.107166870456431553e+02 -1.107351569204033837e+02 6.746361462303657186e-02 1.473881892199038411e+05 0.000000000000000000e+00
-1.106117813232153111e+02 -1.106881029048244329e+02 6.547031603063098448e-02 1.443193479178351990e+05 0.000000000000000000e+00
-1.052300520234700372e+02 -1.052474816131633872e+02 6.097300150737747920e-02 1.422899765011481941e+05 0.000000000000000000e+00
-1.054220551557671683e+02 -1.053468304453029276e+02 4.770828581180130284e-02 1.394364433954790293e+05 0.000000000000000000e+00
-1.080208000148250136e+02 -1.079802296636404151e+02 4.657036970634305384e-02 1.376329138579562423e+05 0.000000000000000000e+00
-1.054493761466761015e+02 -1.053531853757130108e+02 3.730398818225705987e-02 1.352102752322875895e+05 0.000000000000000000e+00
-1.080444857632773079e+02 -1.080335794200334618e+02 3.495950541758172797e-02 1.342276754401799117e+05 0.000000000000000000e+00
-1.055081303116213434e+02 -1.053423404849526861e+02 6.631739934011475490e-02 1.317145538065092696e+05 0.000000000000000000e+00
-1.014411073660587448e+02 -1.014520011207092551e+02 6.752400949346855363e-02 1.330802842402273382e+05 0.000000000000000000e+00
-1.052007957565883061e+02 -1.052167766513431104e+02 4.968739741924654146e-02 1.306771757365508383e+05 0.000000000000000000e+00
-9.724017713113154571e+01 -9.723371433085792148e+01 7.118955398044986282e-02 1.283850620718302525e+05 0.000000000000000000e+00
-9.569110260565766168e+01 -9.591012335961620749e+01 1.275571749856852233e-01 1.261399672574100696e+05 0.000000000000000000e+00
-1.080147984629172413e+02 -1.080002635786721186e+02 4.403899960110420342e-02 1.275697899859663157e+05 0.000000000000000000e+00
-1.052203026067674045e+02 -1.052583736259482947e+02 4.255934229953575038e-02 1.254389751399557863e+05 0.000000000000000000e+00
-1.052911639667523218e+02 -1.052876409279261338e+02 2.898541035674535166e-02 1.235613304589270265e+05 0.000000000000000000e+00
-1.024551067508710815e+02 -1.025244555756530218e+02 5.019598888101462625e-02 1.215382336615205859e+05 0.000000000000000000e+00
-1.053291171483844124e+02 -1.053101929800248939e+02 2.398644650264682154e-02 1.202173105157214741e+05 0.000000000000000000e+00
-1.026327366964009684e+02 -1.026128086191719859e+02 3.639096344335084054e-02 1.183624280806374154e+05 0.000000000000000000e+00
-1.025945338191132237e+02 -1.026033112790459541e+02 2.413243501005467653e-02 3.188012620496971067e+04 0.000000000000000000e+00
-1.052578368909095445e+02 -1.052562737218486149e+02 3.514599943949846261e-02 1.150983143618028844e+05 0.000000000000000000e+00
-1.053332728860082739e+02 -1.053175486421434215e+02 2.796152336024058938e-02 3.092267156076152241e+04 0.000000000000000000e+00
-9.987321392367245210e+01 -9.984513183611450415e+01 3.450552998609640598e-02 1.116662189481005189e+05 0.000000000000000000e+00
-1.107113771059651555e+02 -1.107427854324030960e+02 3.931779197312942897e-02 1.101317975193620368e+05 0.000000000000000000e+00
-1.026334713383050428e+02 -1.025802074609521668e+02 2.587989189404510393e-02 1.086683934556940658e+05 0.000000000000000000e+00
-9.701354828900609562e+01 -9.704250533445778615e+01 5.542342846542593765e-02 1.075021958214816259e+05 0.000000000000000000e+00
-1.051665625528807340e+02 -1.051418688452893377e+02 7.233775774883410836e-02 1.060783743056765670e+05 0.000000000000000000e+00
-9.980642514860856807e+01 -9.977845410583911701e+01 4.585784179403865068e-02 1.046585708949627005e+05 0.000000000000000000e+00
-9.364876575475989284e+01 3.547091259261464960e+17 1.683236379577333821e+02 2.833284709532609850e+04 0.000000000000000000e+00
-1.501210198021000000e+12 -5.429360094204590581e+01 3.624526712101329688e+13 1.687966360636439755e+33 0.000000000000000000e+00
-1.006798299536000000e+12 -4.157590314599656978e+01 3.589847877818170312e+13 1.665778875187846799e+33 0.000000000000000000e+00
-6.229770875130000000e+11 -5.513072904184791412e+01 1.972635501917162891e+13 1.644143415955543604e+33 0.000000000000000000e+00
-4.297690357620000000e+11 -4.635904983726810968e+01 1.937365214484635156e+13 1.623058683017705611e+33 0.000000000000000000e+00
-4.664231818170000000e+11 -5.545604983719250214e+01 9.272348555562273438e+12 1.602510977864650104e+33 0.000000000000000000e+00
-5.469189245805000000e+11 -5.403347012020099527e+01 1.577435460901227148e+13 1.582484394606130822e+33 0.000000000000000000e+00
-3.033804773695000000e+11 -5.845124478013726588e+01 7.542973078112741211e+12 1.562942954193989756e+33 0.000000000000000000e+00
-2.066600027250000000e+11 -5.494841074180543217e+01 1.133522343519723047e+13 1.543877794232082562e+33 0.000000000000000000e+00
-7.131939211837000000e+12 2.086975497905261363e+03 1.278606910396260250e+15 1.515660717743722444e+33 0.000000000000000000e+00
-3.005299799687500000e+12 3.964854471515291152e+02 7.256630529897492188e+13 1.497622473151713557e+33 0.000000000000000000e+00
-2.622758757837050000e+13 3.979338492235369980e+06 2.607724720287000500e+15 1.480008470659886139e+33 0.000000000000000000e+00
-1.150814547296500000e+12 -5.027813547710105269e+01 3.578071146505398438e+13 1.462803919779883219e+33 0.000000000000000000e+00
-9.098132308041500000e+12 1.851231341732415895e+05 3.216231925902958125e+14 1.445994709551552364e+33 0.000000000000000000e+00
-4.072145631353650000e+13 7.253380112751318375e+05 1.168499388651590312e+14 1.482813154877761189e+33 0.000000000000000000e+00
-6.808861660420500000e+12 5.857042582720116479e+05 1.791423295105863438e+14 1.413509035989101575e+33 0.000000000000000000e+00
-4.371847407985000000e+12 2.295023142267852381e+04 1.180105694916511719e+14 1.397807413977239399e+33 0.000000000000000000e+00
-2.725011545402500000e+12 6.759481942468777997e+05 1.338271241011732344e+14 1.382450750315244797e+33 0.000000000000000000e+00
-1.166567582975000000e+12 1.920913262108059314e+02 5.437926352916556250e+13 1.367427802075011305e+33 0.000000000000000000e+00
-1.116408182483850000e+13 1.368274966111163621e+03 1.887986532560622188e+14 1.406759607228462874e+33 0.000000000000000000e+00
-7.691757055276500000e+12 2.968259269475319115e+02 3.303191914622348047e+13 1.391892100859707292e+33 0.000000000000000000e+00
-2.457558968153000000e+12 1.191559064052107573e+02 1.756246396428658984e+13 1.377850181636738482e+33 0.000000000000000000e+00
-4.672864617030000000e+12 1.500769420761867426e+06 3.607549597550382500e+14 1.310464690827759907e+33 0.000000000000000000e+00
-1.493465804192500000e+12 -7.264837238394675012e+01 1.451895722297113867e+13 1.349677572994753456e+33 0.000000000000000000e+00
-1.276243589723000000e+12 -3.217635998672167652e+00 9.616291628892492188e+12 1.335991060477201679e+33 0.000000000000000000e+00
-9.101467820106500000e+12 1.116580839477382824e+03 8.292142960749534375e+13 1.322580600327610363e+33 0.000000000000000000e+00
-6.720227827260000000e+11 -6.644481166063388855e+01 8.335572187704667969e+12 1.309519521669822645e+33 0.000000000000000000e+00
-7.866843315620000000e+11 -5.814842140557570360e+01 1.394706610801546484e+13 1.296574282450920480e+33 0.000000000000000000e+00
-1.490379488187000000e+12 2.515869078687994431e+02 1.607166448739892383e+13 1.283879914177737603e+33 0.000000000000000000e+00
-2.863919945295500000e+12 9.251307472773487461e+02 1.466638871557376562e+14 1.221421923754113980e+33 0.000000000000000000e+00
-3.947919974430000000e+11 -1.386715415288033881e+01 2.406969952739971484e+13 1.209679729114568539e+33 0.000000000000000000e+00
-1.390274964214000000e+12 7.979520120032033883e+05 7.020447339638641406e+13 1.198161131435903614e+33 0.000000000000000000e+00
-5.201716567650000000e+11 -6.393177460403209977e+01 7.770839213025017578e+12 1.235494676051147452e+33 0.000000000000000000e+00
-6.651329891775000000e+11 -6.960043011277180369e+01 7.840021294608601562e+12 1.223958258212669826e+33 0.000000000000000000e+00
-4.228133474080000000e+11 -6.425573190584805161e+01 7.690829311847165039e+12 1.212645329603598458e+33 0.000000000000000000e+00
-5.234491059955000000e+11 -7.186215624974241223e+01 6.578798105103973633e+12 1.201521964749527772e+33 0.000000000000000000e+00
-3.522888909505000000e+11 -5.958922011541120867e+01 8.354820073912846680e+12 1.190609233652871795e+33 0.000000000000000000e+00
-3.590723904145000000e+11 -6.366646853003098272e+01 7.003449895285433594e+12 1.179884474352215834e+33 0.000000000000000000e+00
-4.307364344310000000e+11 -6.341855021383713620e+01 6.435310975376779297e+12 1.169349557126542925e+33 0.000000000000000000e+00
-2.380421622690000000e+11 -6.071944621948075849e+01 1.054878943807702148e+13 1.113349745621594139e+33 0.000000000000000000e+00
-2.234932475945000000e+11 -5.726891663722190629e+01 1.101384235386855273e+13 1.103585070131676332e+33 0.000000000000000000e+00
-3.904205346230000000e+11 -6.904998972329059370e+01 6.417339889150251953e+12 1.138839582316761706e+33 0.000000000000000000e+00
-1.956785949015000000e+11 -5.899822570068759831e+01 7.410042211898990234e+12 1.084560670198725156e+33 0.000000000000000000e+00
-6.310589999000000000e+11 8.965552959707256377e+02 6.941802556470489062e+13 1.075292316796170690e+33 0.000000000000000000e+00
-1.893321366715000000e+11 -5.946083501938825577e+01 4.948292636881575195e+12 1.109882270611365379e+33 0.000000000000000000e+00
-2.159894776430000000e+11 -5.461907831793818957e+01 8.404622403536424805e+12 1.057222817988676986e+33 0.000000000000000000e+00
-1.660483956051500000e+12 1.243499807494125889e+03 1.631486349709029062e+14 1.048413888080563028e+33 0.000000000000000000e+00
-1.552717847460000000e+11 -5.128266646044645682e+01 1.121532183459476562e+13 1.039750529204307076e+33 0.000000000000000000e+00
-3.686302135240000000e+11 -7.528960785898333086e+01 5.098705800503774414e+12 1.073478223063694694e+33 0.000000000000000000e+00
-3.289410143565000000e+11 -5.866606866815519794e+01 7.617746900013658203e+12 1.064754821828537650e+33 0.000000000000000000e+00
-2.592923483715000000e+11 -5.797789200045313152e+01 5.820270268838424805e+12 1.056169735173651328e+33 0.000000000000000000e+00
-2.061343951790000000e+11 -8.743683506910211634e+01 1.122153610582118359e+13 1.006482949159448347e+33 0.000000000000000000e+00
-9.244437190730000000e+11 8.320707415469068801e+05 4.347970618038953125e+13 9.984960241734663214e+32 0.000000000000000000e+00
-1.531034771085000000e+11 -6.274273196457021839e+01 7.721223863902571289e+12 9.906348531827398874e+32 0.000000000000000000e+00
-4.911912968365000000e+11 -6.250227683959636948e+01 6.933577903384089844e+12 1.023401999618626921e+33 0.000000000000000000e+00
-1.940023051225000000e+11 -6.054291432300642839e+01 1.103926940696908789e+13 9.752780781247904392e+32 0.000000000000000000e+00
-1.231269855840000000e+11 -6.605510386884434126e+01 5.566323438348345703e+12 9.677768513566873855e+32 0.000000000000000000e+00
-2.328221202350000000e+11 -3.853608543724924118e+01 2.598538717096303906e+13 9.603901263231056818e+32 0.000000000000000000e+00
-3.217683577785000000e+11 -7.007268666008901903e+01 4.391220588273584473e+12 9.923928545359374175e+32 0.000000000000000000e+00
-1.848860480585000000e+11 -6.567741804623655355e+01 4.119080745998599609e+12 9.849331717854611037e+32 0.000000000000000000e+00
-1.526968222635000000e+12 9.165574769026596869e+02 1.343382741868248906e+14 9.388913329843423806e+32 0.000000000000000000e+00
-1.341438074480000000e+11 -5.798988661737686812e+01 5.301661655474029297e+12 9.319373658159966790e+32 0.000000000000000000e+00
-1.174169884195000000e+11 -5.475099603889965749e+01 4.363102720757421875e+12 9.250856456529002574e+32 0.000000000000000000e+00
-1.128549494650000000e+11 -5.992252860329153918e+01 4.720049750024712891e+12 9.183339340104559882e+32 0.000000000000000000e+00
-1.058536143060000000e+11 -6.755128927538044081e+01 3.761852847105405273e+12 9.116800572693855153e+32 0.000000000000000000e+00
-2.849703652910000000e+11 -5.916551534649030941e+01 5.809420663107381836e+12 9.424158069693628282e+32 0.000000000000000000e+00
-2.716436519470000000e+11 -6.446878874334774423e+01 4.736986543493588867e+12 9.356852546500794630e+32 0.000000000000000000e+00
-9.550345239000000000e+10 -6.826695794217900470e+01 4.125284742418804688e+12 8.922846249585985444e+32 0.000000000000000000e+00
-8.658655400300000000e+10 -8.338526296048829067e+01 5.446956067430244141e+12 8.860015693688620207e+32 0.000000000000000000e+00
-8.944951070800000000e+10 -6.202891571577725927e+01 3.545946293819207031e+12 8.798063753250839537e+32 0.000000000000000000e+00
-7.857275789050000000e+10 -6.115269290472839714e+01 2.265470924638434570e+12 8.736972127482321724e+32 0.000000000000000000e+00
-9.033633487900000000e+10 -5.087573588148266879e+01 4.830603044478403320e+12 8.676723020313321348e+32 0.000000000000000000e+00
-7.913631363400000000e+10 -5.824852887117018696e+01 3.134235095395498535e+12 8.617299123117817716e+32 0.000000000000000000e+00
-3.040846857645000000e+11 -5.383694704936883113e+01 8.144570401640060547e+12 8.911131074004606958e+32 0.000000000000000000e+00
-2.314421528245000000e+11 -6.764570488396942949e+01 4.779610068207737305e+12 8.850937577282287820e+32 0.000000000000000000e+00
-2.556828214425000000e+11 -6.391772766967425667e+01 4.573157419005924805e+12 8.791534476010911049e+32 0.000000000000000000e+00
-2.690544542980000000e+11 1.301085316706603862e+03 1.369153392581688867e+13 8.387525612400172585e+32 0.000000000000000000e+00
-7.916258007685000000e+11 1.099063412985838568e+03 1.119476838038700625e+14 8.331984072675565105e+32 0.000000000000000000e+00
-1.887539724570000000e+11 -4.611993433197893921e+01 9.328362334137150391e+12 8.618384655871242375e+32 0.000000000000000000e+00
-2.132347473740000000e+11 -7.342795751175701469e+01 3.688354235235647949e+12 8.562053909979943632e+32 0.000000000000000000e+00
-2.246455218755000000e+11 -5.776879525241479740e+01 3.942780878956999023e+12 8.506455716602805359e+32 0.000000000000000000e+00
-2.229191113505000000e+11 -6.303275978821061898e+01 5.116779609114193359e+12 8.451576358939255580e+32 0.000000000000000000e+00
-1.365327556795000000e+11 -4.976703614329075975e+01 1.315963474117615625e+13 8.064956054395981590e+32 0.000000000000000000e+00
-1.101858442900000000e+11 -5.415776196462005032e+01 6.760458874367603516e+12 8.013591170332161899e+32 0.000000000000000000e+00
-7.594905927600000000e+10 -5.816749596867481387e+01 4.797455400495210938e+12 7.962876393993825642e+32 0.000000000000000000e+00
-2.196119218677500000e+11 -6.092017748501029217e+01 3.337728854171553711e+12 8.238886188693824830e+32 0.000000000000000000e+00
-1.287113162610000000e+11 -6.300678080058936104e+01 4.412128986376823242e+12 8.187397386210577250e+32 0.000000000000000000e+00
-2.456378781365000000e+11 6.242739075724291524e+02 2.176315524088129688e+13 7.814511592912106430e+32 0.000000000000000000e+00
-1.684342547092500000e+11 3.384901105370599907e+02 1.924116901902990625e+13 7.766277624044699643e+32 0.000000000000000000e+00
-1.487661103265000000e+11 5.295046104367150974e+02 6.904609511265781250e+12 7.718635414081316141e+32 0.000000000000000000e+00
-5.418760491872500000e+11 9.716346006406741217e+05 5.830814788123511719e+13 7.671574139840985005e+32 0.000000000000000000e+00
-8.062419848750000000e+10 -5.117644888952877125e+01 4.627027538559913086e+12 7.625083240467953888e+32 0.000000000000000000e+00
-1.445561533195000000e+11 1.275394881391726585e+03 1.005019331042611133e+13 7.579152409548980224e+32 0.000000000000000000e+00
-7.001522143200000000e+10 -6.055050030077360645e+01 2.705427055572381348e+12 7.533771587467131305e+32 0.000000000000000000e+00
-6.941761623075000000e+10 -5.698655326019087397e+01 3.536549865738594238e+12 7.488930954088650420e+32 0.000000000000000000e+00
-6.468667989550000000e+10 -5.736265769421599714e+01 3.919373818394586914e+12 7.444620921659367911e+32 0.000000000000000000e+00
-7.423629292675000000e+10 2.020713362466786123e+00 5.978152660944221680e+12 7.400832127980367115e+32 0.000000000000000000e+00
-6.236097266400000000e+10 -5.951585341570282139e+01 3.596749735128361328e+12 7.357555429812335167e+32 0.000000000000000000e+00
-5.696409389230000000e+11 -2.411709326646360196e+01 1.798653642841526953e+13 7.618223104850724479e+32 0.000000000000000000e+00
-1.855011426355000000e+11 -3.777929247893897724e+01 1.476402433733935547e+13 7.272502803888908096e+32 0.000000000000000000e+00
-2.178002312642500000e+11 1.871928464470286144e+03 1.808477487106307031e+13 7.230709628272354208e+32 0.000000000000000000e+00
-2.645608044580000000e+11 1.269310207066674366e+03 4.443446641568771875e+13 7.189394040789617144e+32 0.000000000000000000e+00
-1.103986421702500000e+11 -3.821401299460022472e+01 8.158330348447515625e+12 7.148547901821173657e+32 0.000000000000000000e+00
-1.139455017457500000e+11 4.329695181018435051e+02 1.003288780824886719e+13 7.108163255669437865e+32 0.000000000000000000e+00
-6.698910503400000000e+10 -8.043931060203037475e+01 4.527032397700760742e+12 7.068232325383051624e+32 0.000000000000000000e+00
-8.336006926950000000e+10 -3.982527226694276834e+01 6.428560743308029297e+12 7.028747507772365316e+32 0.000000000000000000e+00
-1.179983791595000000e+11 7.732521774716257141e+02 1.209532370765192383e+13 6.989701368577685049e+32 0.000000000000000000e+00
-8.553176438625000000e+10 1.917430459441556536e+02 6.674029225621177734e+12 6.951086637805821910e+32 0.000000000000000000e+00
-5.423524884200000000e+10 -5.097556974086256787e+01 3.343040947653233398e+12 6.912896205220647022e+32 0.000000000000000000e+00
-7.899128767425000000e+10 -7.879305659792240135e+01 5.571805089644810547e+12 6.875123115975455953e+32 0.000000000000000000e+00
-8.233398742625000000e+10 6.573623702749738413e+02 5.263479130092099609e+12 6.837760566391850706e+32 0.000000000000000000e+00
-7.071149856175000000e+10 3.706436312467528751e+02 5.579240424671276367e+12 6.800801899876188311e+32 0.000000000000000000e+00
-5.473656419600000000e+10 -7.213883574336382765e+01 2.692076988840267578e+12 6.764240602966176953e+32 0.000000000000000000e+00
-5.422393498700000000e+10 -4.698487604854534538e+01 3.367850893647616699e+12 6.728070301504444792e+32 0.000000000000000000e+00
-7.785008586600000000e+11 3.105185616183819093e+02 7.731354034992295898e+12 6.970111693537464494e+32 0.000000000000000000e+00
-3.595701552770000000e+11 8.063238952918956102e+02 3.178726760644407031e+13 6.656877862707809657e+32 0.000000000000000000e+00
-3.629648694115000000e+11 6.477897111884479955e+02 3.919053457667586719e+13 6.621843640823345723e+32 0.000000000000000000e+00
-2.256159382427500000e+11 6.793442995595144112e+02 2.444692047878269922e+13 6.587176238453214867e+32 0.000000000000000000e+00
-2.160845983997500000e+11 9.856669353570911198e+02 2.224408731785492188e+13 6.552869924686438955e+32 0.000000000000000000e+00
-1.376013008812500000e+11 7.293000041598975258e+02 2.249940708151382812e+13 6.518919087369608627e+32 0.000000000000000000e+00
-7.378816930300000000e+10 4.043665260843924898e+02 9.423358728242894531e+12 6.485318230049853561e+32 0.000000000000000000e+00
-2.045135013647500000e+11 4.935330637792732773e+02 3.601277641408531250e+13 6.452061969004138452e+32 0.000000000000000000e+00
-9.968104179400000000e+10 5.612762659013770872e+01 1.085563624932044336e+13 6.419145030368543231e+32 0.000000000000000000e+00
-6.851875294725000000e+10 3.213107963657632240e+02 4.947590413561255859e+12 6.386562247347912720e+32 0.000000000000000000e+00
-1.514545324192500000e+11 4.086644543243920198e+05 2.886658947967836719e+13 6.354308557511375881e+32 0.000000000000000000e+00
-5.960158745200000000e+10 2.949274386654315663e+02 4.268592731749787598e+12 6.322379000172376372e+32 0.000000000000000000e+00
-5.228196653000000000e+10 -7.609100472980546215e+01 2.658044104691181641e+12 6.290768713847650843e+32 0.000000000000000000e+00
-5.708392274175000000e+10 1.732860845621377166e+02 3.555404312206172363e+12 6.259472933785298219e+32 0.000000000000000000e+00
-4.994164294425000000e+10 4.380619238910358604e+02 3.265661839282693848e+12 6.228486989572791117e+32 0.000000000000000000e+00
-1.599527586085000000e+11 5.701754752254934283e+05 3.579394400179829688e+13 6.197806302814986166e+32 0.000000000000000000e+00
-4.322416053400000000e+10 1.391179165125940358e+02 2.992199590499335938e+12 6.167426384876118600e+32 0.000000000000000000e+00
-2.110751282595000000e+11 2.937854883818605231e+03 2.638215694416462891e+13 6.137342834695405836e+32 0.000000000000000000e+00
-4.225333114950000000e+10 -7.559399339375853799e+01 2.753113121809739746e+12 6.107551336657152533e+32 0.000000000000000000e+00
-2.176637880145000000e+11 1.099561896221379129e+03 3.233962995444178906e+13 6.078047658529214535e+32 0.000000000000000000e+00
-6.290004538350000000e+10 1.042131429754272176e+03 7.032035401373075195e+12 6.048827649459550600e+32 0.000000000000000000e+00
-4.823461704625000000e+10 3.331375853252018260e+02 3.813457659411383789e+12 6.019887238027169684e+32 0.000000000000000000e+00
-8.975146272150000000e+10 5.833706137530923570e+02 8.247618259141011719e+12 5.991222430354974977e+32 0.000000000000000000e+00
-4.727722910600000000e+10 3.260330790144611228e+02 6.122336967329095703e+12 5.962829308269870522e+32 0.000000000000000000e+00
-4.729449299425000000e+10 2.544807353806057790e+02 3.647896985538604980e+12 5.934704027515889962e+32 0.000000000000000000e+00
-4.003918951525000000e+10 2.207793605411472129e+02 2.437523704597498047e+12 5.906842816023482666e+32 0.000000000000000000e+00
-4.289987339750000000e+10 1.824091739896441027e+02 3.322760202569933594e+12 5.879241972220786360e+32 0.000000000000000000e+00
-4.369042212775000000e+10 -4.426307175338264699e+01 3.892862500027024414e+12 5.851897863394283000e+32 0.000000000000000000e+00
-3.697857284275000000e+10 -4.627976298053184934e+01 2.744318608028740234e+12 5.824806924096148680e+32 0.000000000000000000e+00
-3.462946058300000000e+10 1.067019615005464033e+02 2.312808739258475098e+12 5.797965654592792385e+32 0.000000000000000000e+00
-3.106082940325000000e+10 6.531783866672309387e+02 6.409061999317095703e+12 5.771370619359332896e+32 0.000000000000000000e+00
-4.422604178400000000e+10 1.465535180687420791e+02 4.621732564811430664e+12 5.745018445613807541e+32 0.000000000000000000e+00
-3.769627084050000000e+10 -7.013654385852666451e+01 1.840103954069553467e+12 5.718905821890177465e+32 0.000000000000000000e+00
-2.483454225650000000e+10 2.223648958592537213e+02 3.015728985617831543e+12 5.693029496653074432e+32 0.000000000000000000e+00
-1.039823751795000000e+11 9.134716308041648745e+02 1.125143377983927148e+13 5.667386276946383704e+32 0.000000000000000000e+00
-3.419717736625000000e+10 -7.174324470090483885e+01 2.756170808339574219e+12 5.641973027081174693e+32 0.000000000000000000e+00
-4.019726215875000000e+10 2.277869521751693753e+02 4.118046724031303223e+12 5.616786667357102368e+32 0.000000000000000000e+00
-1.201728730132500000e+11 8.545208501479311280e+02 1.424616325220850586e+13 5.591824172818299024e+32 0.000000000000000000e+00
-9.728444962300000000e+10 7.787355663777092332e+02 9.651759248813046875e+12 5.567082572042082528e+32 0.000000000000000000e+00
-2.686951862750000000e+10 1.028523768736182120e+02 2.865183280946414062e+12 5.542558945962420812e+32 0.000000000000000000e+00
-3.517341855425000000e+10 2.291858858879398042e+02 3.460567218400421387e+12 5.518250426717253933e+32 0.000000000000000000e+00
-3.419615354500000000e+10 -5.484387042915685839e+01 2.508064402618258789e+12 5.494154196534415206e+32 0.000000000000000000e+00
-3.075891982950000000e+10 1.774633711218587280e+02 2.376612731938850098e+12 5.470267486641658499e+32 0.000000000000000000e+00
-4.233551083650000000e+10 -8.121268465070492937e+01 2.846608108632315430e+12 5.446587576206178691e+32 0.000000000000000000e+00
-2.967636164100000000e+10 1.215736206604453997e+02 3.895956897794069824e+12 5.423111791301457097e+32 0.000000000000000000e+00
-1.647972348275000000e+10 1.285842866857411764e+03 6.525768631791196289e+12 5.399837503900979329e+32 0.000000000000000000e+00
-3.299709482600000000e+10 2.365291063663469799e+02 3.096624456689180664e+12 5.376762130897759140e+32 0.000000000000000000e+00
-3.891478668925000000e+10 -8.212914395875762352e+01 2.736593331676493164e+12 5.353883133147740001e+32 0.000000000000000000e+00
-2.785595018500000000e+10 1.837633869912924638e+02 2.266019733036510254e+12 5.331198014539913462e+32 0.000000000000000000e+00
-2.300781023625000000e+10 1.233214431898906938e+01 2.432617331649694336e+12 5.308704321087626780e+32 0.000000000000000000e+00
-2.822516140450000000e+10 -4.313083785942341564e+01 2.792879977635516113e+12 5.286399640044096842e+32 0.000000000000000000e+00
-3.054507069225000000e+10 -5.574726762185618156e+01 3.110472948690445312e+12 5.264281599039107594e+32 0.000000000000000000e+00
-2.650204237700000000e+10 5.669476038070546338e+02 2.748990704668691406e+12 5.242347865238672212e+32 0.000000000000000000e+00
-2.809059851725000000e+10 -4.883814110824161503e+01 1.806052484385159912e+12 5.220596144524854112e+32 0.000000000000000000e+00
-2.793948556825000000e+10 -5.137458835399223744e+01 2.039648136289572754e+12 5.199024180695352639e+32 0.000000000000000000e+00
-2.618040105725000000e+10 -5.301097304582055614e+01 2.053104674661749023e+12 5.177629754683826927e+32 0.000000000000000000e+00
-3.262013427050000000e+10 -7.882272895084798847e+01 2.499679889753166016e+12 5.156410683798838003e+32 0.000000000000000000e+00
-2.332366173900000000e+10 -5.943482993699551997e+01 1.974041273322799805e+12 5.135364820981728347e+32 0.000000000000000000e+00
-2.129862524875000000e+10 3.272845843686406511e+02 2.403963551547524902e+12 5.114490054082506482e+32 0.000000000000000000e+00
-4.284514800675000000e+10 2.241604147339626506e+05 1.765876543418531250e+13 5.093784305152951887e+32 0.000000000000000000e+00
-2.423286988325000000e+10 2.660007757487700530e+01 3.208139084626160156e+12 5.073245529757854649e+32 0.000000000000000000e+00
-3.405104000650000000e+10 -8.445876435004059601e+01 1.862999312486155762e+12 5.052871716300296253e+32 0.000000000000000000e+00
-2.492450294775000000e+10 -5.512246857592632665e+01 1.488363909264970459e+12 5.032660885367470394e+32 0.000000000000000000e+00
-2.420323446750000000e+10 7.757532927582459479e+02 8.240383689305810547e+12 5.012611089088051729e+32 0.000000000000000000e+00
-2.289629700825000000e+10 1.849396891893936186e+02 1.858391094564962891e+12 4.992720410506637251e+32 0.000000000000000000e+00
-2.373500743975000000e+10 -6.426740128254721185e+01 1.372061685260768311e+12 4.972986962973365138e+32 0.000000000000000000e+00
-2.969873756175000000e+10 -4.197538183472925510e+01 5.288460774915867188e+12 4.953408889546679799e+32 0.000000000000000000e+00
-2.215421420500000000e+10 2.284339082492032276e+02 1.982929216050479492e+12 4.933984362411337819e+32 0.000000000000000000e+00
-1.731384336875000000e+10 1.696906879933095524e+01 2.605633020432033691e+12 4.914711582309282671e+32 0.000000000000000000e+00
-1.913602958250000000e+10 1.473670770553743523e+02 1.900992886926275635e+12 4.895588777984611726e+32 0.000000000000000000e+00
-2.460428296950000000e+10 -7.290856864101580470e+01 1.732334080229121338e+12 4.876614205640239663e+32 0.000000000000000000e+00
-2.379018581525000000e+10 -5.211300068325058987e+01 2.106326058996534668e+12 4.857786148408570580e+32 0.000000000000000000e+00
-2.250719615650000000e+10 -7.382241907657491709e+01 1.888256324362807373e+12 4.839102915833142335e+32 0.000000000000000000e+00
-2.274099259875000000e+10 -7.064230877525059782e+01 1.749792485699323730e+12 4.820562843362955883e+32 0.000000000000000000e+00
-1.942556297575000000e+10 1.390096058756181776e+02 1.946114131559062988e+12 4.802164291858150102e+32 0.000000000000000000e+00
-1.671617376427500000e+11 8.128712933323702309e+05 2.155067561844412891e+13 4.783905647106846972e+32 0.000000000000000000e+00
-2.167521125725000000e+10 -7.393691795641198894e+01 1.580278597037429443e+12 4.765785319350836069e+32 0.000000000000000000e+00
-1.647399343150000000e+10 -7.003479438519447342e+01 2.353370850869032227e+12 4.747801742833333898e+32 0.000000000000000000e+00
-2.214099156775000000e+10 -6.532226106469562410e+01 1.933448882977046143e+12 4.729953375334214571e+32 0.000000000000000000e+00
-1.682722599000000000e+10 1.527013566258568744e+03 3.980846760094233398e+12 4.712238697738366087e+32 0.000000000000000000e+00
-1.265695497995000000e+11 5.980342103704056935e+05 2.154974935638019531e+13 4.694656213602552853e+32 0.000000000000000000e+00
-2.879844462325000000e+10 -4.395404304408190654e+01 7.518462078759474609e+12 4.677204448733906142e+32 0.000000000000000000e+00
-1.985149730225000000e+10 -6.598370176937777387e+01 1.414965020584067383e+12 4.659881950777199087e+32 0.000000000000000000e+00
-3.079951691300000000e+10 -8.847925261160617083e+01 2.194953951534384277e+12 4.642687288813765473e+32 0.000000000000000000e+00
-1.451467008225000000e+10 6.771121466787578811e+02 2.098153464084781738e+12 4.625619052965750056e+32 0.000000000000000000e+00
-2.506957292425000000e+10 6.642159908966390276e+02 4.851970612433149414e+12 4.608675854011546555e+32 0.000000000000000000e+00
-1.767290912825000000e+10 2.323531500039941022e+02 1.837663620145770752e+12 4.591856323008702247e+32 0.000000000000000000e+00
-2.030139955025000000e+10 -4.627171699000280114e+01 1.631044313262993408e+12 4.575159110925537208e+32 0.000000000000000000e+00
-1.768789357300000000e+10 -6.521597336939538536e+01 1.305264331779613037e+12 4.558582888280086770e+32 0.000000000000000000e+00
-1.626988566675000000e+10 3.254113844465660463e+02 1.980857093475281494e+12 4.542126344787290962e+32 0.000000000000000000e+00
-2.131379556525000000e+10 -4.341279035273761622e+01 2.546351836519824707e+12 4.525788189013875390e+32 0.000000000000000000e+00
-1.726731091150000000e+10 1.469438914959057456e+02 1.833622499127436523e+12 4.509567148040734024e+32 0.000000000000000000e+00
-1.834985175925000000e+10 2.956284162286088417e+02 2.812376359008453613e+12 4.493461967131885082e+32 0.000000000000000000e+00
-1.847722162825000000e+10 3.755844515537457369e+02 2.578636600840394531e+12 4.477471409411237957e+32 0.000000000000000000e+00
-1.551831390400000000e+10 1.569166460249857664e+02 2.037006721512789307e+12 4.461594255546044927e+32 0.000000000000000000e+00
-2.176604128850000000e+10 6.435102985490479114e+03 7.702239715714890625e+12 4.445829303436738611e+32 0.000000000000000000e+00
-1.733166383075000000e+10 -5.393946100585603176e+01 1.654705832751854980e+12 4.430175367913978780e+32 0.000000000000000000e+00
-1.665694303650000000e+10 -6.895936796369808519e+01 1.581916222439245605e+12 4.414631280440352660e+32 0.000000000000000000e+00
-1.625675556025000000e+10 -4.720744914025873840e+01 1.684631858200408447e+12 4.399195888821552234e+32 0.000000000000000000e+00
-1.556052457325000000e+10 -5.063226447400109009e+01 1.571263134741587646e+12 4.383868056920449717e+32 0.000000000000000000e+00
-1.528991977875000000e+10 8.136354446635481281e+02 5.065732594244717773e+12 4.368646664378610081e+32 0.000000000000000000e+00
-1.327864310475000000e+10 -4.698645325205603740e+01 2.209604973547867188e+12 4.353530606343248983e+32 0.000000000000000000e+00
-1.589452645950000000e+10 3.476119588932189686e+02 1.822371150034135254e+12 4.338518793200169303e+32 0.000000000000000000e+00
-2.053913288750000000e+10 -7.822131729815990298e+01 1.594307875569196777e+12 4.323610150311550768e+32 0.000000000000000000e+00
-1.193149281525000000e+10 1.425586800544104733e+02 1.699533748592983154e+12 4.308803617760010026e+32 0.000000000000000000e+00
-2.697980503800000000e+10 -8.931556944827211453e+01 1.992582068448909668e+12 4.294098150096963992e+32 0.000000000000000000e+00
-1.654283701600000000e+10 2.011095813102702721e+02 2.127741278976506348e+12 4.279492716096896887e+32 0.000000000000000000e+00
-1.682194103600000000e+10 -4.742244267382947953e+01 2.135047114330862061e+12 4.264986298516087629e+32 0.000000000000000000e+00
-5.706022158525000000e+10 7.603176016123920817e+02 7.399361528451333008e+12 4.250577893856620496e+32 0.000000000000000000e+00
-1.249267289775000000e+10 3.222804603965068964e+02 1.744565814791096924e+12 4.236266512134704822e+32 0.000000000000000000e+00
-1.376332637800000000e+10 2.211762319673538002e+02 2.342920074013079590e+12 4.222051176654575570e+32 0.000000000000000000e+00
-4.833034220575000000e+10 9.428431179010599408e+02 3.538874271728826172e+12 4.207930923785633598e+32 0.000000000000000000e+00
-9.601224921000000000e+09 4.595671386265083811e+02 2.965564879017245117e+12 4.193904802744734451e+32 0.000000000000000000e+00
-1.731515944175000000e+10 -5.120243996589019275e+01 2.462167927753469238e+12 4.179971875383501724e+32 0.000000000000000000e+00
-1.483906494150000000e+10 -6.182446840441247105e+01 1.220960039073136475e+12 4.166131215978292864e+32 0.000000000000000000e+00
-1.489287284225000000e+10 -5.065626158941289958e+01 1.409016820102739502e+12 4.152381911025653608e+32 0.000000000000000000e+00
-2.462273118900000000e+10 -9.013342646832724370e+01 1.828086142380698730e+12 4.138723059041256391e+32 0.000000000000000000e+00
-1.354800098800000000e+10 -6.579677748693387684e+01 1.249762903037956543e+12 4.125153770362861742e+32 0.000000000000000000e+00
-1.396333889650000000e+10 -6.661897615568076958e+01 1.415808203272944580e+12 4.111673166957152771e+32 0.000000000000000000e+00
-1.148275682900000000e+10 2.041633798699776392e+01 1.919387513275388184e+12 4.098280382230377898e+32 0.000000000000000000e+00
-1.350361129700000000e+10 7.463403533320400811e+02 3.611617342207757812e+12 4.084974560842666361e+32 0.000000000000000000e+00
-1.330579800875000000e+10 -5.871788569607288366e+01 1.224472866681641602e+12 4.071754858525711694e+32 0.000000000000000000e+00
-1.506238018700000000e+10 3.583176698130075124e+02 2.205717500865245605e+12 4.058620441904850719e+32 0.000000000000000000e+00
-1.381371824800000000e+10 2.314538565813262778e+02 1.826424084457459961e+12 4.045570488323088091e+32 0.000000000000000000e+00
-6.758863891050000000e+10 8.587974167368774943e+02 7.832412735489454102e+12 4.032604185669924927e+32 0.000000000000000000e+00
-5.288296632050000000e+10 8.222508840002107900e+05 1.016341958781383008e+13 4.019720732212429143e+32 0.000000000000000000e+00
-6.240932010875000000e+10 1.844991278814701946e+05 1.524285615534412109e+13 4.006919336430265357e+32 0.000000000000000000e+00
-1.346969652125000000e+10 -4.500819270809360262e+01 4.360970106261226074e+12 3.994199216855680193e+32 0.000000000000000000e+00
-1.600114014625000000e+10 5.000293558493336832e+02 3.824685091014566406e+12 3.981559601909217453e+32 0.000000000000000000e+00
-1.404071078912500000e+10 -5.102020018323315043e+01 1.475560089207059814e+12 3.968999729748613338e+32 0.000000000000000000e+00
-4.991712925662500000e+10 9.983770605856574321e+02 4.682685802571006836e+12 3.956518848113847407e+32 0.000000000000000000e+00
-1.315871413875000000e+10 -5.979901469474462061e+01 1.447833936182060791e+12 3.944116214177081913e+32 0.000000000000000000e+00
-1.154884366712500000e+10 2.185209941310873205e+02 1.827458956779893555e+12 3.931791094395461827e+32 0.000000000000000000e+00
-1.466413135900000000e+10 -4.681504053857843672e+01 1.987202522429317871e+12 3.919542764366333125e+32 0.000000000000000000e+00
-1.362021190150000000e+10 -4.824655027119382567e+01 1.555576485499101074e+12 3.907370508685364978e+32 0.000000000000000000e+00
-1.129606908162500000e+10 1.040436639109789780e+02 2.270486690469725586e+12 3.895273620807278285e+32 0.000000000000000000e+00
-1.625365196200000000e+10 5.990807378743509162e+02 4.983359015414989258e+12 3.883251402909234557e+32 0.000000000000000000e+00
-1.159113517012500000e+10 1.175381684253908929e+02 1.387390961775961182e+12 3.871303165756404549e+32 0.000000000000000000e+00
-1.071142491725000000e+10 2.356037613366350172e+02 1.759463892082176270e+12 3.859428228570697342e+32 0.000000000000000000e+00
-1.172917124875000000e+10 2.476806694884901674e+02 1.452447800942929443e+12 3.847625918900915436e+32 0.000000000000000000e+00
-1.315179271875000000e+10 -6.957444817807348159e+01 1.334471888241773193e+12 3.835895572496205766e+32 0.000000000000000000e+00
-1.244008881937500000e+10 -4.540786056575393559e+01 1.777114093189457520e+12 3.824236533181342418e+32 0.000000000000000000e+00
-1.558889278175000000e+10 -7.795251884540331844e+01 1.483120078188848877e+12 3.812648152734338962e+32 0.000000000000000000e+00
-1.856595982337500000e+10 -8.363721785870053793e+01 1.384412213621468994e+12 3.801129790766305393e+32 0.000000000000000000e+00
-6.376793981125000000e+09 3.957545501762452318e+02 2.892464167343085449e+12 3.789680814603604413e+32 0.000000000000000000e+00
-1.140234726925000000e+10 -6.316234779150744316e+01 1.137156374314578857e+12 3.778300599171845916e+32 0.000000000000000000e+00
-1.200096856387500000e+10 3.334485166722891449e+02 1.943068105458100342e+12 3.766988526882304041e+32 0.000000000000000000e+00
-1.255118765387500000e+10 -4.725070205023961023e+01 1.594206755483069824e+12 3.755743987520034787e+32 0.000000000000000000e+00
-1.222935126512500000e+10 -4.983386788202063400e+01 1.485717000388231201e+12 3.744566378134279296e+32 0.000000000000000000e+00
-1.080451361575000000e+10 -5.984622966529946808e+01 1.231742545860635010e+12 3.733455102930613808e+32 0.000000000000000000e+00
-3.957150246587500000e+10 2.578671136797287036e+05 1.110157967378152539e+13 3.722409573165115795e+32 0.000000000000000000e+00
-1.097972484112500000e+10 -5.181397630238017626e+01 1.163026427017461914e+12 3.711429207040530405e+32 0.000000000000000000e+00
-1.079665315337500000e+10 -5.232750750560512643e+01 1.355641719102111816e+12 3.700513429603582628e+32 0.000000000000000000e+00
-1.018665252212500000e+10 4.744511346687754667e+02 2.691643375265167969e+12 3.689661672645400185e+32 0.000000000000000000e+00
-1.083672315400000000e+10 3.549152125988096600e+02 1.968582040202674805e+12 3.678873374602383898e+32 0.000000000000000000e+00
-1.115564338050000000e+10 -4.754316545402931382e+01 1.677215774544358887e+12 3.668147980459573408e+32 0.000000000000000000e+00
-6.953370335292500000e+11 2.191067215899578571e+02 5.959515216883525391e+12 3.811422054569308026e+32 0.000000000000000000e+00
-4.193224003887500000e+10 2.720983971973194571e+02 1.514596295938554102e+13 3.646883715987975757e+32 0.000000000000000000e+00
-4.191870829100000000e+10 7.233418241928188763e+02 6.576357173926625000e+12 3.636343767523542829e+32 0.000000000000000000e+00
-5.989477347212500000e+10 -3.586299649524654853e+00 1.170667754460824609e+13 3.625864566505864728e+32 0.000000000000000000e+00
-3.059955884475000000e+10 7.972007043382883751e+01 7.054505830115120117e+12 3.615445589267991026e+32 0.000000000000000000e+00
-1.917251756337500000e+10 1.460974223370583047e+02 7.594569085334268555e+12 3.605086318143920522e+32 0.000000000000000000e+00
-2.005834947900000000e+10 2.068170560349877576e+02 5.160849133335668945e+12 3.594786241384200901e+32 0.000000000000000000e+00
-1.464543400662500000e+10 1.116784836928020894e+02 2.302224184762155762e+12 3.584544853070753053e+32 0.000000000000000000e+00
-1.239081464000000000e+10 3.720860649567973724e+02 2.394465572814016113e+12 3.574361653034483308e+32 0.000000000000000000e+00
-1.013275419275000000e+10 2.998870524204295975e+02 1.554219982840442383e+12 3.564236146773564355e+32 0.000000000000000000e+00
-1.093010331300000000e+10 6.229704607227361635e+01 1.707076290421512207e+12 3.554167845373640824e+32 0.000000000000000000e+00
-1.282491604400000000e+10 1.459490881716540400e+02 2.388369371657137695e+12 3.544156265429006929e+32 0.000000000000000000e+00
-9.317837963125000000e+09 2.082390691725899217e+02 1.961128749082237549e+12 3.534200928965165448e+32 0.000000000000000000e+00
-1.099325585450000000e+10 1.063544596618479687e+02 5.196626042473001953e+12 3.524301363362959722e+32 0.000000000000000000e+00
-1.009761117350000000e+10 8.813477559380299908e+02 5.123406129648661133e+12 3.514457101283682041e+32 0.000000000000000000e+00
-1.095747870650000000e+10 1.310135945030278890e+02 2.029665161271650635e+12 3.504667680595454556e+32 0.000000000000000000e+00
-1.111465068562500000e+10 1.240129750019189032e+02 2.185412691112408691e+12 3.494932644301095308e+32 0.000000000000000000e+00
-7.860344622000000000e+09 -3.116081158494054648e+01 2.643365073790099121e+12 3.485251540466853986e+32 0.000000000000000000e+00
-9.712849093875000000e+09 -6.554221792912268540e+01 9.628113441633029785e+11 3.475623922152540563e+32 0.000000000000000000e+00
-9.548510463000000000e+09 3.205584414309959129e+02 1.167684749715188965e+12 3.466049347342692995e+32 0.000000000000000000e+00
-3.564730088275000000e+10 6.247930983197210589e+05 1.125220069565028125e+13 3.456527378879018908e+32 0.000000000000000000e+00
-8.741272893125000000e+09 1.820580959929704079e+02 1.598312674247998779e+12 3.447057584393374827e+32 0.000000000000000000e+00
-6.149624435125000000e+09 5.322612139488275318e+01 2.151906758109617920e+12 3.437639536244080955e+32 0.000000000000000000e+00
-8.713230924500000000e+09 -7.070959391698508512e+01 1.544489844565215088e+12 3.428272811448929949e+32 0.000000000000000000e+00
-1.452283427250000000e+10 1.226137843223348455e+03 2.912733821673520996e+12 3.418956991623573351e+32 0.000000000000000000e+00
-3.708349967062500000e+10 9.048433805414883864e+02 5.225792923223098633e+12 3.409691662918705383e+32 0.000000000000000000e+00
-1.634303072100000000e+10 -8.473531694041209050e+01 1.463474322710237793e+12 3.400476415959319114e+32 0.000000000000000000e+00
-9.527543497375000000e+09 4.132062616202298955e+02 3.645927784740138184e+12 3.391310845783577124e+32 0.000000000000000000e+00
-1.438027494825000000e+10 -8.409014893142959579e+01 1.276502271449081299e+12 3.382194551784018987e+32 0.000000000000000000e+00
-1.086521244587500000e+10 -4.966876053261581347e+01 1.635113572548797119e+12 3.373127137649144906e+32 0.000000000000000000e+00
-9.226551062875000000e+09 -4.580150440199036410e+01 1.863833626711426514e+12 3.364108211305867630e+32 0.000000000000000000e+00
-8.117234827750000000e+09 2.440664072725332403e+02 1.527654618181816162e+12 3.355137384863082717e+32 0.000000000000000000e+00
-8.771960264125000000e+09 3.786440940644834541e+02 2.212481126103666992e+12 3.346214274556027817e+32 0.000000000000000000e+00
-8.399116720125000000e+09 -6.713401987570946972e+01 1.224311085337564941e+12 3.337338500691604652e+32 0.000000000000000000e+00
-4.207189968750000000e+10 9.335976502001469726e+02 6.621676641084596680e+12 3.328509687594445347e+32 0.000000000000000000e+00
-1.324592482725000000e+10 -7.924642940873624752e+01 1.894649666283531250e+12 3.319727463554064668e+32 0.000000000000000000e+00
-1.418177737725000000e+10 8.601833431883385401e+02 3.053676487453604004e+12 3.310991460772275277e+32 0.000000000000000000e+00
-9.621900586125000000e+09 4.432275704615306609e+02 1.853642338345389648e+12 3.302301315312402253e+32 0.000000000000000000e+00
-1.818657961650000000e+10 1.024222243760881383e+03 5.344159571163500000e+12 3.293656667048624451e+32 0.000000000000000000e+00
-1.070998819725000000e+10 -3.394226526236989372e+01 4.075224617812134277e+12 3.285057159615795025e+32 0.000000000000000000e+00
-8.268452253625000000e+09 -6.795781817249709889e+01 1.171873988079890381e+12 3.276502440361005042e+32 0.000000000000000000e+00
-6.254608158875000000e+09 1.067827389420016715e+02 1.408858039261448975e+12 3.267992160294940278e+32 0.000000000000000000e+00
-7.294459380750000000e+09 4.582215534096509373e+02 3.974028414336783691e+12 3.259525974044760595e+32 0.000000000000000000e+00
-1.707345801550000000e+10 1.036697593091408862e+03 3.079362502468568359e+12 3.251103539807236567e+32 0.000000000000000000e+00
-4.811718270750000000e+09 1.182647824227949798e+02 1.595760134730403076e+12 3.242724519302775294e+32 0.000000000000000000e+00
-4.997211513250000000e+09 1.028509259809923009e+02 1.972388123532829346e+12 3.234388577730049693e+32 0.000000000000000000e+00
-9.366544899250000000e+09 -5.350564264625057120e+01 1.163624965833718262e+12 3.226095383721537891e+32 0.000000000000000000e+00
-8.069283653125000000e+09 -4.665451641130873384e+01 1.105820509425247803e+12 3.217844609299546824e+32 0.000000000000000000e+00
-8.824636724000000000e+09 5.579671047010352822e+02 3.091664211947123047e+12 3.209635929832979131e+32 0.000000000000000000e+00
-7.085849504125000000e+09 5.170741473426821244e+01 1.382576441604008301e+12 3.201469023994779179e+32 0.000000000000000000e+00
-9.486524359750000000e+09 5.289394500254118611e+03 6.849713109649364258e+12 3.193343573719930689e+32 0.000000000000000000e+00
-7.587075766375000000e+09 1.683535388852878611e+02 1.264311646990339600e+12 3.185259264164372021e+32 0.000000000000000000e+00
-8.583141881875000000e+09 -6.418652795772256070e+01 1.258406640437337402e+12 3.177215783663867497e+32 0.000000000000000000e+00
-6.514977388750000000e+09 -6.227641895095775482e+01 1.266659448363373047e+12 3.169212823694569205e+32 0.000000000000000000e+00
-8.795607245500000000e+09 2.180530091270757111e+02 1.717602986113580566e+12 3.161250078833199407e+32 0.000000000000000000e+00
-7.930024844875000000e+09 1.976514959902697228e+02 1.100361368719638428e+12 3.153327246718248250e+32 0.000000000000000000e+00
-8.546722650375000000e+09 -5.294820586716385691e+01 1.237854632008032715e+12 3.145444028011705775e+32 0.000000000000000000e+00
-9.047971066250000000e+09 -7.164192443538854604e+01 9.836306387680460205e+11 3.137600126361410029e+32 0.000000000000000000e+00
-7.842622576875000000e+09 1.961229055642769197e+02 1.468636402312721436e+12 3.129795248363875068e+32 0.000000000000000000e+00
-7.551820611250000000e+09 1.955538964705637568e+02 1.349735042862198730e+12 3.122029103527724612e+32 0.000000000000000000e+00
-7.186604115125000000e+09 -4.660405014501242960e+01 1.234923113564991211e+12 3.114301404237624339e+32 0.000000000000000000e+00
-6.132808327000000000e+09 1.448953632126366244e+02 1.078957152189109863e+12 3.106611865718819459e+32 0.000000000000000000e+00
-7.060953900125000000e+09 2.200575862115323957e+02 1.034983204552000488e+12 3.098960206002120128e+32 0.000000000000000000e+00
-7.080797672000000000e+09 1.733476181143907695e+02 1.190450438835530029e+12 3.091346145889443866e+32 0.000000000000000000e+00
-3.711358696500000000e+10 1.031732235361172116e+03 5.079904658369606445e+12 3.083769408919868505e+32 0.000000000000000000e+00
-7.702583583250000000e+09 2.642188662506073911e+02 1.901900393270954102e+12 3.076229721336136576e+32 0.000000000000000000e+00
-7.605567422875000000e+09 -6.949766795722113955e+01 1.058560868364760254e+12 3.068726812051774349e+32 0.000000000000000000e+00
-5.552809125750000000e+09 2.248483917222971513e+02 2.207113858836881836e+12 3.061260412618476764e+32 0.000000000000000000e+00
-7.313989684250000000e+09 -5.024126375921684229e+01 9.232158722449256592e+11 3.053830257194196003e+32 0.000000000000000000e+00
-5.244625124800000000e+10 8.627349014192293398e+05 1.259243314913394336e+13 3.046436082511519377e+32 0.000000000000000000e+00
-2.559627674187500000e+10 1.175243845475548596e+03 2.899630827664532715e+12 3.039077627846113146e+32 0.000000000000000000e+00
-6.380143170125000000e+09 9.316783316312107388e+01 2.122316730314709473e+12 3.031754634988058724e+32 0.000000000000000000e+00
-5.610487094375000000e+09 3.062861235558891053e+02 2.525041416637308594e+12 3.024466848208723123e+32 0.000000000000000000e+00
-1.683018899062500000e+10 1.558485742934308746e+03 7.138544879323863281e+12 3.017214014232846720e+32 0.000000000000000000e+00
-7.640329775125000000e+09 -5.192731148720964285e+01 1.058489401644480957e+12 3.009995882208847965e+32 0.000000000000000000e+00
-6.483990244500000000e+09 2.788550695215280939e+02 1.170406050409875977e+12 3.002812203679796062e+32 0.000000000000000000e+00
-6.951982577875000000e+09 2.094372346843752837e+02 1.305757893188854492e+12 2.995662732554967667e+32 0.000000000000000000e+00
-4.829909159500000000e+09 1.599708036324905436e+01 2.010778407590752197e+12 2.988547225081723180e+32 0.000000000000000000e+00
-6.683637592000000000e+09 -4.892810675336657056e+01 9.870157058700432129e+11 2.981465439817830854e+32 0.000000000000000000e+00
-6.635976498500000000e+09 -6.119021568700564728e+01 9.416502291121754150e+11 2.974417137604091764e+32 0.000000000000000000e+00
-6.197310920125000000e+09 2.049197386221040347e+02 1.200666648890506592e+12 2.967402081537488976e+32 0.000000000000000000e+00
-4.014440800875000000e+09 1.605227626912194410e+02 1.469069373458598389e+12 2.960420036944617041e+32 0.000000000000000000e+00
-4.207627778375000000e+09 1.055119756287176926e+02 1.129941572699411377e+12 2.953470771355519313e+32 0.000000000000000000e+00
-6.323871103250000000e+09 -6.112195679877875421e+01 9.248170553739031982e+11 2.946554054477861793e+32 0.000000000000000000e+00
-5.815840051000000000e+09 1.680714718074788152e+03 3.800763935984937988e+12 2.939669658171540394e+32 0.000000000000000000e+00
-1.389902177775000000e+10 -9.012516867887647720e+01 1.653233695120627686e+12 2.932817356423563459e+32 0.000000000000000000e+00
-6.625420657625000000e+09 -6.050552201961326659e+01 9.391974207779569092e+11 2.925996925323314395e+32 0.000000000000000000e+00
-6.985698799750000000e+09 -5.512877226213853987e+01 9.670789073680186768e+11 2.919208143038193681e+32 0.000000000000000000e+00
-3.725481908625000000e+09 5.185505624171527188e+02 3.054699255191736328e+12 2.912450789789549113e+32 0.000000000000000000e+00
-4.226322732500000000e+09 1.095564413353061468e+02 1.232636278465504639e+12 2.905724647828945071e+32 0.000000000000000000e+00
