7.000000000000000000e+00
1.200000000000000233e-01
2.000000000000000111e-01
8.327009928466893030e-01
6.051520984173192064e-01
5.275253968526725235e-01
4.855224810820623627e-01
4.271987718240736198e-01
4.058654671899167843e-01
4.014315719945089067e-01
3.906414805713526728e-01
3.714662863077838884e-01
3.570687903848072109e-01
2.158176011942264660e-01
1.220844771133469814e-01
1.005826354095471498e-01
4.821393771004650608e-02
2.999760380682332805e-02
2.564747700924025972e-02
2.497376979356041166e-02
1.959764630535143146e-02
1.861758420938374251e-02
3.837623903660370567e-03
