7.000000000000000000e+00
2.000000000000000042e-02
4.000000000000000222e-01
7.005088266948709119e-01
5.459705855504850547e-01
4.996555230376154566e-01
4.590174618758267044e-01
4.279481883720753777e-01
3.902990194919278566e-01
3.833174851941023586e-01
3.773784826878645582e-01
3.538677298327365106e-01
3.447517034495578003e-01
2.604655462036441493e-01
1.628474730739462861e-01
9.168358881594429466e-02
8.103246003026258470e-02
5.563174684743801834e-02
2.397851108417368635e-02
1.699569239726302083e-02
2.058447350649598648e-02
1.362277647820971278e-02
3.694931436289080641e-03
