7.000000000000000000e+00
2.000000000000000042e-02
7.000000000000000666e-01
6.139533775368605228e-01
4.312644779602908263e-01
4.676879534047283515e-01
4.465681204963016238e-01
4.426079421171634776e-01
4.070639723863546666e-01
3.923740827501556727e-01
3.800407901714840664e-01
3.659721049830148010e-01
3.596087478399033754e-01
2.231651058601777649e-01
9.600636896733211190e-02
9.495433671453558377e-02
8.461901671646314405e-02
6.744880549049026008e-02
3.030037532257247659e-02
1.721696348106783667e-02
1.973928682401108331e-02
1.062893109371905800e-02
3.468681146034949259e-03
