7.000000000000000000e+00
2.000000000000000042e-02
8.000000000000000444e-01
6.118562412046592014e-01
4.266576583218804619e-01
4.754366487154378929e-01
4.430656624301989588e-01
4.454980366897465238e-01
4.138660480290477506e-01
3.990957985824934440e-01
3.836669234662631323e-01
3.684355328850228983e-01
3.646036621462286353e-01
2.160142605814999173e-01
7.505123060665483403e-02
9.379365974181053112e-02
8.303769189979305632e-02
6.894152825003703466e-02
3.131010042943447452e-02
1.958746966135290618e-02
2.249581474248708857e-02
1.223686731368793523e-02
3.303457445280637544e-03
