7.000000000000000000e+00
1.000000000000000194e-01
9.000000000000000222e-01
6.182692075130094000e-01
4.368291419020636224e-01
4.939910957789476198e-01
4.543871913152854880e-01
4.572182061777942397e-01
4.120746418094626273e-01
4.006496723009970173e-01
3.897665802085749087e-01
3.738042438485551511e-01
3.711095660550081665e-01
2.019581508171601480e-01
8.039671980628702863e-02
7.743111795996412972e-02
7.721194797352200212e-02
6.997505848476733015e-02
3.403279925409358891e-02
2.151764043039413460e-02
1.983587119003596758e-02
1.115543908977040775e-02
2.960727811853168696e-03
