7.000000000000000000e+00
1.600000000000000033e-01
8.000000000000000444e-01
6.329906056931769998e-01
4.518977409438994508e-01
4.876270159778478552e-01
4.427440074214255006e-01
4.496599560502150261e-01
4.101256491007558291e-01
3.968476523279192980e-01
3.857928159956318659e-01
3.694264451569879704e-01
3.649080526906599564e-01
2.163464857207499925e-01
8.473259322876547373e-02
8.211765850159981339e-02
7.420817912055732712e-02
7.012819311976162262e-02
2.885855358984635785e-02
1.989013295293762251e-02
2.064802799528971458e-02
1.093934276012374640e-02
3.104906744297365653e-03
