1.000000000000000000e+01	5.097449830628481005e-02	2.709805398393206701e+02	2.157898652263729034e+01	2.299023440122221928e+03	6.566895637175546199e+02	7.429873692363590187e+00	5.242026239459374182e+01	5.205200205628047883e+01	1.348342173917125706e+02	3.392967720265909884e+04	2.901998530899752950e+03	1.021450915470686382e+01	5.486868085378419124e+01	1.811807262689133324e+01	2.794952355563021840e+01
1.200000000000000000e+01	2.380541955096451487e-02	4.916899651064832000e+01	3.355663098967010427e+01	2.782012008473824380e+02	4.639381510666962072e+01	3.187806729426328811e+00	1.004829789393274808e+01	2.632135790063079028e+01	7.803073590570336648e+01	2.091662818597037798e+01	2.463562380635973170e+02	4.101236510393062140e+00	7.325777173184576441e+00	7.439442662963405439e+01	4.095586078232716254e+00
1.600000000000000000e+01	1.591591043106144535e-02	1.737402343298832141e+00	7.388579051800011621e-01	1.335030655802444777e+01	5.777303060248730304e+00	1.680515677786669437e+00	1.164974198325956500e+01	2.036849591805550919e+00	1.952461990363201005e+00	4.921683726727823505e+00	5.636934217393723401e+01	3.429754044934772761e+00	4.741131985631358070e+00	1.410082514479352289e+00	1.689370987188403284e+00
2.100000000000000000e+01	1.060192578013817444e-02	6.853654194389203758e-01	6.394004886816020417e-01	6.225375244241028172e-01	3.780453353644596670e-01	3.494803558723747483e-01	7.439750952547105056e-01	1.011064225697424046e+00	1.651370185422944559e+00	2.967586444038421978e-01	6.274132045993693341e-01	2.842631294192610736e-01	6.350519295164366307e-01	4.734227457491342328e-01	6.324517454883310519e-01
2.700000000000000000e+01	4.995912334026201586e-03	3.436184357426825264e-01	4.945295276629268488e-01	4.160829537149589030e-01	4.768410488884121112e-01	5.977084202850732053e-01	2.740994165288046513e-01	7.075779093695900857e-01	6.738027911028375838e-01	3.620256451373410900e-01	2.574517734055885021e-01	2.169032403640054063e-01	5.672215481219656796e-01	2.461345868203516363e-01	5.868833102148219849e-01
3.500000000000000000e+01	3.111322709944749822e-03	1.026088055386397135e-01	1.539359620644435711e-01	1.062110728847247693e-01	1.583723520860263745e-01	6.006158771426176740e-02	2.421203637011174192e-01	1.808653764553380394e-01	1.345758914805604556e-01	6.435005409270642962e-02	2.189257857862008383e-01	8.885678891731520201e-02	1.507662098622352398e-01	8.895634391939195862e-02	1.682290703410270483e-01
4.600000000000000000e+01	2.738021071269159615e-03	8.174231826967047476e-02	7.509240408439298020e-02	1.388829819634094243e-01	1.348573617911200950e-01	5.701126357230503622e-02	7.802596424122641705e-02	1.263068905971489742e-01	1.626106052479435460e-01	4.651417544436749901e-02	1.433946000024000356e-01	6.656697692587311421e-02	1.621131544758221965e-01	6.398790920400167226e-02	7.988735693118392822e-02
5.900000000000000000e+01	3.416869407610862493e-03	1.632641552810268348e-02	3.560716927280701410e-02	3.669842069607496399e-02	8.796741217895585885e-02	7.648324061363546977e-02	5.175051270292499450e-02	7.945913566677749451e-02	1.300606420815004494e-01	1.369236446459912160e-01	7.336326456880289948e-01	5.750565840288126424e-02	3.532727795575449914e+00	1.936180255407974338e-01	2.118351062490330117e-01
7.700000000000000000e+01	3.496322235258343680e-03	7.670606673828629651e-02	1.166098931108160430e-01	8.948520965809449168e-02	1.286836672153165717e-01	8.187411765618339554e-02	7.944566836513655694e-02	7.150477265404188432e-02	1.254589783681711868e-01	1.682347980810704746e-01	6.325972302637793421e-01	1.025235485598419843e-01	1.173512961126159659e+00	1.754493862608550725e-01	1.638909090436619365e-01
1.000000000000000000e+02	3.037433028047452355e-03	3.308302146296441398e-02	4.160909096914277433e-02	4.368155737856522364e-02	8.260002638780326867e-02	2.643387636618931349e-02	2.624879335529364810e-02	5.405050682915050336e-02	1.126137537200368050e-01	9.770048694052169136e-02	3.662497576648204300e-01	3.928258860250282564e-02	1.011788425522508694e+00	1.330579655799337957e-01	1.049780916497313893e-01
