1.000000000000000000e+01	1.264179957375109048e-02	7.864278647238060138e+00	5.607681999634528403e+00	1.127382469806619936e+00	2.273425386445868224e+00	5.412018880537484478e+00	8.279629254522508086e-01	2.475818137060465052e+00	6.926764051623941043e+01	1.032689760513173205e+01	1.833384919440282479e+00	3.287540466530510574e+00	2.701399452659132283e+00	2.133354732091880201e+00	1.183300469931937293e+01
1.200000000000000000e+01	8.686503720327301429e-04	4.733284539749218034e+00	5.318521028718147248e-01	5.983312483420313854e-02	1.717019443589392833e-02	3.005889576025208565e-02	2.231700090108798273e-01	3.315499654108949867e-02	9.999391323037525037e-02	3.283314908601641519e-02	2.373026354056596496e-02	6.200121065105014262e-01	7.953659646808731942e+00	5.782999230068806146e-02	2.752468030061246296e+00
1.600000000000000000e+01	1.299107680181051973e-03	9.446068946319369219e-01	1.117437461730246495e+00	1.431479679225008965e+02	2.495058565197375344e+01	1.743389481506340388e+01	1.316214338878184833e+02	8.227940051242484287e+00	1.438047765534519407e+01	7.005425028827323430e-01	1.286219917725849804e+01	2.098998343280035428e+00	2.007917842912536610e+00	6.428143648512172348e-01	7.117813852042669254e+00
2.100000000000000000e+01	4.918968554840023308e-05	1.329128938406678173e-01	7.714342655683358307e-01	8.577263358857371012e-01	4.116865461127479087e-01	1.200487425837253763e+00	2.841876851452536101e-01	1.301340752841395609e-01	3.370480896279370864e-01	2.796965344195921355e-01	1.846469178117739196e-01	1.740422534247860475e-01	1.809903598164313010e-01	3.386157328018044033e-01	1.515014706725193727e-01
2.700000000000000000e+01	1.225320286773224916e-04	1.076853472383469262e-01	1.368842207873913752e-01	5.476688318726802979e-02	9.243985024346181023e-02	4.703540447544243136e-02	8.537313654654700434e-02	9.060767547652336107e-02	9.445125981579960417e-01	1.073526238195032373e-01	1.753747535732016471e-01	1.567319562315966641e-01	1.371432003264641819e-01	7.559369916389886701e-02	1.040551011117960001e-01
3.500000000000000000e+01	1.869027588362817823e-04	5.690609761712759479e-02	1.163395951875638018e-01	8.309273189278136573e-02	2.564459209734689105e-01	4.015559424692349832e-02	4.584389571867806407e-02	1.218952626138321699e-01	2.075366722902324268e-01	1.452052093686368173e-01	1.150689990125799561e-01	1.700714572085327558e-01	1.619991018479313427e-01	7.744311492529996899e-02	6.739284158245036072e-02
4.600000000000000000e+01	5.310048558665615416e-05	1.995094155865523300e-02	2.896016716137560232e-02	4.120231026866073148e-02	4.565539664317119772e-02	6.136646243071976897e-02	2.239838640723440175e-02	2.475370787150809812e-02	8.740452895499924157e-02	2.534189758660240765e-02	2.609373211732711126e-02	3.143253709666901652e-02	2.137208046348026622e-02	2.360092654193945635e-02	3.851419691434223441e-02
5.900000000000000000e+01	2.970693784063802435e-04	2.838072511696259140e-02	4.477233442645413980e-02	4.065619277661861042e-02	3.590736377658820117e-02	5.189139100461510196e-02	1.392535136710878196e-01	3.287872885830449288e-02	1.340821874845313511e-01	5.622742813716077176e-02	8.257981523151092240e-02	6.940185566084858260e-02	6.746208183919653878e-02	4.843419582648914035e-02	3.554107190658634119e-02
7.700000000000000000e+01	1.947812714686293590e-03	4.792463513146551918e-02	2.846659162605125540e-02	6.488700950613636442e-02	5.340373073305660495e-02	6.232627430807455293e-02	3.258161701054544390e-01	3.013919150957814971e-02	1.489342331882543558e-01	6.898412369128777144e-02	7.025653322561938030e-02	7.206519389301047074e-02	5.793127668716613332e-02	5.634293391871503243e-02	6.610206010451259717e-02
1.000000000000000000e+02	2.822018056782230316e-03	3.847399893985897767e-02	2.557190507076757477e-02	7.358231599456825645e-02	4.862939188463803047e-02	6.001707210110864693e-02	3.199419447160214980e-01	3.004037528411286281e-02	1.749058527099415505e-01	7.162231503358998386e-02	7.904605334064104816e-02	4.663273979190130092e-02	6.245014049832831038e-02	5.825613209080698213e-02	4.493268340852917681e-02
