0.000000000000000000e+00 0.000000000000000000e+00 0.000000000000000000e+00 0.000000000000000000e+00
-1.023879261460480592e+02 -1.024854164988017686e+02 3.725320923202519920e-04 0.000000000000000000e+00
-1.020821716011070777e+02 -1.018659861758034140e+02 4.042747651434928750e-04 0.000000000000000000e+00
-9.984274002989734242e+01 -9.988985369934194125e+01 3.230820541274652402e-04 0.000000000000000000e+00
-9.995886034371828543e+01 -9.988914819264472555e+01 3.133885979308953366e-04 0.000000000000000000e+00
-1.081795401812612312e+02 -1.080685038402137508e+02 3.678414789753129072e-04 0.000000000000000000e+00
-1.026043908709660144e+02 -1.025304927513174107e+02 2.345867355039698014e-04 0.000000000000000000e+00
-1.079856897597696559e+02 -1.079658079642871371e+02 2.609369180050930275e-04 0.000000000000000000e+00
-1.054156916847296657e+02 -1.053434034966170145e+02 2.039966417693996027e-04 0.000000000000000000e+00
-1.043173533669060049e+02 -1.042059864097171840e+02 3.550748924241886747e-04 0.000000000000000000e+00
-1.025977416848058397e+02 -1.025657110479452285e+02 2.442762605129755347e-04 0.000000000000000000e+00
-1.053696574392297407e+02 -1.053069624719796735e+02 1.302548425678662835e-04 0.000000000000000000e+00
-1.016207665145568200e+02 -1.017745183362865902e+02 2.974445250925565739e-04 0.000000000000000000e+00
-1.052758860320543306e+02 -1.052642041171339713e+02 1.188945573660242418e-04 0.000000000000000000e+00
-1.026439816752142065e+02 -1.026140091532007119e+02 1.619567866036801876e-04 0.000000000000000000e+00
-1.080539555852773077e+02 -1.081023739188224084e+02 2.898645825570912455e-04 0.000000000000000000e+00
-1.025042966630360581e+02 -1.024924734668411332e+02 1.430176458052481486e-04 0.000000000000000000e+00
-1.053428579720527551e+02 -1.053518563716908574e+02 1.853548061584784745e-04 0.000000000000000000e+00
-1.052647921655144501e+02 -1.053014382113801304e+02 1.489406386870571199e-04 0.000000000000000000e+00
-9.993817218785855516e+01 -9.989958293886141405e+01 2.862528203047234225e-04 0.000000000000000000e+00
-1.033046595996260493e+02 -1.032020366917299299e+02 2.833628124975980122e-04 0.000000000000000000e+00
-1.026152092471397168e+02 -1.026040291385413354e+02 1.160607141854781688e-04 0.000000000000000000e+00
-9.701932282549574893e+01 -9.700398051296608060e+01 2.255285496570933455e-04 0.000000000000000000e+00
-9.615024569106697072e+01 -9.609486812006922207e+01 2.023662689698079266e-04 0.000000000000000000e+00
-1.053559122961935515e+02 -1.053016709708304148e+02 1.692539484771720065e-04 0.000000000000000000e+00
-1.107076392687491904e+02 -1.107221127726792531e+02 2.421873922389803540e-04 0.000000000000000000e+00
-1.026651857576189713e+02 -1.026780094045919327e+02 1.765642101670237434e-04 0.000000000000000000e+00
-1.080632286526847992e+02 -1.080676192994370552e+02 1.673610909196305879e-04 0.000000000000000000e+00
-1.052886467399441131e+02 -1.052931601278898341e+02 1.350381318374177498e-04 0.000000000000000000e+00
-1.053149853390447106e+02 -1.052825776602571608e+02 1.034742572074580288e-04 0.000000000000000000e+00
-9.993997866892730997e+01 -9.991001146401352173e+01 1.605060253190657030e-04 0.000000000000000000e+00
-1.052701583455637007e+02 -1.052577796138588013e+02 1.286154679526588284e-04 0.000000000000000000e+00
-1.053318847754656105e+02 -1.053186779482021933e+02 8.452781900330847613e-05 0.000000000000000000e+00
-9.926628761433630643e+01 -9.915612835071023312e+01 2.216552526003989223e-04 0.000000000000000000e+00
-9.695778232851793632e+01 -9.698582862884622102e+01 2.314619322238725577e-04 0.000000000000000000e+00
-1.054047321299750735e+02 -1.053987949144588470e+02 1.179503157990547199e-04 0.000000000000000000e+00
-1.052343821822894085e+02 -1.052212320021990166e+02 1.885643054823076415e-04 0.000000000000000000e+00
-1.025986865508125732e+02 -1.026102456080874674e+02 1.258867797952334248e-04 0.000000000000000000e+00
-1.053233138445008876e+02 -1.053237000217125399e+02 1.301908164372370970e-04 0.000000000000000000e+00
-1.053966382493197642e+02 -1.054118925459393665e+02 1.467413417070409824e-04 0.000000000000000000e+00
-1.052827650035469986e+02 -1.053005598012085500e+02 1.060712885717956990e-04 0.000000000000000000e+00
-1.080623568989934569e+02 -1.080477481305922964e+02 9.083960892143985721e-05 0.000000000000000000e+00
-1.080235455047752851e+02 -1.080233731117366318e+02 1.345123673497129204e-04 0.000000000000000000e+00
-1.012621130709681836e+02 -1.013995171178530228e+02 1.674593433082466689e-04 0.000000000000000000e+00
-1.052707122538397471e+02 -1.052699957390061059e+02 6.817650426707391775e-05 0.000000000000000000e+00
-1.015920070312192820e+02 -1.015847156246291689e+02 2.228819267081731399e-04 0.000000000000000000e+00
-1.052932423395226351e+02 -1.052925132305734621e+02 7.939091306409081709e-05 0.000000000000000000e+00
-9.388269238924570459e+01 -9.379756836610583548e+01 2.065461490938384553e-04 0.000000000000000000e+00
-1.107720842331223707e+02 -1.107744786781015449e+02 1.804550437410898443e-04 0.000000000000000000e+00
-9.968401719381786563e+01 -9.968608693923246733e+01 2.113098577692291459e-04 0.000000000000000000e+00
-1.107857743138350060e+02 -1.107688352778490355e+02 1.121746018789414757e-04 0.000000000000000000e+00
-1.000912780028626230e+02 -1.000226928144576135e+02 2.158808591191118699e-04 0.000000000000000000e+00
-1.107089235285051814e+02 -1.107210344020919166e+02 1.066612736980038776e-04 0.000000000000000000e+00
-1.080683974446604907e+02 -1.080735964395482540e+02 1.112337254218508683e-04 0.000000000000000000e+00
-1.080656383184109188e+02 -1.080475770255303587e+02 7.205330340466179634e-05 0.000000000000000000e+00
-1.052848492283828818e+02 -1.052739322948480094e+02 8.075195115696383265e-05 0.000000000000000000e+00
-1.080926611774352892e+02 -1.080590406574510780e+02 9.210172798360108577e-05 0.000000000000000000e+00
-9.860401053658783610e+01 -9.867276596007260991e+01 2.055437955690093868e-04 0.000000000000000000e+00
-1.024027598722179278e+02 -1.023207166267729207e+02 1.995253328633728900e-04 0.000000000000000000e+00
-1.053740988218313390e+02 -1.053382364059089440e+02 9.866631585160876353e-05 0.000000000000000000e+00
-9.846750131240158055e+01 -9.855208391862467465e+01 1.475695999122128522e-04 0.000000000000000000e+00
-1.055262125459505000e+02 -1.056168768432851834e+02 1.878365001002188137e-04 0.000000000000000000e+00
-1.025374649202306045e+02 -1.025351205472541380e+02 8.515972360438411014e-05 0.000000000000000000e+00
-1.079845297748647255e+02 -1.079880136110261333e+02 7.905704167375008870e-05 0.000000000000000000e+00
-1.081453090935726635e+02 -1.081215740320966745e+02 9.937212311059590584e-05 0.000000000000000000e+00
-1.080351158570628485e+02 -1.080506827888876700e+02 9.688917776064516593e-05 0.000000000000000000e+00
-1.013393654126067958e+02 -1.013646449667986360e+02 2.024298421906102019e-04 0.000000000000000000e+00
-1.003554169895720207e+02 -1.003714637999739523e+02 1.780029223614362462e-04 0.000000000000000000e+00
-1.026053300399204602e+02 -1.025812241988824240e+02 1.131293179367225024e-04 0.000000000000000000e+00
-1.053591463532901287e+02 -1.053280774351153468e+02 9.147178994366902244e-05 0.000000000000000000e+00
-1.053184768157896372e+02 -1.053171038409783762e+02 9.969595643448976704e-05 0.000000000000000000e+00
-9.748958338345924801e+01 -9.734423662313103875e+01 1.973626125866438175e-04 0.000000000000000000e+00
-1.025835763569340031e+02 -1.025822330421881645e+02 8.147799060295973349e-05 0.000000000000000000e+00
-1.026161685447675325e+02 -1.025550907990456722e+02 1.002018089128316815e-04 0.000000000000000000e+00
-9.511772145385748445e+01 -9.515156846386877021e+01 2.375464249981675100e-04 0.000000000000000000e+00
-1.080563904310420895e+02 -1.080555111142000726e+02 7.777683317646638618e-05 0.000000000000000000e+00
-1.080656453303393647e+02 -1.080712524682409281e+02 7.998633113310834946e-05 0.000000000000000000e+00
-1.080707829845614469e+02 -1.080756566953109967e+02 8.405698207287119565e-05 0.000000000000000000e+00
-1.081192892093422131e+02 -1.080996834180288033e+02 7.955734636322715932e-05 0.000000000000000000e+00
-9.901445813901335669e+01 -9.903998388162413846e+01 1.578086678421274428e-04 0.000000000000000000e+00
-1.081379800839808354e+02 -1.081213491577568959e+02 8.643339651430570069e-05 0.000000000000000000e+00
-1.041394585209386747e+02 -1.041210689913022378e+02 1.694481209382087421e-04 0.000000000000000000e+00
-1.054219219987974014e+02 -1.053915420845253550e+02 6.990093579686617676e-05 0.000000000000000000e+00
-9.976977360315780174e+01 -9.978629510647262180e+01 1.352233128930721453e-04 0.000000000000000000e+00
-1.041218977618096346e+02 -1.040788831700422179e+02 1.880020398880439788e-04 0.000000000000000000e+00
-9.347958236042734370e+01 -9.349343844942643500e+01 1.292919200765586623e-04 0.000000000000000000e+00
-1.053606210605067162e+02 -1.053386743400867260e+02 7.090882229035151154e-05 0.000000000000000000e+00
-1.080024877878156104e+02 -1.079889458918653418e+02 6.108994690316346102e-05 0.000000000000000000e+00
-1.054956967668470185e+02 -1.054678973957814776e+02 1.036265887264490747e-04 0.000000000000000000e+00
-1.052985298894975585e+02 -1.053012452967883377e+02 1.162774998708852696e-04 0.000000000000000000e+00
-1.026274458469945046e+02 -1.026155265273397248e+02 1.470435876549031138e-04 0.000000000000000000e+00
-1.067591827697882252e+02 -1.068412527469904632e+02 1.244693272030530538e-04 0.000000000000000000e+00
-1.052775242373314484e+02 -1.052676979968718314e+02 7.981663064467741265e-05 0.000000000000000000e+00
-1.079995384292209195e+02 -1.079940548022980948e+02 6.101194971891812143e-05 0.000000000000000000e+00
-1.025595951196154232e+02 -1.025739476262472891e+02 1.279945165995900725e-04 0.000000000000000000e+00
-1.017156702209447161e+02 -1.017287208450619715e+02 2.096817835895712951e-04 0.000000000000000000e+00
-1.080555408366303567e+02 -1.080454832211351146e+02 8.946665370960921724e-05 0.000000000000000000e+00
-1.052905715027137603e+02 -1.052651713307353987e+02 8.058787413660638060e-05 0.000000000000000000e+00
-1.080251304282748634e+02 -1.080173545244347366e+02 8.249633017536300676e-05 0.000000000000000000e+00
-1.053184065959950999e+02 -1.053211324868419894e+02 7.573308148218914793e-05 0.000000000000000000e+00
-1.081073867528749730e+02 -1.081075085004399483e+02 1.024005910742057838e-04 0.000000000000000000e+00
-9.980362140201583543e+01 -9.980434773345676547e+01 9.711932320389263457e-05 0.000000000000000000e+00
-1.026822618983313049e+02 -1.026809228321127563e+02 9.910089259235214585e-05 0.000000000000000000e+00
-1.080532622183412030e+02 -1.080588611424149263e+02 8.891454146972005011e-05 0.000000000000000000e+00
-1.079962606627143487e+02 -1.079894240126115079e+02 9.739212006031798888e-05 0.000000000000000000e+00
-1.079913667913534852e+02 -1.079873461232523795e+02 5.966884445021239820e-05 0.000000000000000000e+00
-1.041345980020350765e+02 -1.041286707730441066e+02 1.576090490576840099e-04 0.000000000000000000e+00
-9.975120287174533473e+01 -9.975090330531553207e+01 1.076739812269836955e-04 0.000000000000000000e+00
-1.018650603389898066e+02 -1.018355831690359139e+02 1.804154336251657898e-04 0.000000000000000000e+00
-9.912474600881604658e+01 -9.911832445877467990e+01 1.915563073153161598e-04 0.000000000000000000e+00
-9.831272243044195136e+01 -9.827406494292834793e+01 1.575292597606515489e-04 0.000000000000000000e+00
-9.693184942710540497e+01 -9.694168641868833447e+01 2.825266265064048181e-04 0.000000000000000000e+00
-1.025149855660128395e+02 -1.025079835638261585e+02 9.084058238214877672e-05 0.000000000000000000e+00
-1.054004816727983354e+02 -1.053971304879077593e+02 5.766557531190419296e-05 0.000000000000000000e+00
-1.026166918039829028e+02 -1.026051605255996009e+02 7.276863333238801738e-05 0.000000000000000000e+00
-9.969255391431788382e+01 -9.961320008341985499e+01 1.133551694337453421e-04 0.000000000000000000e+00
-1.041487650278491515e+02 -1.041475035650207701e+02 1.436495221962590866e-04 0.000000000000000000e+00
-1.052732955361518918e+02 -1.052737872156448162e+02 7.848280195827552863e-05 0.000000000000000000e+00
-9.780063045646521402e+01 -9.785123646107395246e+01 2.251878447776985972e-04 0.000000000000000000e+00
-9.720306725065748310e+01 -9.720711252634814059e+01 4.116581290482928526e-04 0.000000000000000000e+00
-1.053209230937074068e+02 -1.053255627273803583e+02 8.307743292500016099e-05 0.000000000000000000e+00
-9.973217563743104108e+01 -9.971378534524325232e+01 8.811035949341521512e-05 0.000000000000000000e+00
-1.053245605599877734e+02 -1.053218902807878408e+02 6.489664244394058562e-05 0.000000000000000000e+00
-1.052706144513890507e+02 -1.052475377201437823e+02 9.431776230714350082e-05 0.000000000000000000e+00
-7.089604241564113352e+01 -7.100017087422355644e+01 8.261107499076408844e-04 1.000000000000000000e+00
-9.976641260335581762e+01 -9.975953082802679717e+01 1.284807528665698302e-04 0.000000000000000000e+00
-9.996917760169489497e+01 -9.998628792810667676e+01 9.870206299783511621e-05 0.000000000000000000e+00
-1.080501718963755167e+02 -1.080468242090205280e+02 8.367239788630729733e-05 0.000000000000000000e+00
-9.979297026244393010e+01 -9.978096707090364248e+01 7.810550923683226619e-05 0.000000000000000000e+00
-1.056291285647846223e+02 -1.056123522574005307e+02 3.871016258269133420e-04 0.000000000000000000e+00
-1.029443883380625380e+02 -1.029739980926318026e+02 1.443642926685420320e-04 0.000000000000000000e+00
-1.106780106582837249e+02 -1.106675422725733284e+02 2.108928915354790269e-04 0.000000000000000000e+00
-1.080877233329193956e+02 -1.080815668873226230e+02 9.880889650133907335e-05 0.000000000000000000e+00
-1.080522583038351740e+02 -1.080544605715423927e+02 6.888743563019580896e-05 0.000000000000000000e+00
-1.052787371603603361e+02 -1.052762059956941982e+02 7.209108557616011566e-05 0.000000000000000000e+00
-1.009860249911610879e+02 -1.010167092770993236e+02 1.295796075416267082e-04 0.000000000000000000e+00
-1.053631034832188504e+02 -1.053747523384018052e+02 7.104679967618098360e-05 0.000000000000000000e+00
-1.107725910617277378e+02 -1.107762764977154291e+02 9.617716958731410562e-05 0.000000000000000000e+00
-1.107248601985311041e+02 -1.107271669187148433e+02 9.614423201791865098e-05 0.000000000000000000e+00
-1.107191579389361493e+02 -1.107204096398655082e+02 6.804260586627829989e-05 0.000000000000000000e+00
-1.054710589644150929e+02 -1.054775967217728549e+02 1.281192069079896542e-04 0.000000000000000000e+00
-1.053106037222693345e+02 -1.053226313601632000e+02 7.668364278623065263e-05 0.000000000000000000e+00
-1.032251714664417790e+02 -1.031839452425290631e+02 1.810264987205706031e-04 0.000000000000000000e+00
-1.025814638473568721e+02 -1.025697660204614294e+02 6.418480030556310636e-05 0.000000000000000000e+00
-1.043133732829843154e+02 -1.042281657401854602e+02 1.370943709711871584e-04 0.000000000000000000e+00
-1.107184886869895450e+02 -1.107206741289178353e+02 6.581597971898514425e-05 0.000000000000000000e+00
-1.080709530544116888e+02 -1.080699697304604570e+02 7.627528602022411750e-05 0.000000000000000000e+00
-1.080051323905228315e+02 -1.079992920425679870e+02 5.842527730182013460e-05 0.000000000000000000e+00
-1.019390831444862897e+02 -1.019805564603569081e+02 2.154763972747105057e-04 0.000000000000000000e+00
-8.870236321895670528e+01 -8.875969552894915182e+01 2.155969410590055971e-04 0.000000000000000000e+00
-1.080539907908653277e+02 -1.080601264505821320e+02 6.849530067555845354e-05 0.000000000000000000e+00
-1.107239813959796635e+02 -1.107232357576815076e+02 7.652840784440041949e-05 0.000000000000000000e+00
-1.052971437398964980e+02 -1.052967947542291540e+02 5.860154221134039154e-05 0.000000000000000000e+00
-1.107254537474354521e+02 -1.107237496244568291e+02 8.626100678505653182e-05 0.000000000000000000e+00
-1.107669235321064463e+02 -1.107734500416815848e+02 9.788803425735184683e-05 0.000000000000000000e+00
-7.481115379136731747e+01 -7.478106596170773912e+01 2.980299028750877386e-04 2.000000000000000000e+00
-1.026182614306676584e+02 -1.026191902628710722e+02 1.065097722522584308e-04 0.000000000000000000e+00
-9.992380010507676502e+01 -9.992574194289112199e+01 8.520796164837110835e-05 0.000000000000000000e+00
-1.014023466889967153e+02 -1.014021292344719001e+02 1.259026569150971365e-04 0.000000000000000000e+00
-1.081002484673472566e+02 -1.081007204199176783e+02 1.006947326584264901e-04 0.000000000000000000e+00
-1.018769163535101967e+02 -1.018710017930526845e+02 1.149686077101082162e-04 0.000000000000000000e+00
-1.079791047056249909e+02 -1.079714233080589878e+02 7.015117257360239424e-05 0.000000000000000000e+00
-1.052552592942716529e+02 -1.052540439626836530e+02 5.566962241678340866e-05 0.000000000000000000e+00
-1.053415178172312778e+02 -1.053499296044196711e+02 5.623433193748355306e-05 0.000000000000000000e+00
-9.985359574886626888e+01 -9.983992406350056115e+01 9.939964413123751272e-05 0.000000000000000000e+00
-9.586825405318477067e+01 -9.591872647462503210e+01 9.858394838911179218e-05 0.000000000000000000e+00
-1.026160137510343162e+02 -1.026196779634182548e+02 7.473683227402829756e-05 0.000000000000000000e+00
-7.333603287172240925e+01 -7.350125404802822970e+01 4.401411238418189743e-04 1.000000000000000000e+00
-1.080217372880018161e+02 -1.080269029183514533e+02 7.936100209343191513e-05 0.000000000000000000e+00
-9.924869658779955728e+01 -9.926468712628282276e+01 1.991219338408049973e-04 0.000000000000000000e+00
-1.080762642386011407e+02 -1.080679804477918680e+02 5.265711844581327794e-05 0.000000000000000000e+00
-1.080875660328916581e+02 -1.080597037477559041e+02 5.247406835928069879e-05 0.000000000000000000e+00
-1.052742208576844263e+02 -1.052792171364667837e+02 4.945308938181910752e-05 0.000000000000000000e+00
-9.979430595433338169e+01 -9.978486280251345875e+01 1.250121619658283649e-04 0.000000000000000000e+00
-9.978271153597489729e+01 -9.979838451817610689e+01 1.171312630952677674e-04 0.000000000000000000e+00
-9.202860997274763122e+01 -9.199462627443492124e+01 4.486800991606120339e-04 1.000000000000000000e+00
-1.079990932676384432e+02 -1.079841027721230375e+02 4.893807113104313802e-05 0.000000000000000000e+00
-1.037355174963449542e+02 -1.036723315165021546e+02 1.036710870498762903e-04 0.000000000000000000e+00
-1.080013373929870397e+02 -1.080019920557983966e+02 7.481593392301422174e-05 0.000000000000000000e+00
-9.830573017799630975e+01 -9.827816524690734923e+01 1.452301440995608058e-04 0.000000000000000000e+00
-1.026133943632945602e+02 -1.026234924149891441e+02 8.276677719253454509e-05 0.000000000000000000e+00
-1.053353430116456195e+02 -1.053347543779252220e+02 6.411780494169665374e-05 0.000000000000000000e+00
-1.080744053499579849e+02 -1.080744712020152178e+02 5.952971002331097110e-05 0.000000000000000000e+00
-1.081054211081094252e+02 -1.081075380228903668e+02 7.682164562477879276e-05 0.000000000000000000e+00
-1.026137094579711118e+02 -1.026230077521339581e+02 7.328644826790299733e-05 0.000000000000000000e+00
-1.053095591056405169e+02 -1.053117510422969758e+02 6.884736404527084380e-05 0.000000000000000000e+00
-1.080530624262326285e+02 -1.080548530943237040e+02 5.157985127626243499e-05 0.000000000000000000e+00
-1.052788403390735255e+02 -1.052798809401426610e+02 4.996735418476185296e-05 0.000000000000000000e+00
-1.080240126572823840e+02 -1.080230082886262153e+02 5.261261554911899756e-05 0.000000000000000000e+00
-1.080055313526838887e+02 -1.080086795020188077e+02 6.213220753296349165e-05 0.000000000000000000e+00
-1.080507314361559992e+02 -1.080464464395007695e+02 6.983948441425551408e-05 0.000000000000000000e+00
-1.052803260307243676e+02 -1.052797743011814049e+02 5.159140425614125181e-05 0.000000000000000000e+00
-1.053287128995664261e+02 -1.053307566751136051e+02 6.496423683703647005e-05 0.000000000000000000e+00
-1.025844465652954227e+02 -1.025898144792226958e+02 9.134101750593895082e-05 0.000000000000000000e+00
-1.053013159990150882e+02 -1.053005946560095509e+02 5.024938791742198637e-05 0.000000000000000000e+00
-9.717845293027087905e+01 -9.717455394633155663e+01 8.885254670473224827e-05 0.000000000000000000e+00
-1.054241499316128312e+02 -1.054331693638841472e+02 7.829181551366769026e-05 0.000000000000000000e+00
-1.052017766713565265e+02 -1.051723800601167511e+02 8.028469637612953692e-05 0.000000000000000000e+00
-1.054055831919501713e+02 -1.054057469171902142e+02 8.020068876828784481e-05 0.000000000000000000e+00
-9.165924569862313831e+01 -9.164563168736604837e+01 3.216751856652738987e-04 0.000000000000000000e+00
-1.079842370894548367e+02 -1.079844775112077855e+02 6.991416809864681365e-05 0.000000000000000000e+00
-7.052152188921336062e+01 -6.704713640893845650e+01 1.032208252250796376e-03 1.000000000000000000e+00
-9.694745772201524403e+01 -9.695013884850057195e+01 1.332897086908362439e-04 0.000000000000000000e+00
-1.080537421728464551e+02 -1.080540525917629537e+02 6.662933132924518350e-05 0.000000000000000000e+00
-9.976171049902292509e+01 -9.975369901598085676e+01 3.060254010268733554e-04 0.000000000000000000e+00
-1.063072436281492372e+02 -1.063141469444689164e+02 2.091487091058661860e-04 0.000000000000000000e+00
-1.053970781351981714e+02 -1.053718869416151733e+02 7.249765005411284080e-05 0.000000000000000000e+00
-9.983818346306166802e+01 -9.967740202632248270e+01 9.564272150967733830e-05 0.000000000000000000e+00
-9.810274704110442201e+01 -9.772823735578940330e+01 2.707982214324142255e-04 0.000000000000000000e+00
-1.054065456283768896e+02 -1.054031562062785810e+02 8.650124971462009335e-05 0.000000000000000000e+00
-1.053184465351636732e+02 -1.053201782751408473e+02 8.448092797467188133e-05 0.000000000000000000e+00
-1.026026850906854264e+02 -1.025968814359950585e+02 5.872063630749433218e-05 0.000000000000000000e+00
-1.052735643884103496e+02 -1.052762310029614241e+02 4.721576184405184136e-05 0.000000000000000000e+00
-9.980170198383392233e+01 -9.978691885068903389e+01 9.901372998589894016e-05 0.000000000000000000e+00
-1.051817023464676026e+02 -1.051956602475438984e+02 6.459298541405582240e-05 0.000000000000000000e+00
-1.054332222904581471e+02 -1.053184767937696051e+02 7.428287219030614823e-05 0.000000000000000000e+00
-8.919624849041493064e+01 -8.922075619057949325e+01 6.593019239194417621e-04 1.000000000000000000e+00
-1.025671902229793062e+02 -1.025639551876833053e+02 9.187673486388278437e-05 0.000000000000000000e+00
-1.025140674973403918e+02 -1.025173097426803821e+02 5.944342341453755544e-05 0.000000000000000000e+00
-1.081312561919454680e+02 -1.080131972961268190e+02 7.241539905295374380e-05 0.000000000000000000e+00
-1.025240865892726276e+02 -1.025342709192781996e+02 1.322233032980496775e-04 0.000000000000000000e+00
-1.106632282573590089e+02 -1.106654534419968741e+02 8.291438663252235673e-05 0.000000000000000000e+00
-1.026430603546430547e+02 -1.026429905472478907e+02 1.020230796622568348e-04 0.000000000000000000e+00
-1.079615626007325346e+02 -1.079731753534962451e+02 7.592434015881573356e-05 0.000000000000000000e+00
-1.052468253259423676e+02 -1.052458679275201945e+02 6.313107980046119060e-05 0.000000000000000000e+00
-1.054803846605497881e+02 -1.054731821015648592e+02 1.874116371636580286e-04 0.000000000000000000e+00
-1.068301398311567141e+02 -1.067586474108015580e+02 9.725244365769978075e-05 0.000000000000000000e+00
-1.053365148341414397e+02 -1.053355810857482169e+02 8.123721412329335044e-05 0.000000000000000000e+00
-1.000096177330013916e+02 -1.000072734719040284e+02 1.745130199469262190e-04 0.000000000000000000e+00
-9.539866576621004413e+01 -9.548043683522936931e+01 5.632495544208394661e-04 0.000000000000000000e+00
-1.081278626609096847e+02 -1.081199423894675391e+02 7.804301194058590140e-05 0.000000000000000000e+00
-9.886319254828124770e+01 -9.885263063692326568e+01 2.166819167476111542e-04 0.000000000000000000e+00
-9.696541390801803573e+01 -9.696689180433236288e+01 4.309973537765927312e-04 0.000000000000000000e+00
-8.116904009650880880e+01 -8.122023748837951018e+01 9.873062724737485026e-04 1.300000000000000000e+01
-9.822762745192012801e+01 -9.823183956595143229e+01 1.031209476672513418e-04 0.000000000000000000e+00
-1.052224120722396918e+02 -1.052337642906009734e+02 1.671234520506877140e-04 0.000000000000000000e+00
-1.025493251156216274e+02 -1.025509549924502579e+02 8.577360399636498771e-05 0.000000000000000000e+00
-9.980706663192097494e+01 -9.980422408234807108e+01 6.085786652775373643e-05 0.000000000000000000e+00
-1.035433123579689862e+02 -1.035415025357979744e+02 1.545826955883286406e-04 0.000000000000000000e+00
-1.026428993584434437e+02 -1.026413892971523438e+02 7.668485675390841836e-05 0.000000000000000000e+00
-1.026847778332434444e+02 -1.026585933283225813e+02 8.390253993351767944e-05 0.000000000000000000e+00
-1.079624088918376827e+02 -1.079735802489777541e+02 7.138616945448910702e-05 0.000000000000000000e+00
-9.694079421121899998e+01 -9.694432657435166334e+01 1.491288785405070255e-04 0.000000000000000000e+00
-1.026380556748210040e+02 -1.026329904699724693e+02 4.837152990533209247e-05 0.000000000000000000e+00
-9.991874166675344782e+01 -9.991663336528404216e+01 7.739440205929140268e-05 0.000000000000000000e+00
-1.080544805018142398e+02 -1.080590399323819923e+02 5.457982708933381647e-05 0.000000000000000000e+00
-1.046679860062563705e+02 -1.045232309842125034e+02 2.080009945126925900e-04 0.000000000000000000e+00
-9.927288125268097474e+01 -9.926116534631368893e+01 2.970916853989142518e-04 0.000000000000000000e+00
-1.052623692510865254e+02 -1.052599030492047518e+02 7.836630821791287717e-05 0.000000000000000000e+00
-1.000311131731249503e+02 -9.992064417611307192e+01 8.954441351226541282e-05 0.000000000000000000e+00
-1.032123273281890334e+02 -1.031471492102764103e+02 7.682084998991173686e-04 0.000000000000000000e+00
-1.053173098582308143e+02 -1.053134388544544748e+02 6.137603701625047388e-05 0.000000000000000000e+00
-1.017950113434329182e+02 -1.018033577639742333e+02 2.284627951981322181e-04 0.000000000000000000e+00
-1.014045208407082441e+02 -1.013961123648217608e+02 1.452500239904265414e-04 0.000000000000000000e+00
-9.989560361277328582e+01 -9.983177335352620219e+01 7.498294591771481068e-05 0.000000000000000000e+00
-1.053411701426394131e+02 -1.053404056890689446e+02 7.034035807916729074e-05 0.000000000000000000e+00
-1.025709441928929522e+02 -1.025676067555462794e+02 8.877743366798561690e-05 0.000000000000000000e+00
-1.080245974749349500e+02 -1.080242071728533801e+02 8.802998918704846873e-05 0.000000000000000000e+00
-8.595392430491774860e+01 -8.585920952599327904e+01 9.210059608271513711e-04 3.000000000000000000e+00
-1.026352965287950099e+02 -1.026291781137461356e+02 5.020537455195695257e-05 0.000000000000000000e+00
-1.080936340751345455e+02 -1.080118301647837455e+02 5.179731939757012469e-05 0.000000000000000000e+00
-7.801409372531462338e+01 -7.823651968198572604e+01 2.085550524079715206e-03 9.000000000000000000e+00
-1.052740287713440352e+02 -1.052744132873242648e+02 7.557975897273107411e-05 0.000000000000000000e+00
-1.052707381942853857e+02 -1.052662877609808305e+02 9.558263517307390774e-05 0.000000000000000000e+00
-1.052691213573632041e+02 -1.052729016045278883e+02 5.045379699462795419e-05 0.000000000000000000e+00
-9.917939119876537291e+01 -9.923502799632863969e+01 3.719685132993688572e-04 0.000000000000000000e+00
-1.023615912247742301e+02 -1.022722008470384765e+02 1.103719775577264353e-04 0.000000000000000000e+00
-1.026445679199762111e+02 -1.025436536860613614e+02 5.704954079550457133e-05 0.000000000000000000e+00
-9.710552139715858289e+01 -9.709495011577685375e+01 1.714626211326090164e-04 0.000000000000000000e+00
-1.080023779065033125e+02 -1.080027260101130082e+02 3.814080360056073274e-05 0.000000000000000000e+00
-9.933036528153644440e+01 -9.928528128682685860e+01 1.145767750145219415e-04 0.000000000000000000e+00
-9.231606733498877304e+01 -9.206602520244435084e+01 1.187875071333632055e-03 1.000000000000000000e+00
-9.991853793691774399e+01 -9.991620276159294178e+01 1.136363651764133131e-04 0.000000000000000000e+00
-1.080420883295310972e+02 -1.080465379187735380e+02 5.906749249400564204e-05 0.000000000000000000e+00
-1.079695312502232127e+02 -1.079701530271674272e+02 9.596228587238532102e-05 0.000000000000000000e+00
-1.053516459777360126e+02 -1.053076148401242733e+02 5.109932781531552174e-05 0.000000000000000000e+00
-1.080519539850472484e+02 -1.080546475793606334e+02 4.593284811222935122e-05 0.000000000000000000e+00
-9.894382351504832229e+01 -9.884984928685102545e+01 1.140197736386719309e-04 0.000000000000000000e+00
-7.313868503164327706e+01 -7.235927717424897310e+01 9.387092862389048720e-03 0.000000000000000000e+00
-1.025003931316141319e+02 -1.024832768204097277e+02 8.972058883861544216e-05 0.000000000000000000e+00
-1.052452203730626934e+02 -1.052490055485625646e+02 8.760169107572982148e-05 0.000000000000000000e+00
-1.053613152804946367e+02 -1.053640021402302409e+02 7.887802333725817778e-05 0.000000000000000000e+00
-9.710899481182434556e+01 -9.702831992652131987e+01 7.254327423465654879e-05 0.000000000000000000e+00
-1.017868270740071637e+02 -1.017766625154729212e+02 1.488754641415735911e-04 0.000000000000000000e+00
-1.080928194144765655e+02 -1.080869353296654936e+02 1.293843650247403264e-04 0.000000000000000000e+00
-9.715262930128780283e+01 -9.714037014549265336e+01 2.225018269692660992e-04 0.000000000000000000e+00
-1.024854472728392665e+02 -1.024881725296871338e+02 6.436108224953514755e-05 0.000000000000000000e+00
-1.007775391140074532e+02 -1.007318890201619865e+02 2.922695599180898151e-04 0.000000000000000000e+00
-1.025632818266380468e+02 -1.025634039666929596e+02 7.678069665596545259e-05 0.000000000000000000e+00
-1.079946252500040202e+02 -1.079968216090338871e+02 5.447434109936183686e-05 0.000000000000000000e+00
-1.080751620102343935e+02 -1.080755343664991415e+02 6.280665682304362152e-05 0.000000000000000000e+00
-1.051824039024077990e+02 -1.051930302419882537e+02 6.823888866789235886e-05 0.000000000000000000e+00
-1.080827162832994333e+02 -1.080802720013737286e+02 4.808975038640412973e-05 0.000000000000000000e+00
-9.711652808326586239e+01 -9.705384175759620291e+01 7.428429950830163259e-05 0.000000000000000000e+00
-1.107127996859087773e+02 -1.107185715019452630e+02 6.232636409369169154e-05 0.000000000000000000e+00
-1.029510179956272538e+02 -1.030090890903155980e+02 1.161379095687456014e-04 0.000000000000000000e+00
-9.719999244583100051e+01 -9.715034717606620518e+01 1.199190692455376095e-04 0.000000000000000000e+00
-1.080782298652077884e+02 -1.080771694629819422e+02 4.915736114037519042e-05 0.000000000000000000e+00
-1.025567415929486970e+02 -1.025537921715971947e+02 7.374763899091001356e-05 0.000000000000000000e+00
-9.696238414358128921e+01 -9.693772147102474435e+01 1.485370944729226127e-04 0.000000000000000000e+00
-1.107249849884047990e+02 -1.107239979620320867e+02 6.605670723302128433e-05 0.000000000000000000e+00
-9.980355204263562996e+01 -9.979572754277914726e+01 1.086234528599044495e-04 0.000000000000000000e+00
-1.052582606469570976e+02 -1.052637963797795493e+02 4.974992958677473771e-05 0.000000000000000000e+00
-1.053544448335246955e+02 -1.053618086439551291e+02 5.928456429279164921e-05 0.000000000000000000e+00
-1.052727323750814605e+02 -1.052740534990455785e+02 4.413358821881400187e-05 0.000000000000000000e+00
-1.107790809723991003e+02 -1.107767981014906979e+02 5.800042562258277850e-05 0.000000000000000000e+00
-1.080787340008448751e+02 -1.080761057616017951e+02 4.306181123419325802e-05 0.000000000000000000e+00
-1.053527251031903091e+02 -1.053553317997194512e+02 6.023969362790521152e-05 0.000000000000000000e+00
-1.080789939000862745e+02 -1.080796909305159090e+02 5.155735341888570400e-05 0.000000000000000000e+00
-1.024812765531664951e+02 -1.024810015767675253e+02 8.665481674365344976e-05 0.000000000000000000e+00
-1.079627788473815713e+02 -1.079670210969579784e+02 9.595489333978875007e-05 0.000000000000000000e+00
-1.053569133664204287e+02 -1.053507757089083299e+02 4.238784140334601007e-05 0.000000000000000000e+00
-9.723053955931493419e+01 -9.728754080934329806e+01 3.442444034902337980e-04 0.000000000000000000e+00
-1.024240419089002216e+02 -1.024333692337678059e+02 1.247645324615790328e-04 0.000000000000000000e+00
-1.053544041516804128e+02 -1.053542231802516369e+02 4.489228740510206025e-05 0.000000000000000000e+00
-1.053401542066590508e+02 -1.052648251037583691e+02 5.205387791581876856e-05 0.000000000000000000e+00
-1.053624990865757240e+02 -1.053614882117212517e+02 3.514271829701129054e-05 0.000000000000000000e+00
-1.080258878884579588e+02 -1.080237382742494390e+02 5.072395543634493782e-05 0.000000000000000000e+00
-6.954262317163164653e+01 -6.959745105656311637e+01 2.834928155868786208e-03 1.000000000000000000e+00
-1.052843136983440360e+02 -1.052831493411492971e+02 5.368598349790960959e-05 0.000000000000000000e+00
-1.052852277841383710e+02 -1.052854025688193502e+02 7.944736702040740631e-05 0.000000000000000000e+00
-1.079919220295946474e+02 -1.079950459582748437e+02 7.055141993135822349e-05 0.000000000000000000e+00
-1.026791692529856874e+02 -1.026793899826377583e+02 7.156030285506512223e-05 0.000000000000000000e+00
-1.037493136176618833e+02 -1.036559635983541483e+02 1.059701696472808188e-04 0.000000000000000000e+00
-1.052670236408526705e+02 -1.052704841779469120e+02 4.202418072099962367e-05 0.000000000000000000e+00
-1.068339544484101395e+02 -1.068497244747000536e+02 1.480645572129709383e-04 0.000000000000000000e+00
-9.710474790044973759e+01 -9.713214342825273206e+01 2.098472538550322762e-04 0.000000000000000000e+00
-9.984002421213411083e+01 -9.983905075518180183e+01 6.915241199301272186e-05 0.000000000000000000e+00
-1.052551904738350856e+02 -1.052599186942620548e+02 3.928476018480187162e-05 0.000000000000000000e+00
-9.979522768994497994e+01 -9.979736561555860419e+01 6.997529528114768442e-05 0.000000000000000000e+00
-1.054267070732452680e+02 -1.054271407034177486e+02 9.419840737347025196e-05 0.000000000000000000e+00
-1.107697155477077757e+02 -1.107718067761942962e+02 5.700254627016198623e-05 0.000000000000000000e+00
-1.053370037936200134e+02 -1.053369273837910640e+02 6.063075759648898166e-05 0.000000000000000000e+00
-1.026462934194976810e+02 -1.026461390131531033e+02 8.853945595569995448e-05 0.000000000000000000e+00
-1.080701181601255172e+02 -1.080689121787534788e+02 6.228875740236095981e-05 0.000000000000000000e+00
-1.021741267635153179e+02 -1.021795142830109313e+02 1.783703493185616947e-04 0.000000000000000000e+00
-1.080539234620022597e+02 -1.080544541758294201e+02 6.711028987275087000e-05 0.000000000000000000e+00
-1.053832501506370107e+02 -1.053797943948820404e+02 5.068255903986989105e-05 0.000000000000000000e+00
-1.080721658010318862e+02 -1.080746476535850888e+02 6.244269235695199894e-05 0.000000000000000000e+00
-1.025548690660794762e+02 -1.025616704738495173e+02 5.397382731783040624e-05 0.000000000000000000e+00
-1.053150031574944023e+02 -1.053155622293211735e+02 4.947317582868178621e-05 0.000000000000000000e+00
-1.052057515262687559e+02 -1.052035919955098819e+02 1.249816762665458567e-04 0.000000000000000000e+00
-1.026608556844562372e+02 -1.026622564817311627e+02 7.569126198379864587e-05 0.000000000000000000e+00
-9.285854413779848926e+01 -9.275729062607139497e+01 5.559336416626924808e-04 2.600000000000000000e+01
-1.053471324484633982e+02 -1.053505903625047324e+02 3.899008207531865286e-05 0.000000000000000000e+00
-1.002046731283722352e+02 -1.002588962332719689e+02 1.322578741995713387e-04 0.000000000000000000e+00
-1.052709246820096496e+02 -1.052757342661965367e+02 3.360962935779274462e-05 0.000000000000000000e+00
-1.052946532072724324e+02 -1.052979628228439424e+02 5.336619599642550721e-05 0.000000000000000000e+00
-1.079722186237880948e+02 -1.079738238985206920e+02 7.542746866154690256e-05 0.000000000000000000e+00
-9.482959371040132623e+01 -9.458468199881463079e+01 3.644622358734488868e-04 1.900000000000000000e+01
-1.045489925266551978e+02 -1.045550334142863704e+02 1.582412165814495435e-04 0.000000000000000000e+00
-1.080497985049766356e+02 -1.080465487903876465e+02 4.425579273856722958e-05 0.000000000000000000e+00
-9.978013508126137765e+01 -9.978037442410705182e+01 1.222599362911276329e-04 0.000000000000000000e+00
-9.711017500778692124e+01 -9.710626303098712242e+01 1.244059753111512439e-04 0.000000000000000000e+00
-9.976124353058422400e+01 -9.975487151570139588e+01 2.119201849971609724e-04 0.000000000000000000e+00
-1.081269130694400928e+02 -1.081258179366124637e+02 6.063563367778983135e-05 0.000000000000000000e+00
-1.106661584888591960e+02 -1.106679708408607894e+02 1.174458172642443008e-04 0.000000000000000000e+00
-1.053163601790490844e+02 -1.053159337082008307e+02 8.856552759675034912e-05 0.000000000000000000e+00
-1.026369373931982096e+02 -1.026490228225660530e+02 6.559755696892381055e-05 0.000000000000000000e+00
-1.025843259050328129e+02 -1.025907086398085823e+02 1.369960137501621562e-04 0.000000000000000000e+00
-1.080511633999500702e+02 -1.080525252713484718e+02 4.638832838026098209e-05 0.000000000000000000e+00
-7.476723668659525401e+01 -7.468331387342431071e+01 1.055363268860147171e-03 1.000000000000000000e+00
-1.025610170708677487e+02 -1.025636890695246848e+02 5.380324409470204483e-05 0.000000000000000000e+00
-1.052253544721430814e+02 -1.052271697362290865e+02 1.052079314423577433e-04 0.000000000000000000e+00
-1.080090865538199836e+02 -1.080082157502587847e+02 4.908102866597278681e-05 0.000000000000000000e+00
-1.025873089384209464e+02 -1.025872872836991831e+02 4.770116910367864723e-05 0.000000000000000000e+00
-6.580483796454215906e+01 -6.571723105572993973e+01 3.821020644275688848e-03 1.000000000000000000e+00
-1.053556337621912036e+02 -1.053558726497376767e+02 4.211639694876256429e-05 0.000000000000000000e+00
-1.025705375914297974e+02 -1.025687012525726090e+02 6.654242127675336440e-05 0.000000000000000000e+00
-1.052850746625725264e+02 -1.052844686954173739e+02 5.372201757774896738e-05 0.000000000000000000e+00
-1.080807153733330637e+02 -1.080811630951290709e+02 5.101456441480702264e-05 0.000000000000000000e+00
-8.583271707100313108e+01 -8.584302641679852286e+01 5.448903037493969684e-04 1.000000000000000000e+00
-1.019278616209823412e+02 -1.019321941097956028e+02 1.797910955206290045e-04 0.000000000000000000e+00
-1.080418317697338182e+02 -1.080361425712077477e+02 5.268751702546475109e-05 0.000000000000000000e+00
-1.080060422826540218e+02 -1.079479925937818905e+02 4.306661932352570866e-05 0.000000000000000000e+00
-1.080761147146522774e+02 -1.080795421151360642e+02 6.815863371320473522e-05 0.000000000000000000e+00
-9.975191067553396351e+01 -9.975910590689936441e+01 3.127420932565445986e-04 0.000000000000000000e+00
-1.052819492467137508e+02 -1.052821481544614670e+02 4.229044712602467838e-05 0.000000000000000000e+00
-1.013259423726515394e+02 -1.012018747703778843e+02 5.820354935906827781e-05 0.000000000000000000e+00
-9.780491117491837372e+01 -9.781826678694403654e+01 4.940789286042795254e-04 4.000000000000000000e+00
-1.053589941441081663e+02 -1.053595121267227768e+02 4.424588496995141300e-05 0.000000000000000000e+00
-1.052526137421210137e+02 -1.052524763545315949e+02 8.617499405361739328e-05 0.000000000000000000e+00
-1.053608396681868840e+02 -1.053615432578068720e+02 5.210017289504148357e-05 0.000000000000000000e+00
-1.026184839926530969e+02 -1.026215166814360913e+02 4.228524753124940990e-05 0.000000000000000000e+00
-1.026166878792138135e+02 -1.026174543608971845e+02 8.769428630743238357e-05 0.000000000000000000e+00
-1.081094614232059854e+02 -1.081054024309520827e+02 7.564572535405809299e-05 0.000000000000000000e+00
-1.080535330002069543e+02 -1.080539386318641988e+02 3.154874432127430332e-05 0.000000000000000000e+00
-1.080221872740941649e+02 -1.080239645691798529e+02 6.363457972213923831e-05 0.000000000000000000e+00
-9.816251742779543576e+01 -9.810804595278393947e+01 2.740696296389527327e-04 0.000000000000000000e+00
-1.107582439202155768e+02 -1.107527897791635354e+02 9.316856689759038014e-05 0.000000000000000000e+00
-1.107578074968593285e+02 -1.107527914923030892e+02 8.935706849718031797e-05 0.000000000000000000e+00
-1.052396636689178706e+02 -1.052415459636335697e+02 8.903608535096767327e-05 0.000000000000000000e+00
-1.107302541569681154e+02 -1.107276378344468810e+02 7.998354603063979396e-05 0.000000000000000000e+00
-1.107198181509143780e+02 -1.107214001176341611e+02 5.269132667673441105e-05 0.000000000000000000e+00
-8.347872565770123288e+01 -8.356046123470176212e+01 7.035460131473064748e-04 8.000000000000000000e+00
-1.026920069417880796e+02 -1.026911302373726471e+02 9.243803803015734997e-05 0.000000000000000000e+00
-1.080737719536987385e+02 -1.080748094311794887e+02 5.704489631446696749e-05 0.000000000000000000e+00
-9.883048028300412113e+01 -9.877186040020507107e+01 1.024343820539345794e-04 0.000000000000000000e+00
-7.721791123356862840e+01 -7.734056546290287315e+01 1.135321281147744958e-03 1.000000000000000000e+00
-1.053341058612399763e+02 -1.053296258916632411e+02 5.812632516654945365e-05 0.000000000000000000e+00
