-9.999731356919978964e+01 -9.968023278819262600e+01 2.347099580218947601e-03 0.000000000000000000e+00
-1.081525372347126250e+02 -1.079917088778166772e+02 9.387888688284232392e-04 0.000000000000000000e+00
-9.697984625070657216e+01 -9.693288560243887275e+01 6.301553403300184800e-04 0.000000000000000000e+00
-9.708396510576663729e+01 -9.697256581004542397e+01 5.579753670541196800e-04 0.000000000000000000e+00
-1.012866204218324526e+02 -1.009508889584862885e+02 7.605968236220523888e-04 0.000000000000000000e+00
-9.064013699523843570e+01 -9.037573516286944653e+01 1.045795037270073934e-03 0.000000000000000000e+00
-9.976127251408124152e+01 -9.978744407447767628e+01 7.322276741056612734e-04 0.000000000000000000e+00
-1.026116428548434527e+02 -1.025466932368432964e+02 6.085010364884384714e-04 0.000000000000000000e+00
-6.810818279934309771e+01 -6.767351052011919421e+01 8.461996673868529828e-03 2.100000000000000000e+01
-1.053248279322259293e+02 -1.053420281525196174e+02 2.773505640306662403e-04 0.000000000000000000e+00
-9.706777507325948307e+01 -9.707452648529894645e+01 1.254964094688056564e-03 0.000000000000000000e+00
-1.052805126808857068e+02 -1.052550794264094378e+02 2.041198941109333782e-04 0.000000000000000000e+00
-1.041729899264084906e+02 -1.042128512667127040e+02 1.186131776951484910e-03 0.000000000000000000e+00
-1.080467238462558157e+02 -1.080614357987704182e+02 2.108604859182849900e-04 0.000000000000000000e+00
-1.026529433733454226e+02 -1.026264101462506062e+02 7.759560278831907198e-04 0.000000000000000000e+00
-9.982218684261890473e+01 -9.982233970045429317e+01 3.433604218977476057e-04 0.000000000000000000e+00
-1.053472223265630134e+02 -1.053331179764981300e+02 1.598561413499517312e-04 0.000000000000000000e+00
-9.995218422129239855e+01 -9.998919595821520545e+01 4.764735207378598320e-04 0.000000000000000000e+00
-9.490571970173699867e+01 -9.503339827754437863e+01 6.345727945419950451e-04 0.000000000000000000e+00
-1.108054418066688243e+02 -1.107657637233552492e+02 3.842262476422119029e-04 0.000000000000000000e+00
-1.053740979918694620e+02 -1.053671194461107632e+02 2.433755785481578338e-04 0.000000000000000000e+00
-1.080735630003369181e+02 -1.080562524241042297e+02 1.450552692584651873e-04 0.000000000000000000e+00
-9.979699603354724502e+01 -9.978384502304149350e+01 2.883469215572989847e-04 0.000000000000000000e+00
-1.107289248921399718e+02 -1.107196540854682780e+02 2.960202668956941050e-04 0.000000000000000000e+00
-9.729703883436847889e+01 -9.723187910934697697e+01 1.842036410008083657e-04 0.000000000000000000e+00
-1.043983786596406702e+02 -1.043558845316620705e+02 2.873231176822951967e-04 0.000000000000000000e+00
-1.025849016518882735e+02 -1.025789939847893777e+02 1.786537927909354105e-04 0.000000000000000000e+00
-7.259523736695034302e+01 3.858207188317539403e+05 2.682749282117050660e-01 2.000000000000000000e+00
-3.310491544812313805e+03 -3.796429400070065441e+01 6.051256504796792557e-03 0.000000000000000000e+00
-2.487174799030710346e+03 -3.323441139701357372e+01 7.377227072806519584e-03 0.000000000000000000e+00
-1.683671997383098642e+03 -3.950241819272018517e+01 6.491712501005013694e-03 0.000000000000000000e+00
-4.337976173865319652e+03 -4.269998242418692769e+01 3.779466470845711801e-02 0.000000000000000000e+00
-2.428683593922910404e+03 -6.324313455166358722e+01 1.354212402094051235e-03 0.000000000000000000e+00
-2.249757722614695922e+03 -6.371632191189071648e+01 7.396765919928828883e-03 0.000000000000000000e+00
-1.158649567509058215e+03 -5.796581996786499502e+01 7.209893081508775411e-04 0.000000000000000000e+00
-5.829425110575339204e+02 -5.221240430200633398e+01 1.767042996024358829e-03 0.000000000000000000e+00
-7.194477066618874233e+02 -4.814795786511169950e+01 8.479475842744323751e-04 0.000000000000000000e+00
-8.278089038218049609e+02 -5.899706360597788546e+01 1.892528024613687916e-03 0.000000000000000000e+00
-1.671790303583063178e+03 -3.512287970520834790e+01 4.884379727065050851e-03 0.000000000000000000e+00
-2.802374562408085694e+02 -5.928369698813808242e+01 3.457373113614566778e-04 0.000000000000000000e+00
-5.033112577497513485e+02 -5.249483448233529259e+01 9.371255913102768086e-04 0.000000000000000000e+00
-7.454236100938032905e+02 -5.004220513017781258e+01 1.205983525491071979e-03 0.000000000000000000e+00
-4.416208756616033497e+02 -5.409821696053734996e+01 1.810428440836141240e-03 0.000000000000000000e+00
-9.151284859873794630e+02 -4.768298880314922883e+01 3.751364397255680262e-03 0.000000000000000000e+00
-7.282854167674577184e+02 -1.003346491088726467e+01 5.222373527161074114e-03 0.000000000000000000e+00
-5.687389808872367212e+02 -5.373279135975089815e+01 3.796681094119074831e-04 0.000000000000000000e+00
-2.475042440109173185e+02 -4.298230478977390590e+01 2.817271307651810267e-04 0.000000000000000000e+00
-8.041253131765852231e+02 -7.651299811596038580e+01 4.587200885990331384e-04 0.000000000000000000e+00
-3.445119551138786846e+02 -5.840002139091681244e+01 1.065513258266791771e-03 0.000000000000000000e+00
-3.428689270123431925e+02 -5.070536170232716700e+01 1.275400763163629832e-03 0.000000000000000000e+00
-2.451877525497166062e+02 -5.111690920063281851e+01 2.633492078522804334e-04 0.000000000000000000e+00
-3.262541228050577047e+02 -6.737353683823621964e+01 1.979471055032886080e-04 0.000000000000000000e+00
-4.554015567057504086e+02 -7.429403956720247493e+01 3.313659483296437858e-04 0.000000000000000000e+00
-2.914482114083866691e+02 -4.889469014422819271e+01 1.018545392606349815e-03 0.000000000000000000e+00
-1.134355872449104936e+02 -5.147867796610776026e+01 2.796438975974912806e-04 0.000000000000000000e+00
-1.068732789070472791e+02 -4.723492509892411562e+01 3.017425827191028685e-04 0.000000000000000000e+00
-1.927074844317503448e+02 -6.300573142065290000e+01 2.202707770020885145e-04 0.000000000000000000e+00
-3.598790338957514905e+02 -5.898684562103353812e+01 1.601014770303226149e-03 0.000000000000000000e+00
-1.454234136066024803e+02 -4.302506768583935326e+01 2.431104371171062322e-04 0.000000000000000000e+00
-2.105292871648580331e+02 -4.647064164554905830e+01 2.006194889458468890e-04 0.000000000000000000e+00
-1.428522928346565095e+02 -5.540908936282430375e+01 4.217937775021368425e-04 0.000000000000000000e+00
-1.459539326897611318e+02 -5.699471262816283712e+01 5.379935186637120875e-04 0.000000000000000000e+00
-2.380703435763098241e+02 -6.645884199628723366e+01 1.447122274185079277e-04 0.000000000000000000e+00
-1.985888012337691180e+02 -6.886538812914874086e+01 1.547518771074802429e-04 0.000000000000000000e+00
-1.641243325595551141e+02 -6.144824830592591525e+01 4.186811050843006481e-04 0.000000000000000000e+00
-1.186575097251334228e+02 -5.802200823331381940e+01 3.742619246336939109e-04 0.000000000000000000e+00
-1.385943072769978244e+02 -3.748953351528555800e+01 2.154248360782016829e-04 0.000000000000000000e+00
-2.493459171682907254e+02 -6.836786260535117776e+01 5.730210822136175882e-04 0.000000000000000000e+00
-1.380195933522363703e+02 -5.928008601721830217e+01 3.670148428943675639e-04 0.000000000000000000e+00
-1.547030390937743505e+02 -4.831837729668133363e+01 1.781765812713896602e-04 0.000000000000000000e+00
-1.067826869093905771e+02 -6.255637537590286712e+01 3.070479693580941902e-04 0.000000000000000000e+00
-5.870895231902431988e+01 -4.745582081897817517e+01 3.455897135183592385e-04 0.000000000000000000e+00
-1.754146676421260054e+02 -4.757973105867552022e+01 1.796134002774832134e-04 0.000000000000000000e+00
-1.555423652802423931e+02 -6.238910323477715991e+01 3.601174745923526894e-04 0.000000000000000000e+00
-1.345895432001821064e+02 -5.566631130454280196e+01 4.270316421445503950e-04 0.000000000000000000e+00
-1.175404374603836004e+02 -6.118989811985754557e+01 3.057832640524835014e-04 0.000000000000000000e+00
-6.230673366506334787e+01 -4.233619950122209019e+01 2.160473729483834118e-04 0.000000000000000000e+00
-1.412200496625064261e+02 -4.232560437802019493e+01 6.286295000642832913e-04 0.000000000000000000e+00
-7.575144019609206225e+01 -5.075436046488475483e+01 4.686686508380904451e-04 0.000000000000000000e+00
-3.240289496383502410e+02 -6.438033376869988444e+01 2.155205393861702194e-04 0.000000000000000000e+00
-7.517835446475874051e+01 -5.567614160130383993e+01 1.749505896300834978e-04 0.000000000000000000e+00
-1.089206201691567912e+02 -5.306291978271754317e+01 1.550742145753335481e-04 0.000000000000000000e+00
-1.200276062810239637e+02 -6.076659047113189160e+01 1.371131531457664540e-04 0.000000000000000000e+00
-1.428452754970680871e+02 -6.998550565173991345e+01 2.179726846678354537e-04 0.000000000000000000e+00
-1.111417476585620534e+02 -5.443971853689808427e+01 1.120379684199469204e-04 0.000000000000000000e+00
-7.660976633588006734e+01 -4.945323685356682120e+01 1.319814349182685091e-04 0.000000000000000000e+00
-1.186569593019075910e+02 -4.914172478794969123e+01 1.625546935951078641e-04 0.000000000000000000e+00
-1.075536856374546915e+02 -4.895596991848653801e+01 3.953379842617298990e-04 0.000000000000000000e+00
-1.113926307759161318e+02 -5.765845941663447860e+01 2.396488175087557520e-04 0.000000000000000000e+00
-1.347385892145871367e+02 -6.355734522145007048e+01 1.386147271367929275e-04 0.000000000000000000e+00
-1.145972141739639483e+02 -5.963160949513935805e+01 1.155749422431037873e-04 0.000000000000000000e+00
-1.027658188127811627e+02 -6.293527544906279303e+01 2.129580534190359214e-04 0.000000000000000000e+00
-1.122037214076540295e+02 -6.597947285205272294e+01 2.250142892832417542e-04 0.000000000000000000e+00
-4.017094824365858585e+01 -5.870857066742925667e+01 2.054557234453256763e-04 0.000000000000000000e+00
-9.026658402553221094e+01 -5.758679491490578783e+01 2.934727375570380932e-04 0.000000000000000000e+00
-1.213867260092101787e+02 -6.060563541394709119e+01 2.499668380098044648e-04 0.000000000000000000e+00
-1.016071681358471324e+02 -6.713076070129835671e+01 2.071861913412190647e-04 0.000000000000000000e+00
-1.057964700552624890e+02 -6.463428357173030747e+01 3.711358803866005658e-04 0.000000000000000000e+00
-1.199465361020843375e+02 -5.821353562844031160e+01 2.538216160660837755e-04 0.000000000000000000e+00
-1.266798586488271212e+02 -6.729362620247323434e+01 2.331180577143937701e-04 0.000000000000000000e+00
-8.683878285644595962e+01 -6.112413412391916978e+01 2.606407774017414762e-04 0.000000000000000000e+00
-7.825430859959124064e+01 -5.080690324029431792e+01 2.475135532432047613e-04 0.000000000000000000e+00
-9.294133320949185872e+01 -4.429709423342670505e+01 4.554422704511144871e-04 0.000000000000000000e+00
-1.306115405258692590e+02 -5.509909928001101065e+01 2.842327674229988858e-04 0.000000000000000000e+00
-7.262012739393139782e+01 -5.128700412914943030e+01 1.323833803236952491e-04 0.000000000000000000e+00
-1.843202492049317698e+02 -7.011613367486204140e+01 1.537278498584897755e-04 0.000000000000000000e+00
-2.924680456139344642e+02 -5.358549078512692887e+01 2.831501745945910233e-03 0.000000000000000000e+00
-1.209265423122892571e+02 -4.636238541108473044e+01 6.105671807058026543e-04 0.000000000000000000e+00
-1.140782992553995427e+02 -5.520609103589315225e+01 1.578837396439122451e-04 0.000000000000000000e+00
-1.958366388930264293e+03 -1.502386972374291751e+01 1.833426234394139320e-02 0.000000000000000000e+00
-7.925838629225700060e+01 -5.435646072145557639e+01 2.241373928666815819e-04 0.000000000000000000e+00
-8.214713739581020491e+01 -5.681639138933687150e+01 2.495906873141825110e-04 0.000000000000000000e+00
-7.056383364549083126e+01 -5.398991504889955451e+01 1.760286410719756720e-04 0.000000000000000000e+00
-5.668753631425124695e+01 -4.022890298019584776e+01 2.193355895342350684e-04 0.000000000000000000e+00
-9.038129406737607496e+01 -6.684877499341583018e+01 2.321444092633713941e-04 0.000000000000000000e+00
-1.340163829968323626e+02 -6.417590448109044132e+01 1.374116451309649687e-04 0.000000000000000000e+00
-7.646260693971212277e+02 -2.615397187744011021e+01 1.162556261455553047e-02 0.000000000000000000e+00
-9.462587198451365111e+01 -5.404734361540869259e+01 3.299578335855063655e-04 0.000000000000000000e+00
-6.650159763106194077e+01 -5.994644990165067355e+01 1.736230005411824428e-04 0.000000000000000000e+00
-9.640602233679373967e+01 -6.051570824940153415e+01 2.366357496449406734e-04 0.000000000000000000e+00
-5.742722017081223385e+01 -5.977517719359764925e+01 2.023482934406593391e-04 0.000000000000000000e+00
-8.191256985033714955e+01 -6.479588893906894498e+01 1.493299102211168147e-04 0.000000000000000000e+00
-5.274577982791697650e+01 -4.983217748979112116e+01 2.231561580007152565e-04 0.000000000000000000e+00
-8.395787408860087453e+01 -4.773114040629593546e+01 2.976242110044407759e-04 0.000000000000000000e+00
-1.789797066451765204e+02 -6.555438608331563444e+01 4.432292675712362802e-04 0.000000000000000000e+00
-5.794832352149433063e+01 -5.004567059589110301e+01 1.293196331992803078e-04 0.000000000000000000e+00
-1.154217399772005592e+02 -6.513960151493668604e+01 2.705231613657983801e-04 0.000000000000000000e+00
-1.109337494629821776e+02 -7.075972968916047989e+01 3.700469390563386712e-04 0.000000000000000000e+00
-1.512550752049819494e+02 -5.444793819297009918e+01 1.414034198965101821e-04 0.000000000000000000e+00
-6.973547028039092766e+01 -4.318529640659676971e+01 4.682126661930391246e-04 0.000000000000000000e+00
-7.951448601136598882e+01 -4.859886174315745677e+01 2.461504796603313037e-04 0.000000000000000000e+00
-6.142977397507002024e+01 -6.709829953758593035e+01 2.781156401805771178e-04 0.000000000000000000e+00
-1.227672948840536264e+02 -5.852991703072562046e+01 9.749679572107114965e-05 0.000000000000000000e+00
-7.318236068174519460e+01 -5.270899801916686300e+01 2.159116684697665468e-04 0.000000000000000000e+00
-6.775118047527075760e+01 -5.014474582496158916e+01 2.518540648621336538e-04 0.000000000000000000e+00
-6.772177862784974423e+01 -6.145885416896038578e+01 2.124006245124534283e-04 0.000000000000000000e+00
-1.054406188741932056e+02 -6.062705590607475870e+01 2.435347705205895556e-04 0.000000000000000000e+00
-1.242271043119130809e+02 -6.065571058042675645e+01 1.008995993480704114e-04 0.000000000000000000e+00
-7.231240258862771952e+01 -4.291665204222793051e+01 2.576466076055552177e-04 0.000000000000000000e+00
-1.061904170425377743e+02 -4.694755414026963791e+01 1.142093582091796073e-04 0.000000000000000000e+00
-7.684111487908830895e+01 -6.484069505354665353e+01 1.816680803913438736e-04 0.000000000000000000e+00
-6.232014244387346480e+01 -4.785655932502928778e+01 3.667361546735188322e-04 0.000000000000000000e+00
-7.612817978232305904e+01 -5.315873620795153442e+01 1.544515597314792673e-04 0.000000000000000000e+00
-7.384286292947126640e+01 -7.263052084926927421e+01 1.833918160194027180e-04 0.000000000000000000e+00
-5.800042413149958520e+01 -4.315342793218569994e+01 1.936805223139534296e-04 0.000000000000000000e+00
-6.821796601523283243e+01 -5.816934457789351853e+01 1.459033583411733462e-04 0.000000000000000000e+00
-8.481208357642753981e+01 -6.695994975087900514e+01 2.489062249006613724e-04 0.000000000000000000e+00
-1.188398598123189913e+02 -5.332029113412415455e+01 1.031319001016668652e-04 0.000000000000000000e+00
-6.441044392955973308e+01 -5.547773269943105134e+01 9.240643912375513564e-05 0.000000000000000000e+00
-7.065302529932296238e+01 -4.626367292735674397e+01 2.783413554901529772e-04 0.000000000000000000e+00
-6.791016981622351523e+01 -6.059782459192700088e+01 1.151647625708676414e-04 0.000000000000000000e+00
-8.469834381931059397e+01 -6.290320403074721867e+01 1.145652920572370491e-04 0.000000000000000000e+00
-6.721355888785501520e+01 -6.272812652554636514e+01 1.580764104727344383e-04 0.000000000000000000e+00
-8.127543451109841044e+01 -6.498410422597686420e+01 1.918496581911396514e-04 0.000000000000000000e+00
-7.395246804553335096e+01 -5.570897566581388816e+01 1.276429636455138849e-04 0.000000000000000000e+00
-6.333808730040072987e+01 -5.508919773913670781e+01 1.428915756786789326e-04 0.000000000000000000e+00
-6.695891749535439885e+01 -5.778530494632808967e+01 1.987058215331646328e-04 0.000000000000000000e+00
-7.848009214336116202e+01 -5.602565783862948479e+01 1.114025884323043084e-04 0.000000000000000000e+00
-7.132833154914351326e+01 -4.616332847693056607e+01 3.029089840642403670e-04 0.000000000000000000e+00
-5.613882934048524476e+01 -4.801261805827677165e+01 1.779109034520963742e-04 0.000000000000000000e+00
-7.026969504014141421e+01 -6.016362671794308170e+01 1.305119494052050719e-04 0.000000000000000000e+00
-6.018414338981801848e+01 -4.769645998878436899e+01 2.680783874171961331e-04 0.000000000000000000e+00
-8.836719741234674075e+01 -6.209042682283125458e+01 2.753602599714744079e-04 0.000000000000000000e+00
-5.478688146903732559e+01 -5.886525382076603563e+01 1.907802170819155533e-04 0.000000000000000000e+00
-4.483345471419988826e+01 -5.017008383213824629e+01 2.736032035743826414e-04 0.000000000000000000e+00
-4.832190092359473965e+01 -5.311169024661244720e+01 1.915501164260474806e-04 0.000000000000000000e+00
-6.917537351972009674e+01 -5.743824736051400492e+01 1.626767312277012725e-04 0.000000000000000000e+00
-5.718391101061843074e+01 -5.513493023245781899e+01 1.517545350604552904e-04 0.000000000000000000e+00
-4.970612613160271849e+02 -3.396640457695266946e+01 7.962677241082535481e-03 0.000000000000000000e+00
-8.643947926147097860e+01 -5.838698450723495625e+01 1.875165529020275592e-04 0.000000000000000000e+00
-6.379544791864395847e+01 -5.808835509678407050e+01 1.703762908824905627e-04 0.000000000000000000e+00
-7.042077731377844430e+01 -6.283123903832389345e+01 1.594809323144880738e-04 0.000000000000000000e+00
-7.557854617250427509e+01 -5.741380399839498239e+01 2.442566314552180166e-04 0.000000000000000000e+00
-8.801193217860623008e+01 -6.065612238447647542e+01 1.802098927003554455e-04 0.000000000000000000e+00
-3.485459732706908653e+01 -5.580838883875608758e+01 1.224997957113355877e-04 0.000000000000000000e+00
-8.433622803440675852e+01 -6.077519251417055557e+01 1.358070441479768012e-04 0.000000000000000000e+00
-7.498984881933506585e+01 -6.322477393244133737e+01 1.738575649668057594e-04 0.000000000000000000e+00
-1.959347843600291981e+02 -4.233804720169386826e+01 2.202490986363254185e-03 0.000000000000000000e+00
-7.926939115660320567e+01 -5.580358581302444065e+01 1.540990449118419486e-04 0.000000000000000000e+00
-5.554492678374458592e+01 -5.305738350304527984e+01 1.182235464450556641e-04 0.000000000000000000e+00
-6.213658472663996690e+01 -5.828250547574855034e+01 1.015061500542829099e-04 0.000000000000000000e+00
-6.974976585276567675e+01 -7.342442853317767515e+01 2.335818334490264402e-04 0.000000000000000000e+00
-1.531949136732848729e+02 -5.457144012574202208e+01 1.396652547967009079e-04 0.000000000000000000e+00
-5.843842868957585779e+01 -4.392572459037477728e+01 1.638048382871367607e-04 0.000000000000000000e+00
-1.270680143096342363e+02 -5.575864812580973506e+01 9.352105206285337867e-04 0.000000000000000000e+00
-3.913292268701432022e+02 -4.795725325174113607e+01 5.093304497717641294e-03 0.000000000000000000e+00
-5.559316396842973518e+01 -5.308130578065397742e+01 1.278752539723209346e-04 0.000000000000000000e+00
-2.136893391665141735e+02 -5.545934985173168741e+01 2.555739184395225665e-03 0.000000000000000000e+00
-1.000476772489178074e+02 -6.831620234579450823e+01 1.378377079823341100e-04 0.000000000000000000e+00
-1.149039619743148251e+02 -7.130670337188637120e+01 8.065732143054831806e-04 0.000000000000000000e+00
-8.870335689483090391e+01 -6.492308999374270684e+01 2.363397598929655428e-04 0.000000000000000000e+00
-8.942461681568147469e+01 -6.575781783450774753e+01 1.680287266246764145e-04 0.000000000000000000e+00
-1.828989753408864090e+02 -2.821811419109901919e+01 1.316128367388441894e-03 0.000000000000000000e+00
-6.048414670170109275e+01 -5.553953786986073027e+01 1.325064266042990139e-04 0.000000000000000000e+00
-8.514845799147929029e+01 -5.792085975915584584e+01 1.714903588240648347e-04 0.000000000000000000e+00
-5.568971314255145444e+01 -4.192834598244861155e+01 2.631036410075555118e-04 0.000000000000000000e+00
-1.121432205403250464e+02 -6.015926085232609921e+01 2.435439838817703899e-04 0.000000000000000000e+00
-7.527923422418734845e+01 -6.081335127904099380e+01 1.890243550267022487e-04 0.000000000000000000e+00
-6.777514883459093653e+01 -4.436652916755419795e+01 2.153041845920029894e-04 0.000000000000000000e+00
-8.493900083464677664e+01 -6.607579448171132697e+01 1.798585757804771414e-04 0.000000000000000000e+00
-7.162821734702492904e+01 -5.746000402665938367e+01 1.942307464842885154e-04 0.000000000000000000e+00
-4.916453722878054577e+01 -5.498005163123358585e+01 1.495208662277331974e-04 0.000000000000000000e+00
-1.285993252440798642e+02 -7.948401098118090147e+01 2.193321161304277636e-04 0.000000000000000000e+00
-9.428758995606017379e+01 -7.503433028404120364e+01 1.080914148502089733e-04 0.000000000000000000e+00
-6.550230647498642611e+01 -5.358446493799566923e+01 2.204244240191521084e-04 0.000000000000000000e+00
-8.070693953428781242e+01 -6.405009922976360315e+01 1.481770659921797801e-04 0.000000000000000000e+00
-7.432306313374056117e+01 -4.991058980308765314e+01 2.866817848417990830e-04 0.000000000000000000e+00
-6.848823874076651919e+01 -4.867945336156630987e+01 2.596519380752925865e-04 0.000000000000000000e+00
-5.586194547861600768e+01 -6.295832101493005695e+01 1.305553219986644664e-04 0.000000000000000000e+00
-3.776189936345849674e+01 -5.224371079077230462e+01 1.121383883328752991e-04 0.000000000000000000e+00
-5.374337761864912864e+02 -4.551702461849527026e+01 1.940149324614405882e-02 0.000000000000000000e+00
-7.500891091679977762e+01 -6.122009576033192246e+01 1.706776264626680829e-04 0.000000000000000000e+00
-8.907898808678669411e+01 -6.336881008905755408e+01 8.258926905972899116e-04 0.000000000000000000e+00
-1.010305966439029817e+02 -6.098365381939547092e+01 2.573412075598428090e-04 0.000000000000000000e+00
-1.445433687383374490e+02 -5.162934915733380592e+01 1.316206548861611862e-04 0.000000000000000000e+00
-6.055503683441247631e+01 -4.660034782277624998e+01 1.825434336979856907e-04 0.000000000000000000e+00
-7.435877514481626349e+01 -5.745782039079147552e+01 2.737728870967570888e-04 0.000000000000000000e+00
-5.403317233917164231e+01 -5.796382341880249811e+01 1.325714598563093648e-04 0.000000000000000000e+00
-9.443591628106833014e+01 -4.933521286721755672e+01 1.040755412726411186e-03 0.000000000000000000e+00
-9.754764198170232703e+01 -6.109874154796943913e+01 3.893785613301689900e-04 0.000000000000000000e+00
-6.230927968211312873e+01 -5.658374370035278389e+01 1.142197781021097745e-04 0.000000000000000000e+00
-8.140697469412634746e+01 -6.229542713109455576e+01 2.141191406986403208e-04 0.000000000000000000e+00
-7.666261329845906403e+01 -6.477347490784913475e+01 5.914414925335120810e-04 0.000000000000000000e+00
-1.542991522157444706e+02 -5.650015803227894651e+01 1.386013511670344941e-04 0.000000000000000000e+00
-8.851999122802976672e+01 -6.895236349943915855e+01 1.239491343059983316e-04 0.000000000000000000e+00
-8.541799527008015502e+01 -6.704021442436417999e+01 5.828859179456579625e-04 0.000000000000000000e+00
-5.024693903992122159e+02 -7.617200933114293093e+01 2.853663026935797332e-04 0.000000000000000000e+00
-6.647354131512383901e+01 -5.248776727494827554e+01 1.455397439811841173e-04 0.000000000000000000e+00
-6.579426462864830683e+01 -4.917526830630239232e+01 2.406361900296671776e-04 0.000000000000000000e+00
-6.384734282726299170e+01 -6.109340538866835146e+01 3.240638938941281825e-04 0.000000000000000000e+00
-6.357972272846905071e+01 -6.056802736410801202e+01 2.409160707412500520e-04 0.000000000000000000e+00
-9.084332916936637048e+01 -7.147425824785995019e+01 1.528088582593137886e-04 0.000000000000000000e+00
-9.034602498436197493e+01 -3.658870263990070981e+01 3.707459950737712812e-04 0.000000000000000000e+00
-6.733325369646036052e+01 -6.539877879085075563e+01 1.405333813146233003e-04 0.000000000000000000e+00
-6.441288031831527405e+01 -6.196274161958094595e+01 8.992053773784708197e-05 0.000000000000000000e+00
-3.145742576513634958e+02 -2.715912369912318169e+01 2.671423405370786769e-04 0.000000000000000000e+00
-4.772278141905940174e+01 -6.834774996414424209e+01 1.706112034804128409e-04 0.000000000000000000e+00
-5.586220753586053434e+01 -4.679363205364033007e+01 1.922377812665533733e-04 0.000000000000000000e+00
-7.978000242397547481e+01 -5.517918372483115519e+01 5.943262132662987737e-04 0.000000000000000000e+00
-1.106026742483470571e+02 -6.945255301685166671e+01 1.372561062480788562e-03 0.000000000000000000e+00
-1.359773779340289366e+02 -4.127613313625515445e+01 1.982352135546060212e-03 0.000000000000000000e+00
-5.385170568257285595e+01 -5.191381414880406453e+01 3.078963120291088713e-04 0.000000000000000000e+00
-7.808677761435728826e+01 -5.868226753569013709e+01 6.214878796641789497e-04 0.000000000000000000e+00
-1.565831307914722856e+02 -6.772344551791701406e+01 5.897388623911059254e-04 0.000000000000000000e+00
-7.385963412857063304e+01 -6.114545553931670696e+01 1.214207132531696878e-04 0.000000000000000000e+00
-5.209489247020064795e+01 -4.693652002191466011e+01 1.519528123669516601e-04 0.000000000000000000e+00
-1.028579037621325369e+02 -6.393373374249252805e+01 7.021859212465350305e-04 0.000000000000000000e+00
-7.107717968962151645e+01 -5.712750210328614742e+01 1.188747337301404209e-04 0.000000000000000000e+00
-1.144293651025311647e+02 -6.957702195692445457e+01 1.729285118066672651e-03 0.000000000000000000e+00
-5.902109466869683274e+01 -6.084069133858791645e+01 1.444619903231536399e-04 0.000000000000000000e+00
-5.564368285333944186e+01 -5.930781966870775079e+01 1.066232209394537834e-04 0.000000000000000000e+00
-7.994485730706514914e+01 -6.134853597212338627e+01 3.716793412067432288e-04 0.000000000000000000e+00
-6.148613364565426309e+01 -5.632353243620098482e+01 2.451907241011719828e-04 0.000000000000000000e+00
-7.034674434459816439e+01 -4.312843171459763170e+01 7.169409969861658283e-04 0.000000000000000000e+00
-5.460263151727576769e+01 -5.450765346510809906e+01 1.872191709653725803e-04 0.000000000000000000e+00
-6.510939606210104103e+01 -6.350485697127479767e+01 2.455057113904309668e-04 0.000000000000000000e+00
-6.521885783207358145e+01 -4.500070486201729381e+01 3.288690198259472787e-04 0.000000000000000000e+00
-6.740564811330364137e+01 -5.243021816377352451e+01 1.619798169299143699e-04 0.000000000000000000e+00
-6.356144264532804300e+01 -5.480813042285867454e+01 1.380957092233432194e-04 0.000000000000000000e+00
-6.285945518360949791e+01 -5.710992568257809410e+01 5.778723523398225734e-04 0.000000000000000000e+00
-6.289035410408655480e+01 -6.315459068031297818e+01 3.007193158311439714e-04 0.000000000000000000e+00
-7.122900626307932725e+01 -6.182895837077395385e+01 8.662780672319511828e-05 0.000000000000000000e+00
-9.887141588708595918e+01 -3.725892570783891244e+01 1.275581285261585211e-04 0.000000000000000000e+00
-6.324440356978675482e+01 -4.604452794154223483e+01 1.393697090802503810e-04 0.000000000000000000e+00
-1.690903036163845172e+02 -6.032763670662725275e+01 1.075633397604078235e-04 0.000000000000000000e+00
-5.489122619599288555e+01 -4.334313372960600219e+01 3.562810770722739232e-04 0.000000000000000000e+00
-6.021792201547350487e+01 -6.638007986102222446e+01 2.602346346412956002e-04 0.000000000000000000e+00
-5.701476560782521119e+01 -6.397173317546099014e+01 3.717461421145018628e-04 0.000000000000000000e+00
-6.899166358717252479e+01 -6.872235931245396046e+01 1.839730751311838622e-04 0.000000000000000000e+00
-6.164099937333730850e+01 -5.605446907222297881e+01 2.759934068800921035e-04 0.000000000000000000e+00
-5.618525799004896726e+01 -5.764135223915143058e+01 1.768280280737260374e-04 0.000000000000000000e+00
-5.425480723586929344e+01 -5.295930650526644712e+01 1.198002265890705571e-04 0.000000000000000000e+00
-1.053757893928102476e+02 -7.213083161977344560e+01 3.457825760118061684e-04 0.000000000000000000e+00
-7.660471529080336950e+01 -6.759197262875635204e+01 1.210584862282392497e-04 0.000000000000000000e+00
-5.978987772487016628e+01 -5.969281948347107658e+01 3.999126879779509101e-04 0.000000000000000000e+00
-6.551858745937079220e+01 -5.310333004759656461e+01 8.767993747149589777e-04 0.000000000000000000e+00
-6.826038264660110144e+01 -6.434976480889197603e+01 1.213254475220141920e-04 0.000000000000000000e+00
-5.142571916609949767e+01 -5.515596583978219059e+01 1.316901643036958195e-04 0.000000000000000000e+00
-5.909051103586352838e+01 -5.557235491069477717e+01 3.278432273702452156e-04 0.000000000000000000e+00
-7.097093585759103007e+01 -6.870278281536316456e+01 2.668645097497150524e-04 0.000000000000000000e+00
-5.516298008343528636e+01 -5.591656979716459119e+01 3.472074607323008197e-04 0.000000000000000000e+00
-5.216896942278526694e+01 -5.629776707012510428e+01 1.150751297647670794e-04 0.000000000000000000e+00
-4.683769076730641245e+01 -5.503001419167149066e+01 8.582225700612760807e-05 0.000000000000000000e+00
-5.846729303427355262e+01 -4.330468839813489268e+01 1.652394750196951769e-04 0.000000000000000000e+00
-5.991801546629221775e+01 -5.815109442221957181e+01 1.079223520226618894e-04 0.000000000000000000e+00
-6.819444084221572666e+01 -5.732515772905860274e+01 8.356228620550769566e-05 0.000000000000000000e+00
-5.571990237144427738e+01 -5.690253778746924951e+01 2.208179683203890923e-04 0.000000000000000000e+00
-8.537192195500620073e+01 -6.480630089431451779e+01 2.682118853073548479e-04 0.000000000000000000e+00
-5.534630508051145625e+01 -6.263261599600970442e+01 2.386890896339096606e-04 0.000000000000000000e+00
-5.523505549594096919e+01 -5.734630416807719655e+01 2.947573028598372358e-04 0.000000000000000000e+00
-6.448490843559693531e+01 -5.853270438147419696e+01 3.837907983465816699e-04 0.000000000000000000e+00
-5.603792598548261594e+01 -5.357560612042586712e+01 3.256056068877600141e-04 0.000000000000000000e+00
-5.862418101609046062e+01 -4.978892739635031717e+01 5.390066392898551799e-04 0.000000000000000000e+00
-5.012519537891785149e+01 -4.162997250222355206e+01 1.884477640666937920e-04 0.000000000000000000e+00
-5.939326191455984372e+01 -6.274617914956842668e+01 2.130748257953384147e-04 0.000000000000000000e+00
-1.243281048096062023e+02 -5.860736377676133202e+01 1.086403649907813221e-04 0.000000000000000000e+00
-7.786412969760476699e+01 -6.887304651862002913e+01 1.255704024239618353e-04 0.000000000000000000e+00
-6.388637149205510468e+01 -6.656593273900816143e+01 3.600276159830025752e-04 0.000000000000000000e+00
-7.049492026352481844e+01 -6.511394179782608660e+01 2.551640896433815834e-04 0.000000000000000000e+00
-7.812700401169308861e+01 -7.365869010961412755e+01 2.034324183852482940e-04 0.000000000000000000e+00
-5.644405793424834883e+01 -6.207974917584026286e+01 2.091383505081074990e-04 0.000000000000000000e+00
-6.578598210701466087e+01 -5.938932741349742628e+01 1.028209751503877608e-04 0.000000000000000000e+00
-8.281847773754998343e+01 -5.801437290068383845e+01 1.198480431952950870e-04 0.000000000000000000e+00
-6.337350840643398442e+01 -5.364723210666122100e+01 3.154018905387465706e-04 0.000000000000000000e+00
-5.380292234722924150e+01 -4.714097098125844809e+01 2.677686885120525895e-04 0.000000000000000000e+00
-2.263986031635558447e+03 -3.512784488872448918e+01 6.839304378072554036e-02 0.000000000000000000e+00
-6.566687959033311017e+01 -6.345151408881146438e+01 3.331718474952539868e-04 0.000000000000000000e+00
-5.518604903005507367e+01 -5.451956835416777380e+01 1.679857899433914595e-04 0.000000000000000000e+00
-8.513495355641384776e+01 -6.604898407872678945e+01 1.705332330829438710e-04 0.000000000000000000e+00
-9.553464656160804225e+01 -4.645171506008617968e+01 1.051961571861001959e-04 0.000000000000000000e+00
-6.656592635892275212e+01 -6.252278446387740729e+01 1.313215241665107314e-04 0.000000000000000000e+00
-5.726871985112029506e+01 -5.413918544916513298e+01 1.270755772399554729e-04 0.000000000000000000e+00
-7.276261232463025408e+01 -6.773544748877532129e+01 2.497047438171999512e-04 0.000000000000000000e+00
-6.407543932465546277e+01 -5.684825076691009116e+01 1.655508748129149105e-04 0.000000000000000000e+00
-6.370700242162615723e+01 -6.201346402277409453e+01 2.779586368812568499e-04 0.000000000000000000e+00
-6.633101569890300198e+01 -5.644600447064651405e+01 1.065265796198520498e-04 0.000000000000000000e+00
-9.427337317791852911e+01 -6.891231007258257080e+01 1.623730935202335481e-04 0.000000000000000000e+00
-5.436207220132519069e+01 -6.170259059563316129e+01 3.307105584612128309e-04 0.000000000000000000e+00
-7.872354531860651150e+01 -5.497777650014911899e+01 5.295820106304074829e-04 0.000000000000000000e+00
-5.573685317510262394e+01 -6.433270794088348055e+01 1.868186132802796408e-04 0.000000000000000000e+00
-5.674554450973278108e+01 -5.903880254693823559e+01 1.305575329812407699e-04 0.000000000000000000e+00
-7.451689393575338727e+01 -6.127929573438503752e+01 9.100513431424933880e-05 0.000000000000000000e+00
-5.409587486053192151e+01 -5.466099145328271192e+01 2.223783002188662510e-04 0.000000000000000000e+00
-8.895286275806893173e+01 -5.810957828022628746e+01 1.380255027619442531e-04 0.000000000000000000e+00
-9.103360881300613983e+01 -6.290205091604845222e+01 1.141846949638727210e-04 0.000000000000000000e+00
-5.333490318522331108e+01 -5.833242730432888123e+01 2.514993594555266763e-04 0.000000000000000000e+00
-7.132316279901397138e+01 -5.250033236137285542e+01 1.325187384369088230e-04 0.000000000000000000e+00
-8.167757374821212579e+01 -5.591948870599729560e+01 1.464128233716802780e-04 0.000000000000000000e+00
-5.613992674170731334e+01 -6.242106957893011554e+01 9.106746921084608089e-05 0.000000000000000000e+00
-6.518912357505519140e+01 -5.222899397175527270e+01 1.066466550036672802e-04 0.000000000000000000e+00
-9.191777438716894721e+01 -6.742287203167956022e+01 1.371054489149897042e-04 0.000000000000000000e+00
-8.738769641210046757e+01 -6.390347411528598087e+01 1.899345810888739873e-04 0.000000000000000000e+00
-6.070463724512023873e+01 -4.204271112637350427e+01 7.284609597418873102e-04 0.000000000000000000e+00
-1.681036159747577585e+02 -5.732640803404055418e+01 1.619783621443759969e-04 0.000000000000000000e+00
-6.421491403823915789e+01 -5.881973006855444908e+01 1.065934805402100010e-04 0.000000000000000000e+00
-5.591703287988684679e+01 -5.760711326893368778e+01 8.027869109240895983e-05 0.000000000000000000e+00
-5.029349487716444855e+01 -5.022896192597838905e+01 7.414431795252226186e-05 0.000000000000000000e+00
-5.897088829429696943e+01 -5.862567250968568544e+01 1.312203268714789203e-04 0.000000000000000000e+00
-9.475588608783334621e+01 -7.010903889451608961e+01 9.817349118064387051e-05 0.000000000000000000e+00
-5.101908422021904244e+01 -5.883374959100498103e+01 2.543553075989293463e-04 0.000000000000000000e+00
-5.442866795726899909e+01 -6.467601926253455247e+01 1.509434061768640965e-04 0.000000000000000000e+00
-6.640787079003246163e+01 -5.398036671051801960e+01 1.206828601079905616e-04 0.000000000000000000e+00
-7.150968747600506958e+01 -5.976546603973385174e+01 7.621028340929749886e-05 0.000000000000000000e+00
-5.295628276137313151e+01 -5.345558140432225969e+01 8.077183187679413717e-05 0.000000000000000000e+00
-7.652505821095303418e+01 -7.091821131164610392e+01 2.820696296441479903e-04 0.000000000000000000e+00
-5.552130081243728910e+01 -5.992236510091009904e+01 2.089002843876365230e-04 0.000000000000000000e+00
-8.488797954156439118e+01 -5.845208854149932876e+01 4.906756415412246450e-04 0.000000000000000000e+00
-2.170178779983361892e+02 -7.498806525076125240e+01 1.470596926928488296e-04 0.000000000000000000e+00
-6.474221870329256490e+01 -6.301394156674626146e+01 2.078206324366661058e-04 0.000000000000000000e+00
-7.711391670364525908e+01 -7.123873541772138651e+01 1.305292818850968312e-04 0.000000000000000000e+00
-6.336889758217739654e+01 -5.792641358937593310e+01 6.596551103308635441e-05 0.000000000000000000e+00
-7.716609176232259415e+01 -6.147845963689624682e+01 8.838246200620889273e-05 0.000000000000000000e+00
-5.038634540313171328e+01 -5.942817277972412882e+01 1.912224538935607912e-04 0.000000000000000000e+00
-6.581738410832474528e+01 -5.408197022268853971e+01 6.887330808624052259e-05 0.000000000000000000e+00
-6.241653966133048925e+01 -5.790394016610190420e+01 6.958149275208187789e-05 0.000000000000000000e+00
-5.904776847829111830e+01 -5.603008816658837077e+01 5.726673185706641493e-05 0.000000000000000000e+00
-6.059705550588864753e+01 -5.226075156855221593e+01 1.523547126492656614e-04 0.000000000000000000e+00
-8.131672894568214360e+01 -6.380523977540790526e+01 6.628079379924132727e-05 0.000000000000000000e+00
-6.840477344073451604e+01 -5.141943292714255165e+01 1.453789475339450671e-04 0.000000000000000000e+00
-9.150455094277094759e+01 -7.614526501830772531e+01 1.296005748841529560e-04 0.000000000000000000e+00
-8.990689978384477854e+01 -7.451935097773511529e+01 4.013286019347924870e-04 0.000000000000000000e+00
-5.842050945837979725e+01 -6.401240945145507055e+01 1.806364448080602814e-04 0.000000000000000000e+00
-7.785559593948323709e+01 -6.514964909792496428e+01 1.201139462526740561e-04 0.000000000000000000e+00
-6.340965259453332692e+01 -6.284670701763997158e+01 8.095812396004968320e-05 0.000000000000000000e+00
-5.714626986301357192e+01 -5.660975415399444444e+01 3.090383874315133354e-04 0.000000000000000000e+00
-5.478955907641534395e+01 -5.701308535057783899e+01 9.368271042848677903e-05 0.000000000000000000e+00
-5.807916173515639002e+01 -6.360927746712524566e+01 1.620856183201608235e-04 0.000000000000000000e+00
-5.656307541670537375e+01 -5.634226538254451810e+01 1.140657483563925744e-04 0.000000000000000000e+00
-4.460980549977432474e+01 -5.006387684700932539e+01 2.627461456705333155e-04 0.000000000000000000e+00
-9.381527156056040440e+01 -8.429948533593307047e+01 2.321375561258311128e-04 0.000000000000000000e+00
-6.089071479832409750e+01 -5.723033900787906703e+01 3.202089122627172933e-04 0.000000000000000000e+00
-6.338353312560309405e+01 -6.893552029758097888e+01 4.269484884054041383e-04 0.000000000000000000e+00
-7.105158636951148310e+01 -5.778206765951618706e+01 6.782451395781138870e-05 0.000000000000000000e+00
-5.828863134715209071e+01 -5.921033005765269763e+01 1.205440074797627163e-04 0.000000000000000000e+00
-5.085546438097640021e+01 -5.629372086814878173e+01 2.653692907558470246e-04 0.000000000000000000e+00
-6.825440803361971120e+01 -6.835811611839974944e+01 3.052693753667348677e-04 0.000000000000000000e+00
-6.076911172303982767e+01 -6.263246877096410259e+01 8.526141432513646473e-05 0.000000000000000000e+00
-6.176395470256193221e+01 -6.530212157687630281e+01 1.620814187708019256e-04 0.000000000000000000e+00
-6.474327397415208907e+01 -6.381538214504384854e+01 9.718451080806650942e-05 0.000000000000000000e+00
-6.544329900476611783e+01 -6.277524932798053214e+01 7.223248704064114340e-05 0.000000000000000000e+00
-7.385945356701688524e+01 -4.616909000901804916e+01 1.982767078823754082e-04 0.000000000000000000e+00
-6.960335426659025870e+01 -6.768673611607739815e+01 2.070472402666507031e-04 0.000000000000000000e+00
-5.912025497848685518e+01 -6.368791483969051370e+01 8.630533301115656788e-05 0.000000000000000000e+00
-5.652641307500073253e+01 -4.946405021311579731e+01 1.824378990166578593e-04 0.000000000000000000e+00
-6.039080757762519625e+01 -5.318111907421349827e+01 8.297909864649058637e-05 0.000000000000000000e+00
-6.418632776136075790e+01 -6.335309659518369330e+01 7.855113803065502166e-05 0.000000000000000000e+00
-5.697865366562814415e+01 -5.686108323331306735e+01 1.281209387058774196e-04 0.000000000000000000e+00
-5.971510753352811207e+01 -5.583985131068897090e+01 2.154844111862244725e-04 0.000000000000000000e+00
-7.356605028990952633e+01 -5.778611989328472731e+01 7.669853626935582952e-05 0.000000000000000000e+00
-6.637701055060028921e+01 -4.866116673478322951e+01 2.294906193798704988e-04 0.000000000000000000e+00
-6.212031666219797899e+01 -5.766993374103181225e+01 5.520211942216405666e-05 0.000000000000000000e+00
-6.589790333703274428e+01 -5.021414924733856111e+01 1.291488317154572928e-04 0.000000000000000000e+00
-8.162751452382724437e+01 -7.449889467835275525e+01 1.268728250639176460e-04 0.000000000000000000e+00
-5.743838092032456188e+01 -5.642589243653836917e+01 1.632754567422084512e-04 0.000000000000000000e+00
-5.700780186544091066e+01 -5.922973232400262589e+01 1.808739298996543633e-04 0.000000000000000000e+00
-4.673643133466612198e+01 -5.188054013870632986e+01 1.227918314479270251e-04 0.000000000000000000e+00
-4.517256011366600887e+01 -4.514872183520371607e+01 7.213747170157569846e-05 0.000000000000000000e+00
-5.301507609757584305e+01 -5.232839428206951027e+01 7.775244356257651746e-05 0.000000000000000000e+00
-6.242638005313438043e+01 -6.660084350864366343e+01 1.579225263683979618e-04 0.000000000000000000e+00
-8.024097397186449143e+01 -4.339603817273941644e+01 1.900201032943679865e-04 0.000000000000000000e+00
