0.000000000000000000e+00 0.000000000000000000e+00 0.000000000000000000e+00 0.000000000000000000e+00
-1.054177926054870369e+02 -1.053906331613254537e+02 2.391712319907675702e-04 0.000000000000000000e+00
-1.053974385834955854e+02 -1.052441297134752460e+02 2.142837433708455735e-04 0.000000000000000000e+00
-1.025430537906897683e+02 -1.025290836043875515e+02 2.744229632422880930e-04 0.000000000000000000e+00
-1.054264077890202316e+02 -1.053167108844891970e+02 1.963263447208758988e-04 0.000000000000000000e+00
-8.912684140772988428e+01 -8.904571995399626871e+01 1.156139972628084447e-03 0.000000000000000000e+00
-1.000021303013680836e+02 -1.003397856088929387e+02 4.723289666657113934e-04 0.000000000000000000e+00
-9.727984964994361405e+01 -9.718470635992467521e+01 4.073504648573274983e-04 0.000000000000000000e+00
-1.054185926311215695e+02 -1.053376608879104310e+02 1.386645379565402752e-04 0.000000000000000000e+00
-9.984623185833697789e+01 -9.992376235483288838e+01 2.251108587378248995e-04 0.000000000000000000e+00
-9.185293089641211850e+01 -9.153966314660580395e+01 5.688167701466721130e-04 0.000000000000000000e+00
-8.911216490074349394e+01 -8.887612581255824296e+01 2.979589787914243442e-04 0.000000000000000000e+00
-1.080651611162503087e+02 -1.080031909159310715e+02 1.608297928717927446e-04 0.000000000000000000e+00
-9.591566618417009238e+01 -9.595334662560058803e+01 2.805206665720634193e-04 0.000000000000000000e+00
-1.053266011690797228e+02 -1.053213906655260246e+02 1.523338271366795357e-04 0.000000000000000000e+00
-1.026317304965708104e+02 -1.026596715389896133e+02 1.582409405009499361e-04 0.000000000000000000e+00
-1.080211288165753132e+02 -1.079846172552775272e+02 3.816359408892869612e-04 0.000000000000000000e+00
-1.108415105210346070e+02 -1.107346197794372955e+02 1.649915662241025643e-04 0.000000000000000000e+00
-9.723846322137664799e+01 -9.723394299697375232e+01 2.727394484014804754e-04 0.000000000000000000e+00
-1.025031463998147387e+02 -1.025372869343045892e+02 2.758201527664255661e-04 0.000000000000000000e+00
-9.198785503482858417e+01 -9.182295459861975928e+01 2.783171234192951139e-04 0.000000000000000000e+00
-9.702347351869080683e+01 -9.711680151848986497e+01 3.122090423887075939e-04 0.000000000000000000e+00
-9.444375945168782494e+01 -9.435277308472358015e+01 1.856445551161483340e-04 0.000000000000000000e+00
-1.052248458538972500e+02 -1.051665098028351792e+02 2.890122677126479521e-04 0.000000000000000000e+00
-1.080119630909888002e+02 -1.079652600679570185e+02 1.669816151521547661e-04 0.000000000000000000e+00
-1.026540928593944102e+02 -1.025957215845376709e+02 1.677228934840863366e-04 0.000000000000000000e+00
-1.079381143216727565e+02 -1.078815859218782123e+02 1.443188885546082244e-04 0.000000000000000000e+00
-1.000543996266010964e+02 -9.992515117349404363e+01 1.330328015357874186e-04 0.000000000000000000e+00
-1.053313133013303968e+02 -1.053265137320232441e+02 1.570775499270858980e-04 0.000000000000000000e+00
-9.870932244409127065e+01 -9.870344305582712252e+01 2.653646415888693015e-04 0.000000000000000000e+00
-9.874863606941401883e+01 -9.883530259772339832e+01 2.621177617052532585e-04 0.000000000000000000e+00
-9.990533769035413059e+01 -9.986664096939266244e+01 1.304729306749029955e-04 0.000000000000000000e+00
-9.812930848000330286e+01 -9.804137364783690600e+01 3.811501901266640545e-04 0.000000000000000000e+00
-9.717790246924472797e+01 -9.717202926198683599e+01 2.420589976859256743e-04 0.000000000000000000e+00
-1.053320021104803175e+02 -1.053589057530007835e+02 1.437852728256541377e-04 0.000000000000000000e+00
-9.679729226976832024e+01 -9.695717574973321007e+01 2.398424730954563228e-04 0.000000000000000000e+00
-9.974763835961624636e+01 -9.980554275513318885e+01 1.190614691865394371e-04 0.000000000000000000e+00
-1.051714446404775458e+02 -1.051583569116331489e+02 1.441636353368425658e-04 0.000000000000000000e+00
-1.052427802850950087e+02 -1.052038005163601468e+02 1.211520127339597689e-04 0.000000000000000000e+00
-1.026271274219708971e+02 -1.026483455832545673e+02 9.063819717637098324e-05 0.000000000000000000e+00
-1.080422530797267200e+02 -1.080363272602444482e+02 1.185911373420145686e-04 0.000000000000000000e+00
-9.987627643835291735e+01 -9.984063520749398890e+01 8.949093365166444316e-05 0.000000000000000000e+00
-9.420041979423237422e+01 -9.421181425083489103e+01 2.923140209841101813e-04 0.000000000000000000e+00
-1.026247770422727683e+02 -1.026243198762451243e+02 1.449281414498687236e-04 0.000000000000000000e+00
-1.017672014894447159e+02 -1.018419415621226278e+02 4.299485713680024825e-04 0.000000000000000000e+00
-1.081137260324032212e+02 -1.080356208474569115e+02 1.071019968260429638e-04 0.000000000000000000e+00
-1.080001942068171701e+02 -1.079847928819642107e+02 1.209622808133925976e-04 0.000000000000000000e+00
-8.792171367841807239e+01 -8.787870065079161463e+01 1.262776039325392945e-03 0.000000000000000000e+00
-1.080649634686909195e+02 -1.080642498098741129e+02 1.673854388024156382e-04 0.000000000000000000e+00
-9.159420000560417918e+01 -9.160004946812132687e+01 2.079713426472748299e-04 0.000000000000000000e+00
-1.026902307472476821e+02 -1.026390423688407907e+02 9.388698776879664937e-05 0.000000000000000000e+00
-1.107182200150714380e+02 -1.107070898146210425e+02 1.535923508611042245e-04 0.000000000000000000e+00
-9.177836505549055346e+01 -9.165978588212118439e+01 1.741015029579017187e-04 0.000000000000000000e+00
-1.024867810186540851e+02 -1.025364425365515189e+02 1.303039003796561295e-04 0.000000000000000000e+00
-1.053414929708083463e+02 -1.053562527534197812e+02 1.247593930000489562e-04 0.000000000000000000e+00
-9.989004299901124284e+01 -9.980070154020418727e+01 1.549488933466942214e-04 0.000000000000000000e+00
-1.107481474705941480e+02 -1.106905254537558534e+02 1.159111020715827080e-04 0.000000000000000000e+00
-1.080041072087381622e+02 -1.080150489397355784e+02 1.023346664626119992e-04 0.000000000000000000e+00
-1.080119649192403699e+02 -1.080108222009276062e+02 8.940527462350651396e-05 0.000000000000000000e+00
-1.025156362951391884e+02 -1.025090223151626958e+02 1.129551114070756273e-04 0.000000000000000000e+00
-1.026641237642681972e+02 -1.026450568186712218e+02 1.062823016203127881e-04 0.000000000000000000e+00
-1.026558039810567067e+02 -1.026730970065698472e+02 1.042162882578388561e-04 0.000000000000000000e+00
-1.052363205920726301e+02 -1.051909782737575085e+02 7.731568613635808531e-05 0.000000000000000000e+00
-9.708630460632221570e+01 -9.711544278173286671e+01 1.550938956775384583e-04 0.000000000000000000e+00
-1.000061822812010348e+02 -9.994178191639637987e+01 1.121065315128551862e-04 0.000000000000000000e+00
-1.079967015185036701e+02 -1.079963798239974153e+02 1.661835539302185933e-04 0.000000000000000000e+00
-1.053412123782648422e+02 -1.053684302026746451e+02 1.041264111292760757e-04 0.000000000000000000e+00
-1.067047898168941487e+02 -1.066519118699807223e+02 2.523352552259530181e-04 0.000000000000000000e+00
-1.052939507606729563e+02 -1.052742965225234570e+02 9.481815591779312069e-05 0.000000000000000000e+00
-1.079936072182131994e+02 -1.079957332023362824e+02 1.581768764501627691e-04 0.000000000000000000e+00
-1.052938107159285437e+02 -1.052744662771914221e+02 8.576942245013098674e-05 0.000000000000000000e+00
-9.419229655113255717e+01 -9.421136378864021310e+01 2.638230911853192760e-04 0.000000000000000000e+00
-1.080399640437484834e+02 -1.080258388692821256e+02 6.985632581850065499e-05 0.000000000000000000e+00
-9.838328470022939598e+01 -9.844462364330057369e+01 3.396244660668090742e-04 0.000000000000000000e+00
-1.053164487099206497e+02 -1.053113185368695639e+02 1.051026339527076826e-04 0.000000000000000000e+00
-9.168966519865503528e+01 -9.167772748531233162e+01 1.537968337602930275e-04 0.000000000000000000e+00
-1.027002994594276117e+02 -1.027172803421939307e+02 1.658963796161074954e-04 0.000000000000000000e+00
-1.026476709579354463e+02 -1.025918944748471517e+02 7.408607165486041208e-05 0.000000000000000000e+00
-1.080525790369825501e+02 -1.080602860360816067e+02 8.924021668006182513e-05 0.000000000000000000e+00
-7.192471950052728857e+01 -7.243588129243254059e+01 2.900336950697017090e-03 2.000000000000000000e+00
-1.107098215207070098e+02 -1.107157558113660656e+02 1.216028274695305503e-04 0.000000000000000000e+00
-1.052750471101169012e+02 -1.053035653311360704e+02 1.136401602549688304e-04 0.000000000000000000e+00
-1.026846402661277438e+02 -1.026751152624109835e+02 8.326194861967838880e-05 0.000000000000000000e+00
-1.024995528780443266e+02 -1.024970215584226167e+02 9.641430665755559284e-05 0.000000000000000000e+00
-9.583078612298771759e+01 -9.595942300487131149e+01 1.336191469794101110e-04 0.000000000000000000e+00
-9.719815707217098577e+01 -9.724783794207658616e+01 1.890218094610857981e-04 0.000000000000000000e+00
-1.079909090938818679e+02 -1.079907019356571993e+02 7.707216572946374558e-05 0.000000000000000000e+00
-9.445640651327643411e+01 -9.448547555556920940e+01 1.981674143336095652e-04 0.000000000000000000e+00
-1.052246718081164829e+02 -1.052426166150455202e+02 1.050211144334277635e-04 0.000000000000000000e+00
-1.053328935588146322e+02 -1.053463469868902251e+02 7.380116639516051539e-05 0.000000000000000000e+00
-1.025128608384730597e+02 -1.025284610472834999e+02 8.499843416914432321e-05 0.000000000000000000e+00
-8.893805424334455267e+01 -8.892620289815484114e+01 1.227541271018362825e-04 0.000000000000000000e+00
-1.053379585116578596e+02 -1.053297417317389773e+02 5.279539135315342106e-05 0.000000000000000000e+00
-1.134184608875995792e+02 -1.134385560075257047e+02 1.745215646363145834e-04 0.000000000000000000e+00
-9.969330830983493286e+01 -9.969999210226960429e+01 9.548203478364875822e-05 0.000000000000000000e+00
-1.107804144645400868e+02 -1.107768217632665966e+02 2.225774832928931527e-04 0.000000000000000000e+00
-1.079654757519074906e+02 -1.079743717715886078e+02 9.944528810679254037e-05 0.000000000000000000e+00
-9.989331299782826079e+01 -9.993072704534272077e+01 1.429967564193971414e-04 0.000000000000000000e+00
-9.987466127938313321e+01 -9.985800156982656972e+01 1.124178793635083659e-04 0.000000000000000000e+00
-9.976193185933072982e+01 -9.978445316729667525e+01 1.111024662900491695e-04 0.000000000000000000e+00
-1.079863758838828716e+02 -1.079870685670211969e+02 6.218143779553660534e-05 0.000000000000000000e+00
-1.052306378168708250e+02 -1.052264258752094577e+02 1.035807866913513250e-04 0.000000000000000000e+00
-1.080637152064784630e+02 -1.080385835290031054e+02 6.205174619378264593e-05 0.000000000000000000e+00
-9.708975209176163901e+01 -9.709480557020596336e+01 1.530137522318484461e-04 0.000000000000000000e+00
-1.080464176570152404e+02 -1.080469996523326586e+02 7.012356237692107938e-05 0.000000000000000000e+00
-1.080636412762110297e+02 -1.080408952252484340e+02 6.178551988004601426e-05 0.000000000000000000e+00
-9.994694527115072447e+01 -9.992768938329548689e+01 1.518204594337638940e-04 0.000000000000000000e+00
-1.028591289622936671e+02 -1.029769152057144055e+02 2.505420838819460679e-04 0.000000000000000000e+00
-1.080651466737086679e+02 -1.080458615246933078e+02 5.962320593825433228e-05 0.000000000000000000e+00
-1.080343973574662897e+02 -1.080310871746126651e+02 6.087770699114709020e-05 0.000000000000000000e+00
-9.453261322160763314e+01 -9.440982993017013314e+01 1.459160565757659669e-04 0.000000000000000000e+00
-1.053335860569875706e+02 -1.053465558112635279e+02 6.754582875477715736e-05 0.000000000000000000e+00
-9.719487603081897475e+01 -9.722060800364313593e+01 1.183427172084883315e-04 0.000000000000000000e+00
-1.080498757220491939e+02 -1.080499686239344328e+02 8.484615064025342521e-05 0.000000000000000000e+00
-1.053285455660809475e+02 -1.052542517404517071e+02 6.825042206357132685e-05 0.000000000000000000e+00
-1.043366172790707225e+02 -1.044582223899928266e+02 2.976433605506747073e-04 0.000000000000000000e+00
-1.134308874106239386e+02 -1.134395836405010982e+02 1.391747076801559777e-04 0.000000000000000000e+00
-1.026423809302610266e+02 -1.026528713926143865e+02 7.112492900234603053e-05 0.000000000000000000e+00
-1.080587282186275075e+02 -1.080571099994919706e+02 1.246136727326566443e-04 0.000000000000000000e+00
-9.929606945000656992e+01 -9.931803811089714884e+01 2.111340210711072629e-04 0.000000000000000000e+00
-9.981336785853375204e+01 -9.983681508749485545e+01 1.029677354799072068e-04 0.000000000000000000e+00
-7.272138038510952640e+01 -7.259585594006409792e+01 5.436770546892971505e-04 1.500000000000000000e+01
-1.054124134582154682e+02 -1.054231493935928654e+02 9.501848267096160694e-05 0.000000000000000000e+00
-1.080171659861153870e+02 -1.080214248970693092e+02 1.213585176104975128e-04 0.000000000000000000e+00
-1.134344443645211982e+02 -1.134424075179212394e+02 1.269238434999155356e-04 0.000000000000000000e+00
-1.107441943905243846e+02 -1.106989110341046967e+02 7.268111371522509323e-05 0.000000000000000000e+00
-9.604417074581053271e+01 -9.609682758201206809e+01 1.864565190506965123e-04 0.000000000000000000e+00
-1.079926302262546187e+02 -1.079998386458919981e+02 6.614355052266572348e-05 0.000000000000000000e+00
-1.054182468647355080e+02 -1.054235406365758223e+02 9.551467067208925608e-05 0.000000000000000000e+00
-1.025838225115827953e+02 -1.026018259765427132e+02 8.649188881558400805e-05 0.000000000000000000e+00
-1.080978036721125335e+02 -1.080979760924804083e+02 1.571578260554760563e-04 0.000000000000000000e+00
-1.053373993527718540e+02 -1.053405034207587789e+02 5.044687822786702767e-05 0.000000000000000000e+00
-9.728416605104490600e+01 -9.729676794420096542e+01 1.097181044120375238e-04 0.000000000000000000e+00
-9.595551831360188544e+01 -9.599638703224330527e+01 2.094467801471949330e-04 0.000000000000000000e+00
-1.052377643477139628e+02 -1.052227062405386704e+02 7.310532765404529265e-05 0.000000000000000000e+00
-9.977105820529212110e+01 -9.977984373744193647e+01 9.767879893175325566e-05 0.000000000000000000e+00
-1.053150594746156372e+02 -1.053100775916492040e+02 4.796148631315543269e-05 0.000000000000000000e+00
-1.025107372043976994e+02 -1.025208555738429652e+02 7.152561952048068245e-05 0.000000000000000000e+00
-1.079936102679225485e+02 -1.079959303304321452e+02 5.906614481704119165e-05 0.000000000000000000e+00
-1.053069428103351868e+02 -1.053208751403515890e+02 6.064662859864510230e-05 0.000000000000000000e+00
-1.040597499650376818e+02 -1.041310555162204139e+02 1.744072150511971587e-04 0.000000000000000000e+00
-1.042260412561532235e+02 -1.043506589344659119e+02 1.455821062408109380e-04 0.000000000000000000e+00
-1.025741059812832674e+02 -1.025712961432712973e+02 1.877580275304059068e-04 0.000000000000000000e+00
-1.080412991440960724e+02 -1.080514253588543596e+02 7.072612514129984285e-05 0.000000000000000000e+00
-9.992576966411039052e+01 -9.991972123659647309e+01 7.876522223944987450e-05 0.000000000000000000e+00
-1.018015257606104740e+02 -1.017384194245003783e+02 1.794104334394433183e-04 0.000000000000000000e+00
-1.040833058853627904e+02 -1.041282321325604840e+02 1.484413466738672633e-04 0.000000000000000000e+00
-1.080845542424656429e+02 -1.080933477943017635e+02 9.505979808339861531e-05 0.000000000000000000e+00
-1.053163746664029645e+02 -1.053057286222681483e+02 3.976262134034587675e-05 0.000000000000000000e+00
-1.080543472341904163e+02 -1.080301071926582921e+02 4.882850530372852076e-05 0.000000000000000000e+00
-1.079589790233152655e+02 -1.079183190570194029e+02 6.596961078037246406e-05 0.000000000000000000e+00
-9.984700464955250254e+01 -9.985533821363098639e+01 8.068411270302761724e-05 0.000000000000000000e+00
-1.020009882718479872e+02 -1.019373215657117839e+02 1.464440101109598896e-04 0.000000000000000000e+00
-1.080262330014382570e+02 -1.079993241666814470e+02 5.368363317105433863e-05 0.000000000000000000e+00
-1.024692040240983602e+02 -1.024741820895248452e+02 7.650946472716291615e-05 0.000000000000000000e+00
-1.053448829752308882e+02 -1.053539651781471065e+02 8.219217389738191551e-05 0.000000000000000000e+00
-1.107725218680306796e+02 -1.107715649615279290e+02 7.319557843760020647e-05 0.000000000000000000e+00
-1.080442206693122245e+02 -1.080463818602824944e+02 5.617973140255694655e-05 0.000000000000000000e+00
-1.025218150599076665e+02 -1.025320325625432218e+02 6.961626195681057839e-05 0.000000000000000000e+00
-1.053925439404496842e+02 -1.054011285479621449e+02 6.992986351942584639e-05 0.000000000000000000e+00
-9.910901215229299055e+01 -9.913112379917815531e+01 1.536512800830127550e-04 0.000000000000000000e+00
-1.080562178797225528e+02 -1.080532166400265197e+02 8.134917030364692721e-05 0.000000000000000000e+00
-1.026069209734391023e+02 -1.026167647956258548e+02 6.327590583576622534e-05 0.000000000000000000e+00
-9.977068454343627479e+01 -9.978917832352991013e+01 8.455795119288537218e-05 0.000000000000000000e+00
-1.026496893067581055e+02 -1.026661252471002115e+02 5.504054075318088902e-05 0.000000000000000000e+00
-1.080962503356207804e+02 -1.080747701014436331e+02 6.155148703634808068e-05 0.000000000000000000e+00
-1.080962049606074515e+02 -1.080987495588844922e+02 1.562883970775764183e-04 0.000000000000000000e+00
-1.053603842431340070e+02 -1.053402471437089929e+02 8.313600214106596855e-05 0.000000000000000000e+00
-9.973405867403543823e+01 -9.974629029572348315e+01 6.078697626145518476e-05 0.000000000000000000e+00
-1.053416254832780368e+02 -1.053400558485664504e+02 5.805646440215776239e-05 0.000000000000000000e+00
-5.569450005400830150e+01 -5.562767258194563169e+01 8.401688996763530259e-04 1.000000000000000000e+00
-1.053163078420162293e+02 -1.053188532869912279e+02 5.555995016646037834e-05 0.000000000000000000e+00
-1.052610130091109681e+02 -1.052389881180061479e+02 7.698927883817973663e-05 0.000000000000000000e+00
-1.025147076622199904e+02 -1.025051050025579116e+02 6.357144226797794206e-05 0.000000000000000000e+00
-1.080890377705632943e+02 -1.080942523177993166e+02 8.724456624237703637e-05 0.000000000000000000e+00
-1.080451476224469900e+02 -1.080490396404329374e+02 5.063777222845953271e-05 0.000000000000000000e+00
-1.026323903917256359e+02 -1.026470894596299388e+02 6.510734435602512512e-05 0.000000000000000000e+00
-1.052552022641965976e+02 -1.052621840885537239e+02 8.618250085750525972e-05 0.000000000000000000e+00
-9.719415650406381246e+01 -9.720936062609430905e+01 8.277797567738157634e-05 0.000000000000000000e+00
-1.052478805469692418e+02 -1.052335056579342734e+02 6.472078054552474332e-05 0.000000000000000000e+00
-1.080720451178591190e+02 -1.080661575069392768e+02 7.126035512223723200e-05 0.000000000000000000e+00
-1.080129256408277314e+02 -1.080161433084855673e+02 6.484351969921203914e-05 0.000000000000000000e+00
-1.053171296182845111e+02 -1.053245970796622686e+02 4.231712552324950419e-05 0.000000000000000000e+00
-1.079960902562326481e+02 -1.080009590714397092e+02 5.538756103483376042e-05 0.000000000000000000e+00
-1.025777055422293529e+02 -1.025881847723747171e+02 6.632844634143866857e-05 0.000000000000000000e+00
-1.054104817328286430e+02 -1.054072228268953637e+02 6.931695137768119645e-05 0.000000000000000000e+00
-9.711145282469257722e+01 -9.711444122606272344e+01 1.650051191554820272e-04 0.000000000000000000e+00
-1.053179701751650015e+02 -1.053224512029305515e+02 6.718084122763120505e-05 0.000000000000000000e+00
-1.079132832230356911e+02 -1.079191035946818857e+02 7.742508711288363654e-05 0.000000000000000000e+00
-1.053451060759774833e+02 -1.053311399779705653e+02 3.929579310737123634e-05 0.000000000000000000e+00
-1.053182148044141826e+02 -1.053222926245821185e+02 4.683245198332912238e-05 0.000000000000000000e+00
-1.040945791846464488e+02 -1.041198300301477246e+02 1.438905695539206071e-04 0.000000000000000000e+00
-9.973077039791955656e+01 -9.974468306175549515e+01 9.094164881484037739e-05 0.000000000000000000e+00
-1.080240173413909872e+02 -1.079999662116754706e+02 4.253809015578669049e-05 0.000000000000000000e+00
-9.985717452192785970e+01 -9.985174640781140454e+01 4.930943068281150180e-05 0.000000000000000000e+00
-1.042019108310681474e+02 -1.041749214512103379e+02 4.528177415644639675e-04 0.000000000000000000e+00
-1.080405150378162631e+02 -1.080464268778844570e+02 5.377231591398954767e-05 0.000000000000000000e+00
-1.025805875130345015e+02 -1.025886394336481544e+02 7.022419441042456422e-05 0.000000000000000000e+00
-1.026341205762195585e+02 -1.026428576906562142e+02 9.145837357224582791e-05 0.000000000000000000e+00
-1.053292608984444030e+02 -1.053339632170565210e+02 5.817914943982175019e-05 0.000000000000000000e+00
-1.052517548838080472e+02 -1.052572290174788634e+02 6.172900134064476308e-05 0.000000000000000000e+00
-1.025361134517797552e+02 -1.025389109319009293e+02 7.463392031361867701e-05 0.000000000000000000e+00
-1.025799728256964158e+02 -1.025924309825659293e+02 5.670725533075549193e-05 0.000000000000000000e+00
-1.018021487250392880e+02 -1.018242286548792066e+02 1.617549065101698636e-04 0.000000000000000000e+00
-1.054180594714707695e+02 -1.054297657224393419e+02 8.120983154115854973e-05 0.000000000000000000e+00
-1.080456540098114289e+02 -1.080539294317364778e+02 5.085512426168516342e-05 0.000000000000000000e+00
-1.080379293188814671e+02 -1.080477931342078364e+02 6.207076057052441449e-05 0.000000000000000000e+00
-1.080529584720935219e+02 -1.080550728599064030e+02 5.583749733289300856e-05 0.000000000000000000e+00
-1.025187378317267104e+02 -1.025292405337019801e+02 5.434333157246631961e-05 0.000000000000000000e+00
-1.079997766903621255e+02 -1.079991323178873017e+02 4.946784807007044031e-05 0.000000000000000000e+00
-1.080438888773544619e+02 -1.080536223952090040e+02 5.316054885351541065e-05 0.000000000000000000e+00
-1.107899980867594678e+02 -1.107530312262585426e+02 5.525034997027549155e-05 0.000000000000000000e+00
-1.024473810669836382e+02 -1.024628328500769925e+02 9.212955658457638614e-05 0.000000000000000000e+00
-1.107138173874256637e+02 -1.107151478563151841e+02 7.085757468438929881e-05 0.000000000000000000e+00
-1.107868016069864865e+02 -1.107533932935332217e+02 5.362153506635956016e-05 0.000000000000000000e+00
-1.053466582090887300e+02 -1.053548136308175600e+02 4.027139645782101433e-05 0.000000000000000000e+00
-1.025348639926307754e+02 -1.025374169158784099e+02 3.918741356908055518e-05 0.000000000000000000e+00
-1.134678830186149696e+02 -1.134246500210207671e+02 7.669537555463717645e-05 0.000000000000000000e+00
-1.080948935892534877e+02 -1.080958382514440075e+02 8.085540192278617454e-05 0.000000000000000000e+00
-1.080011866424733711e+02 -1.079990320076969539e+02 5.108001667771274427e-05 0.000000000000000000e+00
-1.080703958478663935e+02 -1.080721646568862724e+02 5.686936659406523789e-05 0.000000000000000000e+00
-1.080890676505182597e+02 -1.080956789806512717e+02 7.880883596383504253e-05 0.000000000000000000e+00
-1.080734935063961899e+02 -1.080454491896407347e+02 5.034069234770977138e-05 0.000000000000000000e+00
-1.080634567782919504e+02 -1.080697888461291143e+02 4.935717855232090009e-05 0.000000000000000000e+00
-1.025575456882461935e+02 -1.025656513172022102e+02 7.118588053159038065e-05 0.000000000000000000e+00
-1.015231253964076927e+02 -1.014957040741739149e+02 1.973013542994492763e-04 0.000000000000000000e+00
-1.053066163793847920e+02 -1.052930452130959651e+02 9.265998184437776854e-05 0.000000000000000000e+00
-1.080184056466886346e+02 -1.080223045082572639e+02 8.337007595262042360e-05 0.000000000000000000e+00
-1.025532509068657276e+02 -1.025583402810004259e+02 4.720747954949169347e-05 0.000000000000000000e+00
-1.080226053366908872e+02 -1.080232078196840320e+02 6.042899758526654804e-05 0.000000000000000000e+00
-1.053357408598604650e+02 -1.053394752006714015e+02 6.034777945084952990e-05 0.000000000000000000e+00
-1.009714333654741552e+02 -1.009937080934179647e+02 3.007121215411135621e-04 0.000000000000000000e+00
-1.044124487515076396e+02 -1.044733930158307231e+02 1.902114554616891960e-04 0.000000000000000000e+00
-1.107709128042606039e+02 -1.107728351564887959e+02 6.113420716212094133e-05 0.000000000000000000e+00
-1.053475669300201645e+02 -1.053544111700468306e+02 3.968721964861173928e-05 0.000000000000000000e+00
-1.080479808436132316e+02 -1.080500821899469059e+02 5.370386866856451309e-05 0.000000000000000000e+00
-1.019035930086428152e+02 -1.018909355267398240e+02 1.560753957918071372e-04 0.000000000000000000e+00
-1.081150599585438670e+02 -1.081186725915834757e+02 7.364879360845930025e-05 0.000000000000000000e+00
-1.079904434569995857e+02 -1.079939717314120173e+02 5.802906783675462207e-05 0.000000000000000000e+00
-1.052348732548963284e+02 -1.052424049988611614e+02 7.836137578815772998e-05 0.000000000000000000e+00
-1.079653633187286488e+02 -1.079631951937841023e+02 7.895412565201494638e-05 0.000000000000000000e+00
-9.978003033780002795e+01 -9.977771822047310479e+01 2.099933046843103677e-04 0.000000000000000000e+00
-1.080222879942644312e+02 -1.080236727469779225e+02 5.784589703068656680e-05 0.000000000000000000e+00
-1.079979291628435476e+02 -1.079989571034030433e+02 4.121006178035817319e-05 0.000000000000000000e+00
-1.080870308976642349e+02 -1.080961002548924910e+02 7.248853540320976472e-05 0.000000000000000000e+00
-1.107701049535107387e+02 -1.107685580230104279e+02 6.196328019715045105e-05 0.000000000000000000e+00
-7.701045622856126727e+01 -7.708449760254207206e+01 2.025444612124486349e-04 1.000000000000000000e+00
-9.993524876493158615e+01 -9.992348605210241885e+01 8.105463037968013696e-05 0.000000000000000000e+00
-1.080582481745598074e+02 -1.080304790581720482e+02 4.062924772005665298e-05 0.000000000000000000e+00
-1.034081535655340360e+02 -1.034274696299581819e+02 1.757299530833851195e-04 0.000000000000000000e+00
-1.040715160360862228e+02 -1.041022958400303509e+02 1.169355634163427867e-04 0.000000000000000000e+00
-9.977186553422230020e+01 -9.972802928152842128e+01 1.806829023729590047e-04 2.000000000000000000e+00
-9.979981814683142716e+01 -9.980142412387921524e+01 8.413460981659620446e-05 0.000000000000000000e+00
-1.054187772235290765e+02 -1.054302715666581918e+02 7.431180029004884390e-05 0.000000000000000000e+00
-1.014235166542807320e+02 -1.014343987318542872e+02 1.031825389797557942e-04 0.000000000000000000e+00
-1.010327136838254347e+02 -1.010495201085282986e+02 9.183733251845544658e-05 0.000000000000000000e+00
-1.041300892981317077e+02 -1.041392067764147100e+02 1.237312959995271063e-04 0.000000000000000000e+00
-1.053029775662015197e+02 -1.053131139461979586e+02 6.934564081063535708e-05 0.000000000000000000e+00
-1.024882267554836091e+02 -1.026577990551592166e+02 1.536646880479768270e-04 0.000000000000000000e+00
-1.017971846015498159e+02 -1.017974242578240336e+02 1.706327719564864069e-04 0.000000000000000000e+00
-9.918586880874056533e+01 -9.917296880248817104e+01 1.558836867305268803e-04 0.000000000000000000e+00
-1.053312841786350020e+02 -1.053322152813563548e+02 5.008787671335257409e-05 0.000000000000000000e+00
-1.107428065465341831e+02 -1.107031960950475877e+02 4.993083285227589208e-05 0.000000000000000000e+00
-1.107689052923378057e+02 -1.107712309295532265e+02 5.253268225189326344e-05 0.000000000000000000e+00
-1.107271530511332003e+02 -1.107278358856327003e+02 1.175520165084993900e-04 0.000000000000000000e+00
-1.080636880900465258e+02 -1.080666776223895056e+02 4.993178673407778703e-05 0.000000000000000000e+00
-9.629503774266929383e+01 -9.630869219329544251e+01 3.830464296579658948e-04 0.000000000000000000e+00
-1.080254221501534460e+02 -1.079890480642768296e+02 4.728598303490169554e-05 0.000000000000000000e+00
-1.080983129907603768e+02 -1.080750631757933178e+02 5.185848909763791627e-05 0.000000000000000000e+00
-9.982914981857695125e+01 -9.983886380431191299e+01 6.680121092782913045e-05 0.000000000000000000e+00
-1.052723751579226104e+02 -1.052758057477711731e+02 4.377726324760767022e-05 0.000000000000000000e+00
-1.107221844151026318e+02 -1.107239048676863149e+02 5.512136613000223471e-05 0.000000000000000000e+00
-1.014295333698200068e+02 -1.014479800425552867e+02 1.107472715700115977e-04 0.000000000000000000e+00
-1.081328189436989362e+02 -1.081044658627562001e+02 5.910012621122856134e-05 0.000000000000000000e+00
-1.026775194814078560e+02 -1.026895805628361984e+02 6.025068341011040438e-05 0.000000000000000000e+00
-1.080714364085962842e+02 -1.080719332939748512e+02 5.205925558002423700e-05 0.000000000000000000e+00
-9.997598997753819106e+01 -9.999241920991090637e+01 9.875674290885356305e-05 0.000000000000000000e+00
-1.052842566581557691e+02 -1.052610765457201865e+02 4.452898194814256010e-05 0.000000000000000000e+00
-1.052807304032993585e+02 -1.052797589572006842e+02 5.224143526562745197e-05 0.000000000000000000e+00
-9.979124103909671817e+01 -9.978610265954746694e+01 6.253127640387091642e-05 0.000000000000000000e+00
-9.861135171012999479e+01 -9.867564148403219804e+01 1.391349760037133819e-04 0.000000000000000000e+00
-1.005154933317644605e+02 -1.005544789015165037e+02 1.338473967069509342e-04 0.000000000000000000e+00
-1.052320905349525901e+02 -1.052418916420119217e+02 6.526271929840901588e-05 0.000000000000000000e+00
-9.977395650744652755e+01 -9.977395031890293353e+01 1.680964900692948625e-04 0.000000000000000000e+00
-1.080475515449889912e+02 -1.080509937316826949e+02 4.669311850818373672e-05 0.000000000000000000e+00
-9.992984718702879832e+01 -9.995091511259535366e+01 8.189400552988165946e-05 0.000000000000000000e+00
-1.080680894878795328e+02 -1.080679835967713842e+02 5.456278352892031061e-05 0.000000000000000000e+00
-1.053876361150184238e+02 -1.053848640509555423e+02 5.006293098470857808e-05 0.000000000000000000e+00
-1.068216685914681534e+02 -1.068286909281711132e+02 1.025012742193495658e-04 0.000000000000000000e+00
-1.052929234483316634e+02 -1.052722507954347151e+02 3.884338454055760693e-05 0.000000000000000000e+00
-9.990565844541143292e+01 -9.989570090056434992e+01 1.403130950438539277e-04 0.000000000000000000e+00
-9.981528178614547642e+01 -9.983066371673228900e+01 6.314278923041326795e-05 0.000000000000000000e+00
-1.107721917782996996e+02 -1.107732530881719271e+02 5.202936054241744037e-05 0.000000000000000000e+00
-1.034912830088233306e+02 -1.034243618939020735e+02 1.131520354720879983e-04 0.000000000000000000e+00
-9.983799620610439263e+01 -9.984920029704522904e+01 6.515566598197313711e-05 0.000000000000000000e+00
-1.053164771891826348e+02 -1.053223090004781426e+02 4.466002060115884984e-05 0.000000000000000000e+00
-1.080666178907680717e+02 -1.080701977343505575e+02 4.138301434752279009e-05 0.000000000000000000e+00
-9.914077190705027931e+01 -9.916202468641479584e+01 1.383546119680417361e-04 0.000000000000000000e+00
-9.687595167943915442e+01 -9.688460937419480956e+01 2.157307247771196373e-04 0.000000000000000000e+00
-1.053264563788894179e+02 -1.053325286276586610e+02 4.217409291120326014e-05 0.000000000000000000e+00
-1.107216255715665909e+02 -1.107241690138539241e+02 5.323839775318955735e-05 0.000000000000000000e+00
-5.833703231211147511e+01 -5.848429492810861774e+01 1.054433206093884166e-03 6.000000000000000000e+00
-1.054175682652675334e+02 -1.054263662292045893e+02 6.053919554319188613e-05 0.000000000000000000e+00
-1.080913956661946145e+02 -1.080955209476808960e+02 6.726850509507564867e-05 0.000000000000000000e+00
-1.053018643718707210e+02 -1.053048878526642795e+02 5.473914944413450898e-05 0.000000000000000000e+00
-1.080479275275828996e+02 -1.080512672289151084e+02 4.493433730719375977e-05 0.000000000000000000e+00
-1.053890817299048450e+02 -1.053952257305922302e+02 6.368207849331260293e-05 0.000000000000000000e+00
-9.424072047143980058e+01 -9.425369122174966208e+01 1.515714679139612965e-04 0.000000000000000000e+00
-1.107226257845797335e+02 -1.107218234558895631e+02 1.014800038859660364e-04 0.000000000000000000e+00
-1.079851242859471938e+02 -1.079896983478642198e+02 5.269038587862347319e-05 0.000000000000000000e+00
-1.080496690508340691e+02 -1.080547169932941642e+02 4.067055822053002360e-05 0.000000000000000000e+00
-1.053931179664835298e+02 -1.053993840934219719e+02 5.720707062619848928e-05 0.000000000000000000e+00
-1.079905920870352958e+02 -1.079952463032400658e+02 4.350276170085334929e-05 0.000000000000000000e+00
-1.107220286054674574e+02 -1.107243331569245015e+02 5.156885223439132534e-05 0.000000000000000000e+00
-1.080161949573736990e+02 -1.080193862598306538e+02 4.145133310655640355e-05 0.000000000000000000e+00
-1.079928569348770679e+02 -1.079954559531583556e+02 3.991684277794509654e-05 0.000000000000000000e+00
-1.025481379949102774e+02 -1.025550457380958846e+02 4.304448476946613603e-05 0.000000000000000000e+00
-9.913052474130631708e+01 -9.914658643248746728e+01 1.151896092135187545e-04 0.000000000000000000e+00
-1.080980461889200654e+02 -1.081002788359398750e+02 6.089936770923133033e-05 0.000000000000000000e+00
-1.053526455808362812e+02 -1.053575949483036851e+02 4.313000497920518097e-05 0.000000000000000000e+00
-9.981817655590836580e+01 -9.982626870083788617e+01 3.990651015403618953e-05 0.000000000000000000e+00
-9.716985795422124284e+01 -9.718070770879904785e+01 8.931943960188594293e-05 0.000000000000000000e+00
-1.025448332201704886e+02 -1.025518471543307726e+02 4.840560964311564103e-05 0.000000000000000000e+00
-1.054022419565540503e+02 -1.054067810905465308e+02 8.094900462346849208e-05 0.000000000000000000e+00
-1.052756903968353726e+02 -1.052802115356105190e+02 4.711670471717181887e-05 0.000000000000000000e+00
-1.043314191922882230e+02 -1.043410474883252874e+02 1.505669264332875419e-04 0.000000000000000000e+00
-1.026278628006962492e+02 -1.026334677805314470e+02 4.728460597717001684e-05 0.000000000000000000e+00
-1.025674806602006726e+02 -1.025686966670041613e+02 7.372935697616172298e-05 0.000000000000000000e+00
-9.863434655705047760e+01 -9.861716342256018208e+01 1.526639069023547394e-04 0.000000000000000000e+00
-1.018435146299302829e+02 -1.017818648048425416e+02 9.189780604636763658e-05 0.000000000000000000e+00
-1.079690046245891892e+02 -1.079696937653878877e+02 5.482100142578936645e-05 0.000000000000000000e+00
-9.960047910460248488e+01 -9.961442812623384668e+01 1.710250517408289843e-04 0.000000000000000000e+00
-1.026370553780534891e+02 -1.026493408808260597e+02 6.616364924891170933e-05 0.000000000000000000e+00
-1.025563979567368165e+02 -1.025621888563679818e+02 4.093923260903481237e-05 0.000000000000000000e+00
-9.923064899121631299e+01 -9.923239878361628996e+01 9.548267139039997274e-05 0.000000000000000000e+00
-9.984357209332530658e+01 -9.981315645688245297e+01 5.090284538371943665e-05 0.000000000000000000e+00
-1.025450390224329027e+02 -1.025446951200097487e+02 6.168868371054172400e-05 0.000000000000000000e+00
-1.052837585888323844e+02 -1.052906820240803683e+02 5.594286389147298631e-05 0.000000000000000000e+00
-1.107222915717195946e+02 -1.107245938774168081e+02 5.031046241911792799e-05 0.000000000000000000e+00
-1.053203511541627080e+02 -1.053252232533674970e+02 5.182537745960739278e-05 0.000000000000000000e+00
-7.147523698397712621e+01 -7.138509653704583968e+01 4.800800715926870988e-04 2.000000000000000000e+00
-1.107725438951072618e+02 -1.107738974932324396e+02 4.864786524633623910e-05 0.000000000000000000e+00
-9.968323231502809278e+01 -9.966337747602135266e+01 2.273461556362863715e-04 0.000000000000000000e+00
-1.079198111155138946e+02 -1.079193029427358539e+02 6.400526801051885600e-05 0.000000000000000000e+00
-9.992688861912124310e+01 -9.992902142616965477e+01 6.386918338594969012e-05 0.000000000000000000e+00
-1.024396433780182463e+02 -1.024418480958023139e+02 7.544638840333748274e-05 0.000000000000000000e+00
-1.079299332873746238e+02 -1.079372323309038677e+02 6.871651056296434036e-05 0.000000000000000000e+00
-1.052631945488050036e+02 -1.052667619387983677e+02 5.534428180651852726e-05 0.000000000000000000e+00
-9.984463396320826689e+01 -9.984868681475857954e+01 6.765473444622459439e-05 0.000000000000000000e+00
-1.052660477010487767e+02 -1.052701020283529516e+02 4.065991608574130028e-05 0.000000000000000000e+00
-1.052747310897485562e+02 -1.052804843935685284e+02 4.830875908451003081e-05 0.000000000000000000e+00
-9.736659297772958155e+01 -9.733211053925161593e+01 9.306952032335253245e-05 0.000000000000000000e+00
-1.051538201760310329e+02 -1.051597438932712976e+02 1.010401053859153077e-04 0.000000000000000000e+00
-9.718506304830083309e+01 -9.719088177823361718e+01 1.229851539216055120e-04 0.000000000000000000e+00
-1.079928061257136278e+02 -1.079964872800231603e+02 4.231790734243273634e-05 0.000000000000000000e+00
-1.053246968183646288e+02 -1.053315055353073717e+02 3.967536935572236703e-05 0.000000000000000000e+00
-1.053515069873342327e+02 -1.053562789327228586e+02 3.832927273597055219e-05 0.000000000000000000e+00
-1.025520747518244207e+02 -1.025569255859041533e+02 4.199505328795351782e-05 0.000000000000000000e+00
-9.996890856628465372e+01 -9.995492066408526455e+01 8.817367816602721153e-05 0.000000000000000000e+00
-1.025781592734796988e+02 -1.025876676008591204e+02 4.083144125550625076e-05 0.000000000000000000e+00
-1.052968349655925522e+02 -1.052984630285782259e+02 5.406514310696309975e-05 0.000000000000000000e+00
-1.025864309112444346e+02 -1.026006324665075624e+02 7.486547144904247969e-05 0.000000000000000000e+00
-1.052272213801796283e+02 -1.052285333672403169e+02 5.799498818605334496e-05 0.000000000000000000e+00
-1.025179620808140299e+02 -1.025198607026903233e+02 6.420319247215116774e-05 0.000000000000000000e+00
-1.025574907737843091e+02 -1.025670646927459728e+02 4.807848979209346918e-05 0.000000000000000000e+00
-9.342553503975965157e+01 -9.348210933097925590e+01 2.269425493511353247e-04 0.000000000000000000e+00
-9.453318831427550606e+01 -9.455899996338369817e+01 9.258936301991902026e-05 0.000000000000000000e+00
-1.053265599373145562e+02 -1.053311948225112076e+02 3.593332451274690466e-05 0.000000000000000000e+00
-1.025550888996766474e+02 -1.025603512375230366e+02 3.727831420865425761e-05 0.000000000000000000e+00
-1.043316118358559947e+02 -1.043404635765117803e+02 1.328931266357954132e-04 0.000000000000000000e+00
-9.973354423925680123e+01 -9.972946780996960570e+01 8.579228740651423163e-05 0.000000000000000000e+00
-1.052301259746780460e+02 -1.052268807804993003e+02 6.478789267613863079e-05 0.000000000000000000e+00
-9.829353216342998678e+01 -9.828954237312277087e+01 1.421223424376665803e-04 0.000000000000000000e+00
-9.702352818708941129e+01 -9.702438697534878997e+01 6.908534938864494858e-05 0.000000000000000000e+00
-9.966286880096438949e+01 -9.966847363036779939e+01 1.094836359837619329e-04 0.000000000000000000e+00
-9.971866473016724797e+01 -9.973267394246545337e+01 7.491852102448992665e-05 0.000000000000000000e+00
-9.970982142232138301e+01 -9.971917341145997682e+01 9.016335247242561978e-05 0.000000000000000000e+00
-9.011624228683538718e+01 -9.008763194489401371e+01 2.190262383575922222e-04 1.700000000000000000e+01
-1.006751121235665778e+02 -1.006844694538823148e+02 1.388739198060612561e-04 0.000000000000000000e+00
-1.026767861175818837e+02 -1.026875374049068341e+02 6.622362885745343517e-05 0.000000000000000000e+00
-9.976571936352556236e+01 -9.977302873040640918e+01 8.173381659581062256e-05 0.000000000000000000e+00
-9.977229607104015940e+01 -9.976950049773432738e+01 6.466606775852430330e-05 0.000000000000000000e+00
-1.080671314699332726e+02 -1.080707993084583052e+02 4.032047574412819476e-05 0.000000000000000000e+00
-1.026290917520657189e+02 -1.026377715915638476e+02 5.025966732502583963e-05 0.000000000000000000e+00
-9.719286788355816498e+01 -9.720630991696529577e+01 6.415865445263861189e-05 0.000000000000000000e+00
-1.053752780766856887e+02 -1.053778469795580151e+02 5.951204594912571169e-05 0.000000000000000000e+00
-1.031818900299855244e+02 -1.031800884418392457e+02 1.211161913129316396e-04 0.000000000000000000e+00
-1.043722209930189706e+02 -1.043863558607743158e+02 1.051676495222408469e-04 0.000000000000000000e+00
-1.080642657407107947e+02 -1.080680365256844198e+02 4.315674449024207006e-05 0.000000000000000000e+00
-1.025471289316364505e+02 -1.025566715518806546e+02 4.841275477483526649e-05 0.000000000000000000e+00
-1.053378200976128340e+02 -1.053437537479988180e+02 5.245194558712362650e-05 0.000000000000000000e+00
-9.421630527793621468e+01 -9.421494156113664076e+01 1.648499148023328505e-04 0.000000000000000000e+00
-1.051959556360273922e+02 -1.051981747117461055e+02 4.765821055118923261e-05 0.000000000000000000e+00
-1.025648601338465653e+02 -1.025716535178202378e+02 5.571889090299858121e-05 0.000000000000000000e+00
-1.026777016907357307e+02 -1.026849470697441689e+02 5.497129955902725477e-05 0.000000000000000000e+00
-1.079900955219184482e+02 -1.079926083713448861e+02 4.218103681218133617e-05 0.000000000000000000e+00
-1.025275822725215562e+02 -1.025317804742631296e+02 5.910096027974277426e-05 0.000000000000000000e+00
-9.434267576036818070e+01 -9.434734430895437640e+01 1.058535322270843084e-04 0.000000000000000000e+00
-1.030054297326432362e+02 -1.030343774697428643e+02 1.286212698953536661e-04 0.000000000000000000e+00
-1.079947590723391784e+02 -1.079989462983142090e+02 3.380916349028739671e-05 0.000000000000000000e+00
