0.000000000000000000e+00 0.000000000000000000e+00 0.000000000000000000e+00 0.000000000000000000e+00
-1.052575991529362653e+02 -1.053752170814199047e+02 6.688928701971377962e-04 0.000000000000000000e+00
-1.000954845374677831e+02 -9.990070116365679098e+01 4.508272077510289437e-04 0.000000000000000000e+00
-9.996759616326212949e+01 -9.981487118629192423e+01 2.750474955512345393e-04 0.000000000000000000e+00
-9.199164152113252158e+01 -9.173896156679300873e+01 3.539095824577509920e-04 0.000000000000000000e+00
-1.052254760912164500e+02 -1.052908440680104292e+02 2.167031392874683071e-04 0.000000000000000000e+00
-1.026404962946192825e+02 -1.026174819867279240e+02 7.609994605273518722e-04 0.000000000000000000e+00
-1.025519466786274734e+02 -1.022184817384745799e+02 8.335898980786401319e-04 0.000000000000000000e+00
-1.043187860686345800e+02 -1.043516356101231537e+02 5.923622785470516669e-04 0.000000000000000000e+00
-9.442515338912821221e+01 -9.423929906498919706e+01 6.203887269012290252e-04 0.000000000000000000e+00
-9.985386715470565377e+01 -9.986726987949866441e+01 2.501758231631553107e-04 0.000000000000000000e+00
-1.080158147124527659e+02 -1.080263893909750550e+02 3.473294625610164619e-04 0.000000000000000000e+00
-9.699806469687592880e+01 -9.695212380392685247e+01 2.994216044819425471e-04 0.000000000000000000e+00
-1.052479710108845552e+02 -1.052442625580249995e+02 1.322858157236265835e-04 0.000000000000000000e+00
-9.998912544947529568e+01 -9.993692864696892286e+01 2.333191667529340590e-04 0.000000000000000000e+00
-1.079804023977431058e+02 -1.079890889934806637e+02 3.691766417830589109e-04 0.000000000000000000e+00
-1.081424684878361546e+02 -1.081734535542084927e+02 4.394929053971341503e-04 0.000000000000000000e+00
-1.107822970128976721e+02 -1.107759290009108355e+02 2.879417257093752971e-04 0.000000000000000000e+00
-1.025633823720710325e+02 -1.025628233330385655e+02 1.847418020417524690e-04 0.000000000000000000e+00
-9.866567652281840139e+01 -9.873620066187031341e+01 1.496300366537626689e-04 0.000000000000000000e+00
-1.039836771457507041e+02 -1.040794222809519738e+02 3.004962999413936936e-04 0.000000000000000000e+00
-9.859684726353658846e+01 -9.868257160143855344e+01 1.607759628629039557e-04 0.000000000000000000e+00
-1.026634790305228364e+02 -1.026486564587939085e+02 1.635132137419478382e-04 0.000000000000000000e+00
-1.079032826610087028e+02 -1.078971635745400874e+02 1.901886243895765710e-04 0.000000000000000000e+00
-1.068655940377165621e+02 -1.068473073966445810e+02 2.197954563519195564e-04 0.000000000000000000e+00
-1.025673482764325826e+02 -1.025628752562808899e+02 1.125406063234652478e-04 0.000000000000000000e+00
-1.107961381534002783e+02 -1.107605991681844131e+02 1.327012487797933583e-04 0.000000000000000000e+00
-1.052796958644832728e+02 -1.052461109541377908e+02 9.822136995341353258e-05 0.000000000000000000e+00
-1.000942143520994563e+02 -1.000691104810296821e+02 2.183237696608965968e-04 0.000000000000000000e+00
-1.080783716915196351e+02 -1.080615380935477674e+02 1.211870521931740350e-04 0.000000000000000000e+00
-1.067994932174829614e+02 -1.068189559823869388e+02 2.187169029308328697e-04 0.000000000000000000e+00
-1.000967676125431183e+02 -1.000530999383048680e+02 1.612568941234447737e-04 0.000000000000000000e+00
-9.365326199266110052e+01 -9.376689808231989787e+01 5.124858722169536342e-04 0.000000000000000000e+00
-1.107834130362355580e+02 -1.107612500324243001e+02 1.072870908850798350e-04 0.000000000000000000e+00
-1.018941815305293943e+02 -1.018871555572463308e+02 4.275447692757095648e-04 0.000000000000000000e+00
-1.025542451721371435e+02 -1.025617779378169274e+02 1.348045656136214832e-04 0.000000000000000000e+00
-1.079969435801116333e+02 -1.079863473307873249e+02 9.542529636584031806e-05 0.000000000000000000e+00
-1.107156537451023866e+02 -1.107195145097640534e+02 1.492411082996455269e-04 0.000000000000000000e+00
-1.053052909745339889e+02 -1.052955309826057544e+02 9.703141720656153438e-05 0.000000000000000000e+00
-1.106828022388318686e+02 -1.106903367919102266e+02 1.525378980618187919e-04 0.000000000000000000e+00
-1.025535702908701126e+02 -1.025391004290172248e+02 8.426677537446267054e-05 0.000000000000000000e+00
-1.018794810729477121e+02 -1.018556223485732488e+02 2.868974246408665654e-04 0.000000000000000000e+00
-1.025807439798669236e+02 -1.025568673701820899e+02 1.134847044981584997e-04 0.000000000000000000e+00
-9.861632371103016226e+01 -9.868697174076979195e+01 1.805417178771564200e-04 0.000000000000000000e+00
-1.025095576482789852e+02 -1.025082917056310521e+02 2.135765658594034858e-04 0.000000000000000000e+00
-1.035453908808105439e+02 -1.035113683996844713e+02 5.068382245240050888e-04 0.000000000000000000e+00
-1.051950945041563443e+02 -1.052012103701886048e+02 1.077768494735419704e-04 0.000000000000000000e+00
-1.024915763648847360e+02 -1.024946671909406746e+02 2.138723326845606062e-04 0.000000000000000000e+00
-1.013443955115417481e+02 -1.013592805931000100e+02 1.270993624662459934e-04 0.000000000000000000e+00
-1.080987239317830557e+02 -1.081189602543552439e+02 1.511273325645390905e-04 0.000000000000000000e+00
-9.713106159431012543e+01 -9.710309603694547320e+01 9.319786443146581593e-05 0.000000000000000000e+00
-1.079035081298251839e+02 -1.079106716261059944e+02 1.584439152418643665e-04 0.000000000000000000e+00
-1.079283955282993759e+02 -1.079372783352876155e+02 2.554904692529721814e-04 0.000000000000000000e+00
-9.981536518064005747e+01 -9.979942037537827559e+01 1.378811450550040225e-04 0.000000000000000000e+00
-1.052591991430411156e+02 -1.052316126405672776e+02 1.037056448787961667e-04 0.000000000000000000e+00
-1.079925485568531514e+02 -1.079946157850487936e+02 9.510529347318430352e-05 0.000000000000000000e+00
-1.107728583752510048e+02 -1.107724479567153395e+02 2.025639567182952220e-04 0.000000000000000000e+00
-9.917219200618970376e+01 -9.916239319726768997e+01 2.190445089677117252e-04 0.000000000000000000e+00
-1.041163522002245401e+02 -1.041345703622115906e+02 1.487600785206882209e-04 0.000000000000000000e+00
-1.025822599886135578e+02 -1.025846325863987119e+02 9.260328032627148070e-05 0.000000000000000000e+00
-9.986365388826874323e+01 -9.985457491151836962e+01 2.810543290324458575e-04 0.000000000000000000e+00
-1.000218360454979916e+02 -1.000269155044175022e+02 1.443180531090843194e-04 0.000000000000000000e+00
-1.053665927341971411e+02 -1.053624563918435797e+02 8.733243994935603594e-05 0.000000000000000000e+00
-1.053972974938809273e+02 -1.054001741004499877e+02 1.782515711623762500e-04 0.000000000000000000e+00
-1.080469118152995662e+02 -1.080521815342567322e+02 8.317097637051842993e-05 0.000000000000000000e+00
-9.979253146394212592e+01 -9.978282459579143904e+01 1.742806203757166098e-04 0.000000000000000000e+00
-1.079990997983648242e+02 -1.080083228353562248e+02 2.195203179382773347e-04 0.000000000000000000e+00
-1.054198285115695910e+02 -1.054009043387668072e+02 8.806599439592560565e-05 0.000000000000000000e+00
-1.107498897878645749e+02 -1.107489687893339152e+02 1.221835866219343433e-04 0.000000000000000000e+00
-9.934440685414523386e+01 -9.933882143183680569e+01 1.948652641376487772e-04 0.000000000000000000e+00
-1.025537147027071398e+02 -1.025375174817193482e+02 7.603610150582322557e-05 0.000000000000000000e+00
-1.052874071194966064e+02 -1.052864038172349410e+02 1.540774652433057087e-04 0.000000000000000000e+00
-1.042818963359960946e+02 -1.042526800081837877e+02 1.679971911235634521e-04 0.000000000000000000e+00
-1.025315247199452671e+02 -1.025432864979247540e+02 9.831649462907280626e-05 0.000000000000000000e+00
-9.992598186723328979e+01 -9.993873309965246676e+01 1.277786606198133784e-04 0.000000000000000000e+00
-1.025026833359666227e+02 -1.024677771131284345e+02 1.165563565919668651e-04 0.000000000000000000e+00
-9.900738978672727342e+01 -9.908911506313540940e+01 1.985661169385024834e-04 0.000000000000000000e+00
-9.990433705493175864e+01 -9.990241050259190558e+01 2.059901488056247484e-04 0.000000000000000000e+00
-1.025411999425912626e+02 -1.025405672331830829e+02 8.650266666083133570e-05 0.000000000000000000e+00
-6.779831081207333909e+01 -6.777988548370420574e+01 3.010007301461778591e-03 1.000000000000000000e+00
-1.107525553632482911e+02 -1.107399531193562154e+02 8.242123081117509319e-05 0.000000000000000000e+00
-1.080811059940325976e+02 -1.080668017294451033e+02 6.916156418664955803e-05 0.000000000000000000e+00
-7.062231181560790105e+01 -5.051824514626206053e+01 4.934205318857654565e-01 0.000000000000000000e+00
-1.068015748449491014e+02 -1.068273179292173722e+02 9.856231453864939466e-05 0.000000000000000000e+00
-1.079953218584769701e+02 -1.079935946020732018e+02 5.199928605249760151e-05 0.000000000000000000e+00
-1.025733008831951025e+02 -1.025482250577180849e+02 6.629778061189529263e-05 0.000000000000000000e+00
-1.026105566404941811e+02 -1.026106327954374962e+02 9.570795087207774202e-05 0.000000000000000000e+00
-1.018046406962622257e+02 -1.017989921735268268e+02 1.261990223935179642e-04 0.000000000000000000e+00
-1.013664838399084402e+02 -1.013922497804836382e+02 1.111153347525715513e-04 0.000000000000000000e+00
-9.601127520888398692e+01 -9.599760914918734045e+01 3.459252100565480214e-04 0.000000000000000000e+00
-1.053479142142673339e+02 -1.053444908383077347e+02 6.958089999444742445e-05 0.000000000000000000e+00
-1.024906182295480050e+02 -1.024781828558621157e+02 6.629613780836383149e-05 0.000000000000000000e+00
-1.024842768049587818e+02 -1.024766331371017003e+02 1.030976350846650523e-04 0.000000000000000000e+00
-1.003428237797720470e+02 -1.003907903316752623e+02 4.489906547481731279e-04 0.000000000000000000e+00
-1.080288229838933916e+02 -1.080268401927097699e+02 9.897271565182038397e-05 0.000000000000000000e+00
-1.025908037610920616e+02 -1.025749982519108698e+02 6.039565726058124045e-05 0.000000000000000000e+00
-1.040718425289445435e+02 -1.040984825954744082e+02 9.557881249437101675e-05 0.000000000000000000e+00
-1.080167567612283364e+02 -1.080137951666786904e+02 6.957569180717370521e-05 0.000000000000000000e+00
-1.027187493827667311e+02 -1.027145979183979989e+02 1.216735956443602227e-04 0.000000000000000000e+00
-9.994282380665821108e+01 -9.990853767826767751e+01 8.627072411520062066e-05 0.000000000000000000e+00
-1.052770195189728497e+02 -1.052684230661902234e+02 5.215383959619669836e-05 0.000000000000000000e+00
-1.052491869692696440e+02 -1.052414026020835252e+02 6.379256025889701656e-05 0.000000000000000000e+00
-9.924008971533744727e+01 -9.923637489542862511e+01 1.392066091924271435e-04 0.000000000000000000e+00
-1.079968976366820641e+02 -1.079925265064632782e+02 5.297143998033399746e-05 0.000000000000000000e+00
-1.107698438441028514e+02 -1.107681643104499187e+02 6.967355381289212009e-05 0.000000000000000000e+00
-9.990611030907928125e+01 -9.989623567029342155e+01 1.118552853613248669e-04 0.000000000000000000e+00
-1.080714623187027712e+02 -1.080665476308497546e+02 5.751149541694660776e-05 0.000000000000000000e+00
-1.053163766904994105e+02 -1.053176617923203793e+02 8.811348936943480146e-05 0.000000000000000000e+00
-1.080163742643724589e+02 -1.080146165122445581e+02 7.037377267304251746e-05 0.000000000000000000e+00
-1.053360009056009829e+02 -1.053247166816969695e+02 5.085075021379203844e-05 0.000000000000000000e+00
-1.107206633532570521e+02 -1.107154281826278321e+02 7.556452083293810828e-05 0.000000000000000000e+00
-1.051755514824557451e+02 -1.051680328808167246e+02 8.611123328825248809e-05 0.000000000000000000e+00
-9.738659780712282554e+01 -9.735233866338519704e+01 1.025249617224469826e-04 0.000000000000000000e+00
-1.019064906680460467e+02 -1.018840605356855207e+02 1.193471996534188596e-04 0.000000000000000000e+00
-1.081124161247968516e+02 -1.081169459865774485e+02 7.876364072580191434e-05 0.000000000000000000e+00
-1.004507425325366654e+02 -1.004693990659924197e+02 1.395803179099431776e-04 0.000000000000000000e+00
-1.054300149247335838e+02 -1.054230039465161468e+02 7.767308851400320149e-05 0.000000000000000000e+00
-1.080370213215239801e+02 -1.080378757756757295e+02 5.550873656311132968e-05 0.000000000000000000e+00
-1.059116750199702466e+02 -1.059098034617805837e+02 1.493990135191654528e-04 0.000000000000000000e+00
-1.027635172772279191e+02 -1.027299218715126443e+02 1.102559457554763960e-04 0.000000000000000000e+00
-9.995152319637642790e+01 -9.993634016284723032e+01 7.781419191013686778e-05 0.000000000000000000e+00
-9.199482574289334025e+01 -9.199968326855922385e+01 1.428347636889223439e-04 4.000000000000000000e+00
-1.020345775858887123e+02 -1.019922501453121697e+02 1.248913461624160542e-04 0.000000000000000000e+00
-1.025296160536706509e+02 -1.025051793121618999e+02 9.507378582402199957e-05 0.000000000000000000e+00
-1.026368380778544775e+02 -1.026290769371727407e+02 4.650587355815090796e-05 0.000000000000000000e+00
-1.067391246264384819e+02 -1.067644148758357261e+02 1.005512006771117349e-04 0.000000000000000000e+00
-1.051863453532664465e+02 -1.051749469259917191e+02 6.489176318519495809e-05 0.000000000000000000e+00
-1.053863854026687648e+02 -1.053753598314997788e+02 7.361823189171217080e-05 0.000000000000000000e+00
-9.989755209147679693e+01 -9.987537134339189038e+01 8.840768205278233093e-05 0.000000000000000000e+00
-1.080269496647012204e+02 -1.080235779638590685e+02 7.358573234551990115e-05 0.000000000000000000e+00
-1.025175033908031565e+02 -1.025017854409755529e+02 6.311693027964507556e-05 0.000000000000000000e+00
-9.323464603640744031e+01 -9.327062457416127472e+01 1.343216557514603923e-04 0.000000000000000000e+00
-1.079163462202720467e+02 -1.079055948244941590e+02 7.654538969388518632e-05 0.000000000000000000e+00
-9.470133503198879055e+01 -9.471563382315059698e+01 1.690784466693182010e-04 0.000000000000000000e+00
-1.106596886970303188e+02 -1.106599915165217141e+02 8.035903687959613216e-05 0.000000000000000000e+00
-1.015023428081820782e+02 -1.015231532608147802e+02 1.285501896046557953e-04 0.000000000000000000e+00
-1.025574259518936486e+02 -1.025464638239329958e+02 4.820889294526204690e-05 0.000000000000000000e+00
-9.992699699820430226e+01 -9.990214324717197769e+01 9.635438173601940136e-05 0.000000000000000000e+00
-9.850095654437932069e+01 -9.857848582391356729e+01 1.347966141289866663e-04 0.000000000000000000e+00
-1.106962486217812085e+02 -1.106910041696653195e+02 5.616437819447826356e-05 0.000000000000000000e+00
-1.026315548659922143e+02 -1.026245321540703515e+02 4.448912307040460293e-05 0.000000000000000000e+00
-9.719946639511732656e+01 -9.717348610973472489e+01 8.138731125277160188e-05 0.000000000000000000e+00
-1.107668903818051405e+02 -1.107699306711773062e+02 5.992803537637371171e-05 0.000000000000000000e+00
-1.025710526392909543e+02 -1.025718589745245026e+02 6.143671416818883299e-05 0.000000000000000000e+00
-1.017967500834890018e+02 -1.017955974487325648e+02 9.478281926997223145e-05 0.000000000000000000e+00
-1.080605257078012613e+02 -1.080639334668199751e+02 5.203899820262984627e-05 0.000000000000000000e+00
-1.107219060192798850e+02 -1.107204861894618233e+02 5.854561556115532112e-05 0.000000000000000000e+00
-1.013227665713665431e+02 -1.013318967984515666e+02 9.897712457843855951e-05 0.000000000000000000e+00
-1.053103524612186987e+02 -1.053002072422143129e+02 4.866957973447851287e-05 0.000000000000000000e+00
-1.053750704232166129e+02 -1.053789000790626318e+02 6.345922406882209391e-05 0.000000000000000000e+00
-1.053100714099383879e+02 -1.053015529880067618e+02 5.598502697499258620e-05 0.000000000000000000e+00
-1.026542252786885570e+02 -1.026451064865729421e+02 7.233419339237367790e-05 0.000000000000000000e+00
-9.659423513939036354e+01 -9.658535020368505286e+01 9.140324844625811963e-05 0.000000000000000000e+00
-1.080924825741112869e+02 -1.080967100816532422e+02 6.429048966951013595e-05 0.000000000000000000e+00
-1.053462812062447398e+02 -1.053420055504823125e+02 6.648432071371933067e-05 0.000000000000000000e+00
-1.068040485027290742e+02 -1.068199812789067664e+02 1.059994004641140041e-04 0.000000000000000000e+00
-1.018724982830849086e+02 -1.018863029959413922e+02 1.080938393277336543e-04 0.000000000000000000e+00
-1.052007163704804498e+02 -1.051914729457950273e+02 5.742025817275542727e-05 0.000000000000000000e+00
-1.080005636540642655e+02 -1.080003412134573466e+02 5.193531512701063038e-05 0.000000000000000000e+00
-1.053026540434867684e+02 -1.052942232524253257e+02 6.694872083713044729e-05 0.000000000000000000e+00
-1.054106382608366772e+02 -1.054221111550763226e+02 6.366285042587723560e-05 0.000000000000000000e+00
-1.015561342986307949e+02 -1.015562578644115206e+02 1.207051222457063459e-04 0.000000000000000000e+00
-9.983389071530177716e+01 -9.983271107329161964e+01 8.382785207645825521e-05 0.000000000000000000e+00
-1.040565175470660364e+02 -1.040735559932137591e+02 8.453815186875878916e-05 0.000000000000000000e+00
-9.921494154805675691e+01 -9.917432443623161475e+01 1.435554915813457152e-04 0.000000000000000000e+00
-1.080707325349714409e+02 -1.080725639244054008e+02 4.850083844352258427e-05 0.000000000000000000e+00
-1.079976808317824606e+02 -1.079957059527875174e+02 4.454709179500708027e-05 0.000000000000000000e+00
-1.052268144530356153e+02 -1.052216064107007440e+02 5.650859539931184580e-05 0.000000000000000000e+00
-1.079763506702482516e+02 -1.079720569830876826e+02 5.705095459660091463e-05 0.000000000000000000e+00
-9.714621897519405991e+01 -9.712493363860816942e+01 1.080416083314706511e-04 0.000000000000000000e+00
-1.053044350796926381e+02 -1.052954651509572130e+02 4.823065774648002750e-05 0.000000000000000000e+00
-1.025952608741808660e+02 -1.025905171028419005e+02 6.222144148947429134e-05 0.000000000000000000e+00
-1.025820575163666035e+02 -1.025693208548907194e+02 6.761446512944657564e-05 0.000000000000000000e+00
-1.025620702415044718e+02 -1.025577305378950683e+02 6.074457035596190883e-05 0.000000000000000000e+00
-1.025499772786934045e+02 -1.025383459077624906e+02 6.532653601971386231e-05 0.000000000000000000e+00
-1.025991178080065964e+02 -1.025946420574000797e+02 4.457362755551247412e-05 0.000000000000000000e+00
-1.079784493881909100e+02 -1.079692867598749899e+02 4.366714162898981360e-05 0.000000000000000000e+00
-9.910604958523687458e+01 -9.910598001835833770e+01 1.234164488805420561e-04 0.000000000000000000e+00
-1.026395661830993618e+02 -1.026478262304881781e+02 5.739966943057731372e-05 0.000000000000000000e+00
-1.009062363569348975e+02 -1.009160654538213606e+02 1.397856757521391861e-04 0.000000000000000000e+00
-1.079372110434098602e+02 -1.079367544260578171e+02 6.253222538450583503e-05 0.000000000000000000e+00
-1.080610184010235315e+02 -1.080639285764415689e+02 4.720778410592910872e-05 0.000000000000000000e+00
-1.026331699829252244e+02 -1.026289986244489398e+02 4.207868408226792971e-05 0.000000000000000000e+00
-1.048721336712906549e+02 -1.048542635947541726e+02 1.185328338176224876e-04 0.000000000000000000e+00
-9.997149849972642244e+01 -1.000025720178851429e+02 1.786872541077334363e-04 0.000000000000000000e+00
-1.025534730941941746e+02 -1.025535828646929417e+02 4.801238770067524142e-05 0.000000000000000000e+00
-1.080299290941764667e+02 -1.080271857741649342e+02 5.181076212099456848e-05 0.000000000000000000e+00
-1.026464836721134759e+02 -1.026374062316766498e+02 6.435030705232932819e-05 0.000000000000000000e+00
-1.053540765507006682e+02 -1.053569859488022473e+02 5.104674154281873237e-05 0.000000000000000000e+00
-1.067997819515425704e+02 -1.068175743126061548e+02 7.811308230251785779e-05 0.000000000000000000e+00
-1.079973144963949068e+02 -1.079954668449859554e+02 4.174251595937660409e-05 0.000000000000000000e+00
-9.740209265345680478e+01 -9.751416477895664059e+01 1.428870206262250280e-04 0.000000000000000000e+00
-1.080503026710898098e+02 -1.080467421154919521e+02 4.411871727997572398e-05 0.000000000000000000e+00
-1.079892978397164427e+02 -1.079896266221320076e+02 4.976067249987138743e-05 0.000000000000000000e+00
-1.080262768433250642e+02 -1.080280567469728368e+02 5.238507933252361046e-05 0.000000000000000000e+00
-1.031638228529629373e+02 -1.031615817284953636e+02 1.025288096668093655e-04 0.000000000000000000e+00
-1.051974338051395250e+02 -1.051874019707322532e+02 7.164875149099873147e-05 0.000000000000000000e+00
-1.053503560394679397e+02 -1.053511392429523283e+02 3.620595823092673851e-05 0.000000000000000000e+00
-1.107217039895668051e+02 -1.107201222694718297e+02 5.208656720245033412e-05 0.000000000000000000e+00
-9.981920756281014917e+01 -9.980538656714904278e+01 5.008107254978861570e-05 0.000000000000000000e+00
-1.051942466358471222e+02 -1.051844825073816736e+02 7.481558742239200030e-05 0.000000000000000000e+00
-1.079549707300865578e+02 -1.079593932652256427e+02 6.507303312295627381e-05 0.000000000000000000e+00
-9.967898640510753694e+01 -9.965860847431660829e+01 9.469045267668510719e-05 0.000000000000000000e+00
-1.068150403531496551e+02 -1.068243479697241440e+02 7.319091416053456560e-05 0.000000000000000000e+00
-1.079548743434700526e+02 -1.079593919207170387e+02 6.337461928717800976e-05 0.000000000000000000e+00
-1.107459892764656502e+02 -1.107426443956859430e+02 5.806168287783133376e-05 0.000000000000000000e+00
-1.026205939897816251e+02 -1.025881823438882918e+02 6.799047316690251454e-05 0.000000000000000000e+00
-1.079935410384335484e+02 -1.079889973560866991e+02 3.845417372665459806e-05 0.000000000000000000e+00
-1.080149804239913607e+02 -1.080147599554683495e+02 4.416167974983688243e-05 0.000000000000000000e+00
-1.052102487912301143e+02 -1.051952702134069995e+02 7.469464748591239330e-05 0.000000000000000000e+00
-1.080760685756965387e+02 -1.080722937841077567e+02 5.365457181650075044e-05 0.000000000000000000e+00
-1.025016176387433120e+02 -1.024837867644698406e+02 6.768151786228102996e-05 0.000000000000000000e+00
-1.080917550781238532e+02 -1.080961012181980863e+02 5.695484338723251277e-05 0.000000000000000000e+00
-1.080473147876117963e+02 -1.080453784982523899e+02 4.048965499458308525e-05 0.000000000000000000e+00
-1.053251149972422098e+02 -1.053260779784967980e+02 3.606758424730011498e-05 0.000000000000000000e+00
-1.081083375285268033e+02 -1.081168751224286382e+02 5.374612843862468882e-05 0.000000000000000000e+00
-1.053122263915215626e+02 -1.053043062120294309e+02 4.449724391173385277e-05 0.000000000000000000e+00
-1.026910160877497020e+02 -1.026971011649488048e+02 7.132233426759653199e-05 0.000000000000000000e+00
-1.052674949530880752e+02 -1.052613630997942380e+02 4.735204995124067722e-05 0.000000000000000000e+00
-1.080509155253483868e+02 -1.080462774613782813e+02 4.232287995152689253e-05 0.000000000000000000e+00
-1.079138127705380441e+02 -1.079059174227677573e+02 5.993985746346525205e-05 0.000000000000000000e+00
-1.018744173952443930e+02 -1.018659580355482603e+02 8.577139513501536765e-05 0.000000000000000000e+00
-1.013423586546383035e+02 -1.013496050322480073e+02 9.111402774752378354e-05 0.000000000000000000e+00
-1.025686371575954610e+02 -1.025560900393011678e+02 3.917085903643404733e-05 0.000000000000000000e+00
-1.024940543193157367e+02 -1.024802149333107621e+02 6.801855749555053593e-05 0.000000000000000000e+00
-1.080491749541779853e+02 -1.080472420520573991e+02 3.794770212761709553e-05 0.000000000000000000e+00
-9.992234708030747470e+01 -9.991155202588812756e+01 4.828715019522929414e-05 0.000000000000000000e+00
-9.959725712139601228e+01 -9.958827332628916906e+01 1.243730446937669945e-04 0.000000000000000000e+00
-1.045743390708866798e+02 -1.045735478086252357e+02 9.566917021817806220e-05 0.000000000000000000e+00
-9.992079134559799058e+01 -9.990779722757069692e+01 5.603979344043862580e-05 0.000000000000000000e+00
-1.040827899994719274e+02 -1.041025901840345540e+02 8.510008736000853149e-05 0.000000000000000000e+00
-9.586763926936261271e+01 -9.591582857287446018e+01 9.436418136690311053e-05 0.000000000000000000e+00
-1.079943456140544669e+02 -1.079953765030875559e+02 3.400284345862850674e-05 0.000000000000000000e+00
-1.054117115268810210e+02 -1.054160356369784495e+02 6.165869400046927317e-05 0.000000000000000000e+00
-9.993378980113060095e+01 -9.992214902658449205e+01 7.653107424558171798e-05 0.000000000000000000e+00
-1.008251215220808490e+02 -1.008431074762582682e+02 1.810088239771863125e-04 0.000000000000000000e+00
-1.053964993685207077e+02 -1.053994902166848391e+02 4.758881507417870216e-05 0.000000000000000000e+00
-1.080485013876077005e+02 -1.080516347765355221e+02 4.941007326558383579e-05 0.000000000000000000e+00
-1.080189309091583141e+02 -1.080201691851270454e+02 4.432148942558895556e-05 0.000000000000000000e+00
-9.926994226706108293e+01 -9.924483718023680012e+01 9.962776020147888793e-05 0.000000000000000000e+00
-1.080459681336544975e+02 -1.080486923012224594e+02 3.480059724148619840e-05 0.000000000000000000e+00
-1.025813601862831064e+02 -1.025795501533281424e+02 6.793840504971844225e-05 0.000000000000000000e+00
-9.863392401160386669e+01 -9.868150588164543535e+01 8.643215762074752415e-05 0.000000000000000000e+00
-9.978740817542038144e+01 -9.976604775186918062e+01 1.255555147688873605e-04 0.000000000000000000e+00
-1.053427316891016829e+02 -1.053359092631063305e+02 5.197587503821346093e-05 0.000000000000000000e+00
-1.025990544175517130e+02 -1.025887704984333055e+02 4.545797847073966899e-05 0.000000000000000000e+00
-1.051924463876059974e+02 -1.051838423729832215e+02 6.323050308608066383e-05 0.000000000000000000e+00
-1.052951640277860434e+02 -1.052935474362604822e+02 5.389604883419454846e-05 0.000000000000000000e+00
-1.052769522872272461e+02 -1.052718929628666302e+02 3.853760075963085830e-05 0.000000000000000000e+00
-1.054044416404805418e+02 -1.054039088185667765e+02 4.954924140351626597e-05 0.000000000000000000e+00
-1.080486472673254070e+02 -1.080467820853510688e+02 3.891396092633532040e-05 0.000000000000000000e+00
-1.000272363910274862e+02 -1.000281902749942446e+02 7.850491056259780820e-05 0.000000000000000000e+00
-9.441565812537812974e+01 -9.438151705504098743e+01 8.180977634017434557e-05 0.000000000000000000e+00
-1.107170331855962644e+02 -1.107153092508761318e+02 4.827409581498625410e-05 0.000000000000000000e+00
-9.995034007532618148e+01 -9.993278283217375701e+01 7.365002066727369340e-05 0.000000000000000000e+00
-1.025444909248880379e+02 -1.025374069467127924e+02 5.761623819287179716e-05 0.000000000000000000e+00
-1.016568998085701310e+02 -1.016909394806285860e+02 1.197291175204083676e-04 0.000000000000000000e+00
-1.053431897769313537e+02 -1.053468495854102116e+02 3.464308791235601109e-05 0.000000000000000000e+00
-1.053500027358108468e+02 -1.053523617049416856e+02 3.165367394891837070e-05 0.000000000000000000e+00
-7.662739438509497347e+01 -7.645865414143190719e+01 3.546835648620682581e-04 2.900000000000000000e+01
-9.608349660920509905e+01 -9.608714224866427855e+01 1.146176522694749677e-04 0.000000000000000000e+00
-1.042586763001244492e+02 -1.042592527683380581e+02 1.498442535772643268e-04 0.000000000000000000e+00
-9.953255833582899470e+01 -9.948046780038137626e+01 8.622430644504924737e-05 0.000000000000000000e+00
-1.107220994060794510e+02 -1.107215022708614782e+02 4.725959712524725428e-05 0.000000000000000000e+00
-1.053496809934114395e+02 -1.053349211385050808e+02 4.474180784161625789e-05 0.000000000000000000e+00
-9.977710259270044446e+01 -9.976229187300469903e+01 6.468910557422135222e-05 0.000000000000000000e+00
-1.053933275319584055e+02 -1.053662588222573078e+02 8.078254346925195538e-05 0.000000000000000000e+00
-1.052923616193298244e+02 -1.052880029526249501e+02 6.388551588224480264e-05 0.000000000000000000e+00
-1.080598311368434707e+02 -1.080693925073695141e+02 4.692886809599333220e-05 0.000000000000000000e+00
-1.052399535572800460e+02 -1.052349472091377578e+02 5.264697500753882112e-05 0.000000000000000000e+00
-1.052795044216311311e+02 -1.052771345703007881e+02 4.224259486026949519e-05 0.000000000000000000e+00
-1.026378518629208116e+02 -1.026357192770646947e+02 4.002065063579230629e-05 0.000000000000000000e+00
-9.594732106791663284e+01 -9.596046265324858382e+01 1.192386593811715163e-04 0.000000000000000000e+00
-1.026430449620795713e+02 -1.026403459945946821e+02 4.873600351127869279e-05 0.000000000000000000e+00
-1.026297620919612825e+02 -1.026261887378138482e+02 5.496838009011992038e-05 0.000000000000000000e+00
-1.107691996134390422e+02 -1.107693299938959939e+02 4.738567502430824057e-05 0.000000000000000000e+00
-1.080963097669305881e+02 -1.081022754346766561e+02 4.887142221680628335e-05 0.000000000000000000e+00
-1.080698452923426629e+02 -1.080743272212542507e+02 4.013319677619056706e-05 0.000000000000000000e+00
-1.036953668202429668e+02 -1.036723257123480835e+02 7.928180562646914306e-05 0.000000000000000000e+00
-1.001634086613291998e+02 -1.002009843510112290e+02 1.254333963414458995e-04 0.000000000000000000e+00
-9.934968451513258003e+01 -9.930419133397944620e+01 9.463555021791488116e-05 0.000000000000000000e+00
-1.080697075248038743e+02 -1.080739112432473945e+02 3.740278728386479452e-05 0.000000000000000000e+00
-1.079710827765671439e+02 -1.079634120005049454e+02 4.557484645944520087e-05 0.000000000000000000e+00
-9.930702379704004557e+01 -9.927926328663620836e+01 8.608856911010530756e-05 0.000000000000000000e+00
-1.079885681781253908e+02 -1.079909151836652654e+02 4.199458931612370325e-05 0.000000000000000000e+00
-1.023074601725998605e+02 -1.022800482448667339e+02 1.045957414767083717e-04 0.000000000000000000e+00
-1.053399798625917185e+02 -1.053457847675350791e+02 3.949186272064871618e-05 0.000000000000000000e+00
-1.026396719630039485e+02 -1.026368611308484873e+02 3.803224016640781595e-05 0.000000000000000000e+00
-1.080584500131579375e+02 -1.080656266045476599e+02 3.959911043318151163e-05 0.000000000000000000e+00
-1.053228898785703507e+02 -1.053261523960700146e+02 5.619226601957590144e-05 0.000000000000000000e+00
-1.052834637491005907e+02 -1.052785099755576681e+02 3.625177053939488580e-05 0.000000000000000000e+00
-9.987385092257353847e+01 -9.987977716641532311e+01 1.677842777432545342e-04 0.000000000000000000e+00
-1.027049152548432858e+02 -1.027333248187221670e+02 9.696830952291605684e-05 0.000000000000000000e+00
-1.053076584225928372e+02 -1.053076296426932430e+02 5.581159556459831426e-05 0.000000000000000000e+00
-1.063818448071868801e+02 -1.063615725487836983e+02 8.974400091696700958e-05 0.000000000000000000e+00
-1.080903695527547796e+02 -1.080968937136256045e+02 5.318802450162545285e-05 0.000000000000000000e+00
-1.054512122149702122e+02 -1.054663895037673740e+02 6.938968391553807609e-05 0.000000000000000000e+00
-1.079972615634382862e+02 -1.079963325829511831e+02 3.207516742643328633e-05 0.000000000000000000e+00
-1.018916160304879526e+02 -1.019074275947087216e+02 1.132461536164535213e-04 0.000000000000000000e+00
-9.716314110515438074e+01 -9.715218591298813067e+01 5.497818711392189886e-05 0.000000000000000000e+00
-9.870878153514658493e+01 -9.871262031500350531e+01 1.209371706233779593e-04 0.000000000000000000e+00
-9.999162234468012400e+01 -9.999644930287743705e+01 6.602937992569237488e-05 0.000000000000000000e+00
-1.080750687412970166e+02 -1.080737884011293346e+02 4.436907261442140152e-05 0.000000000000000000e+00
-1.025312186947756032e+02 -1.025266294403548244e+02 4.164007717039623402e-05 0.000000000000000000e+00
-1.025942639182854066e+02 -1.025886980412576150e+02 6.954127350420191559e-05 0.000000000000000000e+00
-1.080515581950849509e+02 -1.080463021567027226e+02 4.072049510308503167e-05 0.000000000000000000e+00
-9.022263054941097948e+01 -9.026324169369804906e+01 1.129332616437982455e-04 0.000000000000000000e+00
-1.015519244795157761e+02 -1.015547210589699887e+02 9.115389925971969403e-05 0.000000000000000000e+00
-1.054381112644524734e+02 -1.054571401425035475e+02 8.390645461619266536e-05 0.000000000000000000e+00
-1.080004245179147233e+02 -1.080007589397049799e+02 3.410346501330615638e-05 0.000000000000000000e+00
-1.053914108014443087e+02 -1.054019663267467593e+02 4.379317420953003360e-05 0.000000000000000000e+00
-1.027115662990599390e+02 -1.026897512836158484e+02 6.834627255370279142e-05 0.000000000000000000e+00
-1.025813157237830779e+02 -1.025765853486715997e+02 4.501664719349149748e-05 0.000000000000000000e+00
-9.996186096575519286e+01 -9.995878250548729227e+01 4.521985761951829796e-05 0.000000000000000000e+00
-1.016686247855518417e+02 -1.017194233723312635e+02 9.447729224478103836e-05 0.000000000000000000e+00
-1.053979781753859299e+02 -1.053993574180285009e+02 3.783852305004027037e-05 0.000000000000000000e+00
-1.026140982541081144e+02 -1.026063633523172456e+02 3.852613025903970306e-05 0.000000000000000000e+00
-1.079204367559032249e+02 -1.079206406046983489e+02 6.214917692598047577e-05 0.000000000000000000e+00
-9.866801805701116734e+01 -9.872617205402865181e+01 6.131424327861829547e-05 0.000000000000000000e+00
-1.079841642773771184e+02 -1.079781219312725256e+02 4.128889399580581196e-05 0.000000000000000000e+00
-1.079395557376033992e+02 -1.079360410049446983e+02 5.123393034112254943e-05 0.000000000000000000e+00
-1.079956413313398542e+02 -1.079907588010348860e+02 3.682532350103386357e-05 0.000000000000000000e+00
-9.855903180771598215e+01 -9.860586630247631490e+01 8.468396178745068222e-05 0.000000000000000000e+00
-1.106599255962610044e+02 -1.106613954189045756e+02 5.669817523776366988e-05 0.000000000000000000e+00
-1.054212002710141576e+02 -1.054251150849916456e+02 4.563029240161485176e-05 0.000000000000000000e+00
-1.080655294664912418e+02 -1.080690458755814518e+02 4.258360030929350134e-05 0.000000000000000000e+00
-1.053488049803132611e+02 -1.053507533439958621e+02 3.612471454489669633e-05 0.000000000000000000e+00
-1.053934168374525484e+02 -1.053971968011973956e+02 4.126056866652138498e-05 0.000000000000000000e+00
-1.107155879651358816e+02 -1.107172857003891977e+02 3.959237687965421718e-05 0.000000000000000000e+00
-1.080246024612962259e+02 -1.080249685787881333e+02 4.958338828343634421e-05 0.000000000000000000e+00
-1.052678843355737399e+02 -1.052616848428666287e+02 4.426943393022894716e-05 0.000000000000000000e+00
-1.079592706821111676e+02 -1.079633022285577937e+02 5.589755775072362807e-05 0.000000000000000000e+00
-1.012935221133340349e+02 -1.013401675212971469e+02 9.604472443909863857e-05 0.000000000000000000e+00
-1.052500301438458337e+02 -1.052434596932503581e+02 3.555815016995063978e-05 0.000000000000000000e+00
-1.052115270004202472e+02 -1.052040983102474740e+02 5.203582034036050019e-05 0.000000000000000000e+00
-9.982382229213665426e+01 -9.981681618907863651e+01 5.127635609960365680e-05 0.000000000000000000e+00
-1.107611548850778149e+02 -1.107653588269784279e+02 4.061389870224809659e-05 0.000000000000000000e+00
-1.079991026811874377e+02 -1.079997468142910719e+02 3.255967314435183476e-05 0.000000000000000000e+00
-9.991677764445535104e+01 -9.989512337991706659e+01 5.618133901705751253e-05 0.000000000000000000e+00
-1.080758296536525336e+02 -1.080755888071721245e+02 5.276559356492883013e-05 0.000000000000000000e+00
-1.107154788285990037e+02 -1.107172487262297125e+02 3.860421257526018145e-05 0.000000000000000000e+00
-1.080431172265323170e+02 -1.080436814743931961e+02 2.840725729082170219e-05 0.000000000000000000e+00
-1.052665906792687167e+02 -1.052651391265357717e+02 4.742438350405359917e-05 0.000000000000000000e+00
-1.081066642269145177e+02 -1.081188116491424012e+02 4.720863309072177982e-05 0.000000000000000000e+00
-1.068495312217305582e+02 -1.069157643027708815e+02 1.227791613846161180e-04 0.000000000000000000e+00
-1.025686602777116292e+02 -1.025631892289192564e+02 4.378135754479288547e-05 0.000000000000000000e+00
-1.107667122473161783e+02 -1.107700949214141417e+02 3.983839866976105631e-05 0.000000000000000000e+00
-1.042815380718340208e+02 -1.043514309705561516e+02 9.842012230543406006e-05 0.000000000000000000e+00
-1.026843946433644703e+02 -1.026631721179080330e+02 4.979223849065894376e-05 0.000000000000000000e+00
-1.080921656739958365e+02 -1.080972776523922647e+02 4.771637892166101806e-05 0.000000000000000000e+00
-1.079897466355412661e+02 -1.079911632842478326e+02 3.787212273724239298e-05 0.000000000000000000e+00
-1.027199199258745921e+02 -1.027242120884739762e+02 1.600181889568356639e-04 0.000000000000000000e+00
-1.041330785679323583e+02 -1.041449462456183710e+02 8.325238352140337827e-05 0.000000000000000000e+00
-1.080473667467008170e+02 -1.080487882121562109e+02 3.249451467184895983e-05 0.000000000000000000e+00
-1.080436061004294146e+02 -1.080441690381893665e+02 2.772620626934187981e-05 0.000000000000000000e+00
-1.079971727798222219e+02 -1.079938315081391949e+02 3.790884108742141411e-05 0.000000000000000000e+00
-1.053840385095443537e+02 -1.053848798615367315e+02 4.098831263137392184e-05 0.000000000000000000e+00
-9.709426949977991228e+01 -9.708185756708128622e+01 8.563101543181329172e-05 0.000000000000000000e+00
-9.994423686363144554e+01 -9.994169659317104504e+01 6.048941702292803373e-05 0.000000000000000000e+00
-1.067886488811787160e+02 -1.068102668544250662e+02 6.084236904851465972e-05 0.000000000000000000e+00
-9.990313333698676956e+01 -9.990046518943564990e+01 4.525061285854393821e-05 0.000000000000000000e+00
-9.928137420814528014e+01 -9.926778234005278989e+01 7.799757080426966021e-05 0.000000000000000000e+00
-1.053201527361726590e+02 -1.053263351969268911e+02 4.993473720415640346e-05 0.000000000000000000e+00
-1.053195413276297074e+02 -1.053236034089463402e+02 2.973304646661598392e-05 0.000000000000000000e+00
-1.043752944002699365e+02 -1.043803685122615548e+02 9.452708312622204966e-05 0.000000000000000000e+00
-9.169067210539691359e+01 -9.166881142756170675e+01 8.730806266489741217e-05 0.000000000000000000e+00
-1.080665151458548081e+02 -1.080736270595583477e+02 4.292923680504036126e-05 0.000000000000000000e+00
-1.079386342382873067e+02 -1.079378076859999140e+02 4.433116492053212540e-05 0.000000000000000000e+00
-1.015613360329672474e+02 -1.015589393071531248e+02 8.536170606452134159e-05 0.000000000000000000e+00
-1.025250678219598939e+02 -1.025190020598580958e+02 4.922030950018827476e-05 0.000000000000000000e+00
-1.079941501810181421e+02 -1.079890463743744107e+02 3.886497512671844608e-05 0.000000000000000000e+00
-1.016771384272970522e+02 -1.017159668599765325e+02 8.273454542843598867e-05 0.000000000000000000e+00
-1.053158854844054559e+02 -1.053106432263056149e+02 4.671600897489442040e-05 0.000000000000000000e+00
-1.025366289174618259e+02 -1.025320419718322427e+02 3.551519451183315532e-05 0.000000000000000000e+00
-9.709230640645307631e+01 -9.708466379594881346e+01 5.770750515173995180e-05 0.000000000000000000e+00
-1.053115529442235783e+02 -1.053064416061318838e+02 3.593387138110015934e-05 0.000000000000000000e+00
-9.614568265277635817e+01 -9.616865573050387184e+01 9.077412110730806937e-05 0.000000000000000000e+00
-6.797228380468322939e+01 -6.818389288322873654e+01 2.283435309955679016e-04 1.000000000000000000e+00
-1.026063117898035841e+02 -1.026045550576893248e+02 3.979224454928498474e-05 0.000000000000000000e+00
-1.053286417760393903e+02 -1.053296053029842057e+02 3.515512222232534392e-05 0.000000000000000000e+00
-9.599717874726559330e+01 -9.601059667780342011e+01 7.856761768088076298e-05 0.000000000000000000e+00
-1.053318698020983959e+02 -1.053280030674569332e+02 2.840369275476783899e-05 0.000000000000000000e+00
-1.106931977047765372e+02 -1.106865994496089343e+02 3.955055217102104351e-05 0.000000000000000000e+00
-1.107494443510441755e+02 -1.107440395603838823e+02 4.321534695900991539e-05 0.000000000000000000e+00
-1.053484092893955193e+02 -1.053530871267079334e+02 2.617238908564746566e-05 0.000000000000000000e+00
-1.080527536408125400e+02 -1.080527898561077649e+02 3.528647829156043782e-05 0.000000000000000000e+00
-1.009206100085382189e+02 -1.009567586434445019e+02 7.938825880752064103e-05 0.000000000000000000e+00
-1.026174763350551586e+02 -1.025940553731936404e+02 4.693753661224551186e-05 0.000000000000000000e+00
-1.010628399019920494e+02 -1.010637228863486143e+02 6.930848287525548162e-05 0.000000000000000000e+00
-9.982457691322642290e+01 -9.981668947802073433e+01 5.298373199596565641e-05 0.000000000000000000e+00
-1.107693433637941638e+02 -1.107709235188527117e+02 3.796888388924833256e-05 0.000000000000000000e+00
-1.052877842870525029e+02 -1.052897025559255582e+02 4.650696811079043183e-05 0.000000000000000000e+00
-1.010381802803194233e+02 -1.010263620007810630e+02 8.522830098413536554e-05 0.000000000000000000e+00
-1.053299032221655835e+02 -1.053282301169260506e+02 3.236767520350553729e-05 0.000000000000000000e+00
-1.107693501892635766e+02 -1.107693961619514624e+02 3.968831342949307004e-05 0.000000000000000000e+00
-1.041610351619944623e+02 -1.041757701864887906e+02 5.216175048251368970e-05 0.000000000000000000e+00
-1.053766366424984966e+02 -1.053762371684982497e+02 3.476488649951607607e-05 0.000000000000000000e+00
-1.026489032427852521e+02 -1.026524850515522473e+02 3.647345113676694222e-05 0.000000000000000000e+00
-1.025820067287126705e+02 -1.025709462658327880e+02 6.180450209427219854e-05 0.000000000000000000e+00
-1.023477830674957119e+02 -1.022794758773763135e+02 1.142546648714099156e-04 0.000000000000000000e+00
