0.000000000000000000e+00 0.000000000000000000e+00 0.000000000000000000e+00 0.000000000000000000e+00
-1.056602243026368768e+02 -1.067037753900462462e+02 3.535545249278901955e-03 0.000000000000000000e+00
-1.024151144671121898e+02 -1.023495667493596386e+02 3.516311667563096427e-04 0.000000000000000000e+00
-1.024481778424968468e+02 -1.024793965095766879e+02 3.035229742443888560e-04 0.000000000000000000e+00
-1.052774629658408969e+02 -1.052540693863384433e+02 3.882939174226573780e-04 0.000000000000000000e+00
-9.447325624981732517e+01 -9.435258321125998293e+01 5.084752755403531069e-04 0.000000000000000000e+00
-8.919663513194720394e+01 -8.898080571884194967e+01 1.272234535991124222e-03 0.000000000000000000e+00
-9.963873131626651514e+01 -9.970787234340545524e+01 1.198118204877651055e-03 0.000000000000000000e+00
-9.977128771113642358e+01 -9.982972179998189688e+01 2.636447222888349149e-04 0.000000000000000000e+00
-1.053380893504816669e+02 -1.053701308710898985e+02 6.932525491937479830e-04 0.000000000000000000e+00
-1.026230111118674415e+02 -1.026331942197413412e+02 4.598620171630523473e-04 0.000000000000000000e+00
-1.079821296603663967e+02 -1.080167816472946356e+02 3.410687249080457894e-04 0.000000000000000000e+00
-1.080901369558823717e+02 -1.080579239274985639e+02 1.789731171494460911e-04 0.000000000000000000e+00
-1.106883123046627020e+02 -1.107237517429899469e+02 1.990363328637989257e-04 0.000000000000000000e+00
-1.081184567415243549e+02 -1.080725428477089167e+02 3.322283255206762284e-04 0.000000000000000000e+00
-1.080470310528699116e+02 -1.080548426286100323e+02 1.230302780463676338e-04 0.000000000000000000e+00
-1.025181140648549984e+02 -1.025099955489628485e+02 1.375302738984888974e-04 0.000000000000000000e+00
-1.054056653475961980e+02 -1.053965385185383212e+02 2.243081933671422254e-04 0.000000000000000000e+00
-1.106419562342165364e+02 -1.106639492622418715e+02 2.910745771931070561e-04 0.000000000000000000e+00
-1.080783200947182223e+02 -1.080792570714525169e+02 2.387299297491735897e-04 0.000000000000000000e+00
-1.052749229555784041e+02 -1.053048864303836325e+02 1.886078302053725798e-04 0.000000000000000000e+00
-1.052712988132600884e+02 -1.052649079243583117e+02 2.050722579965938333e-04 0.000000000000000000e+00
-9.977753783390339493e+01 -9.979579254015325773e+01 5.515016511872605038e-04 0.000000000000000000e+00
-1.026379716069657917e+02 -1.026427090659765469e+02 2.224187447542001750e-04 0.000000000000000000e+00
-1.024524985099393604e+02 -1.024624331192713811e+02 1.139749566000555466e-04 0.000000000000000000e+00
-1.053313624729036064e+02 -1.053273432477330971e+02 1.771847254900819262e-04 0.000000000000000000e+00
-1.012351686597962583e+02 -1.012039016065526482e+02 3.777612452522137237e-04 0.000000000000000000e+00
-1.026535848559560549e+02 -1.026657911415394295e+02 1.938458171268299564e-04 0.000000000000000000e+00
-9.282418188394788672e+01 -9.285772998868992545e+01 4.733712483123395944e-04 0.000000000000000000e+00
-1.107386935872269049e+02 -1.107268013801974718e+02 1.792638214791901269e-04 0.000000000000000000e+00
-1.052786361584474832e+02 -1.052720982252870954e+02 1.148633560079384487e-04 0.000000000000000000e+00
-1.081125672181898381e+02 -1.081039090512141598e+02 1.812680406804849408e-04 0.000000000000000000e+00
-1.053724254055615432e+02 -1.053783405377965892e+02 1.786471407919403747e-04 0.000000000000000000e+00
-1.080674672465284090e+02 -1.080515410495811466e+02 1.014233604694818813e-04 0.000000000000000000e+00
-9.089740233056424756e+01 -9.083567694592488806e+01 2.781090797367373035e-04 0.000000000000000000e+00
-9.990811689849189747e+01 -9.990269731197427916e+01 1.110834029181239073e-04 0.000000000000000000e+00
-6.253776267667392119e+01 -6.253417313561759272e+01 5.444900330986839629e-04 1.000000000000000000e+00
-1.052639168340808595e+02 -1.052805124267217280e+02 1.366310465791091002e-04 0.000000000000000000e+00
-9.991996695954503593e+01 -9.992986471212691413e+01 2.301427196422622782e-04 0.000000000000000000e+00
-9.446726082865363594e+01 -9.452008997063572338e+01 2.802221548140189735e-04 0.000000000000000000e+00
-1.053116592637471172e+02 -1.053107147738461151e+02 1.545112958331065994e-04 0.000000000000000000e+00
-1.002643436147630069e+02 -1.004140002621234231e+02 5.298082280442575160e-04 0.000000000000000000e+00
-1.080717586759095781e+02 -1.080756172421907735e+02 8.937900945523876946e-05 0.000000000000000000e+00
-1.054113010115071489e+02 -1.054088077387191902e+02 2.151041447951826315e-04 0.000000000000000000e+00
-9.992584036644772993e+01 -9.994872791557109792e+01 1.638912557978879374e-04 0.000000000000000000e+00
-1.052611046887143829e+02 -1.052648608167592812e+02 1.422364137063193495e-04 0.000000000000000000e+00
-1.052813795003546318e+02 -1.052846561403837882e+02 9.922285695160376021e-05 0.000000000000000000e+00
-1.079980390960589176e+02 -1.080022942621114055e+02 7.208846363052384308e-05 0.000000000000000000e+00
-7.702835323735702389e+01 -7.716117270161268493e+01 1.075037874061489894e-03 3.000000000000000000e+00
-1.026072843794995890e+02 -1.026050418436367409e+02 1.405759502994457307e-04 0.000000000000000000e+00
-1.107542888767883511e+02 -1.107732283554924351e+02 1.088102661469277083e-04 0.000000000000000000e+00
-9.623247470514883162e+01 -9.616042273069500368e+01 5.326423500654958515e-04 0.000000000000000000e+00
-8.864602607710040161e+01 -8.866920935512412427e+01 5.796454866160901396e-04 1.000000000000000000e+00
-1.052881749637343205e+02 -1.052836704946681436e+02 1.140464940048406409e-04 0.000000000000000000e+00
-1.026377998738703639e+02 -1.026321832940740393e+02 6.980056063089594420e-05 0.000000000000000000e+00
-1.080622179847119781e+02 -1.080518236685414024e+02 8.387334838579356324e-05 0.000000000000000000e+00
-1.053834595516360082e+02 -1.053822460573535551e+02 7.746786239082614517e-05 0.000000000000000000e+00
-1.026509928159114651e+02 -1.026636000403163962e+02 1.434211970709469580e-04 0.000000000000000000e+00
-9.970424100394306777e+01 -9.971117301808712341e+01 1.998178179135280588e-04 0.000000000000000000e+00
-1.080504874431349691e+02 -1.080583723248691683e+02 7.589218595438258655e-05 0.000000000000000000e+00
-1.107803285048365183e+02 -1.107707194911302224e+02 1.464398551690134550e-04 0.000000000000000000e+00
-1.080513743840977412e+02 -1.080481382093475986e+02 1.206200345691621289e-04 0.000000000000000000e+00
-1.053290825972877940e+02 -1.053263807842012199e+02 7.803229705587578884e-05 0.000000000000000000e+00
-1.025935887132275326e+02 -1.025777694579792580e+02 8.511067294780219530e-05 0.000000000000000000e+00
-1.080253866135201548e+02 -1.080220157453935315e+02 1.279302049331781780e-04 0.000000000000000000e+00
-1.080031668291134963e+02 -1.080052591134521975e+02 9.690978402283989914e-05 0.000000000000000000e+00
-1.053356827038549426e+02 -1.053263059552811853e+02 7.928699445480817318e-05 0.000000000000000000e+00
-1.032541408464323922e+02 -1.031853633744463679e+02 2.893001679045999848e-04 0.000000000000000000e+00
-9.575203746520058701e+01 -9.583447798210021062e+01 7.452581005964162330e-04 0.000000000000000000e+00
-1.080262063921144602e+02 -1.080224907673078860e+02 1.207219484700193735e-04 0.000000000000000000e+00
-9.708275784412445830e+01 -9.707850134188879565e+01 1.461660469110976019e-04 0.000000000000000000e+00
-1.025796293852061041e+02 -1.025809333660983640e+02 9.836606791366300144e-05 0.000000000000000000e+00
-1.025860771024393898e+02 -1.025866724022577046e+02 9.712960018245074697e-05 0.000000000000000000e+00
-1.025569162562677690e+02 -1.025366482032711133e+02 8.050907989133936429e-05 0.000000000000000000e+00
-1.026310552055683587e+02 -1.026345899498574852e+02 1.126498382687009253e-04 0.000000000000000000e+00
-1.080821185405902156e+02 -1.080760833401548666e+02 1.089317955132241330e-04 0.000000000000000000e+00
-1.053762719498638205e+02 -1.053801114097749405e+02 7.040490700026514833e-05 0.000000000000000000e+00
-1.080602548021795144e+02 -1.080514768228991613e+02 7.522236274259661330e-05 0.000000000000000000e+00
-1.080349904735223987e+02 -1.080293316340590479e+02 7.088652236080012121e-05 0.000000000000000000e+00
-1.025419745456308505e+02 -1.025350385150226913e+02 1.227881628022491165e-04 0.000000000000000000e+00
-1.052960635781195293e+02 -1.052801381340684088e+02 1.370330086217079490e-04 0.000000000000000000e+00
-1.013676945837969754e+02 -1.014181253803597968e+02 1.272448357735808666e-04 0.000000000000000000e+00
-1.080213846953279102e+02 -1.080223385086336663e+02 8.847973243154070146e-05 0.000000000000000000e+00
-1.053628698304324587e+02 -1.053595384983005232e+02 4.816274522507716781e-05 0.000000000000000000e+00
-1.053190369605808314e+02 -1.053147777035318455e+02 1.251250731706513876e-04 0.000000000000000000e+00
-1.080528550526018421e+02 -1.080479345355580421e+02 7.212737413676601102e-05 0.000000000000000000e+00
-1.080575134079395525e+02 -1.080535141730963460e+02 7.073627755266358652e-05 0.000000000000000000e+00
-9.998178882644349130e+01 -9.998809686393242657e+01 1.583287021221439870e-04 0.000000000000000000e+00
-9.995840038806355210e+01 -9.991711063031615936e+01 3.887655380822615365e-04 0.000000000000000000e+00
-1.080743692853299933e+02 -1.080692460012948715e+02 9.300804616983041127e-05 0.000000000000000000e+00
-1.036509587034894935e+02 -1.036612359862503041e+02 1.325626457943130678e-04 0.000000000000000000e+00
-1.026234764656435061e+02 -1.026218543374085783e+02 8.342624595656876181e-05 0.000000000000000000e+00
-1.080995259696365167e+02 -1.080965665086105787e+02 1.424742062627852720e-04 0.000000000000000000e+00
-1.080590557793928923e+02 -1.080578454454175983e+02 7.714716909799274101e-05 0.000000000000000000e+00
-1.080308385318495112e+02 -1.080290617404866538e+02 7.938043047133097380e-05 0.000000000000000000e+00
-9.993551301947047705e+01 -9.991698977820315974e+01 1.215976018525370678e-04 0.000000000000000000e+00
-1.054339976724732537e+02 -1.054308499677113815e+02 1.174488932515359887e-04 0.000000000000000000e+00
-1.025401334885187765e+02 -1.025378339365077238e+02 8.356570400372002926e-05 0.000000000000000000e+00
-1.053033845502864239e+02 -1.053068226899401907e+02 6.157656370437954250e-05 0.000000000000000000e+00
-1.053201608379315388e+02 -1.053205656393212024e+02 9.324835038475404680e-05 0.000000000000000000e+00
-1.107511716355998743e+02 -1.107517126866564325e+02 1.105172579985033655e-04 0.000000000000000000e+00
-1.053344803099290630e+02 -1.053349413487994752e+02 7.465693375401635313e-05 0.000000000000000000e+00
-1.025620259625373052e+02 -1.025626611297960125e+02 6.821012843635368753e-05 0.000000000000000000e+00
-1.107141026483933643e+02 -1.107203930492514132e+02 9.788038280403108654e-05 0.000000000000000000e+00
-1.042579664490318407e+02 -1.043274938904148712e+02 1.930006169379125695e-04 0.000000000000000000e+00
-1.107212749328039365e+02 -1.107259679737468900e+02 9.796674224675996239e-05 0.000000000000000000e+00
-1.018180324875906280e+02 -1.018073686650807872e+02 2.299755516919892043e-04 0.000000000000000000e+00
-1.054082935027120698e+02 -1.054017355346487221e+02 8.660506621043004402e-05 0.000000000000000000e+00
-1.081325395739710729e+02 -1.081255578724809681e+02 1.003359987750459116e-04 0.000000000000000000e+00
-6.859178489246139065e+01 -6.865393785269492355e+01 8.544822047628769512e-04 1.000000000000000000e+00
-1.009620342534736324e+02 -1.009598445693784612e+02 1.241670840010030991e-04 0.000000000000000000e+00
-1.079266793002156675e+02 -1.079368559732928645e+02 1.206901196819548558e-04 0.000000000000000000e+00
-1.079992533846659626e+02 -1.079995762168358624e+02 6.701414104679557333e-05 0.000000000000000000e+00
-1.042424439468389608e+02 -1.043055316003835173e+02 1.552927082179224750e-04 0.000000000000000000e+00
-1.053448124256172491e+02 -1.053456677916055497e+02 7.524795677097554974e-05 0.000000000000000000e+00
-9.990397327574414987e+01 -9.990309470619783383e+01 1.094814663940552708e-04 0.000000000000000000e+00
-1.134346058697485233e+02 -1.134456250083627111e+02 1.447900658995684639e-04 0.000000000000000000e+00
-1.027156843156491561e+02 -1.027157851574093996e+02 9.810358421208127818e-05 0.000000000000000000e+00
-1.107167535980681947e+02 -1.107198919774344148e+02 8.227189924842440735e-05 0.000000000000000000e+00
-1.026901566457653843e+02 -1.026707072995252190e+02 1.048921521171282991e-04 0.000000000000000000e+00
-9.982824918258775426e+01 -9.982572471944540382e+01 9.278912214980542970e-05 0.000000000000000000e+00
-1.043484507207928544e+02 -1.043402001161309443e+02 2.288586208173956432e-04 0.000000000000000000e+00
-1.080290182079798740e+02 -1.080291412559395070e+02 7.677424159090728026e-05 0.000000000000000000e+00
-1.052542620602334154e+02 -1.052490997402058355e+02 5.247859059194988520e-05 0.000000000000000000e+00
-1.080256235792958392e+02 -1.080272858095695341e+02 7.578265310474483298e-05 0.000000000000000000e+00
-1.080686454748826577e+02 -1.080649361111098585e+02 8.665513832469485449e-05 0.000000000000000000e+00
-9.704257061651939864e+01 -9.703162296595031933e+01 1.388111514502618602e-04 0.000000000000000000e+00
-1.080047738638697439e+02 -1.079988773401792344e+02 9.217811341771896662e-05 0.000000000000000000e+00
-9.750959227679629748e+01 -9.753875225512041425e+01 1.215671073798609811e-04 0.000000000000000000e+00
-9.974370590421627014e+01 -9.974361749211232109e+01 8.983668298116446072e-05 0.000000000000000000e+00
-1.080217054335875417e+02 -1.080224126203172688e+02 6.248148487582094518e-05 0.000000000000000000e+00
-9.878277725164934964e+01 -9.879038324250807079e+01 1.700138267880766958e-04 0.000000000000000000e+00
-9.983024881845138054e+01 -9.982584496370695604e+01 1.127484882767909466e-04 0.000000000000000000e+00
-1.080603461101371892e+02 -1.080579624690316933e+02 6.565766480121567618e-05 0.000000000000000000e+00
-1.025532580301174193e+02 -1.025563796024892866e+02 5.176298684907520531e-05 0.000000000000000000e+00
-1.063757373160436543e+02 -1.063603013142543858e+02 1.256999471153309907e-04 0.000000000000000000e+00
-1.081111713206561120e+02 -1.081034694957624680e+02 8.491871526423087587e-05 0.000000000000000000e+00
-1.052780783596596876e+02 -1.052772445649254252e+02 8.084381764741288220e-05 0.000000000000000000e+00
-1.079923865512846675e+02 -1.079943709779935972e+02 7.274305829070557331e-05 0.000000000000000000e+00
-1.080558732688446071e+02 -1.080556170701722039e+02 4.412843975016405294e-05 0.000000000000000000e+00
-1.025811368837925812e+02 -1.025874984175024025e+02 1.315172207056792587e-04 0.000000000000000000e+00
-9.963772352909271035e+01 -9.963509884817672457e+01 1.049098112714833767e-04 0.000000000000000000e+00
-1.051997366298096210e+02 -1.051998451440681634e+02 8.013831744533233365e-05 0.000000000000000000e+00
-1.080766585581741879e+02 -1.080758670505841792e+02 5.379237048216726575e-05 0.000000000000000000e+00
-1.026816321633527309e+02 -1.026696427613668163e+02 1.135728783460871773e-04 0.000000000000000000e+00
-1.053985817433824650e+02 -1.053975708980850783e+02 8.881394777463627089e-05 0.000000000000000000e+00
-9.866298124996325214e+01 -9.865617213330055790e+01 1.913299534527182098e-04 0.000000000000000000e+00
-9.989481985991618274e+01 -9.989981642462269917e+01 7.908319793817081972e-05 0.000000000000000000e+00
-9.991040267770074479e+01 -9.991594405937308920e+01 7.333885144473459078e-05 0.000000000000000000e+00
-1.054136434439010088e+02 -1.054101960229783828e+02 7.751027244650905994e-05 0.000000000000000000e+00
-1.080292298900884589e+02 -1.080231066735748726e+02 5.595793959989762897e-05 0.000000000000000000e+00
-1.080522221871890309e+02 -1.080488473183030607e+02 5.180400851271902703e-05 0.000000000000000000e+00
-1.080754570956447225e+02 -1.080720201590633280e+02 6.245782919357337074e-05 0.000000000000000000e+00
-1.025303356218653761e+02 -1.025318206884244887e+02 9.109273626399410945e-05 0.000000000000000000e+00
-1.042292319429533620e+02 -1.041781481887759782e+02 1.673491561387267985e-04 0.000000000000000000e+00
-1.029948891689192294e+02 -1.030215980392938349e+02 1.606198200704650686e-04 0.000000000000000000e+00
-1.019616777363465445e+02 -1.019013794050550530e+02 1.770608888816408344e-04 0.000000000000000000e+00
-1.015837834699515838e+02 -1.015919419549104390e+02 2.282872759535485097e-04 0.000000000000000000e+00
-1.019097871368652477e+02 -1.018759642952144446e+02 1.812526258446199893e-04 0.000000000000000000e+00
-1.052902489212844586e+02 -1.052899819589405297e+02 8.058975461399068977e-05 0.000000000000000000e+00
-1.054093123626316668e+02 -1.054085139451926239e+02 8.642398201940072928e-05 0.000000000000000000e+00
-1.080532309847038448e+02 -1.080514169927218830e+02 5.093497429502365069e-05 0.000000000000000000e+00
-1.025959660743596658e+02 -1.025968466447936009e+02 6.723611493502050366e-05 0.000000000000000000e+00
-9.977750235065420270e+01 -9.977785695512861253e+01 9.307808910070300412e-05 0.000000000000000000e+00
-1.024911409256336441e+02 -1.024899234826417995e+02 7.105516100121331399e-05 0.000000000000000000e+00
-1.053553021562932628e+02 -1.053446943389448194e+02 9.623174340722443171e-05 0.000000000000000000e+00
-9.724788132682712671e+01 -9.725802680943723999e+01 1.117310604028479436e-04 0.000000000000000000e+00
-1.054040862464870258e+02 -1.054015092898399075e+02 6.034791742880399735e-05 0.000000000000000000e+00
-1.080284743336276989e+02 -1.080293736850405537e+02 6.583430573815353772e-05 0.000000000000000000e+00
-9.978110694388564639e+01 -9.979775039241820878e+01 1.179331040145979980e-04 0.000000000000000000e+00
-1.053441368110870826e+02 -1.053421108766700911e+02 6.428819373448860762e-05 0.000000000000000000e+00
-1.025233807532724768e+02 -1.025239436426423225e+02 7.402659247560103620e-05 0.000000000000000000e+00
-1.025630318291319156e+02 -1.025637792309788239e+02 5.128850887131647097e-05 0.000000000000000000e+00
-9.701028565208335408e+01 -9.700408097408052299e+01 9.066457452093005490e-05 0.000000000000000000e+00
-1.053047961343273897e+02 -1.053022673645657505e+02 6.647256105852331336e-05 0.000000000000000000e+00
-1.081240974774007668e+02 -1.081193366882555154e+02 8.495961511129994620e-05 0.000000000000000000e+00
-1.080002393822509674e+02 -1.080019717199489975e+02 4.690020055849526188e-05 0.000000000000000000e+00
-1.053120540786108137e+02 -1.053093614716252517e+02 6.044780152129987838e-05 0.000000000000000000e+00
-1.080562131377161421e+02 -1.080553419983157966e+02 4.531350506479339170e-05 0.000000000000000000e+00
-1.053910571682011863e+02 -1.053933739860588616e+02 9.479644382903299252e-05 0.000000000000000000e+00
-1.106930209157509921e+02 -1.106963409412051931e+02 7.053331370475578632e-05 0.000000000000000000e+00
-9.699509573252066730e+01 -9.698009061750281035e+01 2.824077400359143656e-04 0.000000000000000000e+00
-1.025563647816840529e+02 -1.025568706381371555e+02 7.792104006826842044e-05 0.000000000000000000e+00
-1.025548529322979334e+02 -1.025566430708387315e+02 6.325506244200346196e-05 0.000000000000000000e+00
-1.080551865994363681e+02 -1.080534640462952183e+02 4.635468638820482905e-05 0.000000000000000000e+00
-1.080279611512180793e+02 -1.080236258018793905e+02 6.855495773505666118e-05 0.000000000000000000e+00
-1.053772185809076092e+02 -1.053793328135278671e+02 6.359666077916186183e-05 0.000000000000000000e+00
-1.026648886215372585e+02 -1.026685867240787502e+02 8.189429835686335693e-05 0.000000000000000000e+00
-1.026385698658411485e+02 -1.026384389747417032e+02 6.138035739028415414e-05 0.000000000000000000e+00
-9.863951989861136838e+01 -9.867205358553646022e+01 1.056250109719391157e-04 0.000000000000000000e+00
-1.080864938279483880e+02 -1.080817200776008491e+02 8.561514585611453910e-05 0.000000000000000000e+00
-9.985733555439901465e+01 -9.985564471450071267e+01 9.350339491443192827e-05 0.000000000000000000e+00
-9.700437351173653155e+01 -9.700338439848727035e+01 9.292182394314389693e-05 0.000000000000000000e+00
-1.051885567972364868e+02 -1.051897719350818363e+02 8.344265756518512835e-05 0.000000000000000000e+00
-1.052959673585316693e+02 -1.053034567746719006e+02 7.001027249816278990e-05 0.000000000000000000e+00
-1.052822983383296105e+02 -1.052837432656241106e+02 3.953828745881695625e-05 0.000000000000000000e+00
-1.081285356590500442e+02 -1.081253633272041128e+02 7.364382034379929180e-05 0.000000000000000000e+00
-1.026304641599536751e+02 -1.026263339102386567e+02 9.361411965361080608e-05 0.000000000000000000e+00
-1.054154501287846131e+02 -1.054113062533515262e+02 6.988739598143019866e-05 0.000000000000000000e+00
-1.025008408891659144e+02 -1.025007906673904756e+02 7.039598426999454830e-05 0.000000000000000000e+00
-1.052398834289373752e+02 -1.052435960851337597e+02 7.656398678478023624e-05 0.000000000000000000e+00
-9.698930551374218112e+01 -9.697202323541404212e+01 1.295163722676727813e-04 0.000000000000000000e+00
-1.025416066148235785e+02 -1.025442453126190543e+02 6.731586086518824563e-05 0.000000000000000000e+00
-1.053342050816805369e+02 -1.053351823099108771e+02 5.176448820147823432e-05 0.000000000000000000e+00
-1.052873523414445742e+02 -1.052893949008800973e+02 5.452686323509179235e-05 0.000000000000000000e+00
-1.053845907277325153e+02 -1.053842118099282743e+02 6.818683846728417007e-05 0.000000000000000000e+00
-1.080731440180347676e+02 -1.080715575112822933e+02 5.111269780297347261e-05 0.000000000000000000e+00
-1.052950381341308059e+02 -1.052976394960584230e+02 5.969057650164201717e-05 0.000000000000000000e+00
-1.079684628988684807e+02 -1.079655060185077815e+02 1.216234565802250955e-04 0.000000000000000000e+00
-9.922110051806144781e+01 -9.917664269483618966e+01 1.446162944958098988e-04 0.000000000000000000e+00
-1.026107857596074382e+02 -1.026137320437156717e+02 5.584612991135033395e-05 0.000000000000000000e+00
-1.025806095250743226e+02 -1.025833048283529649e+02 7.361804941360989435e-05 0.000000000000000000e+00
-1.052386660297005108e+02 -1.052360382621445893e+02 8.113369325946518523e-05 0.000000000000000000e+00
-1.018902858523939017e+02 -1.018465432735203819e+02 1.732425300467773223e-04 0.000000000000000000e+00
-1.106590224708716335e+02 -1.106646723170721742e+02 8.993206080360689248e-05 0.000000000000000000e+00
-1.107732579721452311e+02 -1.107746285716272752e+02 6.456006375895797101e-05 0.000000000000000000e+00
-1.053822582333843201e+02 -1.053804929214073809e+02 6.105381986573530609e-05 0.000000000000000000e+00
-1.107722941396939547e+02 -1.107717172521961970e+02 6.548100259807677491e-05 0.000000000000000000e+00
-1.080599565502549240e+02 -1.080594883897692426e+02 4.777373398216130929e-05 0.000000000000000000e+00
-1.106933153588232841e+02 -1.106923016413913103e+02 1.360789692715232667e-04 0.000000000000000000e+00
-1.079943624669124631e+02 -1.079831992596210171e+02 5.830740215163062281e-05 0.000000000000000000e+00
-8.335811991462250603e+01 -8.326756974592336746e+01 7.070619400931750032e-04 8.000000000000000000e+00
-9.590039094286477450e+01 -9.592751607513100964e+01 1.692951732588846134e-04 0.000000000000000000e+00
-1.080306824640088905e+02 -1.080291866518226556e+02 4.822532394197557280e-05 0.000000000000000000e+00
-9.757031979348553818e+01 -9.764575818919472283e+01 7.867084407706978304e-04 0.000000000000000000e+00
-1.079841015272630216e+02 -1.079839559162619622e+02 5.993463209956358107e-05 0.000000000000000000e+00
-9.696265544234324807e+01 -9.694403038858035870e+01 1.056870496148749184e-04 0.000000000000000000e+00
-1.053926508912404785e+02 -1.053890384027391178e+02 6.394173347753439555e-05 0.000000000000000000e+00
-1.006460823762465679e+02 -1.006179810407087558e+02 1.605351931160374913e-04 0.000000000000000000e+00
-1.068099221064057076e+02 -1.068270617348381393e+02 1.505440071149418150e-04 0.000000000000000000e+00
-1.025024294876235871e+02 -1.025053094804408289e+02 6.351818914667465210e-05 0.000000000000000000e+00
-1.080007800733915673e+02 -1.079997672580290811e+02 4.038238739763727174e-05 0.000000000000000000e+00
-9.982982829933047242e+01 -9.983518884027367335e+01 5.516587079009652189e-05 0.000000000000000000e+00
-1.107184611824001905e+02 -1.107208036309953485e+02 6.125410908840080854e-05 0.000000000000000000e+00
-1.015636528003493595e+02 -1.015865922175426590e+02 1.759628925246207456e-04 0.000000000000000000e+00
-1.079904018665411058e+02 -1.079901514262833331e+02 5.754279665206365877e-05 0.000000000000000000e+00
-1.053283671086403643e+02 -1.053281165712678131e+02 3.174055768117348245e-05 0.000000000000000000e+00
-1.079665913299322426e+02 -1.079672266553281474e+02 7.693644134110829563e-05 0.000000000000000000e+00
-9.981340972405024559e+01 -9.981280048230604507e+01 6.076367403334243336e-05 0.000000000000000000e+00
-9.922954275564410409e+01 -9.918514947255870595e+01 1.516181874877647721e-04 0.000000000000000000e+00
-1.134376566847742822e+02 -1.134469527733657799e+02 1.058600106483793878e-04 0.000000000000000000e+00
-1.106982062959199595e+02 -1.106971843004751292e+02 4.966620287261972659e-05 0.000000000000000000e+00
-1.080051707639051983e+02 -1.080064266662206194e+02 5.135244669501124045e-05 0.000000000000000000e+00
-1.054168433416539727e+02 -1.054149113010517596e+02 7.533248255585247124e-05 0.000000000000000000e+00
-1.107225981404001800e+02 -1.107238464579065891e+02 6.388430807749370546e-05 0.000000000000000000e+00
-9.357124946226606710e+01 -9.359101078768654247e+01 1.672255038971135279e-04 0.000000000000000000e+00
-9.807085570791257112e+01 -9.805999401031948537e+01 1.865092246601549671e-04 0.000000000000000000e+00
-1.053831471538615432e+02 -1.053830131769332183e+02 6.084400765474671179e-05 0.000000000000000000e+00
-1.040809036548322553e+02 -1.041083937487414914e+02 1.277503703110609919e-04 0.000000000000000000e+00
-1.024720290059361076e+02 -1.024674955191486276e+02 6.735324612365355254e-05 0.000000000000000000e+00
-1.041235223269951007e+02 -1.041464504641535171e+02 1.366093870252894135e-04 0.000000000000000000e+00
-1.080780194313776406e+02 -1.080765429469126815e+02 5.278850923414118659e-05 0.000000000000000000e+00
-1.041592662228637352e+02 -1.041749257734096261e+02 1.471176536657899743e-04 0.000000000000000000e+00
-9.988142134962878060e+01 -9.988726119045333007e+01 1.124027722358811971e-04 0.000000000000000000e+00
-9.531951996210671041e+01 -9.529796785477935828e+01 6.243769130122373738e-04 0.000000000000000000e+00
-9.990684435409824005e+01 -9.991596026703973621e+01 6.713566822636321335e-05 0.000000000000000000e+00
-1.081025538574413076e+02 -1.080980274396268612e+02 6.123893668958079730e-05 0.000000000000000000e+00
-1.026862842581823543e+02 -1.026874743749434202e+02 6.640366394740845348e-05 0.000000000000000000e+00
-1.107507853217795173e+02 -1.107520787816663130e+02 6.734816239387579173e-05 0.000000000000000000e+00
-1.080211557672726457e+02 -1.080194433384988173e+02 5.419371948270333570e-05 0.000000000000000000e+00
-9.722436684469293766e+01 -9.721740026597305473e+01 1.159211271698503510e-04 0.000000000000000000e+00
-1.025388080974187233e+02 -1.025415351285034689e+02 5.888072087880627959e-05 0.000000000000000000e+00
-1.025910994774350513e+02 -1.025939448154018976e+02 5.599637692484432021e-05 0.000000000000000000e+00
-1.054091855970723515e+02 -1.054062440047914464e+02 5.851421230759032042e-05 0.000000000000000000e+00
-1.107732477707610030e+02 -1.107747663229468174e+02 5.642759081564545793e-05 0.000000000000000000e+00
-1.053591275949133745e+02 -1.053617427187208193e+02 4.894290987639928804e-05 0.000000000000000000e+00
-1.080250458223905383e+02 -1.080240007804808471e+02 5.142010520593574542e-05 0.000000000000000000e+00
-9.979212222223524975e+01 -9.979368575859551527e+01 8.709036531998903016e-05 0.000000000000000000e+00
-9.815713076365696566e+01 -9.814801839098986136e+01 2.194831626846735658e-04 0.000000000000000000e+00
-1.107722699978738490e+02 -1.107718428303258520e+02 5.742046989105997030e-05 0.000000000000000000e+00
-1.052768186956089664e+02 -1.052748921544975218e+02 5.982453514443122531e-05 0.000000000000000000e+00
-1.042801494854130908e+02 -1.042767625081264669e+02 1.849167455981081320e-04 0.000000000000000000e+00
-1.080590382112287386e+02 -1.080570416427201650e+02 5.328296452882587712e-05 0.000000000000000000e+00
-1.079123842231436043e+02 -1.079139359844578081e+02 6.760178038476798829e-05 0.000000000000000000e+00
-1.020006716554690342e+02 -1.019835393234916836e+02 4.869419591143478508e-04 0.000000000000000000e+00
-1.017612095002294694e+02 -1.017702138786554400e+02 1.421250940970320313e-04 0.000000000000000000e+00
-9.885515194441951792e+01 -9.880475425265736078e+01 2.287041950734004510e-04 0.000000000000000000e+00
-1.080978491704489670e+02 -1.080962100785423701e+02 8.515225245268954525e-05 0.000000000000000000e+00
-1.079968841105977759e+02 -1.079955393795194851e+02 3.917767778942030023e-05 0.000000000000000000e+00
-1.052711446576513339e+02 -1.052700155833593527e+02 5.794852090803412283e-05 0.000000000000000000e+00
-1.080049772935007155e+02 -1.080058730783965046e+02 4.344788044308708159e-05 0.000000000000000000e+00
-1.081262357235791569e+02 -1.081237906862533720e+02 5.685421035916735614e-05 0.000000000000000000e+00
-1.079915817710956958e+02 -1.079895584761383702e+02 5.619689305361568610e-05 0.000000000000000000e+00
-9.924962656116463222e+01 -9.925614231549361932e+01 1.419297575910517166e-04 0.000000000000000000e+00
-1.080354628388988374e+02 -1.080349807431016700e+02 5.415263216232523282e-05 0.000000000000000000e+00
-1.045117504892232887e+02 -1.045127284416565772e+02 1.205262302048136307e-04 0.000000000000000000e+00
-1.080759979319869473e+02 -1.080742857305114910e+02 4.628376347393752373e-05 0.000000000000000000e+00
-1.081265895454205719e+02 -1.081232427052589884e+02 5.720352484015004671e-05 0.000000000000000000e+00
-1.025091388640416596e+02 -1.025108693577760590e+02 5.035980308378549056e-05 0.000000000000000000e+00
-7.044771597373946292e+01 -7.052390406725481853e+01 6.235120295128836762e-04 5.000000000000000000e+00
-1.080569625742587903e+02 -1.080571799663524075e+02 3.602205702247852405e-05 0.000000000000000000e+00
-9.718390736106560723e+01 -9.718762835256171684e+01 9.206768091433856953e-05 0.000000000000000000e+00
-1.080099019995349607e+02 -1.080066988759670039e+02 6.024203420396872182e-05 0.000000000000000000e+00
-1.025811478343908618e+02 -1.025843844834081011e+02 4.618860033115646885e-05 0.000000000000000000e+00
-1.051668249753298738e+02 -1.051686404873489380e+02 7.397458494185003668e-05 0.000000000000000000e+00
-1.014166352084173184e+02 -1.014332353108252960e+02 1.059139663587595068e-04 0.000000000000000000e+00
-1.053093415689429406e+02 -1.053116738087009878e+02 4.773853222702326599e-05 0.000000000000000000e+00
-1.080288911002687371e+02 -1.080297725233570247e+02 4.677334457068052195e-05 0.000000000000000000e+00
-1.054156234298601191e+02 -1.054149933773787211e+02 6.921467228854694034e-05 0.000000000000000000e+00
-1.052287442231805130e+02 -1.052255513191802834e+02 6.809108149186692048e-05 0.000000000000000000e+00
-9.990969280755878401e+01 -9.991281794086999923e+01 4.690650044655951257e-05 0.000000000000000000e+00
-1.081095207094130330e+02 -1.081076450419532193e+02 5.905512917742896295e-05 0.000000000000000000e+00
-1.107215984548086993e+02 -1.107240487004037846e+02 5.795466001423312137e-05 0.000000000000000000e+00
-1.081259575054638447e+02 -1.081239761916859976e+02 5.374423624243841865e-05 0.000000000000000000e+00
-1.026963386786379147e+02 -1.026998895350111383e+02 7.427012300638561389e-05 0.000000000000000000e+00
-1.012805062484170406e+02 -1.012532119173744718e+02 2.478703298871618821e-04 1.800000000000000000e+01
-1.017545619529530256e+02 -1.017277842781404047e+02 1.205039336362540909e-04 0.000000000000000000e+00
-1.043733788523744579e+02 -1.043556104893587104e+02 1.645054816321168771e-04 0.000000000000000000e+00
-1.081260728588686106e+02 -1.081240727160455606e+02 5.989271360424175996e-05 0.000000000000000000e+00
-1.053474250604462981e+02 -1.053472661126201331e+02 6.205150644199187852e-05 0.000000000000000000e+00
-1.053114886438626314e+02 -1.053128231382160465e+02 4.300761284571285404e-05 0.000000000000000000e+00
-1.081019792002337567e+02 -1.081004730776329268e+02 7.998940414136464336e-05 0.000000000000000000e+00
-8.188755642378475841e+01 -8.178865149750977537e+01 6.249237742881896557e-04 1.000000000000000000e+00
-9.596568548921065656e+01 -9.598202416015763561e+01 7.015944204121336999e-05 0.000000000000000000e+00
-9.925508760290657051e+01 -9.927022959730783214e+01 1.660275932149974298e-04 0.000000000000000000e+00
-1.026092533060072611e+02 -1.026094449212087767e+02 4.429572372396853969e-05 0.000000000000000000e+00
-1.002638317704087427e+02 -1.003003157181006060e+02 1.059511185832619191e-04 0.000000000000000000e+00
-9.871883065194671758e+01 -9.875035946748486992e+01 1.245421981560457182e-04 0.000000000000000000e+00
-1.067589738991204058e+02 -1.067770041491260002e+02 1.139362570746806227e-04 0.000000000000000000e+00
-1.052818354464344850e+02 -1.052814234798290016e+02 4.315503757848753851e-05 0.000000000000000000e+00
-1.052697083520629491e+02 -1.052679885474727683e+02 4.547461363791103155e-05 0.000000000000000000e+00
-1.054258027617874234e+02 -1.054207926047324548e+02 6.963003466961659280e-05 0.000000000000000000e+00
-1.079981122732392720e+02 -1.079946475925826945e+02 4.460888280447381394e-05 0.000000000000000000e+00
-9.847390746143868512e+01 -9.847549013072614343e+01 2.715843368078948951e-04 0.000000000000000000e+00
-1.079460665830472266e+02 -1.079437662458848166e+02 5.857121148331645351e-05 0.000000000000000000e+00
-1.025853867356020430e+02 -1.025833081861055263e+02 5.851216217832096205e-05 0.000000000000000000e+00
-9.875510800819274948e+01 -9.873719704719742651e+01 1.435585719029805495e-04 0.000000000000000000e+00
-1.041000041513337635e+02 -1.041159380463191440e+02 1.057169189901592418e-04 0.000000000000000000e+00
-7.325686064588937541e+01 -7.269096540226708214e+01 4.930490857785326756e-04 1.000000000000000000e+00
-1.080064570344267310e+02 -1.080062272940314045e+02 4.740717257832457131e-05 0.000000000000000000e+00
-1.081284486111963474e+02 -1.081237244713071561e+02 6.360781673135670173e-05 0.000000000000000000e+00
-9.870251905966519246e+01 -9.871884351131707547e+01 8.779110075555015711e-05 0.000000000000000000e+00
-1.034506245824847639e+02 -1.034296345504682790e+02 2.895951515034267420e-04 0.000000000000000000e+00
-1.053115013681411938e+02 -1.053086524570768887e+02 4.927409243643175539e-05 0.000000000000000000e+00
-9.980965697419068761e+01 -9.981717789871369462e+01 1.148781946420895895e-04 0.000000000000000000e+00
-1.080883645930270802e+02 -1.080745647012140438e+02 4.876466301105799781e-05 0.000000000000000000e+00
-1.053367229709931649e+02 -1.053329949645261507e+02 3.865206397054720447e-05 0.000000000000000000e+00
-1.080072151169109276e+02 -1.080074327011398907e+02 4.873112257772559645e-05 0.000000000000000000e+00
-9.719412947818666737e+01 -9.720268563356864888e+01 7.963415948417936581e-05 0.000000000000000000e+00
-1.052758481901491763e+02 -1.052738414585759443e+02 3.650268997563265577e-05 0.000000000000000000e+00
-1.037327112710826214e+02 -1.037523706101126777e+02 1.024255153312925544e-04 0.000000000000000000e+00
-1.053587725617568935e+02 -1.053503032043491885e+02 4.593621857426554794e-05 0.000000000000000000e+00
-1.026668933437422311e+02 -1.026622589185555370e+02 6.082943199826330963e-05 0.000000000000000000e+00
-1.053078844087582695e+02 -1.053024304740008574e+02 4.576465867431825797e-05 0.000000000000000000e+00
-9.195173622208584163e+01 -9.190709960480177187e+01 5.227922045799392571e-04 1.000000000000000000e+00
-1.036209996380057419e+02 -1.036267377641126615e+02 2.093752551146681401e-04 0.000000000000000000e+00
-1.107261292126483028e+02 -1.107235817900226209e+02 5.785252679332603712e-05 0.000000000000000000e+00
-1.079172858357320592e+02 -1.079209975704411306e+02 5.883016371495998893e-05 0.000000000000000000e+00
-1.079820204930270364e+02 -1.079823616231267351e+02 5.862573413818893586e-05 0.000000000000000000e+00
-1.080121950184539372e+02 -1.080021195647364749e+02 3.660493070571833548e-05 0.000000000000000000e+00
-1.080011629294943134e+02 -1.079795153401521475e+02 4.496514833357944242e-05 0.000000000000000000e+00
-1.018734355613485292e+02 -1.018727222015648977e+02 9.042299216422800912e-05 0.000000000000000000e+00
-1.080637234446556079e+02 -1.080514862948643895e+02 3.453153536943542103e-05 0.000000000000000000e+00
-1.026201089358479521e+02 -1.026203861004442075e+02 9.753995647371178587e-05 0.000000000000000000e+00
-9.596545172278270286e+01 -9.592670731109588189e+01 1.285513956854756733e-04 0.000000000000000000e+00
-1.024333764011945220e+02 -1.024389556793108795e+02 7.619313215924561767e-05 0.000000000000000000e+00
-1.053490077223784454e+02 -1.053421711396219962e+02 4.698722579334202042e-05 0.000000000000000000e+00
-1.053153855411471795e+02 -1.053131918304534622e+02 6.409284345112701176e-05 0.000000000000000000e+00
-1.052772838395520694e+02 -1.052560438540365766e+02 4.321063763735476975e-05 0.000000000000000000e+00
-9.701592141463126495e+01 -9.698391619606975667e+01 7.914071942696046015e-05 0.000000000000000000e+00
-1.080813175467285845e+02 -1.080789792816630950e+02 4.210224276073897182e-05 0.000000000000000000e+00
-1.053255173114124261e+02 -1.053219641488790899e+02 4.367683625386730085e-05 0.000000000000000000e+00
-1.080415454468545846e+02 -1.080249691401329386e+02 3.750628784713577854e-05 0.000000000000000000e+00
-1.107850469705216909e+02 -1.107711985591819968e+02 4.658907205896802240e-05 0.000000000000000000e+00
-1.025865340290692274e+02 -1.025861421625365892e+02 7.143866889611497279e-05 0.000000000000000000e+00
-1.080033296766095816e+02 -1.080001765563339973e+02 3.810834541317757469e-05 0.000000000000000000e+00
-1.080767386802283454e+02 -1.080727544126976341e+02 4.335655775723391581e-05 0.000000000000000000e+00
-1.107472446228541116e+02 -1.107518712187145979e+02 5.823363022851645807e-05 0.000000000000000000e+00
-1.079981841859315921e+02 -1.080006303920222308e+02 3.909060557163674066e-05 0.000000000000000000e+00
-1.053357479145922042e+02 -1.053330108401099778e+02 5.028621439140228811e-05 0.000000000000000000e+00
-1.106688975191221402e+02 -1.106642705850149042e+02 1.093051600156524054e-04 0.000000000000000000e+00
-9.981823833266966517e+01 -9.981864616092651943e+01 9.783417441339030461e-05 0.000000000000000000e+00
-6.998844805262453406e+01 -6.995490313549797179e+01 7.289010371447037688e-04 6.000000000000000000e+00
-1.080049205216785140e+02 -1.080069881507790228e+02 4.677875255882664164e-05 0.000000000000000000e+00
-1.080630514334426238e+02 -1.080499112853415227e+02 3.585151410756619002e-05 0.000000000000000000e+00
-1.054309989849111275e+02 -1.054253566635032939e+02 6.234842255096533458e-05 0.000000000000000000e+00
-9.875653991268283960e+01 -9.877476028527394192e+01 1.593461843619580615e-04 0.000000000000000000e+00
-1.080576235760883463e+02 -1.080570058929658614e+02 4.191457995972264021e-05 0.000000000000000000e+00
-1.013582993029817203e+02 -1.013528467044911423e+02 2.330352244422427934e-04 0.000000000000000000e+00
-1.107842328106627861e+02 -1.107731450050177386e+02 4.244819722231776599e-05 0.000000000000000000e+00
-1.052878982158127030e+02 -1.052866127492784329e+02 6.456443416405145848e-05 0.000000000000000000e+00
-1.025863608493841639e+02 -1.025657586092465579e+02 5.822152652103447827e-05 0.000000000000000000e+00
-1.080269173439068169e+02 -1.080231306399075919e+02 3.747576865621101051e-05 0.000000000000000000e+00
-9.982351022973580257e+01 -9.981697587060921251e+01 4.699580322425276198e-05 0.000000000000000000e+00
-1.052885166513676864e+02 -1.052815293955874267e+02 3.192234101218598835e-05 0.000000000000000000e+00
-1.080748152071734438e+02 -1.080751948238314952e+02 5.214043741509857306e-05 0.000000000000000000e+00
-1.080077522274755211e+02 -1.080030210110547273e+02 4.478945511932394931e-05 0.000000000000000000e+00
-1.053103999177233874e+02 -1.053081396784669863e+02 4.051411165934047740e-05 0.000000000000000000e+00
-9.878698761706320397e+01 -9.880769366298953571e+01 2.757343185583832580e-04 0.000000000000000000e+00
-1.041668936129024843e+02 -1.041750277675795218e+02 1.089770641755914330e-04 0.000000000000000000e+00
-1.079844918120040660e+02 -1.079647601640096326e+02 4.131439585137138736e-05 0.000000000000000000e+00
-9.875207100503241975e+01 -9.876712538625203308e+01 2.297610158033193308e-04 0.000000000000000000e+00
-1.054272078672264286e+02 -1.054125801965957123e+02 4.729896391275335382e-05 0.000000000000000000e+00
-6.609418432480610761e+01 -6.641917213792333996e+01 6.835654253867355125e-04 1.000000000000000000e+00
-1.007761056125100225e+02 -1.007506337646250358e+02 1.065171524781484853e-04 0.000000000000000000e+00
-1.107751233150263630e+02 -1.107767051152132467e+02 4.423522455343083487e-05 0.000000000000000000e+00
-1.053277400002725557e+02 -1.053297233665417849e+02 5.271565201180494520e-05 0.000000000000000000e+00
-1.080064078667009539e+02 -1.080071397814774912e+02 4.413762933966491631e-05 0.000000000000000000e+00
-1.107761689479603859e+02 -1.107696309974717366e+02 3.950479385279110684e-05 0.000000000000000000e+00
-1.052489342244578410e+02 -1.052528472586630102e+02 4.922122752886735127e-05 0.000000000000000000e+00
