0.000000000000000000e+00 0.000000000000000000e+00 0.000000000000000000e+00 0.000000000000000000e+00
-9.981614128968274713e+01 -9.963127922954124926e+01 8.650151975760851696e-04 0.000000000000000000e+00
-1.047355122418195634e+02 -1.044060798185771120e+02 5.828242016244505495e-04 0.000000000000000000e+00
-9.877516228792924835e+01 -9.880273030260416078e+01 3.951297873981070340e-04 0.000000000000000000e+00
-1.025331975437978542e+02 -1.025670260333949813e+02 3.759643418670911212e-04 0.000000000000000000e+00
-1.052865606526102056e+02 -1.052804203502908251e+02 1.782251551611203162e-04 0.000000000000000000e+00
-1.050949031536584357e+02 -1.051528379973223792e+02 3.960093173065505645e-04 0.000000000000000000e+00
-1.026945765033421338e+02 -1.025906081073326561e+02 2.716905538702704985e-04 0.000000000000000000e+00
-1.052761596887550297e+02 -1.052995157426446156e+02 1.924017670918127621e-04 0.000000000000000000e+00
-1.053288467257551559e+02 -1.052476675781067996e+02 2.289271322950635747e-04 0.000000000000000000e+00
-1.054455348594231765e+02 -1.053820677132697909e+02 1.758158264150819661e-04 0.000000000000000000e+00
-9.860940004524846358e+01 -9.868732940055666347e+01 2.632659234898191694e-04 0.000000000000000000e+00
-9.982123632070465646e+01 -9.981132237763827675e+01 3.436589548730423389e-04 0.000000000000000000e+00
-1.026024623081619893e+02 -1.026248433441898982e+02 7.177094909897720285e-04 0.000000000000000000e+00
-6.794480009020598743e+01 -6.743703293492302464e+01 1.012686897155668647e-02 4.000000000000000000e+00
-1.054167440733478003e+02 -1.053444642680757113e+02 2.014952819264503869e-04 0.000000000000000000e+00
-9.995888988240143647e+01 -9.995773594280841223e+01 2.755028037049474352e-04 0.000000000000000000e+00
-1.059030618005721749e+02 -1.057886865952957720e+02 3.067147152413615034e-04 0.000000000000000000e+00
-1.025342029292504549e+02 -1.025304659332419135e+02 1.821810766284158347e-04 0.000000000000000000e+00
-1.025599024345896879e+02 -1.025249382741756534e+02 1.109210275395928027e-04 0.000000000000000000e+00
-1.025429479529071557e+02 -1.025508593346625901e+02 1.156388972491798002e-04 0.000000000000000000e+00
-9.461751076747854938e+01 -9.447223202832914524e+01 2.120352031120887107e-04 0.000000000000000000e+00
-9.977671395754707362e+01 -9.982134518312369664e+01 8.344646859913367994e-04 0.000000000000000000e+00
-1.079615399731097511e+02 -1.079532374774316565e+02 1.187608978041104692e-04 0.000000000000000000e+00
-9.852234426920890087e+01 -9.858631179059884175e+01 2.358525738000124053e-04 0.000000000000000000e+00
-1.053324054224890745e+02 -1.053321750544594551e+02 1.718757283300201180e-04 0.000000000000000000e+00
-1.053015340655364156e+02 -1.052883551010864949e+02 1.026337708530825424e-04 0.000000000000000000e+00
-1.054884711942589064e+02 -1.054379072463011511e+02 1.707949316829736276e-04 0.000000000000000000e+00
-1.053375173915903815e+02 -1.052981084090026087e+02 9.233457790920311810e-05 0.000000000000000000e+00
-1.054260656707886312e+02 -1.053976940665756956e+02 1.523090124402058697e-04 0.000000000000000000e+00
-1.107732661479998768e+02 -1.107555363198365370e+02 1.265833729731299375e-04 0.000000000000000000e+00
-9.980389086828625977e+01 -9.982283879225666112e+01 1.880236594132270102e-04 0.000000000000000000e+00
-1.042352974247637718e+02 -1.042068445863570645e+02 2.001539516652196436e-04 0.000000000000000000e+00
-1.023743383377100571e+02 -1.023313522931943140e+02 1.636497170801335852e-04 0.000000000000000000e+00
-1.079895452106971305e+02 -1.080201173630513978e+02 1.472289311000617509e-04 0.000000000000000000e+00
-1.053183081652297801e+02 -1.053186507602367925e+02 2.869226423453194062e-04 0.000000000000000000e+00
-1.107725219105075496e+02 -1.107677968006391325e+02 3.109261699520066754e-04 0.000000000000000000e+00
-1.107589270640559818e+02 -1.107734575832970592e+02 1.369553281965455620e-04 0.000000000000000000e+00
-1.052947945478693583e+02 -1.052677540211314948e+02 9.633140067079285916e-05 0.000000000000000000e+00
-1.012978863756171251e+02 -1.012769269131824217e+02 2.325985001555904309e-04 0.000000000000000000e+00
-9.991539953205338520e+01 -9.988804756756647407e+01 1.553269928471984001e-04 0.000000000000000000e+00
-1.053208827375211740e+02 -1.053173150615640026e+02 1.527114652904059582e-04 0.000000000000000000e+00
-1.079901470379657979e+02 -1.079881418919805895e+02 7.980479333287722574e-05 0.000000000000000000e+00
-1.045022243411928997e+02 -1.044995199985007588e+02 1.469796381962563839e-04 0.000000000000000000e+00
-8.911882267734659990e+01 -8.902126336027802722e+01 2.333387179104177804e-04 0.000000000000000000e+00
-1.052688840592938107e+02 -1.052593148245325949e+02 6.968132311036860584e-05 0.000000000000000000e+00
-9.870081458713949019e+01 -9.871158815709422640e+01 2.386015568467010346e-04 0.000000000000000000e+00
-1.052588281766313685e+02 -1.052525689853974740e+02 9.895442164008425826e-05 0.000000000000000000e+00
-1.013927915219828577e+02 -1.013920799699874919e+02 1.680070521585382503e-04 0.000000000000000000e+00
-1.053963591175832590e+02 -1.054042967042796732e+02 1.096494628483531705e-04 0.000000000000000000e+00
-1.053588773746609917e+02 -1.053867529329658339e+02 1.669550186028258667e-04 0.000000000000000000e+00
-9.977769348777673031e+01 -9.977451698163407912e+01 2.144572773885942551e-04 0.000000000000000000e+00
-1.018300044177151022e+02 -1.017949476638692801e+02 1.786787495619772241e-04 0.000000000000000000e+00
-9.997817158278868988e+01 -9.994783268486277450e+01 1.509467163605033343e-04 0.000000000000000000e+00
-1.053545719873667963e+02 -1.053520880976994079e+02 1.804169846593809703e-04 0.000000000000000000e+00
-1.080490320142450571e+02 -1.080402429947033625e+02 7.124521071349142773e-05 0.000000000000000000e+00
-1.069806989465213292e+02 -1.068302150958326564e+02 6.505047960908749618e-04 0.000000000000000000e+00
-1.052690015937554051e+02 -1.052655373085371338e+02 9.071559221517119082e-05 0.000000000000000000e+00
-1.080239406660461583e+02 -1.080074654525099618e+02 9.645405847033250684e-05 0.000000000000000000e+00
-1.052811869645562268e+02 -1.052685353529631698e+02 3.015075355300134673e-04 0.000000000000000000e+00
-9.589678623282196668e+01 -9.589843001714341142e+01 2.406611809104671135e-04 0.000000000000000000e+00
-9.994204437504863847e+01 -9.988355237625330574e+01 1.108927085952366673e-04 0.000000000000000000e+00
-1.052356636702370452e+02 -1.052412155374205156e+02 3.068665209889188754e-04 0.000000000000000000e+00
-1.025887204949521703e+02 -1.025803515044177914e+02 1.212993663554907763e-04 0.000000000000000000e+00
-1.025134045859364704e+02 -1.025158343011994191e+02 1.443572280696315538e-04 0.000000000000000000e+00
-9.990635694649331811e+01 -9.989651723662672111e+01 8.739333372083978924e-05 0.000000000000000000e+00
-1.054188488977519143e+02 -1.054082275136621689e+02 1.014356251950992028e-04 0.000000000000000000e+00
-1.080612575784388696e+02 -1.080376275151622991e+02 8.497600298493213338e-05 0.000000000000000000e+00
-1.026138791786807616e+02 -1.025972569470040696e+02 6.811251670742990926e-05 0.000000000000000000e+00
-1.027104342680307809e+02 -1.026928141914802808e+02 2.965651077722146456e-04 0.000000000000000000e+00
-1.079639082687895240e+02 -1.079509525264646186e+02 9.710053022700955818e-05 0.000000000000000000e+00
-1.043832194295500244e+02 -1.043890282748266856e+02 1.525915642117781719e-04 0.000000000000000000e+00
-1.053067714527500698e+02 -1.052972411028998181e+02 8.145208472961864470e-05 0.000000000000000000e+00
-1.080114309080395856e+02 -1.080215611742170410e+02 1.067914846099185473e-04 0.000000000000000000e+00
-1.106663198112894406e+02 -1.106501724816514525e+02 9.986647451085002819e-05 0.000000000000000000e+00
-9.196135098882577097e+01 -9.188623305625540638e+01 1.920029246270294105e-04 0.000000000000000000e+00
-1.016315192158479874e+02 -1.016014898639025574e+02 1.755778125956746166e-04 0.000000000000000000e+00
-9.995943340279235656e+01 -9.989137226276096726e+01 1.441803816284834450e-04 0.000000000000000000e+00
-9.911721396238944237e+01 -9.908646485246043767e+01 1.628435602322437332e-04 0.000000000000000000e+00
-9.989953745575620303e+01 -9.991008449748868259e+01 9.686351892973912912e-05 0.000000000000000000e+00
-9.155631403407568314e+01 -9.159608008700064374e+01 9.528303329191852716e-04 4.000000000000000000e+00
-1.026778722666839627e+02 -1.026720982178156731e+02 7.818542364884659211e-05 0.000000000000000000e+00
-1.080282578579717665e+02 -1.080160270043334663e+02 6.013553715353748988e-05 0.000000000000000000e+00
-1.026489425785279792e+02 -1.026409196128698937e+02 1.253395059505709906e-04 0.000000000000000000e+00
-1.080150408748586983e+02 -1.080084792467471289e+02 7.448929663376090084e-05 0.000000000000000000e+00
-1.041622387041522728e+02 -1.041833286934456311e+02 1.739514861774745967e-04 0.000000000000000000e+00
-1.025750456401902682e+02 -1.025701475008125385e+02 1.550443953662797422e-04 0.000000000000000000e+00
-1.080567793805341523e+02 -1.080390153735105372e+02 5.774516627642295224e-05 0.000000000000000000e+00
-1.052674243624702797e+02 -1.052587385242794795e+02 7.757222143688649553e-05 0.000000000000000000e+00
-9.977376030830234299e+01 -9.977720177918394029e+01 1.549560908723629504e-04 0.000000000000000000e+00
-1.025570453993291693e+02 -1.025607872939425960e+02 7.912940676351025188e-05 0.000000000000000000e+00
-1.053419050188891930e+02 -1.053244705151176390e+02 8.950767954198562493e-05 0.000000000000000000e+00
-1.027729327056255784e+02 -1.027058683624221374e+02 1.165318890147179476e-04 0.000000000000000000e+00
-1.052626494221496216e+02 -1.052596254323272831e+02 7.096059925904288563e-05 0.000000000000000000e+00
-1.025788402241897472e+02 -1.025723973592038050e+02 1.629204562699755154e-04 0.000000000000000000e+00
-9.441489962744583408e+01 -9.443124728010319302e+01 2.251441399079958988e-04 0.000000000000000000e+00
-9.713574623027867005e+01 -9.713878071941289249e+01 1.636116285061092203e-04 0.000000000000000000e+00
-1.063596448980744498e+02 -1.063227407526522370e+02 1.447830090400881761e-04 0.000000000000000000e+00
-1.025283151211338151e+02 -1.025394846594950593e+02 9.642342275295126574e-05 0.000000000000000000e+00
-9.984564648842795975e+01 -9.984909069784067981e+01 7.116348878992766419e-05 0.000000000000000000e+00
-9.972367271955386059e+01 -9.971918973737975023e+01 1.100045654540217127e-04 0.000000000000000000e+00
-9.984332789984422618e+01 -9.984597420681402014e+01 8.890899608408642544e-05 0.000000000000000000e+00
-9.720754984286428169e+01 -9.719929777740365751e+01 7.850558442999916800e-05 0.000000000000000000e+00
-1.052967869596545398e+02 -1.053071943930120824e+02 7.910045449603023257e-05 0.000000000000000000e+00
-9.706417435919085790e+01 -9.707565423640092206e+01 2.783524624306147363e-04 0.000000000000000000e+00
-1.052664972707379860e+02 -1.052616093857018882e+02 7.797915401126857523e-05 0.000000000000000000e+00
-9.982242021817647526e+01 -9.982522074491983233e+01 1.085371137665269416e-04 0.000000000000000000e+00
-1.026784822817042482e+02 -1.026885878913318493e+02 7.780906039277172962e-05 0.000000000000000000e+00
-1.053011204393550884e+02 -1.052919740265403732e+02 5.330414360494019165e-05 0.000000000000000000e+00
-1.080354461035180833e+02 -1.080186487415284944e+02 7.358378603528185652e-05 0.000000000000000000e+00
-1.001761812019470597e+02 -1.002750835578352593e+02 1.623979168087565951e-04 0.000000000000000000e+00
-1.026216823768961603e+02 -1.026243593578271600e+02 1.802800348860185279e-04 0.000000000000000000e+00
-1.053124606755726234e+02 -1.053099648733865337e+02 1.151586895028577202e-04 0.000000000000000000e+00
-1.053989290038870621e+02 -1.053944417152090836e+02 6.318816100527004846e-05 0.000000000000000000e+00
-1.053013493964954250e+02 -1.053012232504549246e+02 1.036210806726445386e-04 0.000000000000000000e+00
-1.106986586906439811e+02 -1.106958853821028441e+02 9.826125506418716485e-05 0.000000000000000000e+00
-1.080375858349442950e+02 -1.080330292420169940e+02 7.721367998115494095e-05 0.000000000000000000e+00
-1.107137715338330821e+02 -1.107164009493427841e+02 1.477343209100037897e-04 0.000000000000000000e+00
-9.720413900615078262e+01 -9.723597580650461225e+01 2.122387838681538544e-04 0.000000000000000000e+00
-9.871964522075805348e+01 -9.874928491846206668e+01 1.600045713052817772e-04 0.000000000000000000e+00
-1.052824424905986973e+02 -1.052648464038666702e+02 6.968128726141601520e-05 0.000000000000000000e+00
-1.025676460931504863e+02 -1.025671809701359507e+02 5.815747875464334345e-05 0.000000000000000000e+00
-1.041084189782188929e+02 -1.041299311061257242e+02 1.221794876261433319e-04 0.000000000000000000e+00
-1.052927250527733349e+02 -1.052897365593496062e+02 1.228670807327387462e-04 0.000000000000000000e+00
-1.053506075365974510e+02 -1.053593278957547170e+02 5.500331669573125962e-05 0.000000000000000000e+00
-1.053642740016423573e+02 -1.053683587610957346e+02 9.133659247878704081e-05 0.000000000000000000e+00
-1.054614520483920472e+02 -1.054679253965252315e+02 8.731155381597829771e-05 0.000000000000000000e+00
-1.025025233274157586e+02 -1.025022758009621953e+02 2.763163004152113995e-04 0.000000000000000000e+00
-1.079988618496933839e+02 -1.080014837239756531e+02 6.658047677853160212e-05 0.000000000000000000e+00
-9.920732294859375600e+01 -9.919815436188048352e+01 1.433108709782114100e-04 0.000000000000000000e+00
-9.981339088821682992e+01 -9.981551511412226318e+01 8.041175719305909393e-05 0.000000000000000000e+00
-1.026135711331550908e+02 -1.025755380387330860e+02 6.507045768618990378e-05 0.000000000000000000e+00
-1.052638656423908969e+02 -1.052696908979688288e+02 1.014312322842366706e-04 0.000000000000000000e+00
-9.985711538247375074e+01 -9.987462880287620237e+01 1.140013432087485254e-04 0.000000000000000000e+00
-9.903897148799241279e+01 -9.896768046511073180e+01 2.128671010721896735e-04 0.000000000000000000e+00
-1.054027435625068563e+02 -1.054118159217316446e+02 7.179303843579790166e-05 0.000000000000000000e+00
-1.107819799182495757e+02 -1.107634722242160166e+02 6.790064870393396415e-05 0.000000000000000000e+00
-1.053860597113968396e+02 -1.053888972282009320e+02 6.209197380424451610e-05 0.000000000000000000e+00
-9.725862114296513994e+01 -9.725236127437561606e+01 2.564464814141829497e-04 0.000000000000000000e+00
-1.053277539857251384e+02 -1.053186947898621924e+02 5.733984931035667691e-05 0.000000000000000000e+00
-1.053523537247474167e+02 -1.053595066349086977e+02 5.054491009745035982e-05 0.000000000000000000e+00
-1.014979667591398709e+02 -1.015336760665767173e+02 1.318457698072303397e-04 0.000000000000000000e+00
-1.080721701359883866e+02 -1.080634533101919743e+02 5.316544600589321825e-05 0.000000000000000000e+00
-1.053441942034781249e+02 -1.053445639590916159e+02 7.641832827977234287e-05 0.000000000000000000e+00
-9.928300412379336137e+01 -9.925918412316887895e+01 1.137104544937266102e-04 0.000000000000000000e+00
-1.036941990293121449e+02 -1.036728015406601742e+02 1.026573001683688831e-04 0.000000000000000000e+00
-1.107783479630696206e+02 -1.107631632474061547e+02 6.780326851100349904e-05 0.000000000000000000e+00
-1.026697521788376974e+02 -1.026815029667896937e+02 7.748834140614485133e-05 0.000000000000000000e+00
-9.867418976776639283e+01 -9.871446391303888390e+01 9.096990613255447728e-05 0.000000000000000000e+00
-1.053129277039760439e+02 -1.053083897117687400e+02 7.056992268567726051e-05 0.000000000000000000e+00
-1.053184490439111300e+02 -1.053324789402258119e+02 9.380991915795005188e-05 0.000000000000000000e+00
-1.053461737950846810e+02 -1.053427341313318095e+02 5.935856005626627272e-05 0.000000000000000000e+00
-9.703401275474335819e+01 -9.705610408151612489e+01 1.466070598127356436e-04 0.000000000000000000e+00
-1.080131647524800513e+02 -1.080223463470312595e+02 7.072127680366420747e-05 0.000000000000000000e+00
-9.449608890267251127e+01 -9.448703142862423476e+01 3.316585146251425508e-04 0.000000000000000000e+00
-1.079793549716475667e+02 -1.079786840095824374e+02 1.306831755992893501e-04 0.000000000000000000e+00
-9.990671259630801160e+01 -9.990581527185901223e+01 1.218927117837626315e-04 0.000000000000000000e+00
-9.827768159647949631e+01 -9.827555143590703324e+01 1.006175732902282396e-04 0.000000000000000000e+00
-1.079818974997645569e+02 -1.079824290747196329e+02 8.306206122764082163e-05 0.000000000000000000e+00
-1.000101424511981776e+02 -9.998731688482895663e+01 1.220832325527446290e-04 0.000000000000000000e+00
-9.667063574655512070e+01 -9.659001471411585271e+01 1.356220126059562469e-04 0.000000000000000000e+00
-1.080567097522499722e+02 -1.080551553441888757e+02 9.144622940982916461e-05 0.000000000000000000e+00
-1.080547521087997467e+02 -1.080569959231719253e+02 6.698742972534787662e-05 0.000000000000000000e+00
-1.052616786173940255e+02 -1.052455062497909495e+02 6.558556467901538261e-05 0.000000000000000000e+00
-1.079739768663765034e+02 -1.079702204799271215e+02 1.333600302402661124e-04 0.000000000000000000e+00
-1.053662707314394709e+02 -1.053648060956734582e+02 6.903745370604503389e-05 0.000000000000000000e+00
-1.018446145085702454e+02 -1.018431468479514450e+02 1.246743397856407243e-04 0.000000000000000000e+00
-1.053421345507742473e+02 -1.053227471127022028e+02 5.170088707990823720e-05 0.000000000000000000e+00
-1.053112905893053721e+02 -1.053133200698356831e+02 9.811099363632837592e-05 0.000000000000000000e+00
-1.026361228981802469e+02 -1.026187152340122424e+02 4.773622746915656646e-05 0.000000000000000000e+00
-1.054209269428359903e+02 -1.054226300475653630e+02 2.325116817085906703e-04 0.000000000000000000e+00
-1.052515914130141965e+02 -1.052387671438272321e+02 5.903812797544557504e-05 0.000000000000000000e+00
-1.107819912195031975e+02 -1.107648090076432226e+02 6.028385989382025725e-05 0.000000000000000000e+00
-1.024848137502964107e+02 -1.024791162475315787e+02 8.500882214789025023e-05 0.000000000000000000e+00
-1.052849541442163996e+02 -1.052815708554444569e+02 9.539860606100588930e-05 0.000000000000000000e+00
-1.080458793129649422e+02 -1.080354767573625310e+02 6.057290133431012148e-05 0.000000000000000000e+00
-1.106952186067390187e+02 -1.106958364088794156e+02 7.614772287857419391e-05 0.000000000000000000e+00
-1.080526948407487566e+02 -1.080545344460221600e+02 4.952451867133088960e-05 0.000000000000000000e+00
-1.080017209222598211e+02 -1.079864149082620628e+02 4.498387606749851980e-05 0.000000000000000000e+00
-1.080315771895302390e+02 -1.080175992719702833e+02 4.722343730741123530e-05 0.000000000000000000e+00
-1.053011738354251889e+02 -1.052920189863661449e+02 4.534578579261769511e-05 0.000000000000000000e+00
-9.463920748382108172e+01 -9.462954782148192123e+01 4.935861428977506666e-04 2.400000000000000000e+01
-1.107153194550592019e+02 -1.107267490232859046e+02 8.403593318004989367e-05 0.000000000000000000e+00
-1.027395827754476301e+02 -1.027433596319836653e+02 1.340911531803322973e-04 0.000000000000000000e+00
-1.025938416217666429e+02 -1.025884275038222455e+02 1.235662558746979242e-04 0.000000000000000000e+00
-1.080885886798048290e+02 -1.080865366501723628e+02 7.405213127410644163e-05 0.000000000000000000e+00
-1.053349161855368976e+02 -1.053266659009406681e+02 3.922242226918864198e-05 0.000000000000000000e+00
-1.106951457698725676e+02 -1.106960251399199677e+02 7.190389081777403093e-05 0.000000000000000000e+00
-1.106938355171413093e+02 -1.106903723553149916e+02 8.752526864733431780e-05 0.000000000000000000e+00
-1.027282709653051427e+02 -1.027461079888541207e+02 1.326479227625640379e-04 0.000000000000000000e+00
-1.053297141314696859e+02 -1.053301187498385190e+02 5.355262352346628257e-05 0.000000000000000000e+00
-1.026298851538261800e+02 -1.026231820625000353e+02 3.986074824174188247e-05 0.000000000000000000e+00
-9.979053621662981755e+01 -9.978982963906203452e+01 8.999835749429947762e-05 0.000000000000000000e+00
-1.031709291403778224e+02 -1.031622963514156197e+02 1.507375183620866159e-04 0.000000000000000000e+00
-9.884461762113156169e+01 -9.884187244140768769e+01 1.288425492493413724e-04 0.000000000000000000e+00
-1.053793390524712237e+02 -1.053701041495663588e+02 5.168485320528011718e-05 0.000000000000000000e+00
-9.023693144383402398e+01 -9.022805959663506314e+01 1.027943783906438372e-03 8.000000000000000000e+00
-1.029342913945462499e+02 -1.030162376972082257e+02 4.660061026889325358e-04 0.000000000000000000e+00
-1.045610483942336941e+02 -1.045643272890511497e+02 1.095183202579128853e-04 0.000000000000000000e+00
-1.016045736058950837e+02 -1.016162245686435597e+02 1.706119514961018354e-04 0.000000000000000000e+00
-1.080034835500460986e+02 -1.080075459857120421e+02 7.081874329582445204e-05 0.000000000000000000e+00
-1.010677958882168213e+02 -1.010547553055550054e+02 8.934934815798643707e-05 0.000000000000000000e+00
-1.053211015113808742e+02 -1.053255462859217459e+02 5.969984305123771231e-05 0.000000000000000000e+00
-1.002189928991282386e+02 -1.003122506524534145e+02 1.209403496722863018e-04 0.000000000000000000e+00
-1.052748347267880717e+02 -1.052737755199089662e+02 4.737870306147474000e-05 0.000000000000000000e+00
-1.107727249200075192e+02 -1.107611166938200853e+02 5.378757478685199702e-05 0.000000000000000000e+00
-1.080554779927879423e+02 -1.080562578327218972e+02 6.307456476245235273e-05 0.000000000000000000e+00
-1.080729220540777504e+02 -1.080659476357402440e+02 4.019791029104543770e-05 0.000000000000000000e+00
-1.026331577418782786e+02 -1.026384322834655762e+02 5.708267952501819764e-05 0.000000000000000000e+00
-1.052579947742142537e+02 -1.052455100531027625e+02 6.403284797252715640e-05 0.000000000000000000e+00
-1.080213072351223644e+02 -1.080120632279390946e+02 4.953866330560789428e-05 0.000000000000000000e+00
-1.025567455494788049e+02 -1.025540474874641177e+02 6.614502423393279714e-05 0.000000000000000000e+00
-9.763389414336026562e+01 -9.768392627407739326e+01 2.129338073948636970e-04 0.000000000000000000e+00
-1.080700760419033344e+02 -1.080727532702563991e+02 6.031328978478020042e-05 0.000000000000000000e+00
-6.682176307180617414e+01 -6.649290376034815608e+01 1.138230147245339243e-03 1.000000000000000000e+00
-1.053614178214715764e+02 -1.053346537369477716e+02 5.804871804964138363e-05 0.000000000000000000e+00
-9.978939951586458790e+01 -9.978902900178806590e+01 1.046010947219356142e-04 0.000000000000000000e+00
-1.053000434107611341e+02 -1.053016740544198484e+02 5.508220634759229152e-05 0.000000000000000000e+00
-9.982591259838824271e+01 -9.982525343153200481e+01 7.704449095448826185e-05 0.000000000000000000e+00
-1.107322023732461105e+02 -1.107182931370164027e+02 5.540854378524128469e-05 0.000000000000000000e+00
-1.054005872733943505e+02 -1.054075398889096249e+02 5.944339633292515117e-05 0.000000000000000000e+00
-1.025546709440867090e+02 -1.025411119904427437e+02 6.123929927580384696e-05 0.000000000000000000e+00
-1.079765621448117372e+02 -1.079751879342774430e+02 5.136444096896604556e-05 0.000000000000000000e+00
-1.026006635373393010e+02 -1.025965472229982964e+02 3.471194395912377816e-05 0.000000000000000000e+00
-1.000342076167807335e+02 -1.000211993615969277e+02 1.884674695079995054e-04 1.500000000000000000e+01
-1.024103367733767840e+02 -1.024038352663265528e+02 1.114190797196974080e-04 0.000000000000000000e+00
-1.080722847332546053e+02 -1.080664704024610927e+02 4.214472530992082231e-05 0.000000000000000000e+00
-9.716194076042114602e+01 -9.716044387734176269e+01 7.361923702125069057e-05 0.000000000000000000e+00
-1.080636661999310775e+02 -1.080663175184533173e+02 6.571963169817498227e-05 0.000000000000000000e+00
-1.053524126567591992e+02 -1.053499194109837305e+02 3.333111308212451205e-05 0.000000000000000000e+00
-1.025289811500142036e+02 -1.025289125650078290e+02 7.267316174279569790e-05 0.000000000000000000e+00
-9.988311415786793646e+01 -9.987267748759542485e+01 7.531801248784359022e-05 0.000000000000000000e+00
-1.053071636920977170e+02 -1.052997449915477972e+02 4.484537573482366793e-05 0.000000000000000000e+00
-1.053023907343100234e+02 -1.052948900842131223e+02 5.758833723764598966e-05 0.000000000000000000e+00
-1.014473441678098027e+02 -1.014747628499227545e+02 7.027465979225777388e-05 0.000000000000000000e+00
-9.716177469443877612e+01 -9.715087705133019824e+01 9.393731491358712886e-05 0.000000000000000000e+00
-1.023702827202417041e+02 -1.023048403298245148e+02 8.756203294729127064e-05 0.000000000000000000e+00
-1.107155972225911853e+02 -1.107222270986909507e+02 6.299369622416412060e-05 0.000000000000000000e+00
-1.080253036805810183e+02 -1.080242452452112474e+02 9.224236796440612595e-05 0.000000000000000000e+00
-1.080215040638449295e+02 -1.080139256391307896e+02 4.127907694663981064e-05 0.000000000000000000e+00
-1.053293051092668833e+02 -1.053280714198080972e+02 5.430847738298339984e-05 0.000000000000000000e+00
-1.052626578932811299e+02 -1.052591291008704673e+02 5.326774451962506559e-05 0.000000000000000000e+00
-1.034230827147892171e+02 -1.034261210209886457e+02 1.288811152951401765e-04 0.000000000000000000e+00
-1.053557674584975103e+02 -1.053525892520213176e+02 4.938407812453119068e-05 0.000000000000000000e+00
-9.975779816330040717e+01 -9.976217360932767519e+01 2.062667713436654605e-04 0.000000000000000000e+00
-1.026888259249279827e+02 -1.026889284552922561e+02 5.971057984889489482e-05 0.000000000000000000e+00
-9.982286555569673681e+01 -9.981805937835548548e+01 8.107306884843247660e-05 0.000000000000000000e+00
-1.025509836956325813e+02 -1.025457165266156636e+02 3.767267297187779004e-05 0.000000000000000000e+00
-1.052531302075160369e+02 -1.052446112034023429e+02 5.790513589250510942e-05 0.000000000000000000e+00
-1.025441714239869668e+02 -1.025415670428742771e+02 4.890380851839846787e-05 0.000000000000000000e+00
-1.080536158229158588e+02 -1.080449637114081014e+02 3.785428912735778448e-05 0.000000000000000000e+00
-1.080535980030478811e+02 -1.080448108337504465e+02 3.771411040141924682e-05 0.000000000000000000e+00
-1.107719533710512252e+02 -1.107748315751328647e+02 6.840989378579979496e-05 0.000000000000000000e+00
-1.053556089059646723e+02 -1.053580576674828677e+02 6.255374802001116195e-05 0.000000000000000000e+00
-9.991708544112663049e+01 -9.990467610713810132e+01 7.591309881485211019e-05 0.000000000000000000e+00
-1.080451215435909944e+02 -1.080393317175955161e+02 3.646074207449522258e-05 0.000000000000000000e+00
-1.079986763586828573e+02 -1.079909721241122327e+02 4.393431944095515656e-05 0.000000000000000000e+00
-1.079688783558233069e+02 -1.079578079119964684e+02 5.862228836443481760e-05 0.000000000000000000e+00
-1.053798433882047902e+02 -1.053828633187405046e+02 6.495155756344054892e-05 0.000000000000000000e+00
-1.025515901624283543e+02 -1.025454320955103924e+02 9.417865018703976555e-05 0.000000000000000000e+00
-1.053630323733709844e+02 -1.053660879256254219e+02 5.959679320895329657e-05 0.000000000000000000e+00
-1.080177675944004250e+02 -1.080229444774118974e+02 5.244045198787036875e-05 0.000000000000000000e+00
-1.053965462818402017e+02 -1.053975625890454921e+02 4.788718547537780410e-05 0.000000000000000000e+00
-9.711967512003901959e+01 -9.713968104599462094e+01 9.493107381032231840e-05 0.000000000000000000e+00
-1.026419757152835643e+02 -1.026407760444063655e+02 4.878342734251814680e-05 0.000000000000000000e+00
-1.080006971560867868e+02 -1.080017351333462159e+02 4.645219454474182238e-05 0.000000000000000000e+00
-1.079950009360193377e+02 -1.079952504409238827e+02 7.691514707201976928e-05 0.000000000000000000e+00
-1.053927875554205258e+02 -1.053845112085064102e+02 1.006444840357273869e-04 0.000000000000000000e+00
-1.106583476032010509e+02 -1.106621836269725634e+02 1.374715035123087097e-04 0.000000000000000000e+00
-1.054035449617967544e+02 -1.054046991474077117e+02 6.249360026793483150e-05 0.000000000000000000e+00
-9.977576347289482328e+01 -9.976665812626980312e+01 7.399536158365925315e-05 0.000000000000000000e+00
-1.080229633102014759e+02 -1.080146024472180386e+02 4.292141810125271387e-05 0.000000000000000000e+00
-1.052893014322157228e+02 -1.052899942707048666e+02 8.254453824867021775e-05 0.000000000000000000e+00
-1.080071656677057206e+02 -1.079978342793449428e+02 3.777898717863639890e-05 0.000000000000000000e+00
-1.052698870173463348e+02 -1.052687404436855445e+02 9.687003642044238541e-05 0.000000000000000000e+00
-1.107231175400859655e+02 -1.107133773701804387e+02 4.796955741826652750e-05 0.000000000000000000e+00
-1.052386875334902214e+02 -1.052335141560170797e+02 5.787080388465950246e-05 0.000000000000000000e+00
-1.014775673236936626e+02 -1.014709225876376024e+02 1.970811521758602841e-04 0.000000000000000000e+00
-1.107636088372154433e+02 -1.107702536844732322e+02 6.182114659624760901e-05 0.000000000000000000e+00
-1.080072623388964246e+02 -1.079925723857032693e+02 3.372226444130670885e-05 0.000000000000000000e+00
-1.081164791502360458e+02 -1.081184476089845958e+02 7.462994098926654821e-05 0.000000000000000000e+00
-1.045017321656593339e+02 -1.044985154771138696e+02 1.607275245131569146e-04 0.000000000000000000e+00
-1.107226977477729974e+02 -1.107132598110382844e+02 4.704042879992872782e-05 0.000000000000000000e+00
-1.026672624087626389e+02 -1.026772935642736968e+02 8.042244910047400977e-05 0.000000000000000000e+00
-9.987132868747204384e+01 -9.984986958060839868e+01 8.142264323585309829e-05 0.000000000000000000e+00
-1.025793238685391628e+02 -1.025797220574341821e+02 4.986758473535398382e-05 0.000000000000000000e+00
-1.052959521789841943e+02 -1.052759000493176273e+02 5.310739251420376194e-05 0.000000000000000000e+00
-1.053307818299300180e+02 -1.053274891713416821e+02 4.353905365500264585e-05 0.000000000000000000e+00
-1.041068179142963146e+02 -1.040959567780681709e+02 1.789341183684072033e-04 0.000000000000000000e+00
-1.053076498118901583e+02 -1.053037333166265626e+02 4.403927584064922781e-05 0.000000000000000000e+00
-1.052812437040054476e+02 -1.052770821932521130e+02 4.005292566678327125e-05 0.000000000000000000e+00
-1.025114588456148255e+02 -1.024966498191349729e+02 7.372598991116820352e-05 0.000000000000000000e+00
-1.053617146736746690e+02 -1.053588366380187296e+02 9.524896950430187929e-05 0.000000000000000000e+00
-1.053581997374878370e+02 -1.053534703013457801e+02 4.095632337971517591e-05 0.000000000000000000e+00
-1.080884382403698112e+02 -1.080954133607567371e+02 8.133404937623656995e-05 0.000000000000000000e+00
-1.079701613185896889e+02 -1.079609585247263226e+02 4.495484246999590923e-05 0.000000000000000000e+00
-1.079931609579162455e+02 -1.079940944067703299e+02 4.808606102549870740e-05 0.000000000000000000e+00
-1.026288272157034669e+02 -1.026360537317546289e+02 4.097764329107702079e-05 0.000000000000000000e+00
-9.874289565207931219e+01 -9.879593516524184338e+01 7.801115533113687811e-05 0.000000000000000000e+00
-1.025338104493784215e+02 -1.025345843101669630e+02 5.217522166459087878e-05 0.000000000000000000e+00
-1.080742967604851259e+02 -1.080669664810857142e+02 3.794918833684927505e-05 0.000000000000000000e+00
-1.026309028535103636e+02 -1.026320606542465157e+02 4.508402158190117368e-05 0.000000000000000000e+00
-7.536379559485777690e+01 -7.492235813088953478e+01 3.093299654812725185e-03 2.000000000000000000e+01
-1.053341340786697344e+02 -1.053262624326771686e+02 3.833310177165586818e-05 0.000000000000000000e+00
-1.024839744107589041e+02 -1.024848658020945038e+02 1.293323179328305763e-04 0.000000000000000000e+00
-1.018429803871915453e+02 -1.019632384518467347e+02 1.911732333542439082e-04 0.000000000000000000e+00
-1.052965563917466767e+02 -1.052926864967142961e+02 3.174620788332297295e-05 0.000000000000000000e+00
-9.913129298030833070e+01 -9.913376062096770625e+01 1.274208004410312700e-04 0.000000000000000000e+00
-1.025674458482455123e+02 -1.025621576953316492e+02 3.976809213753005056e-05 0.000000000000000000e+00
-1.051754855860783522e+02 -1.051622850854194695e+02 5.536582137667543830e-05 0.000000000000000000e+00
-1.018200557948469225e+02 -1.018169326108717030e+02 1.183915965209722922e-04 0.000000000000000000e+00
-1.005234489865208616e+02 -1.005331632176317669e+02 1.366086645340314036e-04 0.000000000000000000e+00
-1.017557758536492827e+02 -1.017661187388498689e+02 1.039106884366724419e-04 0.000000000000000000e+00
-1.052027264270036397e+02 -1.052025423727215667e+02 5.842990896380964897e-05 0.000000000000000000e+00
-1.052722855247670708e+02 -1.052659911018153167e+02 3.145306875936814539e-05 0.000000000000000000e+00
-1.042549360793659901e+02 -1.042511466777272346e+02 9.412160024705558056e-05 0.000000000000000000e+00
-1.024315191382824395e+02 -1.024341054844373389e+02 9.472817134488511711e-05 0.000000000000000000e+00
-1.052673869256369130e+02 -1.052643178580760264e+02 4.134120863938994724e-05 0.000000000000000000e+00
-1.079876549695696184e+02 -1.079823223983870975e+02 4.423293428646189523e-05 0.000000000000000000e+00
-9.865950520022620651e+01 -9.868011329412757959e+01 1.090700685344003068e-04 0.000000000000000000e+00
-9.724289382072110755e+01 -9.723506149384434138e+01 8.262281637596937170e-05 0.000000000000000000e+00
-1.079128044540290432e+02 -1.079041837400100405e+02 5.489369965287375442e-05 0.000000000000000000e+00
-1.107154025087434945e+02 -1.107158038426988611e+02 8.043517689169363315e-05 0.000000000000000000e+00
-9.986349730493215304e+01 -9.987297669663573174e+01 6.202011063531215611e-05 0.000000000000000000e+00
-9.714874877313276613e+01 -9.715640672378290787e+01 1.049147088041036053e-04 0.000000000000000000e+00
-9.910473113062825234e+01 -9.910955395299821191e+01 1.110400348151624928e-04 0.000000000000000000e+00
-1.080499994106337027e+02 -1.080523238015650520e+02 4.308485295918996230e-05 0.000000000000000000e+00
-1.054113058768736408e+02 -1.054121277735433750e+02 5.168830287876420066e-05 0.000000000000000000e+00
-1.080529469942840990e+02 -1.080536763164626706e+02 4.470538095580267661e-05 0.000000000000000000e+00
-1.054076835703571788e+02 -1.054119723194521754e+02 5.967689118025455383e-05 0.000000000000000000e+00
-9.995238208485029929e+01 -9.992671262497069051e+01 7.283099432264962666e-05 0.000000000000000000e+00
-1.079154118503811333e+02 -1.079057734956390675e+02 4.988444865150482829e-05 0.000000000000000000e+00
-1.080562358230244513e+02 -1.080477112548529561e+02 3.258964862601838365e-05 0.000000000000000000e+00
-1.031546853669570964e+02 -1.031449862008338272e+02 1.136783145374071385e-04 0.000000000000000000e+00
-1.052833569350525664e+02 -1.052843151372997710e+02 4.177947864422659020e-05 0.000000000000000000e+00
-1.107151069981121623e+02 -1.107203079186258208e+02 5.678762052072885215e-05 0.000000000000000000e+00
-1.081157983650915213e+02 -1.081227395588983029e+02 5.941068768033401178e-05 0.000000000000000000e+00
-1.081021811413764055e+02 -1.080940877129730922e+02 4.416452550203531869e-05 0.000000000000000000e+00
-1.052885807865587822e+02 -1.052853516545769423e+02 6.774791018455181941e-05 0.000000000000000000e+00
-1.053064150673638579e+02 -1.053078912812733137e+02 6.766352560249911134e-05 0.000000000000000000e+00
-1.080502037130440556e+02 -1.080523767666067556e+02 4.173683845728611924e-05 0.000000000000000000e+00
-1.079766751414929473e+02 -1.079764992128899053e+02 4.903688810366109679e-05 0.000000000000000000e+00
-1.079980396248882926e+02 -1.079889914295579842e+02 3.185877323806839487e-05 0.000000000000000000e+00
-1.080166612053370159e+02 -1.080109098444237645e+02 3.862289285325575672e-05 0.000000000000000000e+00
-1.080557447503976505e+02 -1.080501032183962167e+02 3.457168469006258627e-05 0.000000000000000000e+00
-1.025646176794412696e+02 -1.025619448422356328e+02 3.773592197044933712e-05 0.000000000000000000e+00
-9.645103158545204280e+01 -9.643319085095062349e+01 4.943325810592138700e-04 0.000000000000000000e+00
-1.080556722922841431e+02 -1.080491590293953408e+02 3.966641948634188535e-05 0.000000000000000000e+00
-9.609239676294647836e+01 -9.610871243774914774e+01 1.130007524517452215e-04 0.000000000000000000e+00
-9.703233373847126586e+01 -9.701404884938619944e+01 7.042261191254329774e-05 0.000000000000000000e+00
-9.182140029198833986e+01 -9.177913994883220994e+01 1.087400448323725749e-04 0.000000000000000000e+00
-1.025593362675992495e+02 -1.025599539337564607e+02 3.622068013735332684e-05 0.000000000000000000e+00
-1.080629416454966503e+02 -1.080667824704792110e+02 5.517024281198900954e-05 0.000000000000000000e+00
-1.005059605484598819e+02 -1.005046393575703547e+02 1.475149948561330863e-04 0.000000000000000000e+00
-9.982535391063079544e+01 -9.982408281003196748e+01 4.601680037107481016e-05 0.000000000000000000e+00
-1.107738172577763862e+02 -1.107621605145462098e+02 4.136189801606210523e-05 0.000000000000000000e+00
-1.080573577042729028e+02 -1.080574733520417965e+02 4.435171489701769220e-05 0.000000000000000000e+00
-1.052715824922159982e+02 -1.052682186806466547e+02 3.303538202657486212e-05 0.000000000000000000e+00
-1.080517501147981534e+02 -1.080538064035577577e+02 4.425422480442903949e-05 0.000000000000000000e+00
-1.053783434506483019e+02 -1.053805541185896715e+02 4.552083904642665474e-05 0.000000000000000000e+00
-1.026497077587417124e+02 -1.026547882377287522e+02 5.109363508610612081e-05 0.000000000000000000e+00
-1.035789728952402839e+02 -1.035915253138404495e+02 7.416416383203749876e-05 0.000000000000000000e+00
-1.107697966114744474e+02 -1.107756511908791026e+02 5.652897546196308765e-05 0.000000000000000000e+00
-1.080718344108908724e+02 -1.080666167142298804e+02 3.001654270389835647e-05 0.000000000000000000e+00
-1.053308886499986698e+02 -1.053334644642501274e+02 3.803767088115132052e-05 0.000000000000000000e+00
-1.026362288906305622e+02 -1.026368884485090405e+02 5.199022294281750229e-05 0.000000000000000000e+00
-9.440452611467397048e+01 -9.440797987391394486e+01 9.042330034414735066e-05 0.000000000000000000e+00
-9.982873097632493398e+01 -9.983218802891062182e+01 6.773127148920873777e-05 0.000000000000000000e+00
-1.080585530481670133e+02 -1.080476363016340002e+02 3.698728609245291346e-05 0.000000000000000000e+00
-1.026417224351825581e+02 -1.026401397784640181e+02 4.152217858156267088e-05 0.000000000000000000e+00
-1.017020677210616100e+02 -1.017220856591271172e+02 1.017188359676564851e-04 0.000000000000000000e+00
-9.719749595119283470e+01 -9.717423860122599422e+01 6.671208594435034485e-05 0.000000000000000000e+00
-1.041820858412064297e+02 -1.041800893721566013e+02 1.938674842027577965e-04 0.000000000000000000e+00
-1.054018796871641257e+02 -1.054088484524637579e+02 6.087827142179042059e-05 0.000000000000000000e+00
-1.053551147657575910e+02 -1.053483091041572521e+02 5.765766957573876741e-05 0.000000000000000000e+00
-1.080589279737580455e+02 -1.080603092428067669e+02 5.351191845547354371e-05 0.000000000000000000e+00
-1.026006401034532018e+02 -1.026066579447779219e+02 4.820209187669549818e-05 0.000000000000000000e+00
-1.037714346293246734e+02 -1.037236164255835718e+02 9.537159281552125983e-05 0.000000000000000000e+00
-1.026343286823307182e+02 -1.026272196093215712e+02 3.370938432509936557e-05 0.000000000000000000e+00
-1.106927420755291678e+02 -1.106951241377342114e+02 7.793107218822459194e-05 0.000000000000000000e+00
-9.979802682859310892e+01 -9.979488522617801038e+01 8.046524943481047623e-05 0.000000000000000000e+00
-1.051853821342666464e+02 -1.051831240220395500e+02 5.517649787353520665e-05 0.000000000000000000e+00
-9.985074735543949487e+01 -9.985479280025229798e+01 4.384891205782186972e-05 0.000000000000000000e+00
-1.079254276462288402e+02 -1.079140484277351391e+02 4.115502043787833353e-05 0.000000000000000000e+00
-1.053747966777907976e+02 -1.053757635632264709e+02 4.433966148445350617e-05 0.000000000000000000e+00
-1.080762880447034320e+02 -1.080719512737735215e+02 3.180621528979430638e-05 0.000000000000000000e+00
-1.053562569655544650e+02 -1.053502984468686066e+02 5.026900379127567962e-05 0.000000000000000000e+00
-1.107311503972128719e+02 -1.107187732630830652e+02 4.234781813224728513e-05 0.000000000000000000e+00
-1.025058488944649042e+02 -1.025074065661098643e+02 4.819633566799126357e-05 0.000000000000000000e+00
-1.025188587322586358e+02 -1.025196366355768305e+02 5.946043663321991956e-05 0.000000000000000000e+00
-9.991135983864015202e+01 -9.992022257361729487e+01 4.752391365539206450e-05 0.000000000000000000e+00
-9.927801541240405925e+01 -9.926046182141023166e+01 1.393880102266119574e-04 0.000000000000000000e+00
-1.042422259343715325e+02 -1.043044735309675417e+02 1.015661786060235761e-04 0.000000000000000000e+00
-1.052677086095824421e+02 -1.052646397961128173e+02 4.666370777656968341e-05 0.000000000000000000e+00
-7.008684823421778276e+01 -7.011582848627622866e+01 2.214896246486763778e-03 1.000000000000000000e+00
-9.441981582313653121e+01 -9.442485159105474679e+01 6.737442832171751275e-05 0.000000000000000000e+00
-1.080673632238027295e+02 -1.080706773421875084e+02 4.063845680680589596e-05 0.000000000000000000e+00
-1.080467885486476973e+02 -1.080398673193364516e+02 2.932773583935166913e-05 0.000000000000000000e+00
-9.995653955490281817e+01 -9.993740325141870073e+01 1.015926053073409793e-04 0.000000000000000000e+00
-1.080517443271837124e+02 -1.080538825905082945e+02 3.635632628939594927e-05 0.000000000000000000e+00
