0.000000000000000000e+00 0.000000000000000000e+00 0.000000000000000000e+00 0.000000000000000000e+00
-1.107345140355483863e+02 -1.106867141142076179e+02 2.407505297811579593e-04 0.000000000000000000e+00
-1.026869982467695621e+02 -1.026904446735277645e+02 8.890754444329846849e-04 0.000000000000000000e+00
-9.976943859735149545e+01 -9.974536666421911946e+01 4.161183073005509346e-04 0.000000000000000000e+00
-9.660856157812725087e+01 -9.656094211679274508e+01 9.230207774822578098e-04 0.000000000000000000e+00
-1.079905780142341598e+02 -1.079584782902827271e+02 1.847724367069272517e-04 0.000000000000000000e+00
-9.945159408214851737e+01 -9.930071215675923213e+01 2.729418318913491158e-04 0.000000000000000000e+00
-1.027055200975345031e+02 -1.026088987973365221e+02 3.004171226140837426e-04 0.000000000000000000e+00
-9.984246600867878385e+01 -9.980752968568579320e+01 4.159839554695583764e-04 0.000000000000000000e+00
-8.923651808461353596e+01 -8.902050995605713979e+01 3.671546811527801372e-04 0.000000000000000000e+00
-1.024835457775172642e+02 -1.025096900181397501e+02 3.575803713065537292e-04 0.000000000000000000e+00
-9.720408680174018912e+01 -9.714880544490448244e+01 2.702920063996941359e-04 0.000000000000000000e+00
-1.053682752750052458e+02 -1.053842322621646588e+02 2.673690945325162493e-04 0.000000000000000000e+00
-1.025647233554918927e+02 -1.025352810256334664e+02 2.476284864367631652e-04 0.000000000000000000e+00
-1.078963160352294182e+02 -1.079152193542628879e+02 2.818294324243427406e-04 0.000000000000000000e+00
-1.052382128285017302e+02 -1.052597184624071502e+02 1.802248811133231059e-04 0.000000000000000000e+00
-9.992558309343635869e+01 -9.988145969836392624e+01 2.464693516792865777e-04 0.000000000000000000e+00
-9.717492761710390425e+01 -9.715017422337206199e+01 1.552984500144842300e-04 0.000000000000000000e+00
-1.024967714601692137e+02 -1.024885809399467433e+02 1.859519750374995337e-04 0.000000000000000000e+00
-1.026557230770339828e+02 -1.025823190858268532e+02 2.636142948020114298e-04 0.000000000000000000e+00
-9.993213860649198921e+01 -9.991801361707582885e+01 2.482152824477733212e-04 0.000000000000000000e+00
-1.051372718144684910e+02 -1.051631877792647884e+02 2.566823953983364071e-04 0.000000000000000000e+00
-1.025505349834108415e+02 -1.025637297139238626e+02 1.102020284869734406e-04 0.000000000000000000e+00
-9.659842242898123743e+01 -9.652837258725399749e+01 3.147842273784882982e-04 0.000000000000000000e+00
-1.080307392251571201e+02 -1.079899501899720349e+02 1.307138489387265744e-04 0.000000000000000000e+00
-1.079785952633853867e+02 -1.079811207870800445e+02 1.445767163150717854e-04 0.000000000000000000e+00
-1.052918647720253205e+02 -1.052858185771433597e+02 1.343389400830475265e-04 0.000000000000000000e+00
-9.991756638158655335e+01 -9.992069196315787849e+01 1.893410481067820555e-04 0.000000000000000000e+00
-1.080592426314778720e+02 -1.080413940828818653e+02 1.311188889006306203e-04 0.000000000000000000e+00
-1.023934539894146525e+02 -1.023881874388084157e+02 2.673664587845825369e-04 0.000000000000000000e+00
-1.025415527190402258e+02 -1.025609153323648144e+02 4.895923727007749299e-04 0.000000000000000000e+00
-1.052815039947741695e+02 -1.052829824440099316e+02 3.235679580374680700e-04 0.000000000000000000e+00
-9.877721407522022901e+01 -9.876558748927078568e+01 2.892576403450396465e-04 0.000000000000000000e+00
-9.704422802229666445e+01 -9.687398052852103092e+01 3.789324301461121530e-04 0.000000000000000000e+00
-1.052757456019769506e+02 -1.052711164971308193e+02 1.046757971621248404e-04 0.000000000000000000e+00
-1.053088343556416930e+02 -1.053083065376688694e+02 1.405130920848464632e-04 0.000000000000000000e+00
-1.080058362347849084e+02 -1.080181870222511549e+02 1.415705571765464251e-04 0.000000000000000000e+00
-1.026798610416652480e+02 -1.026727636782893427e+02 1.240139460608244545e-04 0.000000000000000000e+00
-9.861891648828439827e+01 -9.850834169045467092e+01 3.022329054123402514e-04 0.000000000000000000e+00
-1.026333312983223607e+02 -1.026311099977021541e+02 9.586033218795676878e-05 0.000000000000000000e+00
-1.107301736225380751e+02 -1.107214072052513956e+02 2.095716424212249439e-04 0.000000000000000000e+00
-1.107723077649093568e+02 -1.107751409747511104e+02 1.778491611947210344e-04 0.000000000000000000e+00
-1.054388072262580351e+02 -1.054037825395762553e+02 1.350309460097676053e-04 0.000000000000000000e+00
-1.080013469894593641e+02 -1.079984520107912402e+02 9.145702369353484774e-05 0.000000000000000000e+00
-8.558017551880043072e+01 -8.532192017806676176e+01 3.005719055257580642e-03 1.700000000000000000e+01
-1.025544392402393896e+02 -1.025694240278942431e+02 1.441015061676666946e-04 0.000000000000000000e+00
-1.025140156286350646e+02 -1.025165637322111394e+02 1.284280586230576184e-04 0.000000000000000000e+00
-9.987503779686130656e+01 -9.986083347910089003e+01 3.450934421716555026e-04 0.000000000000000000e+00
-1.053424476441274891e+02 -1.053311668243179895e+02 9.851928445051790536e-05 0.000000000000000000e+00
-1.080526101072012750e+02 -1.080526172673900049e+02 9.644217096666406663e-05 0.000000000000000000e+00
-1.054393521145959767e+02 -1.054256987045702232e+02 1.682321446031977000e-04 0.000000000000000000e+00
-1.040920115632419538e+02 -1.041288218920461901e+02 2.269769014423568120e-04 0.000000000000000000e+00
-1.107274112086493432e+02 -1.107256241474749459e+02 2.443102332313924481e-04 0.000000000000000000e+00
-1.027185379279687538e+02 -1.027105327218254729e+02 1.658786157128320918e-04 0.000000000000000000e+00
-1.052572430491604081e+02 -1.052584307184468315e+02 9.369377613133381545e-05 0.000000000000000000e+00
-1.026354531248454123e+02 -1.026463105526199087e+02 1.754651194480959741e-04 0.000000000000000000e+00
-1.024802919322318218e+02 -1.024545419223840668e+02 1.278712345407953099e-04 0.000000000000000000e+00
-1.053812411414347281e+02 -1.053809580007000193e+02 2.492341289288656637e-04 0.000000000000000000e+00
-1.107758286113873396e+02 -1.107706502710405090e+02 2.486942608636419816e-04 0.000000000000000000e+00
-1.080366048485446697e+02 -1.080225402719644023e+02 1.097927198588706819e-04 0.000000000000000000e+00
-1.026149722069597203e+02 -1.026157848775333434e+02 9.113691558487514472e-05 0.000000000000000000e+00
-9.977702470370107335e+01 -9.977781341954884908e+01 1.979323571962549435e-04 0.000000000000000000e+00
-1.107410572110167806e+02 -1.107516213828474889e+02 1.289711345012505461e-04 0.000000000000000000e+00
-1.026336755706683448e+02 -1.026398346995289756e+02 1.096867835626300292e-04 0.000000000000000000e+00
-1.026413629737426874e+02 -1.026376601184683608e+02 7.981886381101940472e-05 0.000000000000000000e+00
-1.026128611200712157e+02 -1.026162748283601758e+02 9.369222739080258170e-05 0.000000000000000000e+00
-9.988299851661207640e+01 -9.988965021362905361e+01 1.882159069797710311e-04 0.000000000000000000e+00
-1.080043969369790346e+02 -1.080017334232651223e+02 7.841581578952667086e-05 0.000000000000000000e+00
-1.026264820292625330e+02 -1.026281213993382835e+02 8.060219083521548054e-05 0.000000000000000000e+00
-1.025578016251134699e+02 -1.025625598301652133e+02 1.725283959372425179e-04 0.000000000000000000e+00
-1.079916108047288219e+02 -1.079962762747433800e+02 1.034716365033802344e-04 0.000000000000000000e+00
-1.025984152973420862e+02 -1.025964999363700088e+02 8.451804183983038050e-05 0.000000000000000000e+00
-1.107219212919399070e+02 -1.107226215724389249e+02 1.058706535077028689e-04 0.000000000000000000e+00
-9.990469994559117595e+01 -9.988814029733940458e+01 1.703208212977132513e-04 0.000000000000000000e+00
-1.040745905907438100e+02 -1.041344115776842187e+02 2.643095752862596086e-04 0.000000000000000000e+00
-1.040689587554652604e+02 -1.041454479518986034e+02 1.488617072237323729e-04 0.000000000000000000e+00
-1.080771947422508390e+02 -1.080744022637518782e+02 1.235307669502177760e-04 0.000000000000000000e+00
-1.053478036216037168e+02 -1.053146011276429874e+02 9.811031524038138680e-05 0.000000000000000000e+00
-1.016119268553315038e+02 -1.017865933118309414e+02 8.364000571866441478e-04 0.000000000000000000e+00
-1.107545127534858551e+02 -1.107155131878287477e+02 9.353217983687501776e-05 0.000000000000000000e+00
-1.079786912031376005e+02 -1.079535688246247815e+02 8.729240449259896518e-05 0.000000000000000000e+00
-9.422549273325475383e+01 -9.428710066964511327e+01 4.438447936645909041e-04 0.000000000000000000e+00
-1.053608570709163814e+02 -1.053276297987644483e+02 6.704772304580498853e-05 0.000000000000000000e+00
-1.107140017968119707e+02 -1.107181169349493501e+02 9.924130284835958396e-05 0.000000000000000000e+00
-1.001995744100093901e+02 -1.002770742497721557e+02 2.681915845429032655e-04 0.000000000000000000e+00
-1.051973485871411640e+02 -1.051939014161497852e+02 1.187082388093716536e-04 0.000000000000000000e+00
-1.079995144112656646e+02 -1.080003688056144853e+02 6.304576963950035511e-05 0.000000000000000000e+00
-1.052470379998648156e+02 -1.052506704087341376e+02 1.149308320261057265e-04 0.000000000000000000e+00
-1.080771428513748162e+02 -1.080483162309805607e+02 7.581307011909138788e-05 0.000000000000000000e+00
-9.720825482294148401e+01 -9.715241165478953178e+01 1.243354809805625831e-04 0.000000000000000000e+00
-1.025325036345612091e+02 -1.025193527729831828e+02 7.275942903146176421e-05 0.000000000000000000e+00
-1.025021228497095791e+02 -1.025165646269949917e+02 1.030455484730548695e-04 0.000000000000000000e+00
-1.009572959641062795e+02 -1.009972777063651677e+02 1.739902072266662528e-04 0.000000000000000000e+00
-1.107362887097791599e+02 -1.107069489374591740e+02 7.807771087182814975e-05 0.000000000000000000e+00
-1.026769630686346488e+02 -1.026925311569196850e+02 1.289463806627167428e-04 0.000000000000000000e+00
-1.026308811042576394e+02 -1.026113824109066144e+02 9.943551787115745538e-05 0.000000000000000000e+00
-1.053177662524682319e+02 -1.053264113530362778e+02 6.108804137360328258e-05 0.000000000000000000e+00
-1.053586308446607376e+02 -1.053603806452970844e+02 5.951730654890842909e-05 0.000000000000000000e+00
-1.107232080415016071e+02 -1.107235370791006659e+02 8.363998217089076354e-05 0.000000000000000000e+00
-1.015073631400276213e+02 -1.015169205629758125e+02 3.380119480453703303e-04 0.000000000000000000e+00
-1.026121454206856782e+02 -1.026133080462762308e+02 1.056923659686098449e-04 0.000000000000000000e+00
-9.992713652455772433e+01 -9.993725972348649123e+01 1.181907592789424182e-04 0.000000000000000000e+00
-1.107766919466644282e+02 -1.107766993311454371e+02 9.186854105625341150e-05 0.000000000000000000e+00
-1.025334863912829917e+02 -1.025278342434092878e+02 8.810905912575948409e-05 0.000000000000000000e+00
-1.053160126556976337e+02 -1.053230833582614707e+02 6.395398540270183518e-05 0.000000000000000000e+00
-1.053379492780663327e+02 -1.053078034482599321e+02 9.889634067399660463e-05 0.000000000000000000e+00
-1.058921745913628882e+02 -1.058620918138873037e+02 2.909660287996890119e-04 0.000000000000000000e+00
-1.053393723245711868e+02 -1.053360575655486429e+02 1.301915097341534470e-04 0.000000000000000000e+00
-1.025851011332261180e+02 -1.025804150700952135e+02 8.064850535303517965e-05 0.000000000000000000e+00
-1.024592332865850750e+02 -1.024431268220380815e+02 9.168044204328224401e-05 0.000000000000000000e+00
-1.080761863786432428e+02 -1.080738849996318436e+02 8.353977506696522637e-05 0.000000000000000000e+00
-1.026196087021394590e+02 -1.026265057937903151e+02 1.110919623775237118e-04 0.000000000000000000e+00
-1.041278010810357273e+02 -1.041197437381091646e+02 1.128887705275548678e-04 0.000000000000000000e+00
-1.053387012217857404e+02 -1.053363683374927717e+02 8.399706384398351476e-05 0.000000000000000000e+00
-1.026697314628890467e+02 -1.026504108524775489e+02 1.207689299179688202e-04 0.000000000000000000e+00
-9.725099804314137941e+01 -9.726752814907300149e+01 1.548339452095059878e-04 0.000000000000000000e+00
-1.052581859292968431e+02 -1.052456733986160913e+02 5.900438088490067904e-05 0.000000000000000000e+00
-1.107240466485158379e+02 -1.107243383166362065e+02 9.021690136235951192e-05 0.000000000000000000e+00
-1.053048439469717721e+02 -1.053063078688686716e+02 5.980803388916241880e-05 0.000000000000000000e+00
-1.025519240960198601e+02 -1.025379944181811283e+02 9.543722037384909384e-05 0.000000000000000000e+00
-1.025553588063889237e+02 -1.025598395500211240e+02 8.837855903832927322e-05 0.000000000000000000e+00
-1.053600786213587099e+02 -1.053597693844685921e+02 5.142073566582004961e-05 0.000000000000000000e+00
-1.052574759482985627e+02 -1.052557141299759991e+02 1.137901546292171114e-04 0.000000000000000000e+00
-1.080638598759188937e+02 -1.080583629490763684e+02 7.285022491939309648e-05 0.000000000000000000e+00
-1.052920286192428279e+02 -1.052896657935337572e+02 6.326075941157633504e-05 0.000000000000000000e+00
-1.026190594908053271e+02 -1.026291332360606532e+02 9.090335987456746314e-05 0.000000000000000000e+00
-7.951466957331801666e+01 -7.905641988629894001e+01 3.217612878253481128e-03 2.000000000000000000e+00
-1.107756962527580811e+02 -1.107768980925430355e+02 8.345036824992799673e-05 0.000000000000000000e+00
-1.053775492227896251e+02 -1.053792752237537655e+02 8.043012632334120603e-05 0.000000000000000000e+00
-1.080590440118690907e+02 -1.080593038612069847e+02 8.362852474223025153e-05 0.000000000000000000e+00
-1.014694515577351410e+02 -1.015206267721603837e+02 2.052311590010104923e-04 0.000000000000000000e+00
-1.080530274786739113e+02 -1.080540328262816701e+02 5.542048857900445800e-05 0.000000000000000000e+00
-1.031947983991701534e+02 -1.031813507095924365e+02 3.447146980317237108e-04 0.000000000000000000e+00
-9.992140310523549829e+01 -9.992518664656087424e+01 1.412230389006648612e-04 0.000000000000000000e+00
-1.107758421248164211e+02 -1.107768611741386309e+02 7.877880334355801374e-05 0.000000000000000000e+00
-1.025639178470711244e+02 -1.025699864563283654e+02 6.264052673613802042e-05 0.000000000000000000e+00
-1.106691058002934653e+02 -1.106684825799621592e+02 2.002590392942028689e-04 0.000000000000000000e+00
-1.068082594063911444e+02 -1.068102979287689038e+02 1.608299267917420662e-04 0.000000000000000000e+00
-7.047855586173972142e+01 -7.004573564717084366e+01 3.653968862172075546e-03 2.000000000000000000e+00
-1.025724721553877856e+02 -1.025679437434179420e+02 1.226300451158105387e-04 0.000000000000000000e+00
-1.080545707456322901e+02 -1.080318532456229974e+02 5.621286840770403301e-05 0.000000000000000000e+00
-9.689614961881689226e+01 -9.689320205124045060e+01 3.081627335293547244e-04 0.000000000000000000e+00
-1.080815652504626172e+02 -1.080438685563085244e+02 5.863612231333370219e-05 0.000000000000000000e+00
-9.972657154760732112e+01 -9.972121437560791435e+01 1.312332035086575394e-04 0.000000000000000000e+00
-1.080562416716433489e+02 -1.080541391536023212e+02 5.196005422116309937e-05 0.000000000000000000e+00
-1.044509418765302513e+02 -1.043862812010216032e+02 1.354054394550781304e-04 0.000000000000000000e+00
-1.026980884376018679e+02 -1.027055859111598295e+02 7.824372362792495871e-05 0.000000000000000000e+00
-9.997512418193146289e+01 -9.999230001202587914e+01 1.569993588165689109e-04 0.000000000000000000e+00
-9.164580426342379837e+01 -9.153546915819406138e+01 2.145329347322464915e-04 0.000000000000000000e+00
-1.051865136083310972e+02 -1.051902065732489007e+02 9.830372894216388364e-05 0.000000000000000000e+00
-9.987237249667110461e+01 -9.988006947778363553e+01 1.614478084165640794e-04 0.000000000000000000e+00
-9.990085175196587386e+01 -9.991592686430411163e+01 1.000068895028910260e-04 0.000000000000000000e+00
-9.988270691949367119e+01 -9.989484976582049569e+01 9.288955356436442968e-05 0.000000000000000000e+00
-1.044338152578557128e+02 -1.044092828747972135e+02 1.871223259403794652e-04 0.000000000000000000e+00
-1.079765590489456457e+02 -1.079770576199132535e+02 7.323081484100272512e-05 0.000000000000000000e+00
-1.043597081629222174e+02 -1.043594648824466731e+02 2.835031240168668165e-04 0.000000000000000000e+00
-1.043064685238460356e+02 -1.042852516565349106e+02 1.639767848270276432e-04 0.000000000000000000e+00
-1.107115547558301216e+02 -1.107176415179253013e+02 7.749406937440925312e-05 0.000000000000000000e+00
-1.106569694153010062e+02 -1.106648934158035615e+02 9.420898000641464562e-05 0.000000000000000000e+00
-1.044531399424562181e+02 -1.044697329052724939e+02 2.718208345356260794e-04 0.000000000000000000e+00
-1.107212099678452120e+02 -1.107233943673836905e+02 7.940562383997836263e-05 0.000000000000000000e+00
-1.081208171413349675e+02 -1.081208792496827868e+02 8.543654548269997084e-05 0.000000000000000000e+00
-1.041372232875371964e+02 -1.041583482142258390e+02 1.495509820522796147e-04 0.000000000000000000e+00
-1.025406002614017353e+02 -1.025398829602827249e+02 1.219669191920973465e-04 0.000000000000000000e+00
-1.053027481847966129e+02 -1.053003421450627002e+02 6.789841924961312748e-05 0.000000000000000000e+00
-1.107170799878764313e+02 -1.107188611253745592e+02 1.066388121203533926e-04 0.000000000000000000e+00
-1.001316381991673552e+02 -1.001013186835272393e+02 5.300589424788119258e-04 0.000000000000000000e+00
-9.988296372671386791e+01 -9.989162885938117142e+01 9.474657303435700276e-05 0.000000000000000000e+00
-1.080532353058904675e+02 -1.080519725468842154e+02 4.548361179514041848e-05 0.000000000000000000e+00
-1.053811330799853323e+02 -1.053813241532318301e+02 7.065229974902445737e-05 0.000000000000000000e+00
-1.040975267862756510e+02 -1.041115514359265717e+02 1.189236216980022013e-04 0.000000000000000000e+00
-9.719011067983018393e+01 -9.717929671125615698e+01 1.053987967216208022e-04 0.000000000000000000e+00
-9.927247227472001612e+01 -9.923149768518874225e+01 1.442199611862477642e-04 0.000000000000000000e+00
-1.052837792375359953e+02 -1.052933366424156958e+02 8.654176406524576232e-05 0.000000000000000000e+00
-1.041677714934590142e+02 -1.041651768547976360e+02 1.414937326803825601e-04 0.000000000000000000e+00
-6.771553750518516779e+01 -6.778256365820810458e+01 4.466455489410160870e-04 1.000000000000000000e+00
-9.988095265224303887e+01 -9.987889636221476053e+01 2.484884093635162262e-04 0.000000000000000000e+00
-1.080868972920922175e+02 -1.080565925201986630e+02 5.584353650055030519e-05 0.000000000000000000e+00
-1.053001171101416418e+02 -1.052655938301598297e+02 7.394568256832686267e-05 0.000000000000000000e+00
-1.025871621444940729e+02 -1.025604989115479384e+02 7.127839815669194693e-05 0.000000000000000000e+00
-9.429015898108411875e+01 -9.429198337891513404e+01 2.023056032865894758e-04 0.000000000000000000e+00
-9.993964712601626843e+01 -9.993461594842851525e+01 7.238478668581137298e-05 0.000000000000000000e+00
-9.621837820649628270e+01 -9.621670945748762449e+01 5.745783625038541507e-04 0.000000000000000000e+00
-1.052851390947829771e+02 -1.052806314520369568e+02 1.042075427887978359e-04 0.000000000000000000e+00
-9.988636773610639352e+01 -9.988498851764474296e+01 7.116319393003541079e-05 0.000000000000000000e+00
-1.052244593790930907e+02 -1.052278489985666852e+02 7.809165465288393987e-05 0.000000000000000000e+00
-1.054082731034948068e+02 -1.054085286582275103e+02 7.224820820866404488e-05 0.000000000000000000e+00
-9.900444132822711651e+01 -9.903358639885342996e+01 1.784621966489809803e-04 0.000000000000000000e+00
-1.025546879579313782e+02 -1.025633046457964213e+02 5.705873911878373624e-05 0.000000000000000000e+00
-9.991218571163476270e+01 -9.992163105517612109e+01 7.241043843728126495e-05 0.000000000000000000e+00
-9.966691432463419176e+01 -9.967368795615084309e+01 1.312406497231603884e-04 0.000000000000000000e+00
-1.079875668823013228e+02 -1.079915458449253549e+02 6.311873586117304935e-05 0.000000000000000000e+00
-1.026894344807473658e+02 -1.026868472998125270e+02 2.452767119996068432e-04 0.000000000000000000e+00
-7.688285721368207248e+01 -7.693603150823579995e+01 1.164677724459588486e-03 2.000000000000000000e+00
-9.709823586844120769e+01 -9.708117097187526667e+01 9.752730486449499370e-05 0.000000000000000000e+00
-1.134427568731168492e+02 -1.134432579024281722e+02 2.577820944442340287e-04 0.000000000000000000e+00
-1.026225079185323494e+02 -1.026295398519254150e+02 5.052717347765930663e-05 0.000000000000000000e+00
-1.107558257002323074e+02 -1.107526120705712742e+02 1.236456473698959162e-04 0.000000000000000000e+00
-1.080244034173442174e+02 -1.080236591515890296e+02 5.695913266911041296e-05 0.000000000000000000e+00
-1.042986603151626639e+02 -1.043369611043101770e+02 2.412753224843668977e-04 0.000000000000000000e+00
-1.107770800959504953e+02 -1.107753835795950721e+02 6.622206301066691924e-05 0.000000000000000000e+00
-1.053096052421013695e+02 -1.053088038098079977e+02 1.247929476246926984e-04 0.000000000000000000e+00
-9.995906272930015746e+01 -9.996899820414645887e+01 6.945086588592180908e-05 0.000000000000000000e+00
-1.079955797195314915e+02 -1.079986324660173977e+02 4.492957217931267466e-05 0.000000000000000000e+00
-1.053358847766320849e+02 -1.053357691697280245e+02 9.322224620576730406e-05 0.000000000000000000e+00
-1.012958129148753557e+02 -1.013225697851495966e+02 1.197662233327663613e-04 0.000000000000000000e+00
-1.027141892704537440e+02 -1.027138790033031484e+02 7.147420914542603517e-05 0.000000000000000000e+00
-9.985276093247803431e+01 -9.984907065625365874e+01 1.213556806923250624e-04 0.000000000000000000e+00
-1.053526297782806296e+02 -1.053386089896246602e+02 4.407540940432443446e-05 0.000000000000000000e+00
-1.080087348826449869e+02 -1.080077409293876372e+02 6.050845080165231178e-05 0.000000000000000000e+00
-1.054784835972346997e+02 -1.054679668463604401e+02 7.148564610054572931e-05 0.000000000000000000e+00
-9.992296998695519505e+01 -9.994069190186695550e+01 8.052267709657467607e-05 0.000000000000000000e+00
-1.000219537411561106e+02 -1.000870560833685232e+02 6.870868680002892130e-04 0.000000000000000000e+00
-9.826474735331927945e+01 -9.827225424737270032e+01 1.739302848808471668e-04 0.000000000000000000e+00
-1.043917640916312592e+02 -1.043025222834957901e+02 3.991916963460738141e-04 0.000000000000000000e+00
-1.030260617871479809e+02 -1.030226621736258608e+02 2.650084705176940420e-04 0.000000000000000000e+00
-1.033788606140795281e+02 -1.033934769908222933e+02 1.982666797317270699e-04 0.000000000000000000e+00
-1.079958287446978176e+02 -1.079973265504325468e+02 5.848703680524026987e-05 0.000000000000000000e+00
-1.079966482772137653e+02 -1.079988068310345426e+02 4.359382649973680832e-05 0.000000000000000000e+00
-1.056072350716524824e+02 -1.055989074490287720e+02 4.507888752019428543e-04 0.000000000000000000e+00
-1.025734049001920170e+02 -1.025749793096504874e+02 9.419859771728000342e-05 0.000000000000000000e+00
-1.080248385132383220e+02 -1.080234669486396371e+02 6.833017195154653925e-05 0.000000000000000000e+00
-1.068384504857012445e+02 -1.068495660639903235e+02 1.197138957308140490e-04 0.000000000000000000e+00
-1.025309604336533198e+02 -1.025413557806896705e+02 7.166926595712212365e-05 0.000000000000000000e+00
-1.107250651501707353e+02 -1.107279475941698621e+02 8.992921767511661885e-05 0.000000000000000000e+00
-1.053067409062813908e+02 -1.053103500830283110e+02 6.787284846074995799e-05 0.000000000000000000e+00
-9.464642627265587294e+01 -9.460558105068149359e+01 4.989342639447977984e-04 1.000000000000000000e+00
-1.053469075293404842e+02 -1.053428981663943063e+02 5.374413398758124912e-05 0.000000000000000000e+00
-9.982035084006027148e+01 -9.982480778978154490e+01 1.202260647301069054e-04 0.000000000000000000e+00
-1.054079513574485958e+02 -1.053980564307875198e+02 5.529368464973711877e-05 0.000000000000000000e+00
-1.053349186449668622e+02 -1.053353870562312409e+02 5.487193226603757830e-05 0.000000000000000000e+00
-1.026347870141039351e+02 -1.026352283344266567e+02 7.456628907457691540e-05 0.000000000000000000e+00
-1.053338594392029677e+02 -1.053345353096284924e+02 3.587223759943594659e-05 0.000000000000000000e+00
-1.080908271624152093e+02 -1.080871285091322136e+02 8.659082142876143228e-05 0.000000000000000000e+00
-1.052691199542091312e+02 -1.052705609896327985e+02 6.672218355021867370e-05 0.000000000000000000e+00
-1.025915985065940674e+02 -1.025729383557326599e+02 4.346775356489568023e-05 0.000000000000000000e+00
-1.053656838159242142e+02 -1.053672320869634547e+02 1.108829387612594695e-04 0.000000000000000000e+00
-9.162300888572242741e+01 -9.161750895958287799e+01 4.556650774133036950e-04 0.000000000000000000e+00
-9.708739115750979920e+01 -9.709615091916678864e+01 1.273252365347826102e-04 0.000000000000000000e+00
-1.026204576165623337e+02 -1.026228432342142298e+02 4.673432135286199440e-05 0.000000000000000000e+00
-9.989463502469048706e+01 -9.989164040932367072e+01 9.757167702856532219e-05 0.000000000000000000e+00
-1.032024433205406950e+02 -1.031371184700775103e+02 1.237177736161974102e-04 0.000000000000000000e+00
-1.053166717561742871e+02 -1.053230964072762674e+02 4.504593301712028286e-05 0.000000000000000000e+00
-1.026383594111889579e+02 -1.026411430653588184e+02 4.753078957286274004e-05 0.000000000000000000e+00
-9.722634913472035123e+01 -9.722395783147946702e+01 1.838454856118025863e-04 0.000000000000000000e+00
-1.080961475242892078e+02 -1.080684584631262339e+02 5.619322425389179854e-05 0.000000000000000000e+00
-9.985352534641739908e+01 -9.982745848854155213e+01 5.322181014005301496e-05 0.000000000000000000e+00
-1.052100963116677974e+02 -1.052145231973231319e+02 7.184020349162379619e-05 0.000000000000000000e+00
-1.080717221035401963e+02 -1.080738596056759206e+02 5.527071792588414461e-05 0.000000000000000000e+00
-9.985871352184075533e+01 -9.986084044826438344e+01 1.234386146570849610e-04 0.000000000000000000e+00
-1.066529859844985424e+02 -1.066604731811167142e+02 1.119658968595189724e-04 0.000000000000000000e+00
-1.053976367182569049e+02 -1.054024472289925001e+02 5.523552232705674459e-05 0.000000000000000000e+00
-6.550775111441151921e+01 -6.530437517301190553e+01 8.893813345092069700e-04 2.000000000000000000e+00
-1.080155600211176932e+02 -1.080231738405726674e+02 6.363228803700779555e-05 0.000000000000000000e+00
-1.107762521040143611e+02 -1.107759612034172392e+02 5.929450001526177821e-05 0.000000000000000000e+00
-1.081234391028207256e+02 -1.081240323931121310e+02 7.258677663292894622e-05 0.000000000000000000e+00
-1.052922256596734201e+02 -1.052855064228866979e+02 6.590046919350500091e-05 0.000000000000000000e+00
-1.081205734633310129e+02 -1.081230371126609242e+02 6.650980855259977498e-05 0.000000000000000000e+00
-9.989616439532389336e+01 -9.989484096100171939e+01 1.895863190638781256e-04 0.000000000000000000e+00
-1.025141138855934742e+02 -1.025244695929214345e+02 5.461491264036731375e-05 0.000000000000000000e+00
-1.053604273364973807e+02 -1.053593395440234559e+02 7.821304604081752562e-05 0.000000000000000000e+00
-1.031775540717408859e+02 -1.031811187405421606e+02 1.418249495809868429e-04 0.000000000000000000e+00
-1.080863315339667423e+02 -1.080685433968120606e+02 4.589357711374050667e-05 0.000000000000000000e+00
-1.063886971151913201e+02 -1.063797446408849368e+02 1.369852758636550297e-04 0.000000000000000000e+00
-1.053383625764702884e+02 -1.053364735290818288e+02 4.422941896657990753e-05 0.000000000000000000e+00
-9.910869494143388181e+01 -9.909604368761883109e+01 1.082697884592594329e-04 0.000000000000000000e+00
-1.080766522878355147e+02 -1.080800967837168116e+02 9.056434448562402262e-05 0.000000000000000000e+00
-1.032197838101086802e+02 -1.032230314176698585e+02 2.177321284709389602e-04 0.000000000000000000e+00
-1.107761410910780597e+02 -1.107760145185950336e+02 5.678361058370280141e-05 0.000000000000000000e+00
-1.107761390996298303e+02 -1.107759940145371473e+02 5.588116245523829689e-05 0.000000000000000000e+00
-1.080832207638054854e+02 -1.080798474850207640e+02 4.705807112674600880e-05 0.000000000000000000e+00
-1.080498704884643502e+02 -1.080495469204385728e+02 6.332350708792446980e-05 0.000000000000000000e+00
-1.052755925665624090e+02 -1.052792361192906725e+02 4.628902119385750423e-05 0.000000000000000000e+00
-1.134422526722299409e+02 -1.134464992463416024e+02 1.719246646316056133e-04 0.000000000000000000e+00
-1.080300165350425630e+02 -1.080270958748132841e+02 6.536609684661195822e-05 0.000000000000000000e+00
-1.009070269526224166e+02 -1.009073500999645034e+02 2.082770041964379681e-04 0.000000000000000000e+00
-9.966141566520866490e+01 -9.970288024830294660e+01 1.702473963037617779e-04 0.000000000000000000e+00
-1.080593073874551351e+02 -1.080578494464541706e+02 5.845171891917230121e-05 0.000000000000000000e+00
-1.052915595574526577e+02 -1.052891060699925845e+02 5.536290265865278278e-05 0.000000000000000000e+00
-1.107274901563344258e+02 -1.107276273124466712e+02 5.522997952873696020e-05 0.000000000000000000e+00
-1.026445739959188899e+02 -1.026454211020330263e+02 4.641733118799300467e-05 0.000000000000000000e+00
-1.032354364131420255e+02 -1.032201980516427540e+02 1.114092678522837050e-04 0.000000000000000000e+00
-9.714366486120187005e+01 -9.714034248198443322e+01 8.612707268601582698e-05 0.000000000000000000e+00
-1.053485516771724519e+02 -1.053417263546209313e+02 4.200258715581805434e-05 0.000000000000000000e+00
-1.080722609958553306e+02 -1.080707138581252167e+02 5.052320723320707972e-05 0.000000000000000000e+00
-1.080150145924995826e+02 -1.079898588508028894e+02 3.583275233125396777e-05 0.000000000000000000e+00
-1.032434943196468424e+02 -1.032168920425530985e+02 7.891782074480729870e-05 0.000000000000000000e+00
-1.026541198781741429e+02 -1.026463138991215942e+02 5.797033673728625074e-05 0.000000000000000000e+00
-9.985370470074251159e+01 -9.985858146311480255e+01 6.155524138715465221e-05 0.000000000000000000e+00
-1.041431832125061021e+02 -1.041478305185643052e+02 1.070234587923718186e-04 0.000000000000000000e+00
-1.053780291321902922e+02 -1.053800956961629396e+02 5.782973829960269248e-05 0.000000000000000000e+00
-1.107759365571570669e+02 -1.107761588628805356e+02 5.259315710892712131e-05 0.000000000000000000e+00
-1.080083795422633273e+02 -1.080086261524224369e+02 8.686276188421697994e-05 0.000000000000000000e+00
-9.595523160432952636e+01 -9.596102416199673257e+01 1.952618309688206489e-04 0.000000000000000000e+00
-1.053829390811404636e+02 -1.053761544141174085e+02 7.917881368114544475e-05 0.000000000000000000e+00
-9.716470014630631624e+01 -9.716992191839290172e+01 1.021818616350542836e-04 0.000000000000000000e+00
-9.990208380003217314e+01 -9.991278078918465155e+01 4.766609776322958033e-05 0.000000000000000000e+00
-1.107724885924081661e+02 -1.107749603555187150e+02 5.505406475911556923e-05 0.000000000000000000e+00
-1.079989118883242156e+02 -1.079993410072563051e+02 5.748197146135619015e-05 0.000000000000000000e+00
-1.107725851351120099e+02 -1.107749661959239234e+02 5.421826560244862606e-05 0.000000000000000000e+00
-9.926833857763337221e+01 -9.926370553266470154e+01 2.264107155777851459e-04 0.000000000000000000e+00
-1.018977755120423865e+02 -1.018949182086406040e+02 1.149421934663509836e-04 0.000000000000000000e+00
-1.054032589169504632e+02 -1.054043938874403779e+02 6.091504296940304864e-05 0.000000000000000000e+00
-7.820820585867213026e+01 -7.250626434761807104e+01 1.327641460607335540e-03 8.000000000000000000e+00
-1.054757511736789013e+02 -1.052232904227648476e+02 9.318022208094296267e-05 0.000000000000000000e+00
-1.106824076636268899e+02 -1.106909213903103932e+02 1.096307539279548350e-04 0.000000000000000000e+00
-9.885408360662789562e+01 -9.885109217481608823e+01 2.605459657355070732e-04 0.000000000000000000e+00
-1.043725746245031587e+02 -1.043635363148111850e+02 2.360810394957510894e-04 0.000000000000000000e+00
-1.081096158010602153e+02 -1.081077172723690722e+02 7.567894737799737027e-05 0.000000000000000000e+00
-1.106684974204360969e+02 -1.106668155216995189e+02 1.294857307896567732e-04 0.000000000000000000e+00
-1.053244321565687329e+02 -1.053257382373747930e+02 7.722656498887894643e-05 0.000000000000000000e+00
-1.052855597206736320e+02 -1.050892453846615524e+02 9.818545967043433478e-05 0.000000000000000000e+00
-1.052407881857557612e+02 -1.052353740904871131e+02 1.051381721484066090e-04 0.000000000000000000e+00
-1.107346059608952231e+02 -1.107135032383965267e+02 5.000148974516886887e-05 0.000000000000000000e+00
-1.053424963533943242e+02 -1.053463252141139890e+02 7.237659507283977214e-05 0.000000000000000000e+00
-9.837646567062610359e+01 -9.838999800539650664e+01 1.843044253530236527e-04 0.000000000000000000e+00
-9.203551614006876491e+01 -9.192450995557832982e+01 2.026075650802343071e-04 0.000000000000000000e+00
-1.079301622017846825e+02 -1.079432552540130104e+02 1.262741069625143708e-04 0.000000000000000000e+00
-1.025954004423349346e+02 -1.025874546862142580e+02 1.093227425664387663e-04 0.000000000000000000e+00
-1.053499149848438492e+02 -1.053145799824070110e+02 4.568950807289253032e-05 0.000000000000000000e+00
-9.982078830240148193e+01 -9.980784696937999456e+01 1.646494883531737384e-04 0.000000000000000000e+00
-9.977897958038890636e+01 -9.977423128596437607e+01 1.319606944335900624e-04 0.000000000000000000e+00
-9.717218587701059107e+01 -9.709401388341255768e+01 9.662757104154804039e-05 0.000000000000000000e+00
-1.080654887396403439e+02 -1.079279602685365660e+02 7.124899107932225408e-05 0.000000000000000000e+00
-1.108401118773028458e+02 -1.107162714823886915e+02 7.228846336150481508e-05 0.000000000000000000e+00
-1.052076314530248879e+02 -1.052088904752496887e+02 8.429438190529404029e-05 0.000000000000000000e+00
-9.967456247761967347e+01 -9.967912213543429800e+01 4.180730253685675780e-04 0.000000000000000000e+00
-1.053461945574968297e+02 -1.053223136993597819e+02 6.160380906097163306e-05 0.000000000000000000e+00
-1.029371900778670152e+02 -1.029396274757174723e+02 1.280763806822674997e-04 0.000000000000000000e+00
-9.928917052263047083e+01 -9.920544423337365458e+01 1.463275357142321135e-04 0.000000000000000000e+00
-1.025974192974843646e+02 -1.025907661950254521e+02 8.987478955603201900e-05 0.000000000000000000e+00
-1.080369675403549081e+02 -1.080327062215927754e+02 7.749182293807026201e-05 0.000000000000000000e+00
-1.026263549738689704e+02 -1.026197671160457361e+02 6.771735770067080279e-05 0.000000000000000000e+00
-1.018019273805141154e+02 -1.018310681763692429e+02 1.039521826226699129e-04 0.000000000000000000e+00
-9.989176615848761287e+01 -9.971438999630743183e+01 8.825787704509519167e-05 0.000000000000000000e+00
-1.066747454364816718e+02 -1.066343173358278733e+02 3.307608820169489366e-04 0.000000000000000000e+00
-1.079866395497732157e+02 -1.079918676741931876e+02 7.189956197839080844e-05 0.000000000000000000e+00
-1.025619500290535768e+02 -1.025611456984666887e+02 5.659719471023276683e-05 0.000000000000000000e+00
-1.015297314482661335e+02 -1.014045838740998420e+02 7.334532806576720288e-05 0.000000000000000000e+00
-1.051984816053044085e+02 -1.051573407912703857e+02 8.037300273194838648e-05 0.000000000000000000e+00
-1.079660639134028202e+02 -1.079671641507695483e+02 9.927666402635728607e-05 0.000000000000000000e+00
-1.080756661084615331e+02 -1.080767711483217681e+02 7.091555371978369639e-05 0.000000000000000000e+00
-1.053904029704633416e+02 -1.053893863651729816e+02 7.095543679682711588e-05 0.000000000000000000e+00
-1.026965271246261011e+02 -1.026019021988960276e+02 7.584042936567472054e-05 0.000000000000000000e+00
-1.053304691351699915e+02 -1.053302229112758113e+02 4.715195276863474950e-05 0.000000000000000000e+00
-1.080840208033221472e+02 -1.080695778743060202e+02 5.094079590637031390e-05 0.000000000000000000e+00
-9.434404399835811716e+01 -9.414678404370999942e+01 2.219706061320621216e-04 0.000000000000000000e+00
-1.108198250224730970e+02 -1.107313217092789301e+02 5.858792180906407133e-05 0.000000000000000000e+00
-1.054410544031762953e+02 -1.053702289696739030e+02 6.886541458042772586e-05 0.000000000000000000e+00
-1.030445107454187763e+02 -1.030287804047534337e+02 2.147780702436870564e-04 0.000000000000000000e+00
-9.652296157902198104e+01 -9.652394518217751340e+01 3.203884679144710138e-04 0.000000000000000000e+00
-9.715655653384335722e+01 -9.703559920648363857e+01 9.134300295524770978e-05 0.000000000000000000e+00
-1.026299207667454141e+02 -1.026083650677728230e+02 4.375477772852109850e-05 0.000000000000000000e+00
-1.052887239574362468e+02 -1.052858592972621636e+02 7.935837131893612407e-05 0.000000000000000000e+00
-1.080859938648244594e+02 -1.080715523965056093e+02 5.477362215738728718e-05 0.000000000000000000e+00
-9.857520757392050825e+01 -9.857022744215247201e+01 3.015700665481939042e-04 0.000000000000000000e+00
-1.080075806060005448e+02 -1.080076183878020686e+02 7.358052924521819036e-05 0.000000000000000000e+00
-9.709440684138563427e+01 -9.707033057562749434e+01 9.924026076391746299e-05 0.000000000000000000e+00
-1.052428177782971943e+02 -1.052345738514241020e+02 9.918696450173918608e-05 0.000000000000000000e+00
-1.053878640099367772e+02 -1.053786247881444353e+02 8.648641851645526822e-05 0.000000000000000000e+00
-9.995750480836218799e+01 -9.994879279432223029e+01 5.486446376272931155e-05 0.000000000000000000e+00
-1.052820381737632971e+02 -1.052792870236995242e+02 5.185111541587576550e-05 0.000000000000000000e+00
-1.080572829038340075e+02 -1.080576451722519238e+02 6.513589796079902595e-05 0.000000000000000000e+00
-1.080606565736036231e+02 -1.080592665158145138e+02 5.618963326076013479e-05 0.000000000000000000e+00
-1.107828994393812536e+02 -1.107718893825647939e+02 4.720726906339250788e-05 0.000000000000000000e+00
-1.080774688672698005e+02 -1.080672187941406435e+02 4.724275034990412425e-05 0.000000000000000000e+00
-1.054004415569277739e+02 -1.053146865469003188e+02 5.296050669065429235e-05 0.000000000000000000e+00
-1.032143013688106379e+02 -1.032163462140774186e+02 1.318976323055640152e-04 0.000000000000000000e+00
-1.080596587135652555e+02 -1.080533749835018540e+02 5.284947387518871772e-05 0.000000000000000000e+00
-1.053385429692048092e+02 -1.053150400381077816e+02 4.734565458333911284e-05 0.000000000000000000e+00
-9.997335675007266786e+01 -9.995415958687367208e+01 2.077609037380130034e-04 0.000000000000000000e+00
-1.053741203299762645e+02 -1.053773250969356496e+02 7.731423652023708317e-05 0.000000000000000000e+00
-1.080607085658759843e+02 -1.080500729837141876e+02 3.433357210347169776e-05 0.000000000000000000e+00
-1.053716571868746001e+02 -1.053029883743344755e+02 5.283945455966939866e-05 0.000000000000000000e+00
-7.037821601076939260e+01 -7.043618235670496119e+01 2.354316374722096249e-04 1.500000000000000000e+01
-1.053880483788138775e+02 -1.053832690271245269e+02 8.691708032013297208e-05 0.000000000000000000e+00
-1.080719113338096804e+02 -1.080028962276387716e+02 5.138528296357426726e-05 0.000000000000000000e+00
-1.022501672219848672e+02 -1.022095187957521745e+02 2.032106861739908646e-04 0.000000000000000000e+00
-1.107821482457736408e+02 -1.107721869133231252e+02 4.710125882674987691e-05 0.000000000000000000e+00
-9.909556228314043835e+01 -9.906569197577280761e+01 3.299364332997946109e-04 0.000000000000000000e+00
-1.053394870331771216e+02 -1.053336011995106816e+02 7.027008365385232168e-05 0.000000000000000000e+00
-8.146052441191734772e+01 -8.128269481155400911e+01 2.051641886935595162e-03 4.000000000000000000e+00
-1.080985277367695829e+02 -1.081027588085425180e+02 8.389493234315059363e-05 0.000000000000000000e+00
-1.002088413366289643e+02 -9.980924078312929737e+01 9.955986684966351545e-05 0.000000000000000000e+00
-1.052875662472305294e+02 -1.052774061575728126e+02 4.625323554979947935e-05 0.000000000000000000e+00
-1.001395845053199452e+02 -1.002039715815705563e+02 3.839869411689127762e-04 0.000000000000000000e+00
-1.080821395578879986e+02 -1.080795106097435507e+02 6.752750522550705252e-05 0.000000000000000000e+00
-1.025831623852214420e+02 -1.025775823259384367e+02 9.561390605285120272e-05 0.000000000000000000e+00
-1.008242141247788055e+02 -1.008261926957261068e+02 1.512513268662959715e-04 0.000000000000000000e+00
-1.052843036482504147e+02 -1.052826612034968861e+02 5.657548323673338358e-05 0.000000000000000000e+00
-9.979272970298438850e+01 -9.979448429393562492e+01 1.049439918715490747e-04 0.000000000000000000e+00
-1.007252289102169129e+02 -1.006737460016461370e+02 2.461583106183176987e-04 0.000000000000000000e+00
-1.068542033580865223e+02 -1.068690898959512054e+02 1.599166685788984258e-04 0.000000000000000000e+00
-1.080733625024567601e+02 -1.080657119882063455e+02 4.808759752402446324e-05 0.000000000000000000e+00
-1.026707778258028441e+02 -1.026764466264231146e+02 1.169125132211717863e-04 0.000000000000000000e+00
-1.026685383803125262e+02 -1.026635982995930334e+02 1.167129272182697509e-04 0.000000000000000000e+00
-9.424740152146527805e+01 -9.429394790148815275e+01 3.458019636104296408e-04 0.000000000000000000e+00
-1.000840146166912632e+02 -1.001562600149685096e+02 2.886709669478733733e-04 0.000000000000000000e+00
-1.080020475472935715e+02 -1.079999519150442069e+02 4.898749320220400908e-05 0.000000000000000000e+00
-9.990969243599350591e+01 -9.988681810582696130e+01 4.468957490914412031e-05 0.000000000000000000e+00
