7.000000000000000000e+00
6.000000000000001166e-02
1.000000000000000056e-01
1.033839258829301722e+00
7.201171392926113413e-01
5.890190434941154907e-01
5.779585884741756940e-01
4.977332022059881567e-01
4.742041519307617636e-01
4.436463881936380527e-01
4.200372550730939736e-01
4.027959385347281152e-01
3.744058665214125559e-01
2.039432412679745843e-01
1.715088288070694134e-01
1.231189977204439762e-01
7.258908961022639272e-02
6.084999532511528586e-02
4.568631873717229896e-02
1.923549162928486073e-02
2.243328812383737006e-02
1.653268503020540250e-02
4.047729947038807528e-03
