7.000000000000000000e+00
1.400000000000000133e-01
8.000000000000000444e-01
6.320307906347741866e-01
4.497673881035521570e-01
4.846329897815945809e-01
4.444551733357791079e-01
4.501386762884987403e-01
4.095439266974757464e-01
3.960188279955126345e-01
3.853879960907143354e-01
3.686813399287117710e-01
3.646522901557197049e-01
2.139537526541176182e-01
8.437925773508093974e-02
7.988173239831090899e-02
7.477678953860000810e-02
7.019560161798721332e-02
2.881422812433346095e-02
2.077010222929802363e-02
2.089315355215296335e-02
1.070083950570518971e-02
3.163996753808491838e-03
