7.000000000000000000e+00
1.000000000000000194e-01
1.000000000000000056e-01
1.019957566425649498e+00
6.880420162075913115e-01
5.853385587136468171e-01
5.717697555993709324e-01
4.915929447107298955e-01
4.613558370039522183e-01
4.371319250178629656e-01
4.154542254969317838e-01
4.000615709609587900e-01
3.755317793065741649e-01
2.019278981033160170e-01
1.845290398397792242e-01
1.211003676310081906e-01
7.257849145460477935e-02
5.896850042541594561e-02
4.593135036387500231e-02
2.207854464484223025e-02
2.414912750605500980e-02
1.496667566671149897e-02
4.460576292817501100e-03
