7.000000000000000000e+00
1.000000000000000194e-01
3.000000000000000444e-01
7.434220725604845370e-01
5.790033995412872114e-01
4.764596791444571378e-01
4.504888292115699633e-01
4.164931542923024921e-01
3.922490892484785108e-01
3.872789741947124109e-01
3.839428366392207970e-01
3.611526580128888719e-01
3.450120955656769128e-01
2.274639643361583974e-01
1.265528765128551558e-01
8.279165051907506900e-02
5.002045366434021423e-02
4.211690874038736404e-02
2.172972990916812591e-02
1.945015506250903983e-02
2.201574616830767259e-02
1.705505727115849343e-02
3.692318770514548855e-03
