7.000000000000000000e+00
1.800000000000000211e-01
5.000000000000000000e-01
6.570330991727610925e-01
4.849011551501221651e-01
4.586629716245554933e-01
4.309032725753716986e-01
4.262338545642146981e-01
3.897439578322653975e-01
3.807381634975716134e-01
3.766302624284119660e-01
3.559083306858927265e-01
3.482977724843645539e-01
2.172830881032317973e-01
1.285193941255801664e-01
5.830837556245435649e-02
8.081110634750304778e-02
6.209343693009421877e-02
2.622578541360140111e-02
1.931050748568654413e-02
1.960606127943096202e-02
1.191877719174249013e-02
3.223619393507096750e-03
