7.000000000000000000e+00
1.400000000000000133e-01
1.000000000000000056e-01
1.002804383744349659e+00
6.836834984818086491e-01
5.841377347225062966e-01
5.685310193018177083e-01
4.858971972253125493e-01
4.515657433048848590e-01
4.300322153053803831e-01
4.114596129597123952e-01
3.934397017845710498e-01
3.725353494975788826e-01
1.994904169398676042e-01
1.710787134162730094e-01
1.250067505683904179e-01
7.216382798472359417e-02
5.708042568194122285e-02
4.333582687964841751e-02
2.121436673276272042e-02
2.350764595429462658e-02
1.476837250171477225e-02
5.125784677833809463e-03
