0.000000000000000000e+00 0.000000000000000000e+00
-9.237939424091094054e+01 -9.207444059187015739e+01
-9.998834390103716885e+01 -9.981704861171118637e+01
-1.048051913504715031e+02 -1.047535529115874482e+02
-8.119606622209748537e+01 -8.095725990142913986e+01
-1.107090057719364609e+02 -1.106988318385319019e+02
-1.053514741997083632e+02 -1.053739152816639830e+02
-1.036389203239153574e+02 -1.035269605337718986e+02
-1.052115951809336707e+02 -1.052653737154527533e+02
-1.081050276945492072e+02 -1.080534480983219083e+02
-1.026617807157794857e+02 -1.025694719664603269e+02
-1.080276561071155896e+02 -1.080551842825238822e+02
-1.052311244339082208e+02 -1.053133298174086860e+02
-1.051642933099481070e+02 -1.051881211965955600e+02
-1.080561407979521675e+02 -1.080313778133627522e+02
-1.052728168173674277e+02 -1.053285667935632972e+02
-1.052807515965674554e+02 -1.052509956548443739e+02
-9.976844153007648686e+01 -9.983618310262197326e+01
-1.053121952769666905e+02 -1.053583467275667260e+02
-1.018347539196368388e+02 -1.017426357182964125e+02
-1.018512587617305911e+02 -1.018745975355477071e+02
-1.025173662577742562e+02 -1.024866897265717398e+02
-1.080241335141935792e+02 -1.080341616003544232e+02
-1.107035885157449400e+02 -1.106460281924325386e+02
-1.026139020105588457e+02 -1.025836320573726965e+02
-1.053134555785881901e+02 -1.052911279501983728e+02
-1.026032129395231891e+02 -1.025939835753113982e+02
-1.025994069870708927e+02 -1.026014744328148538e+02
-9.977404405288294242e+01 -9.975913876946067660e+01
-9.987943687217045863e+01 -9.990621395551289652e+01
-9.976364883769487335e+01 -9.975784636862897514e+01
-1.079235434703918344e+02 -1.079479096421397628e+02
-9.991030655548995298e+01 -9.988079168628019033e+01
-9.717761374420297216e+01 -9.717526532257275562e+01
-1.026477874380805275e+02 -1.025910270828658781e+02
-1.052235891379339137e+02 -1.052355082327714086e+02
-1.053341699744313189e+02 -1.053249678848032573e+02
-1.022653403055628161e+02 -1.022442290395574958e+02
-1.080504845262897504e+02 -1.080327614921512520e+02
-1.018106391402854030e+02 -1.018329807426407712e+02
-1.107076959417130411e+02 -1.106747567820693661e+02
-1.025233618130282025e+02 -1.024909315099180986e+02
-1.053789829415300545e+02 -1.053671067920618185e+02
-1.053899995952247366e+02 -1.054064728341154336e+02
-1.025565324778507659e+02 -1.025632770275451406e+02
-1.008946663300886826e+02 -1.007982921950728326e+02
-1.023943832891609560e+02 -1.023886686346064607e+02
-1.053072395963880581e+02 -1.052595093075019292e+02
-1.052628314706838495e+02 -1.052627883009119643e+02
-1.107143955569931677e+02 -1.107088038130637955e+02
-1.025333262772631571e+02 -1.025314140414704553e+02
-1.052617186222681624e+02 -1.052238469108409049e+02
-1.107253544738185980e+02 -1.107049257282811539e+02
-9.729681657633183534e+01 -9.730887283751245320e+01
-1.025633221242175637e+02 -1.026162464682432898e+02
-1.053675558434760688e+02 -1.053683348006782126e+02
-1.026430617538606214e+02 -1.026204000247291361e+02
-1.080174395567802890e+02 -1.079742318484996701e+02
-9.411097715806522501e+01 -9.417562554315998113e+01
-1.053239848774730092e+02 -1.053115491330290467e+02
-1.080760170439080810e+02 -1.080762248205130476e+02
-1.053845368326896477e+02 -1.053857690110218499e+02
-1.080052037986551454e+02 -1.080080909911335709e+02
-1.052402821361148852e+02 -1.052625336764489816e+02
-9.798166830345807909e+01 -9.803315080541790394e+01
-9.978749829440677388e+01 -9.977137634916375930e+01
-1.042288338842383695e+02 -1.042640585753471498e+02
-1.025065996188719737e+02 -1.025134794751496230e+02
-1.080358211146090071e+02 -1.080328721330374435e+02
-1.024957796476179652e+02 -1.025227701065515191e+02
-1.052698016909499898e+02 -1.052551044268422942e+02
-1.080026721739032638e+02 -1.079920052307832492e+02
-9.974191538338904195e+01 -9.976409542705835065e+01
-1.053063317482368149e+02 -1.053079593299077743e+02
-1.079419521417784154e+02 -1.079230944088972564e+02
-1.106654946307180438e+02 -1.106432777289337821e+02
-9.983887555427719462e+01 -9.984609554760876904e+01
-1.080019549920641708e+02 -1.080021521162796176e+02
-1.052206237080816464e+02 -1.052156914354294344e+02
-1.025755056137891188e+02 -1.025701653048978699e+02
-9.986017397259503525e+01 -9.987785161501588505e+01
-9.978759646382530946e+01 -9.978192149923377485e+01
-1.080401971606843006e+02 -1.080328006005101997e+02
-1.052659864684665507e+02 -1.052654818229402593e+02
-1.052403439798261218e+02 -1.052507925973112748e+02
-1.052586225356375564e+02 -1.052512967842484244e+02
-1.017430873088439824e+02 -1.017069376356435271e+02
-1.021363521004601012e+02 -1.021091041321318045e+02
-1.032543409452579510e+02 -1.032147319511906289e+02
-9.980955648442659367e+01 -9.981041850892835043e+01
-1.053979886932796290e+02 -1.054079508969630865e+02
-1.134534675922582352e+02 -1.134255184437887607e+02
-1.053312368607667793e+02 -1.053395655239312703e+02
-1.080634236106597115e+02 -1.080584518550848543e+02
-1.025821414214087071e+02 -1.025992020108355263e+02
-1.079847401212770421e+02 -1.079763577404122117e+02
-1.025467205999009224e+02 -1.025359366901672757e+02
-1.053816514484460782e+02 -1.053952240989298303e+02
-1.107570712488578124e+02 -1.107642132600524434e+02
-1.107220419752887324e+02 -1.106963455489949979e+02
-1.006636462732724056e+02 -1.006785102879873222e+02
-1.052561710845194796e+02 -1.052670476753457791e+02
-1.052931168228667360e+02 -1.053169609404261138e+02
-1.107565746640033666e+02 -1.107564524536869897e+02
-1.079895996959026405e+02 -1.079775053913877940e+02
-1.027094294846276483e+02 -1.026739377285470454e+02
-1.026400292024720642e+02 -1.026337192524743926e+02
-9.992709925089506839e+01 -9.991465889593042959e+01
-1.017358072272395333e+02 -1.017428781478332667e+02
-1.053363685796126106e+02 -1.053166175562912770e+02
-1.106455370958976090e+02 -1.106563950160721390e+02
-1.017033569844730039e+02 -1.017206765384761127e+02
-1.080500818677104888e+02 -1.080569383211970376e+02
-1.080926434959131512e+02 -1.080812524311370311e+02
-1.079562573301624866e+02 -1.079597690669104253e+02
-1.107238790644730955e+02 -1.107306252252867580e+02
-1.053693021629841695e+02 -1.053780482908723855e+02
-1.047491235337530071e+02 -1.050050383693438505e+02
-1.052955017348777886e+02 -1.052860170113528397e+02
-9.727132239598152808e+01 -9.728192008010620384e+01
-1.053188782693938776e+02 -1.053116321560099067e+02
-1.052775415552303571e+02 -1.052813120713708770e+02
-1.053671736135020467e+02 -1.053545390399305859e+02
-1.052899685459641148e+02 -1.052850391807236292e+02
-1.079802406328913378e+02 -1.079812325486218185e+02
-1.053221378245691682e+02 -1.053221442757700288e+02
-1.053527582035059424e+02 -1.053556300705517259e+02
-9.703837975377437886e+01 -9.706317059970557182e+01
-1.053352706364167517e+02 -1.053430881799109216e+02
-1.107634128835549490e+02 -1.107685367318409106e+02
-9.988661826475859584e+01 -9.985584500280207010e+01
-9.979777579428342449e+01 -9.980470202948291103e+01
-1.079660298951213520e+02 -1.079489561577577206e+02
-1.052736687245136977e+02 -1.052705087614037183e+02
-1.107097650068011916e+02 -1.107020480614568356e+02
-1.026260488330036793e+02 -1.026302870502191524e+02
-1.107640985872969850e+02 -1.107685119216255600e+02
-9.988176581885385019e+01 -9.988512176833050660e+01
-1.053167095851301980e+02 -1.052971792770169657e+02
-1.067124741876044141e+02 -1.068174087569417878e+02
-1.106811365440556756e+02 -1.106875186029342046e+02
-1.025609504759410555e+02 -1.025640877261922270e+02
-9.987520088767418258e+01 -9.987916850933633839e+01
-1.025900386666333333e+02 -1.025940388042349127e+02
-9.983424577778700382e+01 -9.984527702943053384e+01
-1.052950866340323444e+02 -1.052980034509192251e+02
-1.080590011224617939e+02 -1.080352048553096012e+02
-1.080110963696732824e+02 -1.080004508547367124e+02
-1.025283121333344809e+02 -1.025275179145182989e+02
-1.080035020848627028e+02 -1.080117911000660911e+02
-9.878841123311552508e+01 -9.884682932897133867e+01
-1.026006890162742309e+02 -1.026025030717841418e+02
-1.041337243962730952e+02 -1.041790313911516677e+02
-1.080598005436635987e+02 -1.080492754194906695e+02
-1.051884867628409665e+02 -1.051792222693447911e+02
-1.052666983907026435e+02 -1.052696489164179212e+02
-1.080696844670288641e+02 -1.080533829107320400e+02
-1.026152730917212352e+02 -1.025922625541951874e+02
-1.107630278658069756e+02 -1.107656264939111992e+02
-1.079824200880761680e+02 -1.079862804270594552e+02
-1.053947678905687013e+02 -1.054035325788560016e+02
-1.080385293740043693e+02 -1.080241048616085635e+02
-1.107614481789549927e+02 -1.107437846823597454e+02
-1.080430390781034617e+02 -1.080438343670563910e+02
-1.052548775959426877e+02 -1.052541068437244149e+02
-1.052842009272660420e+02 -1.052783121456644437e+02
-1.107253990044396375e+02 -1.107011871668888148e+02
-1.032712801073502078e+02 -1.032133311992534033e+02
-9.724961314261545908e+01 -9.723626759749556925e+01
-1.025896539418720010e+02 -1.025781500964391171e+02
-1.052084959299748448e+02 -1.052117272741635077e+02
-1.026150037541405595e+02 -1.026213401439796797e+02
-1.079763446471529420e+02 -1.079510047125961592e+02
-1.053624514668374417e+02 -1.053565068665702142e+02
-1.025422496687480134e+02 -1.025328916064987652e+02
-1.032442092156450855e+02 -1.031751729812433638e+02
-1.079811657514413952e+02 -1.079624833855085910e+02
-9.432476549093190954e+01 -9.431683758053785027e+01
-1.026180293251776874e+02 -1.026164789914486732e+02
-1.053666207142582607e+02 -1.053706666169791930e+02
-1.025639668605779065e+02 -1.025532477712013986e+02
-9.988043071933454087e+01 -9.989452202934212721e+01
-1.107643541348267888e+02 -1.107519875179374225e+02
-1.053829961686382433e+02 -1.053790139159040535e+02
-1.107681766675363519e+02 -1.107508180251938512e+02
-1.080644642081918931e+02 -1.080577193721708085e+02
-1.080971449332003544e+02 -1.080999352020647564e+02
-1.052465450786228018e+02 -1.052271740487466900e+02
-1.041476445555550328e+02 -1.041929649647304785e+02
-9.989805626294176477e+01 -9.988949965697882760e+01
-1.025554442784747238e+02 -1.025418489390082897e+02
-1.052588398261555511e+02 -1.052409902934038683e+02
-1.025650937825562750e+02 -1.025479651818698414e+02
-1.052915698000560099e+02 -1.052882820624437272e+02
-1.026838706431226171e+02 -1.027069377709897680e+02
-9.990244667170422588e+01 -9.991329354686048703e+01
-1.024881441724545681e+02 -1.024949308948800848e+02
-9.981737300186580342e+01 -9.981744455156629670e+01
-1.080843526274252753e+02 -1.080775860210964368e+02
-1.052088229015197527e+02 -1.051951374073203027e+02
-9.933667370092850035e+01 -9.926533867817711609e+01
-9.981753656672663055e+01 -9.983812021562789596e+01
-1.016617856732317620e+02 -1.017778235134524891e+02
-1.040834537429731341e+02 -1.041049670259196489e+02
-1.052656216767529571e+02 -1.052520808596437973e+02
-9.584969632130980699e+01 -9.589143199805342022e+01
-9.709618813395888992e+01 -9.710929996833218070e+01
-1.053762132061632997e+02 -1.053735580455322207e+02
-1.107072328732351565e+02 -1.107156206099540725e+02
-9.919458048342058021e+01 -9.916764186369586298e+01
-9.587784133612784387e+01 -9.591234680374344634e+01
-1.053315254841440662e+02 -1.053308646292738757e+02
-1.052589738049761792e+02 -1.052513647285071130e+02
-1.106817348799479532e+02 -1.106907483578112164e+02
-9.987580765351344780e+01 -9.987457657087921348e+01
-1.052647140744322769e+02 -1.052698713378312334e+02
-9.930770376530112742e+01 -9.928415881217932792e+01
-1.053346646859389892e+02 -1.053250948692338085e+02
-1.025167758348906943e+02 -1.025163978192336316e+02
-1.080523355662706564e+02 -1.080599518361686506e+02
-1.107633669788519342e+02 -1.107695062464740090e+02
-9.983813077310635720e+01 -9.982666858003194932e+01
-9.717061486120786640e+01 -9.717945338411767864e+01
-1.080824859985904425e+02 -1.080781270289364500e+02
-1.018428344707857462e+02 -1.018178323049390031e+02
-1.080033768062494772e+02 -1.079990057044155520e+02
-1.024586814158689663e+02 -1.024523743207081310e+02
-9.728735281740040364e+01 -9.729241245200101673e+01
-9.990881995524168246e+01 -9.991016340581954580e+01
-1.018862438192446973e+02 -1.018368770704178843e+02
-1.080636901598283970e+02 -1.080531568440192700e+02
-1.080595288461138352e+02 -1.080517584263959776e+02
-1.107690719129164734e+02 -1.107526147811400534e+02
-9.983341753870698199e+01 -9.981780900462165107e+01
-9.726577357289797021e+01 -9.724299373857907369e+01
-1.027018861094426114e+02 -1.027083813644649979e+02
-1.052591909955117302e+02 -1.052667897793517113e+02
-1.026862445137861783e+02 -1.026743388220470194e+02
-1.042740868569099035e+02 -1.042849083349789083e+02
-1.019001190431175559e+02 -1.018779987820087030e+02
-9.663264093592034953e+01 -9.661071690770161524e+01
-1.080631544256052194e+02 -1.080576366478876196e+02
-9.975533156478657304e+01 -9.974549889601192376e+01
-1.052611699050510481e+02 -1.052313994743983727e+02
-1.026368506193385883e+02 -1.026397538690238775e+02
-1.026967236071133414e+02 -1.027005029606349922e+02
-1.025137297369249865e+02 -1.025068561002842245e+02
-1.079895342908907026e+02 -1.079957228004076057e+02
-1.026093956835142933e+02 -1.025900396249241737e+02
-1.001674841773716622e+02 -1.002874201270189047e+02
-1.080105839233052478e+02 -1.080195712485765824e+02
-1.017540701880005685e+02 -1.017858769391736899e+02
-1.055079315428655065e+02 -1.055747530090750388e+02
-1.053828214703020194e+02 -1.053656646354278763e+02
-1.053383564039276195e+02 -1.053312426704089262e+02
-1.026525918297273705e+02 -1.026531606445856966e+02
-1.053234859157095116e+02 -1.053140901949862780e+02
-1.052302271061010117e+02 -1.052131476657022375e+02
-1.107636342648375489e+02 -1.107499587798513261e+02
-1.025638654740081392e+02 -1.025653867093012934e+02
-1.025438079965205560e+02 -1.025363584831346770e+02
-1.107192201764691788e+02 -1.106967710297364675e+02
-1.025188238751945278e+02 -1.024954892208128712e+02
-1.013940784276863383e+02 -1.014301312600639875e+02
-1.026001745314951137e+02 -1.026124607380351108e+02
-1.046861244913418147e+02 -1.046008735389367672e+02
-1.050065496078348701e+02 -1.049993771005719054e+02
-1.079168893183706501e+02 -1.078886064919339560e+02
-1.026700497566384769e+02 -1.026757073458375658e+02
-1.052775086600569239e+02 -1.052659523061431344e+02
-1.053239114622728465e+02 -1.053281960836233537e+02
-1.080513386610775797e+02 -1.080514621712566452e+02
-9.702565397830547056e+01 -9.701703413075480853e+01
-1.080422965264455968e+02 -1.080315456913434531e+02
-9.993418051534217739e+01 -9.995472746688595578e+01
-1.045608705787440726e+02 -1.045610252599880283e+02
-1.080411227255016229e+02 -1.080331319391397784e+02
-1.134496484700790546e+02 -1.134230776290279721e+02
-1.079565507694375555e+02 -1.079418469725736003e+02
-9.599157063120715350e+01 -9.597284065589093416e+01
-1.053419963812768998e+02 -1.053523719959099196e+02
-1.080874326130427647e+02 -1.080842027621113175e+02
-1.026228599952352454e+02 -1.025881663434580133e+02
-1.081088470178513745e+02 -1.081179761304324103e+02
-9.975615669644508898e+01 -9.976177883511537914e+01
-1.052826056340769725e+02 -1.052467040135033614e+02
-1.107643845391831263e+02 -1.107510684009528035e+02
-1.052492846556170889e+02 -1.052371473312105650e+02
-1.025620669182153790e+02 -1.025534389997024647e+02
-1.079830088806115498e+02 -1.079911908527104885e+02
-1.079615431388797191e+02 -1.079646621833137203e+02
-1.024558636869328012e+02 -1.024617052625197573e+02
-1.045310110461523010e+02 -1.044977801803755426e+02
-9.980947973694767938e+01 -9.979729683787824968e+01
-1.053093058583757795e+02 -1.053116577003488743e+02
-9.870610572004144956e+01 -9.875407074940355301e+01
-1.026107706593237765e+02 -1.026162296058506342e+02
-1.080560216595609973e+02 -1.080516542341388941e+02
-1.041521536689046314e+02 -1.041592841233077991e+02
-1.079977549658276814e+02 -1.080012276177046289e+02
-9.989092414293503452e+01 -9.990575728860034133e+01
-1.029453382480232335e+02 -1.029803543857043451e+02
-1.053228596093020428e+02 -1.053157145613709247e+02
-9.601482128593480070e+01 -9.610304481280587652e+01
-1.053078275697245516e+02 -1.052995809901475468e+02
-1.080521805382638405e+02 -1.080505436035681868e+02
-1.037071146228791036e+02 -1.037219790817937479e+02
-1.107635774583953605e+02 -1.107501668086226658e+02
-1.026421103174457414e+02 -1.026227714855737219e+02
-1.107631451965446843e+02 -1.107506528678045186e+02
-1.041970821974714454e+02 -1.041645725288515933e+02
-9.867029603779103297e+01 -9.872327037477302270e+01
-1.080457987825935078e+02 -1.080529074979089046e+02
-9.726101257089710828e+01 -9.729136903334108410e+01
-1.032274235858670153e+02 -1.032187876634487793e+02
-9.986509789546585125e+01 -9.987883755278137698e+01
-1.026237163831792714e+02 -1.026326478158795084e+02
-1.107216936970991554e+02 -1.107026489052547475e+02
-1.041242167433844799e+02 -1.041324216224623314e+02
-1.107573433799592095e+02 -1.107450693686671741e+02
-1.032829186662751937e+02 -1.033476979836894145e+02
-1.016533806277479925e+02 -1.016693777079559027e+02
-1.053027111287328381e+02 -1.053072860545525344e+02
-1.052708860498250090e+02 -1.052774342869672779e+02
-1.053483299161036939e+02 -1.053223971341855645e+02
-1.080521668267075910e+02 -1.080527458962006619e+02
-9.974217678302510137e+01 -9.973721528759165267e+01
-1.018649737691514900e+02 -1.018538323669948227e+02
-1.052710626076838594e+02 -1.052616666554658451e+02
-1.053461189979653625e+02 -1.053549847070342622e+02
-1.025305607152701555e+02 -1.025332381321966437e+02
-1.080052125874295825e+02 -1.080170289968098700e+02
-1.053040694227124447e+02 -1.053049320255757948e+02
-1.079947273314111555e+02 -1.079768383437690318e+02
-1.016437737462292148e+02 -1.016742301881350556e+02
-1.080469377029473037e+02 -1.080456440534327385e+02
-1.080614993402326149e+02 -1.080703972887456530e+02
-1.025398813920273113e+02 -1.025209732144700467e+02
-1.079604461996497378e+02 -1.079675960720879715e+02
-1.026078306086870384e+02 -1.025901432582114978e+02
-1.053101707070799193e+02 -1.053211672582525438e+02
-1.008055616885760486e+02 -1.007439135738853082e+02
-9.985115288184091753e+01 -9.985531745361151934e+01
-1.080635947545173394e+02 -1.080743410802821529e+02
-9.184371084720935130e+01 -9.183666177933474728e+01
-1.020664216731423153e+02 -1.020159550825413959e+02
-1.068208546764256965e+02 -1.068351581957931131e+02
-1.080452190953634499e+02 -1.080532052818027182e+02
-1.079810400832147366e+02 -1.079915818299806745e+02
-1.024155926034760427e+02 -1.023743928890144872e+02
-1.053294212365991598e+02 -1.053270702399751571e+02
-1.025262248929299176e+02 -1.025328457109146711e+02
-1.053004621540105887e+02 -1.052960100132993375e+02
-9.705197415603890931e+01 -9.706832819220838360e+01
-1.080079416272146062e+02 -1.080185710908027659e+02
-1.053244473135295323e+02 -1.053323728003155395e+02
-1.025760663748306882e+02 -1.025857452983591429e+02
-9.991565162966129776e+01 -9.992465149584245410e+01
-1.080603213774712970e+02 -1.080704340109286363e+02
-1.017533825488635273e+02 -1.017774299537814926e+02
-9.989603997845259187e+01 -9.988172383189900927e+01
-1.052677967301406596e+02 -1.052626207910645064e+02
-1.013113113101354514e+02 -1.013660746688611169e+02
-1.025697851519487784e+02 -1.025593222925277530e+02
-1.107662623635192602e+02 -1.107738111242070573e+02
-9.989175226581753009e+01 -9.989432649391254415e+01
-9.979925506119593592e+01 -9.980416559618458905e+01
-1.080074630600060175e+02 -1.080186571828103581e+02
-1.041555806991332673e+02 -1.041454861437094195e+02
-1.080383134758644559e+02 -1.080333428673573337e+02
-1.107606111282187555e+02 -1.107689784694335771e+02
-1.080495785402164870e+02 -1.080392418450983598e+02
-1.053438319147604005e+02 -1.053396690845050756e+02
-1.052665883421648090e+02 -1.052646286009287024e+02
-1.042630145580289991e+02 -1.042628564793210444e+02
-1.013378828377358900e+02 -1.013444477998691582e+02
-1.052848156795144376e+02 -1.052684630241954835e+02
-1.079824741490867694e+02 -1.079927172319318061e+02
-1.026193910789638295e+02 -1.026310532616811884e+02
-1.041707107391956697e+02 -1.041953230581738268e+02
-1.018930356283141379e+02 -1.018926165844740268e+02
-1.079843849103965994e+02 -1.079761105117845119e+02
-1.080530085080579141e+02 -1.080644583324947234e+02
-1.080091096334629697e+02 -1.080193992938930165e+02
-1.037573436876400876e+02 -1.037402450745277207e+02
-9.704669694347421682e+01 -9.700758388242331876e+01
-1.029173440690125148e+02 -1.029260614525482680e+02
-1.053199381842021864e+02 -1.053191740055071506e+02
-9.711757704479630604e+01 -9.710004175648312241e+01
-1.026277582978509599e+02 -1.025948267568971062e+02
-1.018810177517593303e+02 -1.018863343847439467e+02
-1.053365737442713623e+02 -1.053378320168739322e+02
-1.053125217820465451e+02 -1.053135947684349105e+02
-1.080670069407948120e+02 -1.080766052308918148e+02
-1.005724107208322806e+02 -1.005537428713065111e+02
-1.079696744720944821e+02 -1.079552913263270710e+02
-9.991956004905752309e+01 -9.992921864697049728e+01
-1.014089416779585946e+02 -1.014601328287067332e+02
-1.052971918835972645e+02 -1.052910242788465069e+02
-1.051783535742897726e+02 -1.051620738857882458e+02
