0.000000000000000000e+00 0.000000000000000000e+00
-9.990421548302565213e+01 -9.968191373499750796e+01
-9.989634469063410904e+01 -9.979224293949737046e+01
-9.444954792538989352e+01 -9.432050970265642320e+01
-1.025801397097868914e+02 -1.024846529624378491e+02
-9.715244098736053502e+01 -9.710910012381546608e+01
-1.051993201339711419e+02 -1.051814103685404831e+02
-9.424584040295675891e+01 -9.425083914033552901e+01
-9.982377560410768069e+01 -9.979042232740762586e+01
-1.079505185541439118e+02 -1.079962960217141017e+02
-9.713013008922476388e+01 -9.717947611048258238e+01
-9.190688243774536659e+01 -9.179211726848534170e+01
-1.079983046661154731e+02 -1.079675955451665743e+02
-1.019475133550326262e+02 -1.018710365841100156e+02
-1.079943628528674253e+02 -1.080743507097250387e+02
-1.079994263764417184e+02 -1.079964765723180449e+02
-7.511989435379592805e+01 -7.293478605711530349e+01
-9.932487714661269251e+01 -9.928778772811662634e+01
-1.053162173048178829e+02 -1.052925895288067579e+02
-1.080312482420443274e+02 -1.080531123347116846e+02
-1.027020309359268566e+02 -1.026856444818586169e+02
-9.716589445722981111e+01 -9.716035998854120237e+01
-1.054446135170810521e+02 -1.054409580020552823e+02
-1.053371566855419985e+02 -1.053309044861855170e+02
-1.027133049468508119e+02 -1.027043953327091543e+02
-1.053535030217190211e+02 -1.053581899142575651e+02
-9.175512475777033217e+01 -9.167238357977632290e+01
-1.053967154187778164e+02 -1.054057534052984266e+02
-1.054020982397846780e+02 -1.053980984461754673e+02
-1.081639415913727476e+02 -1.081737954069527632e+02
-1.052641070833207380e+02 -1.052531585111703123e+02
-1.107735892164693468e+02 -1.107734253502038797e+02
-9.883143371593416759e+01 -9.880201317091236035e+01
-1.026268397828229837e+02 -1.026275062592042246e+02
-1.054400923192708603e+02 -1.053881015274204742e+02
-1.080030517792642684e+02 -1.079960877514817810e+02
-9.979642128527693501e+01 -9.979637491595013898e+01
-1.079905410779616659e+02 -1.079768229161457924e+02
-9.987199580072162064e+01 -9.986472745612724111e+01
-9.194795873599353797e+01 -9.190863353763742793e+01
-9.995852820712434550e+01 -9.997023200349885030e+01
-9.984349672524307096e+01 -9.985965298469837137e+01
-1.080694452100231189e+02 -1.080721155446072714e+02
-1.080476341703808316e+02 -1.080463048445340064e+02
-9.996503445282796463e+01 -9.995058454524495062e+01
-1.052911082667801850e+02 -1.052805792233812241e+02
-1.026612381547973598e+02 -1.026148331989058704e+02
-1.079994781497116918e+02 -1.079920942693465520e+02
-1.052883811486538406e+02 -1.052873750220747695e+02
-1.107229845833703195e+02 -1.107209973527303646e+02
-1.053336654376569328e+02 -1.053369177384362558e+02
-1.080540664455368614e+02 -1.080558652995674009e+02
-1.107727015203490737e+02 -1.107742841815014714e+02
-9.198386682992291696e+01 -9.193799332110779687e+01
-1.053129096589038625e+02 -1.053161528706254018e+02
-9.179656620396063715e+01 -9.173058456975439867e+01
-1.052338454459103048e+02 -1.052256971873085689e+02
-1.053044883916115850e+02 -1.053121125772748456e+02
-1.026072777541834284e+02 -1.026104315823423576e+02
-1.053331629540565757e+02 -1.053323841183403573e+02
-9.892468164797557506e+01 -9.889929659126855199e+01
-1.080747842844126154e+02 -1.080801193823564006e+02
-1.025917542538036997e+02 -1.025859807899958014e+02
-1.041479708851022536e+02 -1.041117867000575643e+02
-1.081503371820758019e+02 -1.081498206811327947e+02
-1.025662996996229879e+02 -1.025601211179452008e+02
-9.982441934977565268e+01 -9.983145547463156788e+01
-1.081137212446600842e+02 -1.081206591597865128e+02
-1.026672209133006106e+02 -1.026661702058963925e+02
-1.031819361293051287e+02 -1.031740019828930315e+02
-1.052819256108197692e+02 -1.052822723636707138e+02
-9.977171317322290633e+01 -9.977065085935338118e+01
-1.053070299889763959e+02 -1.053021098081115383e+02
-1.017150065418982763e+02 -1.017186360802193121e+02
-1.080243033237733528e+02 -1.080240559026412654e+02
-1.025221448807973843e+02 -1.025086588203550235e+02
-9.991912868913286161e+01 -9.993380531740940853e+01
-1.079563756876739546e+02 -1.079445634260205367e+02
-9.988248984095301353e+01 -9.988781297820008831e+01
-1.024786301954289343e+02 -1.024769831816550436e+02
-9.698209997877327737e+01 -9.698564842035834488e+01
-1.054032969815598335e+02 -1.053918619077789884e+02
-1.080238089321923951e+02 -1.080240831656221587e+02
-1.080366290713644588e+02 -1.080313139134873239e+02
-9.980778570048386200e+01 -9.979982259599455574e+01
-1.026192600306233231e+02 -1.026298968821136555e+02
-1.026733499480901486e+02 -1.026795956158484415e+02
-1.080302417471323935e+02 -1.080235843619784930e+02
-1.080546870871796727e+02 -1.080555673426716652e+02
-1.081065024538758337e+02 -1.081083897828954861e+02
-1.107019406954654812e+02 -1.106924744830569267e+02
-1.080969321442146480e+02 -1.081000564178742707e+02
-1.020182091985234507e+02 -1.020014628226593061e+02
-9.990729061536463007e+01 -9.986754598181182985e+01
-1.051984273857648731e+02 -1.051940432837161836e+02
-1.053730566762860974e+02 -1.053715807629263423e+02
-1.052474641361158234e+02 -1.052411182188603362e+02
-1.080319742898180948e+02 -1.080214274149866469e+02
-1.080459679045196992e+02 -1.080489037414248088e+02
-1.080777277070900624e+02 -1.080793452315361662e+02
-1.107177774374920745e+02 -1.107162919204776301e+02
-1.026329676670207220e+02 -1.026360699505683556e+02
-1.080257815392141083e+02 -1.080237226965355717e+02
-1.017849499592112750e+02 -1.017942201910915827e+02
-1.054017821101511032e+02 -1.054079813611739098e+02
-1.053436028668752016e+02 -1.053492025487006316e+02
-9.514316459911653112e+01 -9.516124021979396730e+01
-1.079904139108995622e+02 -1.079906103006560301e+02
-1.025919934637873894e+02 -1.026009168686127708e+02
-9.459556944411137636e+01 -9.452112913582256226e+01
-1.015296522988873846e+02 -1.015257792694911103e+02
-1.052095275756446711e+02 -1.052113830445936742e+02
-1.107264798602674887e+02 -1.107231592395020670e+02
-1.080498981858549143e+02 -1.080423914422511444e+02
-1.080374144781581549e+02 -1.080313406749871348e+02
-1.080229133127556196e+02 -1.080246441164874796e+02
-1.026628384142681085e+02 -1.026637625191688272e+02
-1.053018650444114002e+02 -1.053099272483221114e+02
-1.015040803264426756e+02 -1.014664954773266317e+02
-1.080289132774604752e+02 -1.080254840738429039e+02
-1.019235356105060788e+02 -1.019376152601219729e+02
-9.988734281896053346e+01 -9.987600579113268395e+01
-1.023012566850762113e+02 -1.021840704145036511e+02
-9.700093953300317651e+01 -9.697425928149300489e+01
-9.704876386795415044e+01 -9.704509505734118591e+01
-9.436441396786135272e+01 -9.436178746104678794e+01
-1.026751701085039485e+02 -1.026704959876743430e+02
-9.609028044872856356e+01 -9.609205324852213437e+01
-1.052351894712374332e+02 -1.052301969477902190e+02
-9.914836954887391585e+01 -9.915425833969486291e+01
-9.716011641657651410e+01 -9.714712059500320152e+01
-1.052984270486321066e+02 -1.053043048954752408e+02
-1.054059134073908268e+02 -1.054098220760130715e+02
-1.107747136362055187e+02 -1.107742291610835537e+02
-1.025119100999330897e+02 -1.025050434789578304e+02
-1.015365375869839966e+02 -1.015252196855663698e+02
-1.107210089414518563e+02 -1.107209417541755982e+02
-1.026131188144563424e+02 -1.026144054090412396e+02
-1.107158229824032816e+02 -1.107182973026615542e+02
-1.053102039496094875e+02 -1.053101538425155326e+02
-9.988186019071478938e+01 -9.988401415127769667e+01
-1.052129889842541957e+02 -1.052053167781103014e+02
-1.053354889161502967e+02 -1.053283930013284788e+02
-1.107831819700860194e+02 -1.107737143552221966e+02
-1.052590366842889580e+02 -1.052528530575160346e+02
-1.080832331567174407e+02 -1.080800644418607703e+02
-1.045099285167350018e+02 -1.045094986843829616e+02
-1.080738420725840427e+02 -1.080746871489228766e+02
-8.866225914694527432e+01 -8.860326794748760904e+01
-1.026383227387567416e+02 -1.026541788263511137e+02
-1.036568914020509453e+02 -1.036493726400749722e+02
-1.106750289756701591e+02 -1.106680932687197583e+02
-1.054110231685948378e+02 -1.054232531538528974e+02
-1.054708564330468050e+02 -1.054814876800714956e+02
-9.979697776872076531e+01 -9.979557553365464173e+01
-1.026189380863209095e+02 -1.026189588471149818e+02
-1.053836673957678443e+02 -1.053844287755472919e+02
-1.014191717657145659e+02 -1.014336800876099431e+02
-1.053748380515153116e+02 -1.053846548858806074e+02
-1.053256471678965482e+02 -1.053130891399418090e+02
-1.011429053053819302e+02 -1.011170248426907676e+02
-1.107818295363230021e+02 -1.107748714102601610e+02
-1.080108911859374672e+02 -1.080077589580238566e+02
-9.979169826657009423e+01 -9.980389890486286220e+01
-1.080714749325480852e+02 -1.080770125375641157e+02
-1.080604422239479163e+02 -1.080598910761761005e+02
-1.080033786917778116e+02 -1.080030236324889614e+02
-9.717466671905974351e+01 -9.717961125429819447e+01
-1.107070985268756402e+02 -1.106955144361855758e+02
-1.053691460462633955e+02 -1.053803961524823336e+02
-1.107157413190939081e+02 -1.107181786530606757e+02
-1.053309586258890675e+02 -1.053323337771317227e+02
-1.025690136972986863e+02 -1.025720745905125426e+02
-9.932965532048939394e+01 -9.928026485059717743e+01
-1.025582890696592102e+02 -1.025563881770175669e+02
-9.987916299765736028e+01 -9.987847170702104904e+01
-1.080547153481851410e+02 -1.080555746822144414e+02
-9.988357584444982251e+01 -9.988427744007422859e+01
-1.053035698594127325e+02 -1.053100461189464170e+02
-1.081164766979670588e+02 -1.081240318074038669e+02
-1.052714591795638626e+02 -1.052641634899348873e+02
-1.080046315071024026e+02 -1.080014038602305817e+02
-1.053071748401710863e+02 -1.053040882911728318e+02
-1.053388393726804253e+02 -1.053377334925614264e+02
-1.026782338115764333e+02 -1.026804687659952293e+02
-1.107815237386115541e+02 -1.107751721495628630e+02
-1.052510793845671486e+02 -1.052500935811943918e+02
-1.080505744658979097e+02 -1.080482539521943295e+02
-1.057845859620978928e+02 -1.057863912234876551e+02
-1.053363725695428741e+02 -1.053328592970335507e+02
-1.025137809858188547e+02 -1.025103152618898861e+02
-1.080564945358468378e+02 -1.080535847474581885e+02
-9.451361882900077660e+01 -9.449429400848354987e+01
-1.052014377901746087e+02 -1.051921571354687899e+02
-1.134447760391370110e+02 -1.134448978657946299e+02
-9.978461364551641566e+01 -9.978239994149005554e+01
-1.053375724478578093e+02 -1.053327468214412193e+02
-1.026119634546673467e+02 -1.026136650287039203e+02
-1.025485627718411479e+02 -1.025473162444418165e+02
-1.079788978022374550e+02 -1.079684528361368336e+02
-1.080520235486621203e+02 -1.080445519479502110e+02
-1.080094787353003909e+02 -1.080140704482802363e+02
-1.054085409899041679e+02 -1.054121924665552825e+02
-1.007605138976469163e+02 -1.007627887557517283e+02
-1.106963175680962195e+02 -1.106924898530790244e+02
-1.018836375778628565e+02 -1.018989647341104643e+02
-1.025378434893959252e+02 -1.025318263350881693e+02
-1.011252632887868543e+02 -1.010818838592422111e+02
-1.079968969467330169e+02 -1.079963119936023475e+02
-9.970156356149043120e+01 -9.970711339562546982e+01
-1.107163073726082558e+02 -1.107181919794701486e+02
-1.107152361702712540e+02 -1.107163851303821218e+02
-1.080465619060744586e+02 -1.080462677736735202e+02
-1.031881871163824087e+02 -1.031212088386693324e+02
-1.080526647346811018e+02 -1.080482911075347232e+02
-1.107265959620768285e+02 -1.107268230983323321e+02
-1.080724646732974321e+02 -1.080799654525297626e+02
-1.107740461332330568e+02 -1.107704293528957038e+02
-1.025195770878649171e+02 -1.025221054495809341e+02
-1.053219665355625096e+02 -1.053157902930375656e+02
-1.052849300387935472e+02 -1.052824724764663671e+02
-9.987878370024216679e+01 -9.989119916472984073e+01
-1.080541050846640161e+02 -1.080540422795355511e+02
-1.080818182775946212e+02 -1.080790018382058690e+02
-9.931561905751499353e+01 -9.930993745822588892e+01
-1.026383582418429228e+02 -1.026430605589381031e+02
-1.025921809591761473e+02 -1.025963928901691986e+02
-1.052158611549631075e+02 -1.052076949821125282e+02
-1.052786080727294404e+02 -1.052791799151572008e+02
-1.081051352525488625e+02 -1.080996145604024008e+02
-1.053481945342255557e+02 -1.053510799047280102e+02
-1.080669595222117039e+02 -1.080714805791681528e+02
-1.040976828296890631e+02 -1.040952679761139592e+02
-9.972424385709126682e+01 -9.972323147753783701e+01
-1.054263436845310054e+02 -1.054296234509684353e+02
-1.107034563717958662e+02 -1.106975355534733438e+02
-1.080685905914062630e+02 -1.080699035219262640e+02
-1.018220706187985201e+02 -1.018063751742665630e+02
-1.025583208271339686e+02 -1.025564856424451534e+02
-1.053281901437120069e+02 -1.053305640060049768e+02
-1.014685608043577787e+02 -1.014659927366668200e+02
-9.918835025512066750e+01 -9.917540426111432339e+01
-1.079974785686869012e+02 -1.079960096021047065e+02
-1.041146443617882511e+02 -1.041163824704862577e+02
-1.052837840550981952e+02 -1.052834007296446401e+02
-1.080044028243355143e+02 -1.080014656756016080e+02
-1.080563987378209276e+02 -1.080525689477428983e+02
-1.080016199871552942e+02 -1.080021207245979582e+02
-1.053372821755791051e+02 -1.053373569366170557e+02
-1.080991661591862254e+02 -1.081010106407002667e+02
-1.134557598035545425e+02 -1.134459300440263405e+02
-1.107741475990661826e+02 -1.107762748268772697e+02
-1.052294857751648323e+02 -1.052259983466746718e+02
-9.448953564582087949e+01 -9.447578409831035628e+01
-1.026151099037192154e+02 -1.026138846695543094e+02
-1.081019551477962608e+02 -1.081040058973087952e+02
-9.674320559556409194e+01 -9.673917801604964950e+01
-1.079968445935807750e+02 -1.079947044793770772e+02
-1.107280227124700644e+02 -1.107203905558601349e+02
-1.053038574210661693e+02 -1.053073705248901035e+02
-1.080548405973971597e+02 -1.080552519371895386e+02
-1.025523786537547863e+02 -1.025545769892424062e+02
-1.013981578173813176e+02 -1.014078913412602390e+02
-9.912075967761209938e+01 -9.915429554307880267e+01
-1.025372535600204742e+02 -1.025383416585016931e+02
-1.107737310056191831e+02 -1.107727393696219877e+02
-1.054019849184291360e+02 -1.054058820220464554e+02
-9.331560506248722220e+01 -9.333337973990161629e+01
-9.736451742154714850e+01 -9.737220079039263965e+01
-1.053275765709334877e+02 -1.053264696935138005e+02
-9.708201789328768427e+01 -9.709806091549215523e+01
-1.080570650627333578e+02 -1.080547315579248817e+02
-1.107733952509215527e+02 -1.107755056731960650e+02
-1.053332056297336123e+02 -1.053322072743755484e+02
-1.080230164290394015e+02 -1.080235595027753845e+02
-1.080592682328390879e+02 -1.080574889757811974e+02
-9.637029974495392537e+01 -9.631410283856693866e+01
-1.032506082122519331e+02 -1.032514921364869025e+02
-1.053534714349638222e+02 -1.053551803357614602e+02
-9.719823164673773874e+01 -9.719133546809710822e+01
-1.080759772706266517e+02 -1.080755624322700328e+02
-1.053371385301206971e+02 -1.053372971507149884e+02
-1.054089342384096142e+02 -1.054116391334046767e+02
-1.053560731613646908e+02 -1.053545941969993436e+02
-1.026289262285882273e+02 -1.026289818448004212e+02
-1.107740328416663118e+02 -1.107749021392733653e+02
-9.864971301135531689e+01 -9.866871565783142728e+01
-1.052655795842160842e+02 -1.052627763344761291e+02
-1.025199047877005256e+02 -1.025209439474202355e+02
-1.027080801141663784e+02 -1.026932136294729361e+02
-9.427265578011331115e+01 -9.429359795381198239e+01
-1.024902389426821685e+02 -1.026162585408378050e+02
-9.986549476709083706e+01 -9.986384898768049823e+01
-1.054191839850265637e+02 -1.054254637955451841e+02
-1.017196766244790496e+02 -1.017326147790351882e+02
-1.053602543116237626e+02 -1.053616515642926998e+02
-1.053559729069534541e+02 -1.053539284120621033e+02
-1.080481294624964903e+02 -1.080489333384948054e+02
-1.053055640450557320e+02 -1.053083952599230741e+02
-1.025195790480416065e+02 -1.025151155449402296e+02
-1.068327351607648836e+02 -1.068175238493658838e+02
-1.026557564060713901e+02 -1.026622756689944964e+02
-1.080514032802734192e+02 -1.080502440731583960e+02
-1.007800548788408150e+02 -1.007325422324422135e+02
-1.079958245533443488e+02 -1.079958854554158876e+02
-1.107026409459858343e+02 -1.106973108839692514e+02
-1.026011006011267881e+02 -1.026007803423054980e+02
-1.080046929289566719e+02 -1.080015466497048919e+02
-1.080039081629976465e+02 -1.080026786273217425e+02
-1.107217018088208391e+02 -1.107208714310755227e+02
-9.920403804712888984e+01 -9.919450735467580671e+01
-1.080819064928413269e+02 -1.080800983227469771e+02
-1.014386222590160145e+02 -1.014414657820833412e+02
-1.024521970674235121e+02 -1.023699126654520626e+02
-1.001199614136284595e+02 -1.000874414408682611e+02
-1.025831962211014030e+02 -1.025865498570134093e+02
-1.080584558279375926e+02 -1.080520924672467515e+02
-1.053598908593569377e+02 -1.053638966851204657e+02
-1.079521225024597300e+02 -1.079455388210835167e+02
-9.980220409794141290e+01 -9.980262664135048567e+01
-1.079985239036271736e+02 -1.079986318567946313e+02
-1.080549287375048522e+02 -1.080546717266393841e+02
-1.052554057428921794e+02 -1.052508807234376889e+02
-1.040808444761933913e+02 -1.040743796867341899e+02
-1.053592958644332072e+02 -1.053556975768998711e+02
-9.997880138869680877e+01 -9.996997613835058871e+01
-1.037425941489560302e+02 -1.037217977713975898e+02
-1.107738734018180651e+02 -1.107761651885586502e+02
-1.080789050430806384e+02 -1.080804061494637978e+02
-9.723590539510878727e+01 -9.723075499546244771e+01
-1.081203878842779318e+02 -1.081250223800645074e+02
-1.107736626104599509e+02 -1.107754740764666650e+02
-1.025724331758436279e+02 -1.025637544547539051e+02
-1.053874341639755130e+02 -1.053848334480278197e+02
-1.054207405079320949e+02 -1.054182348474825233e+02
-1.053392060500195839e+02 -1.053357317009275107e+02
-1.025501221869177186e+02 -1.025476209523435500e+02
-1.041282106780958543e+02 -1.041653601501891586e+02
-1.107738400206972926e+02 -1.107755233303534084e+02
-1.052538664507793982e+02 -1.052465819434063121e+02
-9.916015165574478374e+01 -9.915585691448080752e+01
-1.053834545238765514e+02 -1.053777665092926412e+02
-1.080548761874843109e+02 -1.080556988393885263e+02
-1.018536992806204466e+02 -1.018685042298674261e+02
-9.909739289708191734e+01 -9.910583672822680512e+01
-1.053994423890514014e+02 -1.053990460034576699e+02
-1.080771652260446416e+02 -1.080755811810304721e+02
-1.018897748622372177e+02 -1.018827964074304333e+02
-1.107739037638888107e+02 -1.107755021218915914e+02
-1.041209670826734026e+02 -1.041383398993133511e+02
-1.053358485951835632e+02 -1.053341681550876103e+02
-9.553604971994353434e+01 -9.552240584447353910e+01
-9.964318775831752362e+01 -9.958769101348080710e+01
-1.025344300122333863e+02 -1.025334835904533861e+02
-1.107292583872379765e+02 -1.107225510307437446e+02
-1.051959662369567781e+02 -1.051924731610558013e+02
-9.864546036922585870e+01 -9.865706910006224462e+01
-1.106958557710818098e+02 -1.106924503362367460e+02
-9.981401813179900273e+01 -9.979581226670593708e+01
-1.052907213883331536e+02 -1.052895557647133984e+02
-1.024912558691998612e+02 -1.024924899190887686e+02
-9.980230924986427965e+01 -9.980309077198756995e+01
-1.026803035627845020e+02 -1.026663112785277576e+02
-9.904058694132750418e+01 -9.904869142377978619e+01
-1.053499537750625166e+02 -1.053516859848215717e+02
-1.079964507882819760e+02 -1.079960300684687979e+02
-1.053043600951128411e+02 -1.053071404628992553e+02
-1.031806527605046853e+02 -1.031787239747407483e+02
-1.066534493483295591e+02 -1.066706912985246021e+02
-1.107741997338277145e+02 -1.107757252497135596e+02
-1.006701935092601587e+02 -1.006557787058531375e+02
-1.081211566953240748e+02 -1.081255974705779437e+02
-9.990715569023275577e+01 -9.989779150647957806e+01
-1.053784297008040056e+02 -1.053776715117841292e+02
-1.053326524717479202e+02 -1.053332400235772326e+02
-1.053044479424373776e+02 -1.053073934788690025e+02
-1.080668542222156532e+02 -1.080684678570139567e+02
-1.081301681327403372e+02 -1.081270670122245718e+02
-1.080495348254582382e+02 -1.080477454235691823e+02
-1.052940994070204539e+02 -1.052948284356571378e+02
-1.081052034973577918e+02 -1.081022557864502716e+02
-1.080214702103204303e+02 -1.080238932051688039e+02
-9.994884758734740160e+01 -9.994033437423658484e+01
-1.052510540707028213e+02 -1.052498446652498814e+02
-1.053490991225449278e+02 -1.053509050617568761e+02
-1.052884069012220749e+02 -1.052863819560152905e+02
-9.595049518244661613e+01 -9.598723859039138517e+01
-1.081004001935841785e+02 -1.081011863369665207e+02
-1.024310841047007585e+02 -1.024315399275827332e+02
-9.983855858940111716e+01 -9.983880241097136832e+01
-1.005628801853058434e+02 -1.005352253672572260e+02
-1.052261495146129846e+02 -1.052285356802042742e+02
-1.080391137815805251e+02 -1.080362012994937686e+02
-1.080825116182704164e+02 -1.080804889135103224e+02
-1.018360897106835523e+02 -1.018384554737644265e+02
-1.067842639334404566e+02 -1.067687625753698626e+02
-1.080789419311485773e+02 -1.080811618943241967e+02
-1.080560925041891807e+02 -1.080548569683846836e+02
-1.066397212996162978e+02 -1.066690625949276381e+02
-1.080561074089371090e+02 -1.080548796289050699e+02
