0.000000000000000000e+00 0.000000000000000000e+00
-1.037039689949470471e+02 -1.041073638416970937e+02
-1.026945235220507726e+02 -1.026207339916951895e+02
-1.052316411149084274e+02 -1.052314150571827440e+02
-1.025414690528229045e+02 -1.025868524459106084e+02
-9.980706014782722946e+01 -9.970251634403629737e+01
-9.975932896545234030e+01 -9.981537696948754501e+01
-1.079800419706613752e+02 -1.080071892378194462e+02
-1.052717047734653590e+02 -1.052823433301249452e+02
-9.983433428429874823e+01 -9.992027954311149074e+01
-1.043480017376370768e+02 -1.042770254266256131e+02
-1.053240736293734301e+02 -1.053004799771821212e+02
-1.052153008056746444e+02 -1.052352932583367817e+02
-1.080827792579499800e+02 -1.080706852246766800e+02
-9.431808680879943552e+01 -9.432836000567525048e+01
-1.081175706709117605e+02 -1.080645734077085649e+02
-9.433865213808256556e+01 -9.438136162631201387e+01
-1.017201577124741050e+02 -1.017686475294803756e+02
-1.025128082187313368e+02 -1.025383607452655639e+02
-1.026246317720145811e+02 -1.025653242228850672e+02
-1.052891115985242010e+02 -1.052789414897344500e+02
-1.053705151251652836e+02 -1.053335380541115427e+02
-1.079869927676477914e+02 -1.080025459882900236e+02
-1.031946435843742194e+02 -1.031706050418163159e+02
-1.053465336755849933e+02 -1.053054866368268421e+02
-9.655197533942971688e+01 -9.650241430003670473e+01
-1.023809485378257165e+02 -1.024044270805044619e+02
-1.040620331220412567e+02 -1.040902608630442785e+02
-1.080657279073804489e+02 -1.080659283106508326e+02
-1.016043002936641528e+02 -1.015806703913666666e+02
-1.042573093428230777e+02 -1.042596297629301176e+02
-9.973261478652490553e+01 -9.973501535471307022e+01
-9.889166590934941325e+01 -9.897914173903483004e+01
-1.080096744437655047e+02 -1.080028077165983973e+02
-9.948104863358200589e+01 -9.947609297333518441e+01
-1.026307441979803770e+02 -1.026075265106318000e+02
-1.080954128400151717e+02 -1.080671549290076285e+02
-1.107929796960515176e+02 -1.107725777372038891e+02
-1.053435060196967754e+02 -1.053290683991677525e+02
-1.080271662627305318e+02 -1.080209466829950458e+02
-1.107605452497958538e+02 -1.107734686529514789e+02
-1.044909759951620885e+02 -1.045064097501686291e+02
-1.080401984839680836e+02 -1.080362082409452427e+02
-1.080539576819598295e+02 -1.080726019293853426e+02
-1.027458818705964774e+02 -1.027558539769309505e+02
-1.026272245701864279e+02 -1.026659826770813453e+02
-1.079587214804692508e+02 -1.078832922210397953e+02
-1.026510459445752304e+02 -1.026385754796102532e+02
-1.053295950894826518e+02 -1.053130142580568815e+02
-1.080524470935129386e+02 -1.080262075905671821e+02
-1.079888893655301274e+02 -1.079815520225620133e+02
-1.054133073380837544e+02 -1.054135366556810425e+02
-1.107878226213573782e+02 -1.107725195312490314e+02
-1.052581687554193195e+02 -1.052637805246192499e+02
-1.107023895854966611e+02 -1.107179533470074517e+02
-1.106369611554701891e+02 -1.106625414452847309e+02
-1.052804134597427606e+02 -1.052703092195914820e+02
-1.025391295741623736e+02 -1.025393634895996655e+02
-1.053235975188453324e+02 -1.052992534219370242e+02
-9.713324620208037175e+01 -9.718809210684916877e+01
-1.052288385527188552e+02 -1.051943340166799885e+02
-1.053274653915464540e+02 -1.053327842539273007e+02
-1.107118691224666520e+02 -1.107173830547003917e+02
-9.702752844134766974e+01 -9.703410974585783322e+01
-1.079938703712803800e+02 -1.080199588374101012e+02
-1.040801725670418136e+02 -1.040899913516761188e+02
-1.053217063540520542e+02 -1.053213136987763932e+02
-1.080609472933802095e+02 -1.080664984887853279e+02
-1.005342964642134831e+02 -1.004552455216884539e+02
-1.054337649368285383e+02 -1.053843033243082914e+02
-9.989256132624018392e+01 -9.987380422483835218e+01
-1.080451458339104249e+02 -1.080562761860910541e+02
-1.054266872772780914e+02 -1.054092248502582265e+02
-9.651802022474055320e+01 -9.645871330004634103e+01
-1.017016678841299182e+02 -1.017731522996338924e+02
-1.053167673655147212e+02 -1.053295686784142475e+02
-1.052565151451789376e+02 -1.052723851926721181e+02
-1.025600229314583487e+02 -1.025696922339586763e+02
-1.026472358119259667e+02 -1.026327426210969520e+02
-1.052966151819051532e+02 -1.052902101595569491e+02
-1.053309960810349253e+02 -1.053214084333590108e+02
-1.019025927065785169e+02 -1.018824916345456018e+02
-1.051903039581672914e+02 -1.052024288620057035e+02
-1.107868801125560907e+02 -1.107746631383442093e+02
-1.053567982365716489e+02 -1.053521446007424203e+02
-9.865665870400026449e+01 -9.869565494713782527e+01
-9.983577077911236586e+01 -9.983407789142331978e+01
-9.730784388963465403e+01 -9.734999916967326783e+01
-1.107273890550059008e+02 -1.107242635732681890e+02
-1.010140163106754869e+02 -1.009568952322840971e+02
-1.054198570883863084e+02 -1.054256174168340578e+02
-1.053620820009577130e+02 -1.053521533467960438e+02
-1.080585768974415544e+02 -1.080434025088641192e+02
-1.080782461794612459e+02 -1.080773670075167274e+02
-1.026300769321368165e+02 -1.026414108507595273e+02
-9.983517829605258953e+01 -9.984464983870394406e+01
-1.026971997423871130e+02 -1.026968342385442412e+02
-1.026085404664200667e+02 -1.026180300633795213e+02
-9.970462653245527918e+01 -9.970771775908596624e+01
-1.080790446565692378e+02 -1.080729030351514979e+02
-1.080950679938667776e+02 -1.081001764059465415e+02
-9.711072837221396981e+01 -9.710637113971691292e+01
-1.079906659092708310e+02 -1.079957983963158767e+02
-9.710043384985458204e+01 -9.708099164424561422e+01
-1.080825513705580505e+02 -1.080804332444771063e+02
-1.080603186750649911e+02 -1.080743288813364558e+02
-1.026630346137402654e+02 -1.026828609978401659e+02
-1.031570733956871777e+02 -1.031306897864472205e+02
-1.107349298677735163e+02 -1.107218833087120800e+02
-1.081375696223581571e+02 -1.081301161026036084e+02
-1.015407020843432946e+02 -1.017618253048601531e+02
-1.053572964613096303e+02 -1.053578760240399959e+02
-9.981834018051661417e+01 -9.984183464439908562e+01
-9.986875352060448563e+01 -9.985005732175511639e+01
-9.991006792947729309e+01 -9.991390137708401653e+01
-1.054072218257322362e+02 -1.054196564591636331e+02
-1.068736800569798504e+02 -1.068651796472707929e+02
-1.080577538686009120e+02 -1.080717011571271513e+02
-1.053359633372186863e+02 -1.053366553230437717e+02
-1.026335154711721174e+02 -1.026139458902833752e+02
-9.645280484526539055e+01 -9.643194703692638825e+01
-1.080685463708171739e+02 -1.080605450701332160e+02
-1.052929153865950127e+02 -1.053024612678352696e+02
-1.053406833385760137e+02 -1.053373021628751758e+02
-1.067621079720141495e+02 -1.068053844324479940e+02
-1.080776718269127059e+02 -1.080757558334446600e+02
-1.053479092529182850e+02 -1.053528353232901225e+02
-1.054633073228239368e+02 -1.054552812953276231e+02
-1.080588682107672298e+02 -1.080552780987870989e+02
-1.079834858129681550e+02 -1.079606377708852136e+02
-1.080692414183689891e+02 -1.080478061642289020e+02
-9.991998901024169299e+01 -9.991781872771670692e+01
-1.053585183883453880e+02 -1.053465687895330944e+02
-1.053168010251730209e+02 -1.053006608756296885e+02
-1.026159161263151844e+02 -1.026185297661834426e+02
-1.067424280685950890e+02 -1.068000171507381566e+02
-1.053932521292292677e+02 -1.053881910809309659e+02
-1.053997022274660651e+02 -1.054022412155490400e+02
-1.026900541404789067e+02 -1.027000615193763764e+02
-9.977229901505802445e+01 -9.977182589671456014e+01
-1.053791604169663714e+02 -1.053495174073675855e+02
-1.025667265934243773e+02 -1.025540651925226570e+02
-1.025427582643779090e+02 -1.025636032204679537e+02
-9.996294432411662001e+01 -9.998386195260619047e+01
-9.711920571694179216e+01 -9.711515020426095646e+01
-1.107373440849784743e+02 -1.107194858026745408e+02
-1.053899908534378795e+02 -1.053816299241713921e+02
-1.080030599967968215e+02 -1.079934074810342395e+02
-1.080596209432121242e+02 -1.080525358165784553e+02
-1.052869781509549796e+02 -1.052756856892616781e+02
-1.053694596626502431e+02 -1.053741321129818260e+02
-1.039994311720106879e+02 -1.040889390151923379e+02
-9.710710450529512627e+01 -9.709997278305871760e+01
-1.080753646789094375e+02 -1.080706484904956852e+02
-1.052368166771463933e+02 -1.052121456437650124e+02
-1.053554467599517750e+02 -1.053475355788500281e+02
-1.107781799063953940e+02 -1.107707189255170164e+02
-1.080529766457362371e+02 -1.080397842126860439e+02
-1.051883768849642564e+02 -1.051895310872940854e+02
-1.027159800584165907e+02 -1.026829088634226537e+02
-9.985794458575438171e+01 -9.982878152889747980e+01
-1.080264818673131941e+02 -1.080257620505614113e+02
-1.016952501809681593e+02 -1.018169655407112515e+02
-1.079955954580450026e+02 -1.079961259335114505e+02
-1.024853762506965182e+02 -1.024902090239363019e+02
-1.080250627973842654e+02 -1.080179130777063108e+02
-9.603977864265439734e+01 -9.603939784872126495e+01
-1.026028478121268108e+02 -1.026002241066319414e+02
-1.018171621914830354e+02 -1.017867133725027315e+02
-1.081044576948037559e+02 -1.080959279714274999e+02
-1.053323983196527962e+02 -1.053276184773560118e+02
-9.997307222506226765e+01 -9.994767700446708147e+01
-1.080752236007829339e+02 -1.080731207428931810e+02
-1.025433706052159408e+02 -1.025367494904445778e+02
-1.052116806949129426e+02 -1.052212101354293594e+02
-9.707084745187194130e+01 -9.706006298091666906e+01
-1.008037612814766106e+02 -1.007643501629358838e+02
-1.079929197621643624e+02 -1.079681758833006882e+02
-9.861971366008880580e+01 -9.865201108300828992e+01
-1.025483869035535491e+02 -1.025263512262149845e+02
-1.025603276839747195e+02 -1.025625295883212544e+02
-1.080775929793960870e+02 -1.080665316857826923e+02
-1.079994251598640034e+02 -1.079849335212723389e+02
-9.981826667358683380e+01 -9.980533340940964138e+01
-1.080767063799842873e+02 -1.080691919433634212e+02
-1.080439375489679605e+02 -1.080357075345488056e+02
-1.080545972344372103e+02 -1.080537567400255909e+02
-1.080777463954033237e+02 -1.080699027960511245e+02
-1.053271929156148303e+02 -1.053295013498336914e+02
-1.026379910956231925e+02 -1.026257747742446611e+02
-9.715825978589802503e+01 -9.716601317936448368e+01
-1.052152885769527586e+02 -1.052059090054569594e+02
-9.835587664830508459e+01 -9.831306009894936437e+01
-9.727963270870880308e+01 -9.730980218953703798e+01
-1.079966259253144329e+02 -1.079786084156549180e+02
-1.025519080251563224e+02 -1.025568757129469475e+02
-1.106623958550265456e+02 -1.106679815464020606e+02
-1.053080552875580338e+02 -1.053049494951941085e+02
-1.080223226386044502e+02 -1.080221136831428907e+02
-9.720022221067253554e+01 -9.719616607294426558e+01
-1.053767261381760107e+02 -1.053724251722277501e+02
-1.052697528344374973e+02 -1.052582408891022254e+02
-1.053555709023096369e+02 -1.053756004686552217e+02
-1.080171925307604823e+02 -1.080235882262804807e+02
-1.080574092916955067e+02 -1.080513083153939675e+02
-1.080993902677425780e+02 -1.080980080733592104e+02
-1.001940890244712818e+02 -1.002990196394568443e+02
-1.026530381035115056e+02 -1.026533620089628300e+02
-9.705268755255626445e+01 -9.705920213542079011e+01
-1.026450587013734150e+02 -1.026257083555696568e+02
-1.024730363138527451e+02 -1.024531257510153495e+02
-1.107797777949920999e+02 -1.107751106316433436e+02
-1.080081118648493401e+02 -1.080016796125675995e+02
-1.107264659279981061e+02 -1.107164577316830645e+02
-1.079947541250763550e+02 -1.079981970597475964e+02
-1.107732808682945063e+02 -1.107741576729989674e+02
-1.026418510003990434e+02 -1.026481001468215055e+02
-1.081164800890527715e+02 -1.081193507665837501e+02
-1.014128365267714997e+02 -1.014100652742090602e+02
-1.080535044106532183e+02 -1.080496987474945030e+02
-9.971852873920387594e+01 -9.970763415676186980e+01
-9.990964035722444692e+01 -9.991698766212222438e+01
-1.052993615805608556e+02 -1.052869567399642818e+02
-1.026344705847335348e+02 -1.026313353150430459e+02
-1.053026903711470510e+02 -1.053049652816276307e+02
-1.080717745635960227e+02 -1.080708036208160223e+02
-1.052917498808039483e+02 -1.052758436559376065e+02
-1.016491055230647333e+02 -1.016003794930153390e+02
-1.107494928138333137e+02 -1.107517639250388299e+02
-1.025939965336359876e+02 -1.025901586722362566e+02
-1.025136990441179421e+02 -1.025005153984685649e+02
-9.166928687281951227e+01 -9.160162699387038288e+01
-9.988841695390458142e+01 -9.990277894473540243e+01
-1.052540903464108482e+02 -1.052442844804997861e+02
-1.026352021786725288e+02 -1.026358319672215913e+02
-1.080004185961100376e+02 -1.080006287183546476e+02
-1.080768787391957630e+02 -1.080747178070564445e+02
-1.001101790029713783e+02 -1.000898130818123946e+02
-1.026279314697276703e+02 -1.026369777024462451e+02
-1.026055520652887765e+02 -1.026054637477385825e+02
-1.014472785772418462e+02 -1.014546161735910488e+02
-1.052838955631097946e+02 -1.052833327006805604e+02
-1.080674477190374887e+02 -1.080742666879279597e+02
-1.025768578911021791e+02 -1.025814624063933280e+02
-1.026918558296200104e+02 -1.026719579925743204e+02
-1.107296643700573782e+02 -1.107266278992228052e+02
-1.052724719260245223e+02 -1.052534467235449540e+02
-1.081274765895983734e+02 -1.081231247680249368e+02
-1.080078026870351380e+02 -1.080016970337142368e+02
-1.000601654127170690e+02 -1.000509134394987427e+02
-1.025944597815205128e+02 -1.025941849609569516e+02
-1.053343363008007572e+02 -1.053350723423036044e+02
-1.080574298575911456e+02 -1.080506389431153025e+02
-1.052333538079989665e+02 -1.052176192713480987e+02
-1.028842989588464008e+02 -1.029659591998868535e+02
-9.999695115033775039e+01 -1.000037708312227807e+02
-1.080050676173394066e+02 -1.080060791064747576e+02
-1.106863302316108815e+02 -1.106923673127061392e+02
-1.080533597416169158e+02 -1.080515702770967721e+02
-9.985273137403990518e+01 -9.983300052807220482e+01
-1.107754024915281406e+02 -1.107756775970383671e+02
-1.081189057177452213e+02 -1.081236633165390373e+02
-1.080577570981925390e+02 -1.080459676344226239e+02
-9.733726239095774702e+01 -9.731419628043586556e+01
-1.025398615784434071e+02 -1.025302871249880212e+02
-1.053661938116031536e+02 -1.053556695139279924e+02
-1.053530215979727274e+02 -1.053460620117469659e+02
-1.053469849405033756e+02 -1.053533189840652398e+02
-1.025459581969939933e+02 -1.025447366218566003e+02
-1.107203018426943402e+02 -1.107206842475937805e+02
-9.990564754682155524e+01 -9.991255437090974567e+01
-1.134551722574079378e+02 -1.134427534034838061e+02
-1.052874173712005899e+02 -1.052773216738975748e+02
-1.052403308557353654e+02 -1.052246547986720344e+02
-1.080085564771309521e+02 -1.079978808562450752e+02
-1.081191280083233721e+02 -1.081220808848391641e+02
-1.053733216746785502e+02 -1.053747845861047949e+02
-1.053362804003289881e+02 -1.053296183536388781e+02
-1.027183575842243073e+02 -1.027232085522017400e+02
-9.988442515072212302e+01 -9.988969557542903033e+01
-1.080326901770025643e+02 -1.080300677108423741e+02
-1.054017127590542486e+02 -1.054032650857243425e+02
-1.054224095885800381e+02 -1.054267380969604062e+02
-1.026117650201658194e+02 -1.026141696501972973e+02
-9.981764085841373912e+01 -9.981546160684460745e+01
-9.991571520597288725e+01 -9.991482187114364422e+01
-1.107689997001105269e+02 -1.107730884053152636e+02
-1.080945307643316653e+02 -1.080970534987149421e+02
-1.053161074402943882e+02 -1.053179044920978384e+02
-1.053697456525282377e+02 -1.053373675094265849e+02
-1.052868672343404768e+02 -1.052802906392334137e+02
-1.080600844892266394e+02 -1.080491230389280304e+02
-1.107268616720053842e+02 -1.107187273081202932e+02
-1.053550807383586090e+02 -1.053614756982616427e+02
-9.989916768188042795e+01 -9.991108342132741882e+01
-1.107293250784215246e+02 -1.107266872373229489e+02
-1.032023970470312264e+02 -1.031905322398784932e+02
-1.053377339958124423e+02 -1.053310152825651045e+02
-1.081196970980021490e+02 -1.081225866019531736e+02
-1.106685536464422057e+02 -1.106604372027458965e+02
-1.026140950448999973e+02 -1.026179186181501137e+02
-1.052975751426972835e+02 -1.053037692429855383e+02
-1.024154656550594638e+02 -1.023935243219367663e+02
-9.992098662493935990e+01 -9.989036708133069453e+01
-1.080525225239389187e+02 -1.080552518465429301e+02
-1.081188560661466056e+02 -1.081194440936373837e+02
-1.134535638825011858e+02 -1.134431134018211793e+02
-9.747782581201754226e+01 -9.741987436564841119e+01
-1.053519484208297428e+02 -1.053437806938270427e+02
-9.982193150236858514e+01 -9.981100514694917081e+01
-9.416033830442161445e+01 -9.417105968526666970e+01
-1.107772846340831450e+02 -1.107750691864831936e+02
-1.044583833110897615e+02 -1.044400681682426892e+02
-1.080089107303614497e+02 -1.080073626542182552e+02
-9.711590803786054948e+01 -9.708331704110594274e+01
-1.081200391070670435e+02 -1.081227005130705408e+02
-1.079943018612699603e+02 -1.079923523268949594e+02
-1.080406696020005626e+02 -1.080458181737312202e+02
-1.053424534962362316e+02 -1.053387446372073981e+02
-1.079716290146676272e+02 -1.079660206696618303e+02
-9.655967440621006403e+01 -9.656335619916472979e+01
-1.080574825149797249e+02 -1.080573137578026746e+02
-1.052841027696848926e+02 -1.052858647476923153e+02
-1.080550597587230612e+02 -1.080511380524300478e+02
-1.107202484442688615e+02 -1.107209742191161013e+02
-9.434550381248759265e+01 -9.432794702886997129e+01
-1.052899611667080819e+02 -1.052803650870959302e+02
-1.052604543053445667e+02 -1.052632037861119301e+02
-1.053477844018266296e+02 -1.053538498996239809e+02
-1.052163333732910360e+02 -1.051874060812871363e+02
-9.996329401166705964e+01 -9.997592117362570718e+01
-1.080503646850936121e+02 -1.080511663026979363e+02
-1.080600973621882446e+02 -1.080572011183050591e+02
-9.979204942653191779e+01 -9.979647090683806709e+01
-1.080090391004516732e+02 -1.079985058539840708e+02
-9.990807301636195348e+01 -9.988919693177948034e+01
-1.067964008357337775e+02 -1.068340956448305263e+02
-1.053694501619409181e+02 -1.053476177956274284e+02
-1.080697935086240165e+02 -1.080754185350048431e+02
-1.080007168394334656e+02 -1.079917881614712911e+02
-1.014422385005735947e+02 -1.014915123062786648e+02
-1.053592563279686516e+02 -1.053595394152709304e+02
-1.054480501380320590e+02 -1.054509558416836938e+02
-1.080215200302884568e+02 -1.080193090690529090e+02
-9.604405104789414338e+01 -9.603314798710269429e+01
-1.079858579676899950e+02 -1.079699136264982258e+02
-1.080036019065320829e+02 -1.080016988836793672e+02
-1.000475988370147036e+02 -1.000460014152077548e+02
-1.053136347587365833e+02 -1.053136994353650948e+02
-1.107777522300908259e+02 -1.107722950666428545e+02
-1.017278667929041092e+02 -1.017987579419105089e+02
-1.107472199504519637e+02 -1.107523003388769354e+02
-1.079702247638435182e+02 -1.079674730349817366e+02
-9.914608978379988002e+01 -9.912128708131984922e+01
-1.053332372347827715e+02 -1.053284199460107402e+02
-1.053250625316786824e+02 -1.053258043713711061e+02
-1.041798419585977626e+02 -1.042887030335479750e+02
-1.080832904310795612e+02 -1.080793476070396650e+02
-1.080682421400357356e+02 -1.080719036562292672e+02
-1.080189055141038637e+02 -1.080197229881221688e+02
-1.081051005094231385e+02 -1.080995531690754916e+02
-1.080314404828380361e+02 -1.080255132815788386e+02
-1.052070212610092312e+02 -1.052104641575065358e+02
-1.025414717708201380e+02 -1.025374723955051337e+02
-1.042757944668607593e+02 -1.042668450974573062e+02
-1.053607874569488985e+02 -1.053669300144932777e+02
-1.052688541550665349e+02 -1.052551472972429139e+02
-1.107737847771903859e+02 -1.107765233994203413e+02
-1.024861983129955689e+02 -1.024816756722562161e+02
-1.106707818936044987e+02 -1.106614918929737570e+02
-1.080305063996637074e+02 -1.080265706655327733e+02
-1.052968122903450308e+02 -1.052904317509469649e+02
-1.052835002371350441e+02 -1.052743777818511290e+02
-1.080199810513714311e+02 -1.080232483778512034e+02
-1.080526008919054419e+02 -1.080512933041149637e+02
-1.052142205970768885e+02 -1.052069941681445329e+02
-1.025884234771449144e+02 -1.025913784206520489e+02
-1.080777776816182580e+02 -1.080788370659837625e+02
-1.018429338944748253e+02 -1.018495158980823874e+02
-9.970662696343858045e+01 -9.969523900404881545e+01
-1.054053552409138490e+02 -1.054045194168136845e+02
-9.997234477122763963e+01 -9.997267897970156980e+01
-1.107532992668128315e+02 -1.107481432157122185e+02
-1.080710500830602854e+02 -1.080655684708138580e+02
-1.134546703060944566e+02 -1.134440116743004836e+02
-1.025340211324454600e+02 -1.025335076689670757e+02
-9.335458271501487104e+01 -9.334638889171085907e+01
-1.014138302420639661e+02 -1.014116155990200525e+02
-1.107777958561113962e+02 -1.107715658004199213e+02
-1.053108297066892476e+02 -1.053111690776450189e+02
-1.026084923040728683e+02 -1.026061377566865360e+02
-1.080684552808326231e+02 -1.080685421048654007e+02
-1.033081312135526275e+02 -1.032132427829410943e+02
-1.010900362716873815e+02 -1.010614808107586384e+02
-1.052719226019197691e+02 -1.052754517858281247e+02
-9.996565391592072558e+01 -9.995501323581864028e+01
-1.052327804579932433e+02 -1.052332967608637091e+02
-1.018659387960833840e+02 -1.018503662509060632e+02
-1.024962635032045881e+02 -1.025036505540987974e+02
-1.053265448848189862e+02 -1.053244135892540214e+02
