0.000000000000000000e+00 0.000000000000000000e+00
-9.807094092941834163e+01 -9.733749160172190784e+01
-1.080766372182623201e+02 -1.080376276263478132e+02
-1.107485388971519029e+02 -1.107624354017353454e+02
-9.998760686776785178e+01 -9.985370676925748512e+01
-1.080689044127139482e+02 -1.080048598415917951e+02
-1.080495864339928005e+02 -1.080367203158743621e+02
-1.001329242309580252e+02 -1.000074824282453676e+02
-9.984272887632157278e+01 -9.990278500379747584e+01
-1.081486333044271504e+02 -1.081117775922756010e+02
-1.053544526008537900e+02 -1.053540539406232455e+02
-1.080669669718000563e+02 -1.080611885686976308e+02
-9.730291079840702650e+01 -9.723270071713673701e+01
-1.024766114623924267e+02 -1.026001877544283616e+02
-9.183523603932448509e+01 -9.171505769323142943e+01
-9.716334249188912509e+01 -9.720719962880990295e+01
-1.053020513849171635e+02 -1.052295633268552137e+02
-1.107318935790602552e+02 -1.107160352235682552e+02
-9.984033644252701833e+01 -9.991761211836448808e+01
-1.025391082941680168e+02 -1.025196224579543838e+02
-1.054350066174971943e+02 -1.053933305779444964e+02
-1.080805594503550680e+02 -1.080529661016360023e+02
-1.106845475979568363e+02 -1.107071781368996852e+02
-9.048237146349164561e+01 -9.052037094871711531e+01
-1.080552625104558757e+02 -1.080526318195142466e+02
-1.043964457822867473e+02 -1.044128614029468878e+02
-1.025672797649476991e+02 -1.025263125700246150e+02
-1.026526728866217297e+02 -1.025840534567476396e+02
-1.016185582915344696e+02 -1.015575253963682769e+02
-9.974222410846348907e+01 -9.976161981154487535e+01
-1.107773261896914221e+02 -1.107678034765236674e+02
-9.995825835713731067e+01 -9.993607001990157812e+01
-1.106999424173129256e+02 -1.107129429927067861e+02
-1.024821961298138007e+02 -1.024821989907848376e+02
-1.052529557561325220e+02 -1.052477610490538353e+02
-1.079983936341281776e+02 -1.080138728072926853e+02
-1.041047510638328646e+02 -1.041615573842984475e+02
-1.080368627433513495e+02 -1.080380365150632684e+02
-1.079748411248231150e+02 -1.079847254617968559e+02
-1.026346857825269865e+02 -1.026648103041035114e+02
-1.027029831473429056e+02 -1.026722306599288714e+02
-9.996803952251252667e+01 -9.994929305507845640e+01
-1.026638053839699154e+02 -1.025912414167856070e+02
-1.106706898282116498e+02 -1.106613308877455779e+02
-9.976750824795583128e+01 -9.976706049138510934e+01
-1.025501299318435144e+02 -1.025414571222160305e+02
-1.079858702505065082e+02 -1.079843380585889321e+02
-1.080218416410492637e+02 -1.080109106212189829e+02
-1.080616403293575161e+02 -1.080206632070277948e+02
-1.017975148686035567e+02 -1.018253402650477852e+02
-1.081461457953541156e+02 -1.080838031176191976e+02
-1.053324249829372548e+02 -1.052988649966803365e+02
-1.079695905819867363e+02 -1.079558339776943114e+02
-1.052584965357273319e+02 -1.052419000253659220e+02
-1.027502499991219054e+02 -1.026635381384640624e+02
-9.916405310156598318e+01 -9.915565748397602874e+01
-1.013488644288245411e+02 -1.014250488215274544e+02
-1.025921202363902864e+02 -1.026143359994184863e+02
-1.053973280001879544e+02 -1.054040691905157132e+02
-1.052249420605379555e+02 -1.052531253138809433e+02
-1.079812833352740427e+02 -1.079777268483635879e+02
-1.052206194387945430e+02 -1.052008737757967225e+02
-1.067153076897944146e+02 -1.068510218326268841e+02
-9.975297129563243459e+01 -9.975686048594872091e+01
-1.025217055380327906e+02 -1.025382192364968859e+02
-1.053252389036426564e+02 -1.053264518959040146e+02
-1.052545847737417830e+02 -1.052627055609368796e+02
-1.079866712717280706e+02 -1.080182190329321372e+02
-1.005776423153672283e+02 -1.005725236716321547e+02
-9.438440510865704880e+01 -9.433067562946136775e+01
-1.079826124689443390e+02 -1.080099990827364849e+02
-1.054309338483041358e+02 -1.053870283686684104e+02
-9.996791928019251827e+01 -9.991427625973186366e+01
-1.107811306406675698e+02 -1.107639720824979719e+02
-1.080566340641194358e+02 -1.080422773870659654e+02
-1.079785312295052648e+02 -1.079869057191199175e+02
-1.053547611935204031e+02 -1.053475434737061107e+02
-9.464371127091698099e+01 -9.452734522029555819e+01
-1.012275708455418908e+02 -1.013119962687641191e+02
-1.027099202127298696e+02 -1.029168188153290942e+02
-1.051786482642831970e+02 -1.051836109954616063e+02
-1.024125951435797504e+02 -1.024506289863741841e+02
-1.052758289632868127e+02 -1.052671125981912894e+02
-1.052991955432754310e+02 -1.052180052943940041e+02
-1.052230441794537512e+02 -1.052630238474905724e+02
-1.107589269372463576e+02 -1.107722390202376630e+02
-9.823189378054294707e+01 -9.828982581127662854e+01
-1.080212896084446328e+02 -1.080260759263009618e+02
-1.025312192718205750e+02 -1.025112389426071218e+02
-1.026199864386033767e+02 -1.026226459044149095e+02
-1.025252642279289859e+02 -1.025294833723976353e+02
-1.053349994170074098e+02 -1.053300117305391694e+02
-1.028064524683541947e+02 -1.027349969493565709e+02
-1.080468955254443131e+02 -1.080461207245341200e+02
-1.018177079017355737e+02 -1.016879853740213235e+02
-1.026563348731928471e+02 -1.026238811358383458e+02
-1.107560650698859064e+02 -1.107699807575920801e+02
-1.051911778994667941e+02 -1.051678428713348694e+02
-1.031346064157077933e+02 -1.031405883904024279e+02
-9.821271918247124688e+01 -9.823146253303143283e+01
-1.027753982026439274e+02 -1.027299975352522097e+02
-1.053167283978347086e+02 -1.053104553122898039e+02
-1.052726864006985892e+02 -1.052804772392281762e+02
-1.080763641010981075e+02 -1.080684142430244492e+02
-1.079956063445158350e+02 -1.080085908527757965e+02
-1.024358732866459860e+02 -1.024638980292742900e+02
-1.052569100610046746e+02 -1.052609650743345497e+02
-9.989256009734505426e+01 -9.990510003368936509e+01
-1.107209400314661423e+02 -1.107228720902053141e+02
-1.026030688613865465e+02 -1.026117116809894014e+02
-1.080546002394122098e+02 -1.080743362203502898e+02
-1.053225494461565717e+02 -1.053218841073729237e+02
-9.886921577663412108e+01 -9.892243018006863053e+01
-1.053379221410305604e+02 -1.053094580080304326e+02
-9.979770049318592839e+01 -9.986238331980719352e+01
-1.025936469058285496e+02 -1.026154218013385417e+02
-1.026031381856624449e+02 -1.025952755721389735e+02
-1.052894916351238948e+02 -1.053010440596942772e+02
-1.024781276429532255e+02 -1.024871808032312970e+02
-1.040904164049004805e+02 -1.041041845755443234e+02
-1.018360434957324401e+02 -1.017582670840063912e+02
-1.017465773488000309e+02 -1.018217158291249689e+02
-1.080840066941821505e+02 -1.081027324533147578e+02
-1.080570156504379611e+02 -1.080077664398792194e+02
-9.987004748457187020e+01 -9.986607906366246823e+01
-1.025283096951840633e+02 -1.025112616136685233e+02
-1.052065346124208531e+02 -1.051667688668392344e+02
-1.081175471348652763e+02 -1.080827018596925058e+02
-1.080532652828904219e+02 -1.080392837360307965e+02
-1.053239380300450136e+02 -1.053133928647948352e+02
-1.040849873797860710e+02 -1.041339284629139286e+02
-1.052091544094346318e+02 -1.051997252542375207e+02
-9.995259600393789867e+01 -9.991330181027366564e+01
-1.107681137363363746e+02 -1.107760135729538717e+02
-1.027328366732255631e+02 -1.027499428468077554e+02
-1.080535421599949331e+02 -1.080457989731308004e+02
-1.079675059960941894e+02 -1.079696666979784823e+02
-1.080122093238900334e+02 -1.080082538624276225e+02
-1.032200955974588368e+02 -1.032151267610365011e+02
-1.027324486100530692e+02 -1.027111262823172808e+02
-1.053964995430558957e+02 -1.053600942795196147e+02
-1.053817800142724650e+02 -1.054014250508226951e+02
-1.079926486469056073e+02 -1.079934175400200189e+02
-1.026071284916110926e+02 -1.026018562140407511e+02
-1.080167205082299091e+02 -1.080237852622920514e+02
-1.041848677813112403e+02 -1.041882332103159001e+02
-1.041189468101274826e+02 -1.041506809182641575e+02
-1.053586153358630071e+02 -1.053633215882310736e+02
-1.053399866437989658e+02 -1.053425252074011809e+02
-1.052727337005062651e+02 -1.052824773215218954e+02
-1.010120725605716245e+02 -1.009735574529099154e+02
-1.134410273386743171e+02 -1.134465608815776534e+02
-1.080647450393578310e+02 -1.080759501210300328e+02
-1.054165583416059206e+02 -1.053798808002910050e+02
-1.026940984594225768e+02 -1.026904375359290498e+02
-9.973227211893936328e+01 -9.976081763188942375e+01
-9.819285420557663713e+01 -9.821952629195165230e+01
-9.738648461668087464e+01 -9.734316434031232745e+01
-1.018406924860880594e+02 -1.018123217068833952e+02
-1.052661656023113181e+02 -1.052808637237682206e+02
-1.041168164583064026e+02 -1.041495240269921680e+02
-1.080026052062054021e+02 -1.079973762031022630e+02
-1.081156812602340267e+02 -1.081160773093357506e+02
-1.053387711075485242e+02 -1.053356112865760963e+02
-1.052810070366992647e+02 -1.052806927145763183e+02
-1.053923011225479769e+02 -1.054058903155430329e+02
-1.107199062450874294e+02 -1.107182979407940735e+02
-1.052906905053136484e+02 -1.053009530083253509e+02
-9.700088872060463530e+01 -9.701888937371570876e+01
-1.080821543469443213e+02 -1.080794794042461149e+02
-1.052743423263792977e+02 -1.052713647537639190e+02
-1.025468489024141832e+02 -1.025221082626456734e+02
-1.053782381391361724e+02 -1.053718209182301706e+02
-1.024994848620202532e+02 -1.024895244574811670e+02
-9.995106790662401863e+01 -9.994011887310769282e+01
-1.080744613837293855e+02 -1.080608923596614090e+02
-1.052413748164862994e+02 -1.052341533098704645e+02
-1.081176036964341733e+02 -1.080957782103570395e+02
-1.080568688947590346e+02 -1.080581744841352503e+02
-1.053522380245096315e+02 -1.053602418658020241e+02
-1.044343891708918051e+02 -1.044116258877448331e+02
-1.107279425631209193e+02 -1.107117269743370542e+02
-9.974929597527679448e+01 -9.972173759246499003e+01
-1.014302823536435625e+02 -1.014755860405641954e+02
-1.079731855913994281e+02 -1.079785339048748938e+02
-9.978713395507016060e+01 -9.979084135642705178e+01
-1.080482204136354056e+02 -1.080408262269904611e+02
-1.053357576505854354e+02 -1.053496522197169725e+02
-1.079690929892422702e+02 -1.079615275781496990e+02
-1.080698823666522941e+02 -1.080796214518601630e+02
-1.002034722274584482e+02 -1.002685989369592647e+02
-1.081010478973818607e+02 -1.081202570836937156e+02
-9.996943527579568922e+01 -9.998728391414961436e+01
-9.415641517358783119e+01 -9.419570429044090076e+01
-9.453558239326710577e+01 -9.447056583187396939e+01
-1.080014113865054668e+02 -1.079934587816890996e+02
-1.025778868018135199e+02 -1.025546838486410195e+02
-1.080584198914469738e+02 -1.080416596005024275e+02
-1.053587145017099687e+02 -1.053468691699407174e+02
-9.979487637301444636e+01 -9.978467073814424282e+01
-9.711786153086065099e+01 -9.710774130990391484e+01
-1.107796532642610430e+02 -1.107652905393051554e+02
-1.080131761228655023e+02 -1.080069234904751454e+02
-1.106708085468361418e+02 -1.106649814442065463e+02
-9.989324270482588020e+01 -9.988657272997289738e+01
-1.024562709893389041e+02 -1.024329883818002855e+02
-9.977739169552513943e+01 -9.975254445264366154e+01
-9.865279018173015402e+01 -9.864752709696389843e+01
-1.080697538529358042e+02 -1.080572864360507026e+02
-1.026437908574406777e+02 -1.026006656191736397e+02
-1.041544259394757432e+02 -1.041637246274926696e+02
-1.020575988257238151e+02 -1.020531734672314883e+02
-1.026206434998681232e+02 -1.026323088748042949e+02
-1.080417885547402932e+02 -1.080347904334542051e+02
-1.052286150523243151e+02 -1.052145330766148845e+02
-1.107105501941998824e+02 -1.106849987389176420e+02
-9.692986505085208648e+01 -9.697104636881154249e+01
-1.080611992544025384e+02 -1.080327827850796893e+02
-1.080468693965209326e+02 -1.080199177367282033e+02
-1.080358212644870548e+02 -1.080464571162885790e+02
-1.002454972878937696e+02 -1.003620864283123950e+02
-9.692917594067803577e+01 -9.696179751322225115e+01
-9.995464801741762528e+01 -9.996786316385103532e+01
-9.982056075683314589e+01 -9.983076383871137693e+01
-1.026158429815436506e+02 -1.026081993115000444e+02
-1.080405986390641857e+02 -1.080513641356774457e+02
-1.080405985721463651e+02 -1.080349740261444964e+02
-1.052956349776613933e+02 -1.052916625877683998e+02
-1.052791927909192822e+02 -1.052712164613205630e+02
-1.079717382818249831e+02 -1.079571886649799239e+02
-1.025636060259751901e+02 -1.025746144465405791e+02
-1.025245954821036065e+02 -1.025434358225097498e+02
-1.053114143368295430e+02 -1.053141122792573015e+02
-1.020109102638326561e+02 -1.019614170850758939e+02
-1.026649830984909499e+02 -1.026462237517006031e+02
-1.080715184478993507e+02 -1.080649455820649223e+02
-1.079741770467017119e+02 -1.079571260697169919e+02
-9.421997534085777204e+01 -9.421547204460168246e+01
-1.025159912206963071e+02 -1.024766438390775392e+02
-1.013293994363213244e+02 -1.013540463658581814e+02
-9.988732429412648628e+01 -9.989675241715517018e+01
-1.026631108013401672e+02 -1.026744078396764905e+02
-1.052567521354876163e+02 -1.052392045878069098e+02
-1.037063899119818871e+02 -1.036772442000446830e+02
-9.723593330707589644e+01 -9.720809674749187934e+01
-1.025818268140692311e+02 -1.025770813687879155e+02
-1.079262891416196197e+02 -1.078989681597699928e+02
-1.080352778876927005e+02 -1.080405142526232538e+02
-1.027288350544557005e+02 -1.026980317263221423e+02
-1.052594603890803739e+02 -1.052299264480769949e+02
-1.080444299657751230e+02 -1.080369991482316152e+02
-1.025870750135822078e+02 -1.025844347943972110e+02
-1.053391510463178804e+02 -1.053484218165292106e+02
-1.080678552412541507e+02 -1.080785704317550113e+02
-1.080110458226893826e+02 -1.080015517533083482e+02
-1.080634393241460884e+02 -1.080633841573296223e+02
-1.024762691182721710e+02 -1.024733238481730950e+02
-1.002558629567185875e+02 -1.003433369860994162e+02
-1.080886773327129049e+02 -1.080912173951534925e+02
-1.041372070692743108e+02 -1.041634666556215905e+02
-1.027011021547039604e+02 -1.027089790788140959e+02
-1.080080678740386162e+02 -1.080072905037503830e+02
-1.080510000025747388e+02 -1.080549098967732959e+02
-1.051863987016403712e+02 -1.051879602862684351e+02
-1.052182348942366019e+02 -1.052241144305377816e+02
-1.054002183988748271e+02 -1.054068854014202543e+02
-1.053229984090340565e+02 -1.053202398164526983e+02
-1.026272794292599144e+02 -1.026582534356234646e+02
-1.041262768775911240e+02 -1.041266340395237080e+02
-1.029595923720851829e+02 -1.029807849157540858e+02
-1.107154727712266293e+02 -1.107240793387189939e+02
-1.107684865264970568e+02 -1.107749877064752440e+02
-1.053278730512989512e+02 -1.053314607456650975e+02
-1.107635319274347978e+02 -1.107738279651440507e+02
-1.080621627075893656e+02 -1.080484746351233127e+02
-1.081089050674856082e+02 -1.080866319405167530e+02
-1.053154131309135835e+02 -1.053085919908598811e+02
-1.041233391923014295e+02 -1.041353082718908638e+02
-1.080589912656224953e+02 -1.080501690448573697e+02
-9.929908669862122395e+01 -9.928820926934925239e+01
-1.018777085080247957e+02 -1.018751015754100848e+02
-1.025106176768245234e+02 -1.025050677813720625e+02
-1.080376658513459063e+02 -1.080465436043566143e+02
-1.025490382604472899e+02 -1.025537286576197999e+02
-1.080557035397945782e+02 -1.080579230485173241e+02
-1.053477781772274824e+02 -1.053470055779641115e+02
-1.053441688970762158e+02 -1.053468385053880496e+02
-1.042159500434973296e+02 -1.042306276771923592e+02
-1.080188885641965726e+02 -1.080240688541849181e+02
-9.700753492113872767e+01 -9.700381872202440547e+01
-1.026592423977551931e+02 -1.026663014190617957e+02
-1.080444874835092008e+02 -1.080484421781236080e+02
-9.697276528538051821e+01 -9.694603747074266664e+01
-1.024797364144383920e+02 -1.024798063066985492e+02
-1.024762322854519709e+02 -1.024689578739922098e+02
-1.026098403767854279e+02 -1.026225244780699200e+02
-1.025234920699209340e+02 -1.025365119957051832e+02
-1.027270472303441693e+02 -1.027217105127691070e+02
-1.025180342526950454e+02 -1.025070293573130868e+02
-9.892063158750481477e+01 -9.895669451655426485e+01
-1.107755642242439507e+02 -1.107665121454417942e+02
-1.018046337716916838e+02 -1.018244884597666271e+02
-1.107160947400099218e+02 -1.107240926782466914e+02
-1.107201799371394202e+02 -1.107146351545830072e+02
-1.000069198849804764e+02 -9.995377563852181879e+01
-1.079745625829183666e+02 -1.079780725804662325e+02
-1.080966239222714336e+02 -1.081036915583619731e+02
-1.053245103939947569e+02 -1.053233293550274823e+02
-1.053376763588519083e+02 -1.053534334224522127e+02
-1.079844344301164796e+02 -1.079598994326613024e+02
-9.987228531156770828e+01 -9.989056087381277393e+01
-9.978782061651089919e+01 -9.980509127416395643e+01
-1.053770837629407993e+02 -1.053829560711952240e+02
-1.107170811236133119e+02 -1.107241301579762336e+02
-1.053448466405007480e+02 -1.053199648048694712e+02
-1.052617754133726606e+02 -1.052676737409392018e+02
-9.982395379278838732e+01 -9.986139398332159089e+01
-1.081187939298780520e+02 -1.081138375628639778e+02
-1.025858953469644490e+02 -1.025900054831522255e+02
-9.972834746071717404e+01 -9.974307570342105578e+01
-1.054069803536734895e+02 -1.054155545343618456e+02
-9.837681812467445752e+01 -9.838577992131286010e+01
-9.991280755426724625e+01 -9.993383231470913586e+01
-1.107174328195835358e+02 -1.107241784457119849e+02
-1.026808495485074246e+02 -1.026857942832069455e+02
-1.080569129887247897e+02 -1.080535887680455858e+02
-1.080431539941590842e+02 -1.080390482332997522e+02
-9.976249574675922815e+01 -9.974426026352566055e+01
-1.107788885930697234e+02 -1.107686349471980236e+02
-9.988142788952870887e+01 -9.988683417387974828e+01
-1.053316398627343489e+02 -1.053342984600913610e+02
-1.080451567980673957e+02 -1.080486165523831517e+02
-1.026277426521810980e+02 -1.026164892429348043e+02
-1.041253265973683142e+02 -1.041617144894110538e+02
-1.053350959133049258e+02 -1.053321895730122435e+02
-1.053451979935680782e+02 -1.053540552243375572e+02
-1.052135875689067319e+02 -1.051943463705942605e+02
-1.106998259382388881e+02 -1.106977436868278204e+02
-1.025152089023059290e+02 -1.025166835577838924e+02
-1.026527281510928589e+02 -1.026598154840199442e+02
-1.052369394127406679e+02 -1.052264922601793273e+02
-1.063801424817841195e+02 -1.063769380874659305e+02
-1.018439874032855954e+02 -1.018272377430470073e+02
-1.053380873615089115e+02 -1.053431955117650887e+02
-1.079924729101684164e+02 -1.079966416901868485e+02
-1.025442532211192912e+02 -1.025149739389723464e+02
-1.025115119346374968e+02 -1.024847865559417386e+02
-1.080153586851687777e+02 -1.080238565600273972e+02
-9.447286049745349601e+01 -9.448169989933948898e+01
-1.052951932436674696e+02 -1.053003840065751149e+02
-1.007890266223451476e+02 -1.007256993284867690e+02
-1.107744806724148958e+02 -1.107770641176113031e+02
-1.107241676523337901e+02 -1.107237786905093060e+02
-9.588632177398736189e+01 -9.592244311701382742e+01
-9.974655492158647974e+01 -9.976365097100092783e+01
-1.107519470524763250e+02 -1.107421909036282983e+02
-1.079952043090181490e+02 -1.079989381941928741e+02
-1.107253668902540369e+02 -1.107105691808907721e+02
-1.025579607169110261e+02 -1.025619702578621713e+02
-1.052904242804440287e+02 -1.052742521166233729e+02
-9.981241994427251996e+01 -9.984123456504369187e+01
-9.608379156203321259e+01 -9.607026038964569636e+01
-1.080182353261972850e+02 -1.080237096415131788e+02
-1.107193176893194675e+02 -1.107188932116642519e+02
-1.026147894157418961e+02 -1.026237754191636071e+02
-1.025607250072852281e+02 -1.025479605631193181e+02
-1.107743252299214731e+02 -1.107770264021153110e+02
-9.622592261250271406e+01 -9.626516286685098578e+01
-1.053420449931386003e+02 -1.053438300390081963e+02
-1.068313217667323869e+02 -1.068397571404673414e+02
-1.054155066626272657e+02 -1.054109567151890303e+02
-1.026343385131153951e+02 -1.026264947784024741e+02
-9.715152087632291966e+01 -9.718896120839232822e+01
-9.588818030862996977e+01 -9.592511666347363075e+01
-1.054242903878182744e+02 -1.054284320156195349e+02
-1.080615978760704792e+02 -1.080473474366295221e+02
-1.017913117348455501e+02 -1.018249287729131964e+02
-1.008023982242188055e+02 -1.007960621741840725e+02
-1.107179328180841082e+02 -1.107243697796141220e+02
-1.025558289447361773e+02 -1.025450973060865465e+02
-1.053412610269553795e+02 -1.053526395717288153e+02
-9.968975652314132674e+01 -9.970827556801594937e+01
-1.052702627260632795e+02 -1.052754950921630694e+02
-1.000066328082653655e+02 -1.000032015984340461e+02
-1.025238473773275132e+02 -1.025188013886063487e+02
-1.027281472061190328e+02 -1.027259496480558880e+02
-1.053159839268685545e+02 -1.053243776631981916e+02
-1.081199401789783536e+02 -1.081289944703215014e+02
-1.025875706786243882e+02 -1.025962269551083779e+02
-1.019019178298997730e+02 -1.019005739213102544e+02
-1.080142770946224999e+02 -1.080086861039649762e+02
-1.054118438256169838e+02 -1.054141476650965927e+02
-1.053374270828671513e+02 -1.053363989410728863e+02
-1.080524423430679519e+02 -1.080449237335222961e+02
-1.107015567041105157e+02 -1.106843849627530147e+02
-1.053552636978900949e+02 -1.053656970408226385e+02
-1.053559059423720043e+02 -1.053501453695404706e+02
-1.044795126643899152e+02 -1.044392388888083190e+02
-1.025726187821760504e+02 -1.025699612851384899e+02
-1.012855097990629645e+02 -1.013053890637264089e+02
