0.000000000000000000e+00 0.000000000000000000e+00
-7.453783236885458052e+01 -7.291528941925034246e+01
-1.033579047054267903e+02 -1.027923436178743515e+02
-1.053583636896235731e+02 -1.052675976609397566e+02
-1.025715549821125592e+02 -1.025409357776203052e+02
-9.482152084376595269e+01 -9.440623886416304344e+01
-1.080373294174586789e+02 -1.080416800044592804e+02
-9.464956808018447987e+01 -9.456843583763453864e+01
-1.025145759479547110e+02 -1.025298423588397867e+02
-1.026119357277177357e+02 -1.026469633202120377e+02
-9.970701029376151325e+01 -9.968065429910571140e+01
-1.052518564386244151e+02 -1.052788281176848386e+02
-1.025930903815607991e+02 -1.025905891741665243e+02
-1.053471505954568954e+02 -1.053494922554518354e+02
-1.080096818145834305e+02 -1.080544731829067047e+02
-1.052452159876058602e+02 -1.052837661537885907e+02
-1.107528476131758310e+02 -1.107162436648226560e+02
-9.995227597067879799e+01 -9.980157971465773414e+01
-1.053345899488161592e+02 -1.053218062335604088e+02
-9.980081472931927067e+01 -9.961079265128813631e+01
-1.054127050758060022e+02 -1.053676070912091660e+02
-1.052501662932861279e+02 -1.051755052468750193e+02
-1.080153941503289587e+02 -1.080236739905625143e+02
-1.107234895610109646e+02 -1.107245998671436809e+02
-1.020633082348271330e+02 -1.018881302189452356e+02
-1.025740800429448853e+02 -1.026080920977649242e+02
-1.107757521356389532e+02 -1.107730636095996886e+02
-9.988357443396860447e+01 -9.993005964880816805e+01
-1.107304704242042419e+02 -1.107209394588038975e+02
-1.079767625240066877e+02 -1.079644300797620389e+02
-9.853907703068213664e+01 -9.863983539374321197e+01
-1.080864287288757595e+02 -1.080684807244069958e+02
-1.080588099316117336e+02 -1.080530770741590203e+02
-1.053089128683823077e+02 -1.052987257816959499e+02
-1.052092009884936772e+02 -1.051965998327058287e+02
-1.026272089264349603e+02 -1.026410330625747207e+02
-1.025092961326254937e+02 -1.024970704501668450e+02
-9.589615291899140459e+01 -9.583957733926814626e+01
-9.709946963296334843e+01 -9.710498112458532205e+01
-9.448415443884439924e+01 -9.447522709000679697e+01
-1.052867332890799048e+02 -1.052792028176755679e+02
-1.052629456597396569e+02 -1.052533919643747424e+02
-1.027416728829709029e+02 -1.027407137307913416e+02
-1.053209353664419865e+02 -1.053194884431907923e+02
-1.080874558026613812e+02 -1.081003935199461239e+02
-1.026271646768386745e+02 -1.026230901150057235e+02
-1.080382860815366968e+02 -1.080477421232701971e+02
-1.026073856076554733e+02 -1.025894514597037954e+02
-9.975067771161580765e+01 -9.955335437658227704e+01
-1.052653324527751266e+02 -1.052540833464082084e+02
-1.026711586819928783e+02 -1.026509125030049034e+02
-9.916204319579082949e+01 -9.909842024457047671e+01
-1.026073080060609186e+02 -1.025615107223839004e+02
-9.988202635426999620e+01 -9.982283917523791672e+01
-1.081359864978634704e+02 -1.081452803245028917e+02
-1.027512444223607417e+02 -1.027467712738832830e+02
-1.026253404846139716e+02 -1.026401025115218459e+02
-1.024606440975981059e+02 -1.024537320031489713e+02
-1.025849196386458573e+02 -1.025761175111924075e+02
-1.107713905970513366e+02 -1.107733112330768250e+02
-1.052534537907402097e+02 -1.052340366485125287e+02
-1.008454118792960656e+02 -1.008882438811461384e+02
-9.983882542052833742e+01 -9.983401173266254602e+01
-1.026037368508878842e+02 -1.025809122140500165e+02
-1.026190880588697070e+02 -1.025480105000923174e+02
-9.434619250988468764e+01 -9.432061597017096233e+01
-1.053425002472973091e+02 -1.053412579717500677e+02
-1.080239740742746903e+02 -1.080221008397758169e+02
-1.107590789823443487e+02 -1.107728745585350367e+02
-9.803209021256969891e+01 -9.808268316263566078e+01
-1.025533603622164804e+02 -1.025561694705672124e+02
-1.036538259954808012e+02 -1.036715537026565386e+02
-1.080268817575113616e+02 -1.080235540592361190e+02
-1.024875243849193964e+02 -1.024867207322769076e+02
-1.008089648199845385e+02 -1.007540868968282268e+02
-1.025816457972350833e+02 -1.025870342138362048e+02
-9.721671494523167212e+01 -9.716783793368568922e+01
-1.080823262838350729e+02 -1.080577502385251591e+02
-9.901197838106064353e+01 -9.914741835466527675e+01
-1.015826670599640664e+02 -1.015191005514923006e+02
-1.053485877521578118e+02 -1.053496527356087711e+02
-1.052880853597266650e+02 -1.052837802961591507e+02
-9.443144334188453115e+01 -9.446120843705099901e+01
-9.916314106322363386e+01 -9.904977114662456472e+01
-1.053752375227900444e+02 -1.053831599701360489e+02
-1.027197183267736733e+02 -1.027182599607097444e+02
-9.981465688330733599e+01 -9.981330801395175456e+01
-1.080534721195449066e+02 -1.080544615153893773e+02
-1.080078609720064691e+02 -1.080056189191701890e+02
-9.973694404776428257e+01 -9.973190459904772354e+01
-1.052533255600370410e+02 -1.052624718660008369e+02
-1.079785279770645161e+02 -1.079768532227792548e+02
-1.080296687014634074e+02 -1.079738713247825643e+02
-1.107775813537441820e+02 -1.107749796431072866e+02
-1.025867973014201482e+02 -1.025872018087094233e+02
-1.080290420211332787e+02 -1.080242040439710109e+02
-1.052886751436382724e+02 -1.052860475477817914e+02
-1.051997309622770160e+02 -1.051913141461991046e+02
-1.107275717468255039e+02 -1.106429292093076242e+02
-1.025370358871689973e+02 -1.025025873880819631e+02
-1.025507836588442956e+02 -1.025387130198782870e+02
-1.052526340981953581e+02 -1.052467866516535793e+02
-9.644234224915379627e+01 -9.643040378778319166e+01
-1.051993509812894132e+02 -1.052019761176769350e+02
-1.053211300761487053e+02 -1.053198957315302948e+02
-1.041316634396642797e+02 -1.041730187390273557e+02
-1.080088364604126099e+02 -1.079490501319824318e+02
-1.025183667757889623e+02 -1.024924833562891280e+02
-1.026189990511928158e+02 -1.026118358768441254e+02
-1.080683625722816998e+02 -1.080746343238748750e+02
-1.026461209742358278e+02 -1.026544493614328957e+02
-1.080770120882418723e+02 -1.080828094547580207e+02
-9.437183871976992577e+01 -9.440070276304349761e+01
-9.651909982297620161e+01 -9.651557335156799411e+01
-9.971552758043321774e+01 -9.966177784018339025e+01
-1.023934144082357562e+02 -1.024002135223776122e+02
-9.704667406211154912e+01 -9.705696000031431936e+01
-1.012829820349146388e+02 -1.013292668105394370e+02
-1.053364236240624763e+02 -1.053357004701077670e+02
-9.991081812593650113e+01 -9.990925445507127733e+01
-1.035280768129589575e+02 -1.035507677426165429e+02
-1.013617561627047792e+02 -1.014436646993918458e+02
-9.993863486150917197e+01 -9.992820860491454482e+01
-1.009434513944581511e+02 -1.008524924382719661e+02
-1.008999612279413327e+02 -1.009052871590106548e+02
-1.079725311074267751e+02 -1.079713816763753869e+02
-1.041293547435256244e+02 -1.041741256954894794e+02
-9.924232053808123055e+01 -9.921369751521406499e+01
-1.019207223730694096e+02 -1.019155246622386244e+02
-1.054457399636257833e+02 -1.054566173688654800e+02
-1.053551439116223349e+02 -1.053590542004781838e+02
-1.013757284526493976e+02 -1.013844141708612483e+02
-1.079998861164343538e+02 -1.079959852534210114e+02
-1.026220874575024169e+02 -1.026306730674806005e+02
-1.052776146062271749e+02 -1.052769703440130371e+02
-1.053027047196284940e+02 -1.052991045357595254e+02
-1.052636356506604329e+02 -1.052461771589232029e+02
-1.079975630603270531e+02 -1.079946130085126867e+02
-1.080592779107434893e+02 -1.080573481296453480e+02
-1.080210494938000920e+02 -1.080237333288382899e+02
-1.052981542460852324e+02 -1.052954082942403033e+02
-1.032178489019202630e+02 -1.032205739791285026e+02
-1.052581409159201939e+02 -1.052539716485769219e+02
-9.992374271851754486e+01 -9.994912116332231733e+01
-1.053473758846166959e+02 -1.053509994158350480e+02
-1.080508646722693271e+02 -1.080497727956877441e+02
-1.106951650820404041e+02 -1.106979245504887786e+02
-1.026295009405829717e+02 -1.026296112016925122e+02
-9.707368007203218951e+01 -9.707670134638080128e+01
-1.080498849407262867e+02 -1.080545667077736027e+02
-1.041805940013427119e+02 -1.041926601381137374e+02
-1.080563461618956893e+02 -1.080547184466489767e+02
-1.053112680602922495e+02 -1.053105976800785299e+02
-1.053581040854849249e+02 -1.053608417546876552e+02
-9.709442183957706618e+01 -9.710388618043879205e+01
-1.037118615999539912e+02 -1.037201708412411278e+02
-1.052530293727826489e+02 -1.052564636657843096e+02
-1.107778239417673660e+02 -1.107762276264658112e+02
-1.080727643711008312e+02 -1.080759279262067736e+02
-9.708946684551003159e+01 -9.709793878983063564e+01
-1.052921125018120421e+02 -1.052892431774691318e+02
-9.993843112654106164e+01 -9.994652315430401757e+01
-1.081197780414715339e+02 -1.081239977533568890e+02
-1.080539232935274754e+02 -1.080521521435459960e+02
-1.025447527733734887e+02 -1.025410853425805158e+02
-1.032068223244980629e+02 -1.032254956228207021e+02
-1.053810980666137311e+02 -1.053830698776600343e+02
-9.425449249436114485e+01 -9.427784275795939095e+01
-1.041518186353130915e+02 -1.041822351904942110e+02
-1.022669374984705968e+02 -1.022006003276112978e+02
-1.053701755119505208e+02 -1.052847168565268561e+02
-1.053044290092754665e+02 -1.052987891775435116e+02
-1.052461972574830895e+02 -1.052485084528273660e+02
-1.013773390347391796e+02 -1.013916953929604716e+02
-1.081059504032657372e+02 -1.081003751535110808e+02
-1.018487435449505938e+02 -1.019256350711526267e+02
-1.026282716020401864e+02 -1.026262873119838446e+02
-1.080638488642017307e+02 -1.080568598301613150e+02
-1.053103797693346877e+02 -1.053124910907363443e+02
-1.052102338430880906e+02 -1.052087806011402762e+02
-1.025120185524252037e+02 -1.024504845357846818e+02
-1.025512950477873346e+02 -1.025493158301438541e+02
-9.665368400415414385e+01 -9.662641961085051889e+01
-1.052844797458902377e+02 -1.052861791062597945e+02
-9.984167090393218302e+01 -9.984700974713435073e+01
-1.025446486893666815e+02 -1.025451287410433991e+02
-1.079188627683355008e+02 -1.079202941059192113e+02
-1.081017994697553064e+02 -1.080972174014996767e+02
-1.018965173935800834e+02 -1.019222747812521987e+02
-9.996565940507430525e+01 -9.994597927427318496e+01
-1.034403401513393277e+02 -1.034338258499180654e+02
-1.017248889751017344e+02 -1.017469899964452367e+02
-1.107229924499905849e+02 -1.107241754961255111e+02
-9.976798872008126295e+01 -9.976230616974905274e+01
-1.055946509309190020e+02 -1.055970004383019898e+02
-1.019598324689376341e+02 -1.019372059538521711e+02
-1.032204437854851733e+02 -1.032227437566696011e+02
-9.992106707939727528e+01 -9.992596976055125424e+01
-1.026439804848818085e+02 -1.026438718938890560e+02
-1.052741438067817228e+02 -1.052720748474387165e+02
-9.977905889231563208e+01 -9.977353514549581348e+01
-1.080090333688480229e+02 -1.080076007029611986e+02
-9.961972517707839359e+01 -9.961523119533575255e+01
-1.026353730330026224e+02 -1.026424172976178113e+02
-1.026774706784268005e+02 -1.026831723840097652e+02
-1.080769757316735422e+02 -1.080747484711680784e+02
-1.107784252669347183e+02 -1.107755604725109322e+02
-1.048307152968695704e+02 -1.047868770257455964e+02
-1.025672016326836200e+02 -1.025670984797121150e+02
-1.080558934521288279e+02 -1.080538430010793860e+02
-1.080068639828570980e+02 -1.080067659483943316e+02
-9.994939661166090161e+01 -9.995372689214873674e+01
-1.021913591581588321e+02 -1.021608916301559162e+02
-1.107109666552132552e+02 -1.107169788215790192e+02
-1.080242973268428699e+02 -1.080223577768592662e+02
-1.052597022040332746e+02 -1.052597190825875515e+02
-1.025506483257763364e+02 -1.025506400647242486e+02
-1.106928359266388071e+02 -1.106977638626090226e+02
-1.053568269712232706e+02 -1.053587433092284158e+02
-9.712673146691825821e+01 -9.709412689383793804e+01
-1.052797106873503168e+02 -1.052793329989682434e+02
-1.019134656011366644e+02 -1.018986726724635332e+02
-1.036148603868356020e+02 -1.035854444923651414e+02
-1.029093369415616195e+02 -1.029299528512073465e+02
-1.026287099934054226e+02 -1.026280212621890797e+02
-1.024934960431892108e+02 -1.024924980729694397e+02
-1.080943370923800870e+02 -1.080834625327128862e+02
-1.052692181602247956e+02 -1.052609129095878870e+02
-1.041701665508434616e+02 -1.041769423525096983e+02
-9.992010007312534015e+01 -9.992644806039318439e+01
-1.026219376004469979e+02 -1.026170670689784146e+02
-1.027022599527272462e+02 -1.027154192750390820e+02
-1.053200991726503020e+02 -1.053194115909774098e+02
-1.053012094704402841e+02 -1.053015049061831405e+02
-1.080157823526831891e+02 -1.080141267488192227e+02
-9.623800430480898171e+01 -9.623933081893797237e+01
-1.080534498966812436e+02 -1.080536708626054434e+02
-1.107755816304066627e+02 -1.107766923484366544e+02
-9.974250442543946349e+01 -9.973817912772881300e+01
-1.080697460466927282e+02 -1.080717326875943485e+02
-1.080270849352604188e+02 -1.080238244975042505e+02
-9.957491357507797147e+01 -9.953448360742457623e+01
-9.710501519331916143e+01 -9.710878230105696218e+01
-9.916749642021382272e+01 -9.914284143204497468e+01
-1.080607159931124812e+02 -1.080577889820020090e+02
-1.053103394403408117e+02 -1.053090284659891864e+02
-9.912119295394953156e+01 -9.911245045044438484e+01
-1.053112846121057373e+02 -1.053081156640684526e+02
-1.053760559237835395e+02 -1.053753830904110771e+02
-9.707151758502742211e+01 -9.707289102283550619e+01
-1.025668534664902865e+02 -1.025668115882590996e+02
-1.051653874852715376e+02 -1.051544082936023443e+02
-1.080750696150252992e+02 -1.080723809848697243e+02
-9.978334002036218919e+01 -9.978086965293174160e+01
-1.026120304707984019e+02 -1.026144585189476715e+02
-1.080057224849675777e+02 -1.080046825698458974e+02
-1.036238478111622214e+02 -1.035811562858400521e+02
-1.053331363198929722e+02 -1.053353917169559537e+02
-1.026294367025862755e+02 -1.026306894043346318e+02
-1.079713799299197916e+02 -1.079733354376495527e+02
-9.913555316867928013e+01 -9.913975361933738384e+01
-1.026137893648628392e+02 -1.026155832926419293e+02
-1.107533496891423113e+02 -1.107479726836497207e+02
-1.052808286544826188e+02 -1.052371108123256249e+02
-1.025967956813707644e+02 -1.025946125013616665e+02
-1.054277884947038899e+02 -1.054326025308747319e+02
-1.053186796078177991e+02 -1.053159547722274851e+02
-1.025740706023675699e+02 -1.025725437033101031e+02
-1.080539450327743793e+02 -1.080536752786347279e+02
-9.815597990577933274e+01 -9.811863572508769948e+01
-1.079727370792477217e+02 -1.079728638483341854e+02
-1.026269675452230956e+02 -1.026329385257268001e+02
-9.979920318793760714e+01 -9.980457656671330824e+01
-9.657125235411847086e+01 -9.656702118832293991e+01
-9.977839231122153762e+01 -9.977822316456582996e+01
-9.713799983316630460e+01 -9.707128524597234787e+01
-1.053594341606492719e+02 -1.053623401300313844e+02
-1.026592336823200071e+02 -1.026653700377003844e+02
-1.053948835356732587e+02 -1.053498462364919135e+02
-1.036933219028161801e+02 -1.037296245800047956e+02
-1.053057991570583596e+02 -1.053028201243749038e+02
-1.051813538907268963e+02 -1.051831518272933863e+02
-1.079715279958534779e+02 -1.079733167908989060e+02
-1.053548236257701092e+02 -1.053559205722372525e+02
-1.107700142436373483e+02 -1.107716160807266164e+02
-1.081003896663406607e+02 -1.081046611759653615e+02
-9.990547740519699005e+01 -9.991345640774811443e+01
-1.024874098182871336e+02 -1.024812678726320740e+02
-1.019145810672184780e+02 -1.018986318466410665e+02
-1.053372561956889797e+02 -1.053363957286205448e+02
-1.080698016324918029e+02 -1.080689402700083122e+02
-1.054055472199753893e+02 -1.054105924947744768e+02
-1.020368251969706535e+02 -1.020298779723968323e+02
-1.080539552116482440e+02 -1.080537235263980875e+02
-9.990398642349563829e+01 -9.990482649459619324e+01
-9.570448919848955427e+01 -9.571918556588724414e+01
-1.080298705925663683e+02 -1.080294336274194080e+02
-1.041649664109491056e+02 -1.041893518172268784e+02
-1.009876251398912501e+02 -1.010200827718006877e+02
-1.079975304673634753e+02 -1.079983591523496358e+02
-9.986365459370226461e+01 -9.986412471098338983e+01
-1.017801770553464848e+02 -1.017727515436360903e+02
-9.727880155381832594e+01 -9.728960121680844964e+01
-9.912048962995041279e+01 -9.911464777736523502e+01
-1.080817099683965949e+02 -1.080802744042979668e+02
-9.699734404335480065e+01 -9.699115321768626075e+01
-1.017777992471098969e+02 -1.017736793065267875e+02
-1.080572301764477032e+02 -1.080565040257258858e+02
-1.054039159782270900e+02 -1.054042556577194034e+02
-1.089327899156545385e+02 -1.089064613346441774e+02
-1.052694977012201178e+02 -1.052666803352774281e+02
-1.080024062039137362e+02 -1.080029307186746905e+02
-1.025184101208377712e+02 -1.025154612231843458e+02
-1.079379538179251199e+02 -1.079390370167515556e+02
-9.637856168547905611e+01 -9.638817873289730187e+01
-1.031485238777590467e+02 -1.031458551421949892e+02
-7.819448658525908513e+01 -7.802234180757422166e+01
-1.053269185376054509e+02 -1.053256898785876814e+02
-1.080755746392993046e+02 -1.080761654698911229e+02
-1.025580991196420371e+02 -1.025542894926556130e+02
-1.053668164880715352e+02 -1.053632356197441311e+02
-9.604779737338006385e+01 -9.606093374521637429e+01
-1.080733953830211647e+02 -1.080724996123424688e+02
-1.053019553265911412e+02 -1.052533973297044554e+02
-1.080294885967991974e+02 -1.080294940919212365e+02
-1.081024703220386982e+02 -1.081015061420722532e+02
-1.079114811521251482e+02 -1.079137208245507935e+02
-1.006418897956276624e+02 -1.006701890183741170e+02
-9.984492615027893692e+01 -9.983442968904387271e+01
-1.053580682112850582e+02 -1.053577764186273669e+02
-1.107765248902015145e+02 -1.107759589748091003e+02
-1.007565552835872040e+02 -1.007508800819478409e+02
-1.080532900090665152e+02 -1.080539463522627699e+02
-1.080584892572027655e+02 -1.080572794714643976e+02
-9.991463069979735678e+01 -9.991397280466325981e+01
-1.022959471983967745e+02 -1.024434890134654523e+02
-9.990146418918050131e+01 -9.989469665817367172e+01
-1.081267357736287380e+02 -1.081300438458631561e+02
-9.984734815144268794e+01 -9.984884234952821203e+01
-1.052352366361370599e+02 -1.052350896990435984e+02
-1.080249648069652721e+02 -1.080232941472758199e+02
-1.080540143158239772e+02 -1.080516622125516903e+02
-1.053605755551131864e+02 -1.053565245321076276e+02
-1.026280453171235081e+02 -1.026248844668009781e+02
-1.106634629381343871e+02 -1.106655468345340694e+02
-1.107759828013729049e+02 -1.107769834242977396e+02
-1.080258314995390805e+02 -1.080248765757232547e+02
-1.081525173193070941e+02 -1.081006232691095477e+02
-1.054025369417393136e+02 -1.054041243866292916e+02
-1.053640955863121462e+02 -1.053649370537878696e+02
-1.069100209903893841e+02 -1.069188197466573627e+02
-9.990773663770471558e+01 -9.990875326865355532e+01
-1.053294611292139109e+02 -1.053291755714369629e+02
-1.052793080001556660e+02 -1.052791518690826962e+02
-1.080591180538825853e+02 -1.080585168183287124e+02
-1.053782714964415845e+02 -1.053812155322484614e+02
-1.052820794435986471e+02 -1.052828636429312894e+02
-1.107761218987508158e+02 -1.107769818571625962e+02
-1.054311934644655793e+02 -1.054324596176330573e+02
-1.107484608451841410e+02 -1.107524005764791042e+02
-1.025722439547730716e+02 -1.025564452113226537e+02
-9.981849671363592336e+01 -9.981912503733934727e+01
-1.025564234703987978e+02 -1.025558965008550416e+02
-9.977702260335691165e+01 -9.977301514633461466e+01
-9.985954365651048192e+01 -9.979644456547910636e+01
-1.024533817913381171e+02 -1.024558832853890920e+02
-1.024942082174512308e+02 -1.024901274210469921e+02
-1.053948533156963947e+02 -1.053961673077523074e+02
-1.079966511447720592e+02 -1.079964242574259856e+02
-1.013817610748256470e+02 -1.014126231169403951e+02
-1.081039411045161245e+02 -1.081011501445616432e+02
-1.053361617445707026e+02 -1.053355595984439503e+02
-1.080239460834411602e+02 -1.080231375798668410e+02
-1.053967930528115744e+02 -1.053975399444384635e+02
-1.081032809659788825e+02 -1.081037049795719440e+02
-1.106682033561225467e+02 -1.106686726616215992e+02
-1.079737035633387592e+02 -1.079678692732921377e+02
-1.107268713266628737e+02 -1.107277124479638957e+02
-1.041547292270392262e+02 -1.041686023334755049e+02
-9.730309791208929937e+01 -9.724037342157573960e+01
-9.990888302578015612e+01 -9.991071074210053382e+01
-1.053323906681796984e+02 -1.053311909268323348e+02
-9.989377280997553044e+01 -9.989625400683715384e+01
-1.025766252561672758e+02 -1.025778772476365504e+02
-9.704850036142968861e+01 -9.705042395464097638e+01
-1.080760569469413070e+02 -1.080763120191648170e+02
-1.025256807349157953e+02 -1.025218726167028223e+02
-1.025433246021177212e+02 -1.025432423961712516e+02
-1.081067225211306635e+02 -1.081082420712088350e+02
-1.080682401299768856e+02 -1.080674182625980251e+02
-1.041125166970378473e+02 -1.041082345932525186e+02
-9.992704957028833235e+01 -9.991881437166252056e+01
-1.080309188608530064e+02 -1.079729537861579445e+02
-1.079477139808801240e+02 -1.079455655461564731e+02
-1.001133984488666897e+02 -1.001660409712441009e+02
-1.061679963969596940e+02 -1.061389165101589356e+02
-1.080281346285693189e+02 -1.080246871424648418e+02
-1.024443023065879146e+02 -1.024347134752187145e+02
-1.080564196577870320e+02 -1.080565048974237214e+02
-1.080797214587735908e+02 -1.080810556403066869e+02
