0.000000000000000000e+00 0.000000000000000000e+00
-1.054627512567130196e+02 -1.053620221798346677e+02
-1.052644507648008982e+02 -1.052680696896059374e+02
-1.052493027045435241e+02 -1.052840057928466138e+02
-8.937959021637948354e+01 -8.876130894058896104e+01
-9.105764237243174364e+01 -9.082827004069484644e+01
-9.991980378489954262e+01 -9.991072171519567746e+01
-1.079675098571345018e+02 -1.079955217565717192e+02
-1.079851631250409412e+02 -1.080718778203798252e+02
-1.079643558352751569e+02 -1.080092893663870370e+02
-1.080591959172397623e+02 -1.079733868352807065e+02
-1.041955736993410824e+02 -1.042384284333230653e+02
-1.053784694502307815e+02 -1.053800586786793758e+02
-1.052582566448496664e+02 -1.052575588772237438e+02
-1.026090469793003450e+02 -1.026070585956902903e+02
-1.106623093931703750e+02 -1.106776261933555645e+02
-9.952041895780450886e+01 -9.957777477304819058e+01
-1.053578865703431973e+02 -1.053572343242717864e+02
-1.079821524699856639e+02 -1.079788812944266994e+02
-9.908567632470727915e+01 -9.908454458235082996e+01
-1.026889761993092662e+02 -1.025390456324522575e+02
-9.996772051631907630e+01 -9.998275630017238313e+01
-1.051816157710949682e+02 -1.051541202681427905e+02
-1.080298722073480207e+02 -1.080516735212107307e+02
-9.901754458969801931e+01 -9.905208579048500894e+01
-1.079805872157856470e+02 -1.079756954207290676e+02
-1.055217117458015821e+02 -1.054983614495181428e+02
-1.017482923352134634e+02 -1.017511444545510102e+02
-1.106966446680869467e+02 -1.106952249522571208e+02
-1.028307162503721628e+02 -1.029146189093656574e+02
-1.080978006513666259e+02 -1.080779117610234721e+02
-1.053524347665432117e+02 -1.053333510966515973e+02
-1.053362000577776456e+02 -1.053288710052354702e+02
-1.107020761306888517e+02 -1.106955074494315738e+02
-1.107487613585247459e+02 -1.107747724815527306e+02
-1.013301984951158943e+02 -1.013248147267634920e+02
-9.991986736629317534e+01 -9.987921961989881936e+01
-1.025764212829560478e+02 -1.025530898629965435e+02
-1.053712702902830927e+02 -1.053610249252505326e+02
-9.971637215151260136e+01 -9.972549497619395709e+01
-1.053234671025333142e+02 -1.052722185553354990e+02
-1.053796219582189053e+02 -1.054053966334745809e+02
-9.951157863495981815e+01 -9.948914471837157691e+01
-1.053258973137785972e+02 -1.053272897848414402e+02
-1.026452214553901285e+02 -1.026348924295595708e+02
-1.080578352980653563e+02 -1.080745294300610482e+02
-1.053610806035840994e+02 -1.053532815644365002e+02
-1.053837372064455735e+02 -1.054048207673394586e+02
-1.011035057857111354e+02 -1.010409047206948969e+02
-1.053458652401684930e+02 -1.052889561392776727e+02
-1.026777887482560203e+02 -1.026201367740468982e+02
-1.024983254655372491e+02 -1.024595611443699141e+02
-1.052652179630279647e+02 -1.052632902190905781e+02
-1.080841184320810129e+02 -1.080415068140292192e+02
-1.080675218756069853e+02 -1.080728161621598673e+02
-1.080219495108831325e+02 -1.079911017730975260e+02
-1.026366509576507440e+02 -1.026511857940096206e+02
-9.860645844618773026e+01 -9.859832836982964466e+01
-9.448543930806731339e+01 -9.447856515553456802e+01
-1.080260211378932524e+02 -1.080161829367662847e+02
-1.080460283651744078e+02 -1.080696196199257884e+02
-1.053997077298805891e+02 -1.054260093317571005e+02
-1.031807834569724349e+02 -1.031530279162397505e+02
-9.429282933317077209e+01 -9.426562548167406419e+01
-9.705714094306433992e+01 -9.708579657402002283e+01
-1.018858080810391868e+02 -1.018291026769951628e+02
-1.009187009952597407e+02 -1.008737279522462700e+02
-9.804840597944254910e+01 -9.813063678011340585e+01
-1.026012573480220311e+02 -1.025855753235958758e+02
-1.079430709929515046e+02 -1.079215131575749353e+02
-1.053395100752642861e+02 -1.053321051444342089e+02
-1.053328251565745006e+02 -1.053363380988158440e+02
-1.014204586122621663e+02 -1.014313036741533978e+02
-1.052340266680369325e+02 -1.052299128311845635e+02
-1.053404679129736365e+02 -1.053388926106824073e+02
-1.053508539410455569e+02 -1.053526172700739778e+02
-1.053244993190651400e+02 -1.053309793820380236e+02
-1.052442776395065209e+02 -1.052443636774922027e+02
-1.052277855392111547e+02 -1.052189927102708253e+02
-1.080006443265257445e+02 -1.079901127686502207e+02
-1.042054673692246212e+02 -1.042793677375639163e+02
-1.080114975372606239e+02 -1.079997096580338649e+02
-1.080564167318293727e+02 -1.080404035690434768e+02
-1.064458212347451109e+02 -1.063050021887641208e+02
-1.053383279506913937e+02 -1.053519576777410833e+02
-1.053101709086546975e+02 -1.053175945408644054e+02
-1.042163194512701097e+02 -1.042713712178889551e+02
-1.052883740309401190e+02 -1.052736970559874692e+02
-1.080497349225997539e+02 -1.080566557234571547e+02
-1.134518082374996482e+02 -1.134382255174545406e+02
-1.107645670510129037e+02 -1.107750160539200408e+02
-1.053563998144159655e+02 -1.053679946657054245e+02
-1.107806566568473130e+02 -1.107677637121080494e+02
-1.053029084998955369e+02 -1.053081072603334576e+02
-1.054106832907059896e+02 -1.054136758603202111e+02
-1.107364750791415844e+02 -1.107257474376205693e+02
-1.012816849762719897e+02 -1.012908204590727479e+02
-9.985730897171687559e+01 -9.984831287464186289e+01
-1.053569171391662138e+02 -1.053420745742052276e+02
-1.080631043855656657e+02 -1.080647123108303305e+02
-1.080455374084571218e+02 -1.080535414297065131e+02
-1.080325954848473913e+02 -1.080256427147506173e+02
-1.079870675265592297e+02 -1.079812596320892766e+02
-9.985529816079476007e+01 -9.981771359896710294e+01
-1.080881753594672574e+02 -1.081066192211129646e+02
-1.080838904381042624e+02 -1.080807866517241393e+02
-1.025687699885600068e+02 -1.025664282714077444e+02
-1.080451852408945541e+02 -1.080542335842960284e+02
-1.068440540554910569e+02 -1.068534727253415895e+02
-1.080338635864597023e+02 -1.080453022433442527e+02
-1.080687672410794988e+02 -1.080736347124939272e+02
-9.723302269988566593e+01 -9.722140223406610460e+01
-1.053605985456534881e+02 -1.053614742661446115e+02
-1.079600802193925801e+02 -1.079346564287069441e+02
-1.026776143283415763e+02 -1.027121085763629793e+02
-1.025628198103391071e+02 -1.025517352146263477e+02
-1.054123150494484520e+02 -1.054157503045565534e+02
-1.051960582746000625e+02 -1.051962688974472684e+02
-9.667046962919464193e+01 -9.661113654618885960e+01
-9.919686852922033893e+01 -9.919084734575021400e+01
-1.025545893728735223e+02 -1.025582888682440910e+02
-1.107779982105365804e+02 -1.107651192739179606e+02
-1.052354717303832814e+02 -1.052375961230564769e+02
-1.025364560442178146e+02 -1.025528552574186421e+02
-1.080544902803387970e+02 -1.080474901986225547e+02
-1.107700336057206698e+02 -1.107752030011591131e+02
-1.081201163561987926e+02 -1.081220771319597844e+02
-1.025867748643717903e+02 -1.025862105388521144e+02
-9.824538960908540730e+01 -9.829719335614292675e+01
-1.080570280354114630e+02 -1.080538687038837082e+02
-1.080380656734584051e+02 -1.080437307834177858e+02
-1.025438509071577755e+02 -1.025407577311016780e+02
-1.054072728225676912e+02 -1.054090707793634039e+02
-1.081046938093816863e+02 -1.080879982711657163e+02
-1.026185235466794694e+02 -1.026225631683560664e+02
-1.000496209175566662e+02 -9.997397410534252060e+01
-1.026243211332207892e+02 -1.026336264399803184e+02
-1.041836139655579956e+02 -1.041645163238971179e+02
-1.080774648029075280e+02 -1.080769781239112177e+02
-1.026561011726601578e+02 -1.026414660008768323e+02
-1.107747345428213492e+02 -1.107761114120450259e+02
-9.908510227955497385e+01 -9.908375450365734594e+01
-1.068339228686317171e+02 -1.068794575999663579e+02
-1.106952265652419385e+02 -1.106977381915417453e+02
-1.081239240588507187e+02 -1.081236371665369234e+02
-1.080072337504580702e+02 -1.080084867172524667e+02
-1.053767286549714157e+02 -1.053812404683368555e+02
-1.053917222493758743e+02 -1.053846375615143671e+02
-1.081138316718429593e+02 -1.081236717959476294e+02
-1.054687596905676799e+02 -1.054732092724631514e+02
-1.080792711534625425e+02 -1.080790881153078260e+02
-9.706967160243991088e+01 -9.704876831258434322e+01
-1.026174467611718484e+02 -1.026140651642848667e+02
-9.721657465968017675e+01 -9.721497400010156298e+01
-1.052805747944493504e+02 -1.052857365393991813e+02
-1.025449732155585139e+02 -1.025458600280742445e+02
-1.080066151378667456e+02 -1.080066463971587041e+02
-1.081014450238714772e+02 -1.080937331013332567e+02
-9.649374203045179854e+01 -9.651565988721823430e+01
-1.053206693351676222e+02 -1.053265326495711776e+02
-1.053634340735744672e+02 -1.053643260550030618e+02
-1.080739729401726947e+02 -1.080754340824434223e+02
-1.107301416001134555e+02 -1.107277874828979378e+02
-1.054073255264558924e+02 -1.054025859035546233e+02
-1.052524322258142320e+02 -1.052558624870164863e+02
-1.053338663957643462e+02 -1.053336709869729475e+02
-9.924416959664833371e+01 -9.921008839428202464e+01
-1.027685449133226712e+02 -1.027739951911274261e+02
-1.025293081610460177e+02 -1.025310675705966332e+02
-1.107715005083972386e+02 -1.107751373395023649e+02
-1.052573367406659770e+02 -1.052560171164198266e+02
-1.026756984767877299e+02 -1.026673086636309620e+02
-1.025961853928448733e+02 -1.025740442187125012e+02
-1.053272258936921588e+02 -1.053303628553727549e+02
-1.052397132001966753e+02 -1.052335560678967710e+02
-1.025624146493278630e+02 -1.025674345188580503e+02
-9.830341182464233896e+01 -9.831092158586262997e+01
-1.080733067905480880e+02 -1.080756021278832151e+02
-1.080258725572388130e+02 -1.080221175539813032e+02
-1.000394362663843850e+02 -9.999911766501945465e+01
-1.026287871027238339e+02 -1.025978585599780786e+02
-1.052438326989658464e+02 -1.052520091249917868e+02
-9.438671769039217452e+01 -9.428232661438835294e+01
-1.053387117759844926e+02 -1.053255628336650034e+02
-1.052681417354805831e+02 -1.052750577642910912e+02
-1.054230874064266885e+02 -1.054273213042163349e+02
-1.080041546494755949e+02 -1.079899938556791739e+02
-1.025496679357368635e+02 -1.025593994481016153e+02
-1.053559957799787838e+02 -1.053553830078603539e+02
-1.106708638802391675e+02 -1.106654866253908551e+02
-1.026185055515455957e+02 -1.026196644895150740e+02
-1.052382571361058439e+02 -1.052173154743485242e+02
-1.052566150508766896e+02 -1.052526384288724444e+02
-1.080763602165652202e+02 -1.080739064442034447e+02
-1.054218250268837522e+02 -1.054232804831124639e+02
-1.107722229331677823e+02 -1.107757029359829204e+02
-1.027577949964893662e+02 -1.027266865560578282e+02
-1.053230373820590984e+02 -1.053272711335855689e+02
-1.080510653908911536e+02 -1.080530340861123904e+02
-1.080922211445145678e+02 -1.081019322690281967e+02
-1.026430090177267687e+02 -1.026395673225105583e+02
-1.052799955166353385e+02 -1.052814767391165418e+02
-1.052956569036965817e+02 -1.052782839185995698e+02
-9.981690317782569366e+01 -9.981895829616013316e+01
-1.026973127705878284e+02 -1.027028302701795184e+02
-1.052880676837964415e+02 -1.052735726328307067e+02
-1.041213010480836942e+02 -1.041261435235829964e+02
-1.080339472126728424e+02 -1.080209032474170101e+02
-1.053776826821326722e+02 -1.053855131151583038e+02
-1.053250389677736223e+02 -1.053344708772797276e+02
-1.080511317220414753e+02 -1.080599157366545882e+02
-1.053070282630663428e+02 -1.052981350889775030e+02
-1.045787233770874138e+02 -1.045276445133745256e+02
-1.080546415220807006e+02 -1.080533555275709716e+02
-1.052038979817070725e+02 -1.052038712921778938e+02
-1.053704760263078271e+02 -1.053515075456469390e+02
-1.053515597773451162e+02 -1.053551757811827230e+02
-1.031905340728979894e+02 -1.031471395017563992e+02
-1.080775180740968011e+02 -1.080717248168619733e+02
-1.107706844174304592e+02 -1.107754967862551041e+02
-1.005579092778778971e+02 -1.005426821449967889e+02
-1.054417734062478615e+02 -1.054332848522789163e+02
-1.053912493757092079e+02 -1.053694171601807312e+02
-1.107428543440973669e+02 -1.107201657398779133e+02
-1.052854869473157748e+02 -1.052863609773048097e+02
-1.052730624448955865e+02 -1.052553782245743008e+02
-1.080757541006053799e+02 -1.080754513481420389e+02
-1.053271215730330397e+02 -1.053398040863742295e+02
-1.052462617968621146e+02 -1.052524186134898514e+02
-1.080224747078010097e+02 -1.080289064746358321e+02
-1.025669859919243692e+02 -1.025685861839592405e+02
-9.978226743649013031e+01 -9.973284272591395450e+01
-1.080643930213769011e+02 -1.080666816411588798e+02
-9.862658536764277528e+01 -9.860004622646485473e+01
-9.973797616079662021e+01 -9.974089196139277647e+01
-9.730040886710187920e+01 -9.727850725509236440e+01
-1.106941157170522274e+02 -1.106978491543106173e+02
-1.040852424681352772e+02 -1.040962619797736153e+02
-9.925140095285303232e+01 -9.920206975760434887e+01
-1.080546396208296045e+02 -1.080556212616183558e+02
-1.080193364878346216e+02 -1.080157610180357750e+02
-1.052832521296100907e+02 -1.052843854316455747e+02
-1.053264589177802435e+02 -1.053228232442356358e+02
-1.053434157641549973e+02 -1.053281291306583682e+02
-1.079740635981747374e+02 -1.079728133278245537e+02
-1.053801141164090183e+02 -1.053770615928721526e+02
-1.052899584412287197e+02 -1.052892090281395809e+02
-1.107661090485139823e+02 -1.107724902152981059e+02
-1.026703037878906173e+02 -1.026836337141476179e+02
-1.053967583419492229e+02 -1.054063159391827753e+02
-1.052838754659222928e+02 -1.052831800069926516e+02
-1.080680856018534541e+02 -1.080718945720925319e+02
-1.107790614865185859e+02 -1.107744014745930627e+02
-1.107789218766713901e+02 -1.107744023947659997e+02
-1.080090865880390112e+02 -1.079908856974934110e+02
-1.017053577190920350e+02 -1.017443111194571088e+02
-1.080814030830089365e+02 -1.080800909353618096e+02
-1.053356236513335205e+02 -1.053418346468275786e+02
-9.716910105411632514e+01 -9.715527362418905000e+01
-1.053392357472140901e+02 -1.053319603718913271e+02
-1.053245179801887872e+02 -1.053335379625550843e+02
-1.080676926152770108e+02 -1.080627635307751007e+02
-1.052261610619117675e+02 -1.052252584225226144e+02
-1.080782421707078242e+02 -1.080765259252844430e+02
-1.042676793470585324e+02 -1.043085929239176721e+02
-1.052755083050157481e+02 -1.052793968755812131e+02
-9.719395383084943774e+01 -9.717025041376241745e+01
-9.720625521048617657e+01 -9.719564914369323105e+01
-1.054004692483111398e+02 -1.054078690374891778e+02
-1.012978638325295861e+02 -1.012666198781374334e+02
-1.080568542794687659e+02 -1.080464296946597500e+02
-1.053823677598673356e+02 -1.053868382632588521e+02
-1.107000887901162542e+02 -1.106921982956909574e+02
-1.032778783092904433e+02 -1.032092288851905550e+02
-1.052003447123165216e+02 -1.051989763387448988e+02
-1.053603492234590249e+02 -1.053593227064600200e+02
-9.981670880623946118e+01 -9.981652407664783766e+01
-9.976098859254851448e+01 -9.975739812594740386e+01
-1.080733099570636710e+02 -1.080716456459715573e+02
-1.080321221347945340e+02 -1.080164217840309533e+02
-1.052962689523035635e+02 -1.052943271222364814e+02
-1.080102188513995713e+02 -1.080076545093815525e+02
-9.981177200511180558e+01 -9.981259332898426351e+01
-1.052741248465618042e+02 -1.052727926597231232e+02
-1.053307308505873294e+02 -1.053294027343695944e+02
-1.053121311128859787e+02 -1.053003751691119021e+02
-1.053596264480554225e+02 -1.053575936833583029e+02
-1.080682447977957850e+02 -1.080825855005045355e+02
-1.053702734617365451e+02 -1.053644489637837722e+02
-1.054092412874572489e+02 -1.054091952921419448e+02
-9.988473458489708889e+01 -9.986915773399870488e+01
-1.081282334083573744e+02 -1.081531051416627491e+02
-1.080279252164365431e+02 -1.080240502135798266e+02
-1.026639809861515147e+02 -1.026766424934682504e+02
-1.053486690981135325e+02 -1.053542134803667665e+02
-1.080731702792035520e+02 -1.080758654515651074e+02
-1.052699775102662159e+02 -1.052527486888645427e+02
-1.053489937216772603e+02 -1.053282747651960563e+02
-9.718671639418747077e+01 -9.718227462043613230e+01
-1.026471016720727647e+02 -1.026430528172563896e+02
-1.010221941098638894e+02 -1.010389044054036134e+02
-1.053097889594550622e+02 -1.053107657300982964e+02
-1.042959708154312750e+02 -1.043226000522319623e+02
-1.080271518883219670e+02 -1.080162982529787854e+02
-1.080609247060927061e+02 -1.080509017105518552e+02
-1.053093869881581810e+02 -1.053075103387552218e+02
-1.079699946803577291e+02 -1.079669856716069773e+02
-1.080541577448287711e+02 -1.080539471189546532e+02
-1.053272328168588103e+02 -1.053326868567076815e+02
-9.994492643491871320e+01 -9.994853304968380314e+01
-9.871826600337168145e+01 -9.873259187352768151e+01
-1.027174508080765776e+02 -1.027126849077149870e+02
-1.053236512133605487e+02 -1.053281100098886611e+02
-1.026941710625837345e+02 -1.026968187786235518e+02
-1.052752017762636143e+02 -1.052670685373338983e+02
-9.827971681778616642e+01 -9.820600681744164717e+01
-1.080012014664675917e+02 -1.079986218346565607e+02
-1.027517485725566360e+02 -1.027546379832702570e+02
-1.080333592424992588e+02 -1.080186691728994219e+02
-9.871129586097221420e+01 -9.872326828993617198e+01
-9.718204563886017411e+01 -9.717795761791668951e+01
-1.107734568532266337e+02 -1.107755340043545687e+02
-1.026401772403897610e+02 -1.026406934142390810e+02
-1.053099074537449553e+02 -1.053075988542368009e+02
-1.066478455141614177e+02 -1.066569521979685504e+02
-1.107772088630977265e+02 -1.107762452482079993e+02
-1.080490053000231114e+02 -1.080482598394903562e+02
-1.106832052198856218e+02 -1.106602598478969099e+02
-1.080054512263934754e+02 -1.080006600189138908e+02
-1.053050514959733164e+02 -1.053031368843764142e+02
-1.081100243511183834e+02 -1.080999122618547545e+02
-1.052299779855334521e+02 -1.052321619248379250e+02
-1.040612677904955774e+02 -1.040496960255633070e+02
-1.106817641546020354e+02 -1.106650373267489442e+02
-1.018725315203115969e+02 -1.018569951094546298e+02
-1.052755753644641175e+02 -1.052796726144541850e+02
-9.701424597102911207e+01 -9.702348596551401272e+01
-9.656793400206063893e+01 -9.657189389668673130e+01
-9.976722718033643389e+01 -9.976965801156664782e+01
-9.852886739335049526e+01 -9.852691133706257176e+01
-1.025000303928256926e+02 -1.024699232324075240e+02
-1.023941016421385797e+02 -1.024014258254084382e+02
-9.602931039467125629e+01 -9.603416440255688258e+01
-1.080716103532992776e+02 -1.080702995972828546e+02
-1.080558344211531647e+02 -1.080583136793657530e+02
-9.993706358389789557e+01 -9.993356287176344210e+01
-9.345327213258322274e+01 -9.343687467809701275e+01
-1.052405751144573998e+02 -1.052383372104908119e+02
-1.052821820624551918e+02 -1.052817014394348405e+02
-9.987128197625574444e+01 -9.987328351019527872e+01
-1.053312276147750595e+02 -1.053355002841679351e+02
-1.025514583812844620e+02 -1.025526533580470385e+02
-1.040685159135261415e+02 -1.040562179764222321e+02
-1.035065191430663845e+02 -1.034181250406653021e+02
-9.403444900929672201e+01 -9.404682813344209080e+01
-9.709918712509330874e+01 -9.710091517810063522e+01
-1.025325498697019242e+02 -1.025325839901189227e+02
-1.053147421996836073e+02 -1.053099410061634700e+02
-1.080191823144339196e+02 -1.080244681024110349e+02
-1.053053775554833322e+02 -1.053114597107867212e+02
-1.080264155048231771e+02 -1.080246589950513680e+02
-1.052271563022394361e+02 -1.052211405051904336e+02
-1.081593514645797569e+02 -1.081729903836936870e+02
-1.080543832944599814e+02 -1.080523124641488835e+02
-1.024225784885768320e+02 -1.024270729274379192e+02
-1.052656797511764495e+02 -1.052681672366632739e+02
-1.001888920269682757e+02 -1.001557917575094478e+02
-1.080543861451266991e+02 -1.080548713773022200e+02
-1.080615137666218715e+02 -1.080503112216733115e+02
-1.019234044529681711e+02 -1.018649981247012448e+02
-9.908820445430741586e+01 -9.910826669513137688e+01
-1.080600671761109624e+02 -1.080507087603198642e+02
-1.018845232476717086e+02 -1.018570200482866568e+02
-1.014086704279054203e+02 -1.014208816185550006e+02
-9.442863483720326201e+01 -9.438194467121253695e+01
-1.014661158135446328e+02 -1.015407203478859088e+02
-1.079897483747527076e+02 -1.079762325317525722e+02
-1.063003374134752050e+02 -1.063081739080499943e+02
-9.997774752421211986e+01 -9.997682986833537200e+01
-1.080504942604363379e+02 -1.080448019479918145e+02
-1.041061053702319583e+02 -1.040722640477042233e+02
-1.014725564378721856e+02 -1.014794215616834521e+02
-1.025831186255771996e+02 -1.025825839164921263e+02
-1.081095983498162809e+02 -1.081078446978428644e+02
-9.980407655263971378e+01 -9.979868528037003728e+01
-1.068021625519131561e+02 -1.067844271982155391e+02
-9.985031899614570250e+01 -9.983880747087292207e+01
-1.014040770483940719e+02 -1.014465117372732692e+02
-9.993819065793404377e+01 -9.988921398761763726e+01
-1.018980436596028909e+02 -1.018821038705067394e+02
-1.041348146153393230e+02 -1.040982373382871629e+02
-9.718755555556580816e+01 -9.718803085289049193e+01
-9.980965314973819602e+01 -9.981123663160299486e+01
-9.990252639808375079e+01 -9.989338952697696072e+01
-1.000049783501574865e+02 -9.996840739334264470e+01
-1.052451106652872710e+02 -1.052476297901182960e+02
-1.052586341684605458e+02 -1.052599477913540795e+02
-1.054743167422763577e+02 -1.054727315323519008e+02
-1.012575979018695591e+02 -1.012692466722901372e+02
-1.017850624601227452e+02 -1.017824412220592052e+02
