0.000000000000000000e+00 0.000000000000000000e+00
-8.957587594749725213e+01 -8.879023269359008452e+01
-1.053449472743350412e+02 -1.053555771351721120e+02
-1.082132424704809210e+02 -1.081673103890098275e+02
-1.053613604498949172e+02 -1.053912590420728748e+02
-1.107018893181417667e+02 -1.107123296216688004e+02
-9.371331323085431109e+01 -9.364960882261210884e+01
-1.080093785769308710e+02 -1.080483240239672824e+02
-1.026728645243360205e+02 -1.026823572975079060e+02
-9.713640485589577622e+01 -9.724647569377046352e+01
-1.026705095890252437e+02 -1.027220855123205610e+02
-1.051204086960816824e+02 -1.051968274627371898e+02
-1.026111226122803686e+02 -1.026070466000801815e+02
-1.080093853450876651e+02 -1.079237833976625325e+02
-1.053740696415022171e+02 -1.053091203978045485e+02
-1.080409740248289410e+02 -1.080473171090998505e+02
-1.053083910810565129e+02 -1.053189820877143035e+02
-1.053047285243418258e+02 -1.052820234929219083e+02
-9.990019789121998883e+01 -9.982803821228947072e+01
-1.005044735932730617e+02 -1.005246027849615444e+02
-1.026880811372485454e+02 -1.026453066526275677e+02
-1.080663075588926461e+02 -1.080856567787685236e+02
-1.053992065485806933e+02 -1.053363962359075146e+02
-9.977009664821444801e+01 -9.976963531590436673e+01
-9.183196958052295145e+01 -9.173072665744012966e+01
-1.026640603953237303e+02 -1.026649532368566753e+02
-1.025267412069922557e+02 -1.025540642347751827e+02
-1.017350459295060858e+02 -1.017356097385011537e+02
-1.023653514873828243e+02 -1.022769183368949939e+02
-1.041679493278020630e+02 -1.041842688405806854e+02
-1.027278301419557636e+02 -1.027079015718635731e+02
-1.025809774204378755e+02 -1.025807030551835766e+02
-1.053021535924995504e+02 -1.052818432175788672e+02
-1.080626509190449980e+02 -1.080135381874728893e+02
-1.028202263947245427e+02 -1.027913345026846059e+02
-9.988120642921916215e+01 -9.984936863920093231e+01
-1.080014776514496617e+02 -1.079991293371998040e+02
-1.053381899068762522e+02 -1.053332500655734094e+02
-1.044313484572286939e+02 -1.043690659674529257e+02
-1.026067627079116420e+02 -1.026231329926191194e+02
-1.025872165771811666e+02 -1.026054785387945429e+02
-1.053659685431934605e+02 -1.053572099245398164e+02
-1.053668718753347520e+02 -1.053577775233046196e+02
-1.053064736386661053e+02 -1.053225488166255843e+02
-1.054384562669150682e+02 -1.054310934483872728e+02
-1.068853575592171126e+02 -1.068535834756560661e+02
-1.025618874940804517e+02 -1.025649760615330024e+02
-1.052114986560280556e+02 -1.052049240344327217e+02
-1.080475985002758392e+02 -1.080479616491619907e+02
-1.053192392335602392e+02 -1.053247783957211823e+02
-1.014074452498700509e+02 -1.014066207841861456e+02
-9.989023606383447884e+01 -9.987368215741155097e+01
-1.080563511236585299e+02 -1.080492694704754513e+02
-1.052795195491671763e+02 -1.052784713971709181e+02
-9.977006213189142159e+01 -9.968216833837455226e+01
-1.017384379720564311e+02 -1.016854078001100277e+02
-1.107747610801039571e+02 -1.107708222600559509e+02
-1.107452892630375914e+02 -1.107513738873990832e+02
-1.051639460850143308e+02 -1.051782685056763711e+02
-1.041914328417815057e+02 -1.041706823967669777e+02
-9.970192154884975366e+01 -9.973579300792761160e+01
-9.993374542175695296e+01 -9.993256384850405993e+01
-1.051953990379677322e+02 -1.052017098678741718e+02
-1.019797052753771425e+02 -1.019532257421113854e+02
-1.081047723472180877e+02 -1.080669644012106971e+02
-9.449337138581340412e+01 -9.447654316611489378e+01
-9.353903362945611377e+01 -9.357179603663814760e+01
-1.052543055598816863e+02 -1.052468902896098086e+02
-1.080131349898708919e+02 -1.079883137799292285e+02
-1.053351872764833388e+02 -1.053314002357017216e+02
-1.026313573090188385e+02 -1.025833665888826687e+02
-1.053045357511484781e+02 -1.053090789233473714e+02
-1.080864648248807782e+02 -1.080793078516394274e+02
-1.015996674189125315e+02 -1.015868512688576715e+02
-1.080016885271134299e+02 -1.079982022037712142e+02
-1.108066822332178418e+02 -1.107679661896498686e+02
-9.625707599006736359e+01 -9.628490714690840946e+01
-1.054182440235750278e+02 -1.054000823397086748e+02
-9.972556388300606045e+01 -9.974119112582806679e+01
-1.042893726911810575e+02 -1.043714759295939416e+02
-1.107731201811803743e+02 -1.107713247627527551e+02
-9.712961846155560863e+01 -9.710168738262899524e+01
-1.079649216140885670e+02 -1.079705663407092402e+02
-9.439091062207825189e+01 -9.438650052788996447e+01
-1.080547232467371970e+02 -1.080541007646223761e+02
-9.621398597679177556e+01 -9.632152626599678058e+01
-1.053610500280239535e+02 -1.053593633431905516e+02
-1.031724633945943310e+02 -1.031400893069581741e+02
-1.054164125566588694e+02 -1.054130090390798529e+02
-9.966621598312104879e+01 -9.967022733162849590e+01
-1.080405973466230449e+02 -1.080123640484749785e+02
-1.046012347023432767e+02 -1.045573592729079877e+02
-1.024846081798810360e+02 -1.024891759076489564e+02
-9.981706676137298473e+01 -9.982060709331531712e+01
-1.106954752871267544e+02 -1.106976165261027774e+02
-1.026047144288076538e+02 -1.026043262361935859e+02
-9.762669435676954777e+01 -9.762879281495747819e+01
-9.971240463148505739e+01 -9.973329384357606386e+01
-1.053204943150920485e+02 -1.053231971972420808e+02
-1.107737257224782752e+02 -1.107761393894387112e+02
-1.018219091416616209e+02 -1.018480682007319587e+02
-1.053242496294442248e+02 -1.052947222685940432e+02
-1.053457752865068642e+02 -1.053409427009105315e+02
-1.053675435927646333e+02 -1.053630139079471917e+02
-1.080568673497094068e+02 -1.080550672290438854e+02
-1.025670995323052637e+02 -1.025729995052020200e+02
-1.026784943472902683e+02 -1.026882717615000615e+02
-1.080528251207746848e+02 -1.080545019654497736e+02
-1.010984963219890602e+02 -1.010730853052670426e+02
-1.026740918327580232e+02 -1.026816480740158681e+02
-1.080185199472169870e+02 -1.079908830129776760e+02
-1.080008279481778573e+02 -1.079982932599731100e+02
-1.107285017441914619e+02 -1.107275736931350281e+02
-1.053601723554701266e+02 -1.053442236713128182e+02
-1.107510824490249064e+02 -1.107172376583517632e+02
-1.080593427313560397e+02 -1.080405526370626319e+02
-9.978196462462337024e+01 -9.979473255425999412e+01
-1.053367574852175181e+02 -1.053359992196019448e+02
-1.080240721309600929e+02 -1.080232777748457096e+02
-1.107948540462928548e+02 -1.107670687185038219e+02
-1.080552218815642505e+02 -1.080552408659725359e+02
-9.919867801873769508e+01 -9.915320997799371128e+01
-9.988728662971338679e+01 -9.989380766995955696e+01
-1.107251498989911198e+02 -1.107240813141764306e+02
-1.080813773649069276e+02 -1.080781907980104251e+02
-9.867610504380114378e+01 -9.868336693996550935e+01
-1.007797664742020203e+02 -1.007497301489404578e+02
-9.998674760147285667e+01 -9.997477175885630629e+01
-1.080526573103884971e+02 -1.080536031305399547e+02
-1.052091592292462678e+02 -1.052152818872165341e+02
-1.042205036890737091e+02 -1.042092914545840046e+02
-1.026349640399890433e+02 -1.026286178927326347e+02
-1.068223988506713624e+02 -1.068267239048631581e+02
-1.080103376543309111e+02 -1.079872289915984993e+02
-1.081198458336105688e+02 -1.081240481511864147e+02
-9.976401017462826815e+01 -9.973099325112499969e+01
-1.024600967265858600e+02 -1.024691333876605341e+02
-1.107251814529293625e+02 -1.107240565710715998e+02
-1.024283429116323987e+02 -1.024163598198944385e+02
-1.041128645330120577e+02 -1.041260667580451269e+02
-1.107699537037292004e+02 -1.107737314611728294e+02
-1.081064504024028423e+02 -1.080888058753557459e+02
-1.052559128607197749e+02 -1.052601358312776085e+02
-1.053875514986194730e+02 -1.053830623512349831e+02
-1.052561011893488825e+02 -1.052601489667670194e+02
-1.080688264613338134e+02 -1.080461946824712811e+02
-9.454391764324132907e+01 -9.457050989170717514e+01
-1.025659498190647838e+02 -1.025580980158160997e+02
-1.062478336001306474e+02 -1.062193881387437955e+02
-1.079767266215202426e+02 -1.079623892470691828e+02
-1.079379325813763586e+02 -1.079138539698103614e+02
-1.054238266600354876e+02 -1.054197251842044665e+02
-9.991859442169888439e+01 -9.992274151984943842e+01
-1.053423483272433998e+02 -1.053461652212891977e+02
-1.080283792496924349e+02 -1.080143651996357193e+02
-1.025980047508133737e+02 -1.026095729642404280e+02
-1.054145815819888981e+02 -1.054150862704866967e+02
-1.051853238918764362e+02 -1.051905174639985461e+02
-9.968651261499029204e+01 -9.968900565207785291e+01
-1.014154460269576248e+02 -1.014074974999483203e+02
-1.080051155762221953e+02 -1.080075029492827241e+02
-1.054032300445349648e+02 -1.053860098254009046e+02
-1.080249504084305414e+02 -1.080234606852767598e+02
-1.053266041860316307e+02 -1.053279390633503709e+02
-1.053763768026161358e+02 -1.053812746736960406e+02
-1.025877180107525533e+02 -1.025882985649397767e+02
-1.080943250868102439e+02 -1.080985766700995612e+02
-9.967019095507055226e+01 -9.965972186950608602e+01
-9.970701228797061333e+01 -9.967547360564067560e+01
-9.988437090892360004e+01 -9.986992349344970421e+01
-1.027086509325156101e+02 -1.026972787141206993e+02
-9.860983822956086442e+01 -9.865100561408530666e+01
-9.863435227944719941e+01 -9.861967888051330533e+01
-1.032755714742068562e+02 -1.032523103885340419e+02
-1.053211276920192176e+02 -1.053289636105529468e+02
-1.054301662719116592e+02 -1.054306697019170969e+02
-1.017729505831763817e+02 -1.017325956318386915e+02
-1.052984935778536766e+02 -1.052922023621986938e+02
-1.053259624781899788e+02 -1.053198413505199937e+02
-1.080598364013655868e+02 -1.080400938198878151e+02
-1.107210657825436328e+02 -1.107216257954838028e+02
-9.980305059472438245e+01 -9.980623730837501739e+01
-1.025535743079917950e+02 -1.025631851287803045e+02
-1.016726655475157202e+02 -1.017427559828707473e+02
-1.080713872897529058e+02 -1.080513478027801284e+02
-1.107896978884917587e+02 -1.107697610267050123e+02
-1.027046492890560216e+02 -1.027057439180036198e+02
-1.026285970484379817e+02 -1.026067299888016748e+02
-1.080926168868155912e+02 -1.080742533006784214e+02
-1.053103679110940902e+02 -1.052926694960920315e+02
-1.026459111348239901e+02 -1.026415847278395859e+02
-1.107886124609436962e+02 -1.107701490830587403e+02
-1.062824048561045203e+02 -1.062544366050720726e+02
-1.053259314528208961e+02 -1.053210440318995040e+02
-1.107722276684838079e+02 -1.107764115723337994e+02
-1.079849011843564313e+02 -1.079700263652882484e+02
-1.053856091772379813e+02 -1.053876379899705569e+02
-1.025690220863741473e+02 -1.025639783056289787e+02
-1.068391895936572098e+02 -1.068303147635112396e+02
-1.081216687113923456e+02 -1.081164728656341225e+02
-1.081090796685376887e+02 -1.080943416619730328e+02
-1.080624486150114620e+02 -1.080503466560920884e+02
-1.053600903067180781e+02 -1.053524826355454991e+02
-1.045535520917649706e+02 -1.045072905994615979e+02
-1.053207189327570177e+02 -1.053050833330351423e+02
-9.991084948240654739e+01 -9.991112591018502087e+01
-1.016182888672432796e+02 -1.016179082656853438e+02
-9.985343404615348106e+01 -9.984800040354447503e+01
-1.081226584946512190e+02 -1.081190365902161261e+02
-9.909246973510082057e+01 -9.907936526625280749e+01
-1.080725548421834930e+02 -1.080755777894241447e+02
-1.053039500237536998e+02 -1.053047052899268010e+02
-1.080641435009505926e+02 -1.080482930752402240e+02
-1.025101455209289156e+02 -1.025038907826467636e+02
-1.053636892455923828e+02 -1.053543471712249158e+02
-1.018689049043015018e+02 -1.018943260708886953e+02
-1.107153316729910131e+02 -1.106912123034880153e+02
-1.107387316649601985e+02 -1.107178761363487070e+02
-1.080197369839876274e+02 -1.080198592332180709e+02
-1.025225498250393059e+02 -1.025176559319813094e+02
-1.080521308367681854e+02 -1.080552766381852337e+02
-1.024935916201809505e+02 -1.025019655554078355e+02
-1.054195588083618560e+02 -1.054283201784102744e+02
-9.695866309436496522e+01 -9.692812969867256356e+01
-1.080565091433646359e+02 -1.080539926882725865e+02
-1.068276638294843366e+02 -1.068271676079075974e+02
-1.080106408018592532e+02 -1.079953037179734991e+02
-1.053493932662677537e+02 -1.053505137791485140e+02
-1.052507628490700426e+02 -1.052525838147256536e+02
-1.106654062788580717e+02 -1.106654087613570852e+02
-1.080301584709931575e+02 -1.080303474130248134e+02
-1.053645724438783446e+02 -1.053526779654449825e+02
-1.079799990269049914e+02 -1.079635081247205619e+02
-1.069121171837674353e+02 -1.069101975751496951e+02
-1.014344417443804502e+02 -1.014370107390132603e+02
-1.053607917678203449e+02 -1.053579039071389758e+02
-9.982400639065912173e+01 -9.980461709043656526e+01
-1.026350732871657243e+02 -1.026385211945996190e+02
-1.052116595274157049e+02 -1.052007832903043862e+02
-1.080387493148981548e+02 -1.080197358242801471e+02
-1.081255050404393501e+02 -1.081287636965036256e+02
-1.044622608149898610e+02 -1.044634011529746545e+02
-1.054262957724757541e+02 -1.054289713224804643e+02
-1.054044770652222667e+02 -1.054091759090596270e+02
-1.053252982826826951e+02 -1.053220084143252677e+02
-1.107273253046719219e+02 -1.107277525389052784e+02
-1.053184899904535712e+02 -1.053161098372671063e+02
-1.025311349942667078e+02 -1.025236929852932661e+02
-1.026577345257502856e+02 -1.026418334498794422e+02
-1.080784409210142769e+02 -1.080704862176334160e+02
-1.080295410493843349e+02 -1.080199931827765454e+02
-1.053357699857096179e+02 -1.053372856635681956e+02
-1.025208361661479159e+02 -1.025211052412727923e+02
-9.328331414670367394e+01 -9.335032316972879585e+01
-9.973155527485045013e+01 -9.974402969655319851e+01
-1.026904627298801529e+02 -1.026913882022408160e+02
-9.702710675104290772e+01 -9.703752943402169251e+01
-9.700788452294439423e+01 -9.693973251039429329e+01
-1.053422417688524888e+02 -1.053469972998828723e+02
-1.054278922487521015e+02 -1.054319918321821490e+02
-1.053629774860513351e+02 -1.053610324754670131e+02
-1.053321556413591367e+02 -1.053265717925858951e+02
-1.107726850622233314e+02 -1.107764943169306804e+02
-1.025736334231898468e+02 -1.025652515233879427e+02
-1.079995070981128862e+02 -1.079990025991095166e+02
-1.080551175890082334e+02 -1.080422344318318864e+02
-1.107734820016012947e+02 -1.107752416665995554e+02
-1.054122000997354007e+02 -1.054099415262190718e+02
-1.053421544729442019e+02 -1.053446147377303532e+02
-1.024312855292451871e+02 -1.024313277347269064e+02
-1.068470968786495092e+02 -1.068289263059492811e+02
-1.053245720709026898e+02 -1.053209946689139400e+02
-9.982056354386823216e+01 -9.982535394163684828e+01
-1.053361252547518916e+02 -1.053373800276308430e+02
-9.989551626386860050e+01 -9.988299899068324805e+01
-1.041426131038579257e+02 -1.041687846455591853e+02
-9.864198421653050275e+01 -9.863883438924304414e+01
-1.079974940205216143e+02 -1.079968735553182881e+02
-1.023886211919002562e+02 -1.023340463414555472e+02
-1.081003329207125887e+02 -1.080979949017201136e+02
-1.080339825431361902e+02 -1.080170730739836245e+02
-9.790046663053431075e+01 -9.793430008188686031e+01
-1.044685102816724793e+02 -1.044301671091141372e+02
-1.079948877503066598e+02 -1.079820579084631191e+02
-1.025374917858733852e+02 -1.025419433061356642e+02
-1.079135202319905034e+02 -1.079152038446470527e+02
-1.025988791504467628e+02 -1.025776692825368883e+02
-9.991544387606512601e+01 -9.991600694606350430e+01
-1.107733328612555255e+02 -1.107751662408618500e+02
-1.068353730033300053e+02 -1.068258815751087241e+02
-9.868935705937653324e+01 -9.868162098144156857e+01
-1.018166586819758095e+02 -1.018101200267396109e+02
-1.053566680951742711e+02 -1.053490007226063199e+02
-1.079447254655077586e+02 -1.079446632081988184e+02
-1.052036677502248239e+02 -1.052020400734172654e+02
-9.718672744781777340e+01 -9.718781270573853703e+01
-1.009643550963292000e+02 -1.009739497341901426e+02
-1.019069022821707904e+02 -1.018756910646972216e+02
-1.052703787156546014e+02 -1.052678462849658985e+02
-1.080489826645289924e+02 -1.080494950331612216e+02
-1.080006979728908050e+02 -1.079879442884310095e+02
-1.010429304582984855e+02 -1.010624847366501058e+02
-1.020230240850349759e+02 -1.020016045597940177e+02
-1.019058860120799750e+02 -1.018894720118646404e+02
-9.991485483402705370e+01 -9.988729053603795194e+01
-1.025600960777338599e+02 -1.025541364372925273e+02
-1.053346350064323360e+02 -1.053354214642215538e+02
-1.080012009325766655e+02 -1.079912814781830832e+02
-1.107422481970352237e+02 -1.107211089679873339e+02
-1.080294644215436932e+02 -1.080150783984504983e+02
-1.081043938369242170e+02 -1.080948936132782592e+02
-9.866344633061477509e+01 -9.866670617949445443e+01
-1.107355968720911790e+02 -1.107172044314755652e+02
-1.025806868549313435e+02 -1.025845516118145895e+02
-1.107475745498572479e+02 -1.107525439533433627e+02
-1.080669812986422187e+02 -1.080525236880219211e+02
-9.977220710488060718e+01 -9.976157488924599193e+01
-1.052899716374421644e+02 -1.052806771372552106e+02
-1.080761609356932240e+02 -1.080673792853173154e+02
-1.080745466953625282e+02 -1.080657597786509712e+02
-1.107746966727522135e+02 -1.107770265598906434e+02
-1.068406979540459929e+02 -1.068314292119192714e+02
-1.026887568748219479e+02 -1.026804336989779642e+02
-1.107686239188317359e+02 -1.107719517211948386e+02
-1.053316142944221951e+02 -1.053327271219367418e+02
-1.052608942102924772e+02 -1.052624056077906829e+02
-1.017880834093412545e+02 -1.017917409075181752e+02
-1.052950645728855932e+02 -1.052944300318128512e+02
-9.985056450278356976e+01 -9.984480335348247593e+01
-1.052762082837925846e+02 -1.052691173892200993e+02
-1.033216843680297359e+02 -1.033412518400603375e+02
-1.053983749597301482e+02 -1.053932720379541053e+02
-1.080669060362603631e+02 -1.080547190048749115e+02
-1.052369009192577778e+02 -1.052429658845626363e+02
-1.107067198320090000e+02 -1.106862682146774972e+02
-1.107689609228570475e+02 -1.107719846992826547e+02
-1.026073339901932826e+02 -1.026100961482781031e+02
-1.052418534083856230e+02 -1.052411933765439187e+02
-1.053485838416884803e+02 -1.053383506762602480e+02
-1.080548608211151844e+02 -1.080538851036067030e+02
-1.079812051324626054e+02 -1.079786994236031035e+02
-1.080270247760087585e+02 -1.080232931407683878e+02
-9.662717531262863702e+01 -9.661637175823014445e+01
-1.053783664483265881e+02 -1.053799594670952189e+02
-1.026440160128387902e+02 -1.026290195825156388e+02
-1.079956149572396242e+02 -1.079989375862770657e+02
-1.018304214130382803e+02 -1.018750558267455375e+02
-1.026763426754453121e+02 -1.026483085048284067e+02
-9.981135981496370846e+01 -9.980212674904326775e+01
-1.106637046670029463e+02 -1.106655540725283231e+02
-1.107223728890765386e+02 -1.107239226087045552e+02
-1.080235993643508579e+02 -1.080241929107480843e+02
-1.025399881954852361e+02 -1.025036146550160936e+02
-1.042685475743369921e+02 -1.042309027688575611e+02
-9.973171564519117283e+01 -9.973794706352659034e+01
-1.080740892943044145e+02 -1.080759564107399910e+02
-1.053624205266497569e+02 -1.053619183301184705e+02
-1.053271722251423057e+02 -1.053257451503583724e+02
-1.013106416613704681e+02 -1.012880268942719084e+02
-1.017020329565002186e+02 -1.017207467452255258e+02
-1.079753212955838961e+02 -1.079781040787678279e+02
-1.014646684114637054e+02 -1.014651120180388659e+02
-1.026658772173217642e+02 -1.026653535981735814e+02
-1.025609414807344990e+02 -1.025643156636070756e+02
-1.026223652218324816e+02 -1.025858793858758418e+02
-9.988438877844106401e+01 -9.986926295293919509e+01
-1.054275825175093786e+02 -1.054301506585222796e+02
-1.080592805087415229e+02 -1.080577409766374046e+02
-1.054160739420001818e+02 -1.054155309507608393e+02
-1.053812836123386916e+02 -1.053796649194233055e+02
-9.993656889699794021e+01 -9.994269218107622521e+01
-1.080664296715962678e+02 -1.080554370483163922e+02
-9.641054599696171579e+01 -9.640854647752161100e+01
-1.025352801146720765e+02 -1.025324337674091169e+02
-1.107846716209831754e+02 -1.107707456041817977e+02
-1.107844671133404120e+02 -1.107707649046302691e+02
-1.023897574335861265e+02 -1.023383130453229342e+02
-1.080024988358361355e+02 -1.080014314768972383e+02
-9.974174378178715017e+01 -9.973761008146708207e+01
-1.080546499422531497e+02 -1.080550865083513798e+02
-1.079949552663901358e+02 -1.079955613923019939e+02
-1.038461185445550683e+02 -1.038808526097995610e+02
-1.053624423726768669e+02 -1.053595090569504578e+02
-9.973521779008933663e+01 -9.973910185708584208e+01
-1.052809346374218080e+02 -1.052831347465122604e+02
-1.079707161790248477e+02 -1.079678803637647917e+02
-1.107158798062454963e+02 -1.107190354059842292e+02
-1.080162119660845406e+02 -1.080069492100846986e+02
-1.013204892258129632e+02 -1.013274695387773363e+02
-1.044130291693011543e+02 -1.043973313244113257e+02
-9.431898829403822049e+01 -9.432498324447806226e+01
-9.431929079725132681e+01 -9.431770611741437449e+01
-9.980513600994147794e+01 -9.979703048146306799e+01
-1.052998520119651289e+02 -1.052899613503011835e+02
-9.705246558735416329e+01 -9.705539894266775036e+01
-9.996886888887087252e+01 -9.994609598260413463e+01
-1.081243309914912061e+02 -1.081246473555797536e+02
-1.025446491207137569e+02 -1.025480429709711814e+02
-1.053616052054268124e+02 -1.053609636237949161e+02
-1.053047212356373024e+02 -1.053111955934066941e+02
