0.000000000000000000e+00 0.000000000000000000e+00
-1.082669877593249765e+02 -1.080091589989671661e+02
-9.721422483756280997e+01 -9.708279693849115688e+01
-1.053773898649236855e+02 -1.053267130690045548e+02
-9.734302517385505382e+01 -9.719648001546968885e+01
-1.052990883336879193e+02 -1.052942999022839530e+02
-1.053332988226712246e+02 -1.053024869245268320e+02
-9.424188987451034905e+01 -9.414800873371608247e+01
-1.025307511882732427e+02 -1.025630713398382881e+02
-9.678626587778592238e+01 -9.636966077067195613e+01
-1.053381465353370174e+02 -1.053217663386436982e+02
-1.051729727892905260e+02 -1.051678065195681029e+02
-1.052652966834629069e+02 -1.052471390985916599e+02
-1.080230524866777557e+02 -1.080470930933328901e+02
-1.080404541383052077e+02 -1.080466567584554696e+02
-9.910492699895497992e+01 -9.909433289108463327e+01
-1.053391388863388443e+02 -1.053252095273330724e+02
-1.106827113834972209e+02 -1.107181595516179158e+02
-1.054073138353958399e+02 -1.053815868712403727e+02
-1.052211057436727089e+02 -1.052251099657118516e+02
-1.079963092154608120e+02 -1.080241139678217479e+02
-9.458070955271574576e+01 -9.443642792206115644e+01
-1.052146206890112268e+02 -1.052187173384628665e+02
-1.026994263061318833e+02 -1.026341748096761393e+02
-1.026291592775379797e+02 -1.026184890702128740e+02
-1.080825729639447417e+02 -1.080716765995907593e+02
-9.923192565575604362e+01 -9.915919032452688953e+01
-1.106912744923999696e+02 -1.107187923251454151e+02
-9.726799281794569652e+01 -9.723673952795924436e+01
-1.107535637964378736e+02 -1.107681415014392314e+02
-1.080232636593838578e+02 -1.080129883341591892e+02
-9.928173850438146530e+01 -9.922826474453668766e+01
-1.080730452113905216e+02 -1.080659927416771637e+02
-1.014653995735173879e+02 -1.014068601813282839e+02
-9.985985252217287211e+01 -9.978386563745442572e+01
-1.080255512917596263e+02 -1.080205018469984566e+02
-1.025277607753047846e+02 -1.025265638090036475e+02
-1.080463454594239465e+02 -1.080485086043617287e+02
-1.079580478199813456e+02 -1.079639106056253866e+02
-1.052617982641870356e+02 -1.052707079326835498e+02
-1.054198996644760058e+02 -1.053995303052460031e+02
-9.700565193305149592e+01 -9.703192214256304737e+01
-1.053873480074219202e+02 -1.053965184491356553e+02
-1.080978830831160735e+02 -1.080972041251193616e+02
-9.309784326522827769e+01 -9.297831009861434381e+01
-1.025441751406100650e+02 -1.025520387196222174e+02
-1.027660732958183871e+02 -1.026963575709004175e+02
-1.026103857566095741e+02 -1.026116840897025497e+02
-1.013712994376857068e+02 -1.014161830608946104e+02
-9.449550741637719398e+01 -9.446391063282442246e+01
-1.080378570698017597e+02 -1.080490374737018584e+02
-1.068269046097259860e+02 -1.068243101652756053e+02
-1.107199985032084726e+02 -1.107158651547643018e+02
-9.979832727254338920e+01 -9.980989416512670687e+01
-1.027586749863937001e+02 -1.027737569327013318e+02
-1.026062293471045166e+02 -1.026089199318667795e+02
-1.053734766612354150e+02 -1.053724480449895964e+02
-1.026672474284608825e+02 -1.026564423791233764e+02
-1.107159753019741970e+02 -1.107074053564738989e+02
-1.053337717271562184e+02 -1.053163731341889502e+02
-1.080065856166488061e+02 -1.080024838712449906e+02
-1.053430235482115620e+02 -1.053238163576577051e+02
-1.106901304307481695e+02 -1.106862083801987211e+02
-1.053353206421487300e+02 -1.053248092568897505e+02
-1.045862177665586046e+02 -1.045721904066297157e+02
-1.013742393265735302e+02 -1.014319609372522706e+02
-1.009178821900972878e+02 -1.009735248245288801e+02
-9.962592643093334743e+01 -9.970670747509463183e+01
-1.079889430875976188e+02 -1.079825826387024676e+02
-9.980179631088071801e+01 -9.980372692154429615e+01
-1.107748366794430979e+02 -1.107624474558117100e+02
-1.079912230825997312e+02 -1.079960607322447146e+02
-1.025708752099289427e+02 -1.025764892875803440e+02
-9.996664785577104340e+01 -9.996776666561321179e+01
-1.026584784396907253e+02 -1.026488006510982416e+02
-1.080038520934493533e+02 -1.079891733008643229e+02
-1.107724486040914798e+02 -1.107631750249512237e+02
-1.079982675624948314e+02 -1.079842388125151871e+02
-9.582925064137592130e+01 -9.587604429391421945e+01
-1.026381591819186809e+02 -1.026145760396577629e+02
-1.080693446801270170e+02 -1.080608543569870790e+02
-1.053622897675567032e+02 -1.053440879566519897e+02
-1.080660400118637483e+02 -1.080606700395692883e+02
-1.024052135701287654e+02 -1.024000288776501009e+02
-1.080681974258463072e+02 -1.080626226815312236e+02
-1.052979712129896228e+02 -1.053028525446048320e+02
-1.079926413343647056e+02 -1.079834103841329380e+02
-1.080489877406430139e+02 -1.080400459108266773e+02
-1.080438130916260775e+02 -1.080443185690621561e+02
-1.026086627039628070e+02 -1.026040593605380309e+02
-1.107184001296268434e+02 -1.107122036501698688e+02
-1.080760267203947791e+02 -1.080614429551953037e+02
-1.040806936534330589e+02 -1.040686400250365864e+02
-1.025887986355094483e+02 -1.025925069828888638e+02
-9.621144128595392431e+01 -9.622016264145125319e+01
-1.052706210866866741e+02 -1.052725835597972832e+02
-1.024233149792546982e+02 -1.024210605531521878e+02
-1.080777890009305793e+02 -1.080761558623587746e+02
-1.053752741696114725e+02 -1.053795285544903777e+02
-1.026045389950792526e+02 -1.026085717827082391e+02
-1.025881813356646006e+02 -1.026008185172017164e+02
-1.027003933651391208e+02 -1.026949491905720322e+02
-1.053259280585693176e+02 -1.053018311680435204e+02
-1.054659045902055823e+02 -1.054670367710751862e+02
-1.052784107218299994e+02 -1.052756308301458574e+02
-1.053525578197912438e+02 -1.053438313643368645e+02
-1.009826347740759900e+02 -1.010034478118185888e+02
-9.701230640800100957e+01 -9.702577305711524502e+01
-1.052996131140236145e+02 -1.052954995421665814e+02
-1.042808494065982927e+02 -1.042474908401158302e+02
-1.026704154209280233e+02 -1.026715712481271652e+02
-1.107143021844740076e+02 -1.107161078043599360e+02
-1.106598971840670487e+02 -1.106605474485570539e+02
-1.053558269079649250e+02 -1.053536004713333369e+02
-1.025323061778610452e+02 -1.025355271952225422e+02
-1.080101719663617246e+02 -1.080107505790197848e+02
-1.080091935997990760e+02 -1.080082959070237081e+02
-1.041744954973778903e+02 -1.042020596300973807e+02
-1.052802868561945218e+02 -1.052783162873044347e+02
-1.080585638323406528e+02 -1.080533301932355812e+02
-1.053677820184651068e+02 -1.053694749266113035e+02
-1.080511328812995941e+02 -1.080501591457818904e+02
-1.054613751220950491e+02 -1.054639794261780992e+02
-1.080932338953287370e+02 -1.080933748162124317e+02
-1.025264331377170492e+02 -1.025187831099128744e+02
-1.025317497382362006e+02 -1.025123009039983231e+02
-1.080470018805531396e+02 -1.080429804990713336e+02
-1.079133293912192784e+02 -1.079078675287853457e+02
-9.717775888601936174e+01 -9.719095929952247559e+01
-1.080031211917160192e+02 -1.080000179322872782e+02
-9.722751347894744356e+01 -9.724206940508621244e+01
-1.042436639917014389e+02 -1.043197677243643540e+02
-1.025726381538320737e+02 -1.025673647416029013e+02
-1.016228218770089029e+02 -1.016102230893266665e+02
-1.044008557379093673e+02 -1.044376692090531975e+02
-1.052249225856845527e+02 -1.052310048887568570e+02
-1.106863979159540889e+02 -1.106885570662068830e+02
-9.982418398718191099e+01 -9.981139210815638307e+01
-1.053994781347592493e+02 -1.054016399451009818e+02
-1.080556884844998677e+02 -1.080499928612568965e+02
-1.079720674654961954e+02 -1.079648907381701406e+02
-1.106862262460578989e+02 -1.106886382746643704e+02
-1.026059192372667042e+02 -1.026082945891956513e+02
-1.007042537849063706e+02 -1.006822633125750883e+02
-1.052499992001066289e+02 -1.052521903391944562e+02
-1.053741927619293079e+02 -1.053747727705159036e+02
-1.053644865684809986e+02 -1.053708587959813769e+02
-1.107661337206891261e+02 -1.107688295564166197e+02
-9.861961392194878329e+01 -9.863548623128448867e+01
-1.080620862781934761e+02 -1.080586468312732791e+02
-1.054178073792080141e+02 -1.054261887368583501e+02
-9.930929801119835076e+01 -9.930801951284183815e+01
-1.054445108600545353e+02 -1.054448965610085480e+02
-1.025894279452904101e+02 -1.025957188751831239e+02
-1.000131815056541740e+02 -9.999942334521405485e+01
-1.080472936272405633e+02 -1.080472515412389498e+02
-1.080040858722428538e+02 -1.080035691933398709e+02
-1.025019046680079668e+02 -1.025038640042055960e+02
-1.107607302165849461e+02 -1.107667471224649631e+02
-9.831379606497060308e+01 -9.828476777602958236e+01
-1.080443623235083379e+02 -1.080477104397851349e+02
-1.080479386680466121e+02 -1.080321931455375051e+02
-1.025831364683861864e+02 -1.025809810557347106e+02
-1.079638274024586195e+02 -1.079628447596019214e+02
-1.053584636010052265e+02 -1.053418715373089469e+02
-1.079749490129414511e+02 -1.079743183903957942e+02
-1.080539347569947353e+02 -1.080539012965613210e+02
-1.052735780287406584e+02 -1.052795739086556068e+02
-1.052586449960952990e+02 -1.052474457632916227e+02
-1.025080759158544197e+02 -1.025071966264058858e+02
-9.660690718242703667e+01 -9.656883250864731849e+01
-1.079984959234432580e+02 -1.079979804615649073e+02
-1.026602369535855104e+02 -1.026444392334004903e+02
-9.092588362189006546e+01 -9.096914729517210674e+01
-1.025953983702609378e+02 -1.025991786355570952e+02
-1.080553566675388311e+02 -1.080549163466309324e+02
-1.053318276464400327e+02 -1.053317940386929621e+02
-1.079089425916021128e+02 -1.079092213215053278e+02
-1.080451191327571081e+02 -1.080506461339900284e+02
-9.990033300295473850e+01 -9.984094967654843344e+01
-1.053004680961976192e+02 -1.053039879043201381e+02
-9.865661547524855735e+01 -9.862808868780514615e+01
-1.080268105813837423e+02 -1.080261216523941101e+02
-1.080014797168872462e+02 -1.079995346536690874e+02
-1.081163331655732947e+02 -1.081220564865422205e+02
-9.703071145411949772e+01 -9.705162529666577598e+01
-1.053242932173475310e+02 -1.053255535629031954e+02
-9.165875327678594431e+01 -9.165710392416130503e+01
-1.080440508065162533e+02 -1.080490437940419497e+02
-1.080014883834496686e+02 -1.079989422801393459e+02
-1.025651125796183436e+02 -1.025726292042449472e+02
-9.923458341632411361e+01 -9.919750458122035752e+01
-1.026466042515129402e+02 -1.026507512186249755e+02
-1.026104297652078259e+02 -1.026177644512482203e+02
-9.952094945501031020e+01 -9.945412775039801545e+01
-1.025364867876497925e+02 -1.025416968373040021e+02
-1.080279389825955576e+02 -1.080203547929095578e+02
-1.080524382958310667e+02 -1.080448683385773876e+02
-9.710933679612256242e+01 -9.712766973667146431e+01
-1.053255079088021375e+02 -1.053321851136019518e+02
-9.991480668312391344e+01 -9.992117582711803436e+01
-1.053954096922432626e+02 -1.054009270349048535e+02
-1.027260710990909445e+02 -1.027074510419905948e+02
-9.870225523318120509e+01 -9.872948403991223643e+01
-9.717134864167316266e+01 -9.718521299865489027e+01
-1.053427997812114256e+02 -1.053452618940832792e+02
-1.026126294623469022e+02 -1.026160592681646051e+02
-1.052602071058635289e+02 -1.052598308371141655e+02
-9.985470681633927370e+01 -9.986105587701733555e+01
-1.052037954754726314e+02 -1.052125627799074152e+02
-1.080071627226237752e+02 -1.080049498916256141e+02
-1.079907779461548074e+02 -1.079936237398038941e+02
-1.025549388512112046e+02 -1.025575359593035074e+02
-1.107685413098501925e+02 -1.107721836923167729e+02
-1.025963926956401053e+02 -1.026006347406780890e+02
-1.053220149780672301e+02 -1.053196812336591677e+02
-1.054041747357838545e+02 -1.054054319358486964e+02
-1.026301182942219157e+02 -1.026326920161574492e+02
-1.053773645214486550e+02 -1.053829868857909275e+02
-1.053749770443063625e+02 -1.053786740440660736e+02
-1.080559957568674463e+02 -1.080575050795441996e+02
-1.053765761118739874e+02 -1.053810887831548229e+02
-1.080670212009223832e+02 -1.080691560828371536e+02
-1.107217400154805489e+02 -1.107152190363002688e+02
-9.922147908161100816e+01 -9.919984712309197050e+01
-9.993931020819540834e+01 -9.994379964326519428e+01
-1.106618783227308143e+02 -1.106630905958004547e+02
-1.079197353215919009e+02 -1.079214146941835395e+02
-1.026956878050416719e+02 -1.026955559394502728e+02
-1.107688401318896467e+02 -1.107716537630383158e+02
-1.051917621959996154e+02 -1.051960556028441971e+02
-9.972745006920898447e+01 -9.972093894477423248e+01
-1.107676910075346228e+02 -1.107670273354623305e+02
-1.053136739411753098e+02 -1.053153966010041245e+02
-9.873425550220486002e+01 -9.874237367356879247e+01
-1.024815428121614076e+02 -1.024878301744408020e+02
-1.053062415793516067e+02 -1.053051212388928519e+02
-1.106605377371502357e+02 -1.106660800813024110e+02
-1.052955719824555842e+02 -1.053030854605936781e+02
-1.080542794907916573e+02 -1.080556482622766765e+02
-1.080483776388327044e+02 -1.080521615205303192e+02
-1.080969994030410533e+02 -1.081013203513463026e+02
-9.969459274699912044e+01 -9.969406937390188261e+01
-1.052021349196657667e+02 -1.051893424116900206e+02
-9.988459134380372006e+01 -9.989071268872710618e+01
-1.079444400833570796e+02 -1.079360917589997086e+02
-1.080534123847470198e+02 -1.080536608901588664e+02
-1.054054467900402301e+02 -1.054093331909072901e+02
-9.976171105966362518e+01 -9.977040947531105530e+01
-1.054122736157428193e+02 -1.054138568483269296e+02
-1.080774262049762484e+02 -1.080759818139815422e+02
-1.053385284618765922e+02 -1.053381720910930568e+02
-1.026408153235744294e+02 -1.026438522260691997e+02
-9.976087143416246761e+01 -9.975008064162014421e+01
-9.703810566095260981e+01 -9.702073959510600787e+01
-1.045723970612997817e+02 -1.045738030504677312e+02
-9.990074811126601162e+01 -9.991089855260251795e+01
-9.710775278219372808e+01 -9.710514634374391107e+01
-1.040921401539396811e+02 -1.040928825989041115e+02
-1.081048307551753425e+02 -1.081065953198553871e+02
-1.026386170950198533e+02 -1.026411237288942857e+02
-9.724562865251272115e+01 -9.727964578641086746e+01
-1.041561514747790511e+02 -1.041502192632713388e+02
-1.081016203097432680e+02 -1.081008874418243408e+02
-1.053984600426287983e+02 -1.054004187418288581e+02
-1.107189151262784748e+02 -1.107225527570801518e+02
-1.052337702516255007e+02 -1.052361121979759986e+02
-1.059739553551124516e+02 -1.059190669186924936e+02
-1.024721200038126625e+02 -1.024774317652206861e+02
-1.052659274465717232e+02 -1.052701727935654219e+02
-1.052244204917887203e+02 -1.052269384003517985e+02
-1.053384056364980665e+02 -1.053354443882922027e+02
-1.052784180520365140e+02 -1.052765467665452803e+02
-9.707739030406027325e+01 -9.708025427889400305e+01
-1.053336897023051790e+02 -1.053340634554460280e+02
-1.025362357935266147e+02 -1.025357186550868818e+02
-1.080722186024502776e+02 -1.080751403638974324e+02
-1.107216258735998622e+02 -1.107190427651596565e+02
-1.080749363656615287e+02 -1.080745701124236007e+02
-1.052616775765275037e+02 -1.052644117449029437e+02
-1.026333306230344959e+02 -1.026314503419791606e+02
-1.041684516009542705e+02 -1.041726132204719306e+02
-1.053579908522131916e+02 -1.053613591552785067e+02
-1.026392131179877083e+02 -1.026398086381460217e+02
-1.052243598233500279e+02 -1.052243964688337314e+02
-1.080532683711540756e+02 -1.080551733663682370e+02
-9.980305892498002152e+01 -9.980239675725209736e+01
-1.026423553629945502e+02 -1.026474723609384228e+02
-1.026435948481642129e+02 -1.026389862737317173e+02
-1.054334893384894656e+02 -1.054364119255306349e+02
-1.026036573098781020e+02 -1.026046880146626421e+02
-1.107718078124654539e+02 -1.107751228501456069e+02
-9.979094376489679519e+01 -9.979116506951039867e+01
-9.927728134168286545e+01 -9.927214432968274593e+01
-1.025864477891092008e+02 -1.025864763075360031e+02
-9.708797048067367541e+01 -9.709334759829324923e+01
-1.079620412577653354e+02 -1.079663839464416242e+02
-1.107207679831542606e+02 -1.107224523495645485e+02
-1.134441525693674464e+02 -1.134459148747322246e+02
-1.033424741178640716e+02 -1.033213030872998957e+02
-1.080491814489896285e+02 -1.080539510294889709e+02
-1.080242834015465689e+02 -1.080273837151793686e+02
-1.081029410435197775e+02 -1.081009613730990964e+02
-1.047722321339334002e+02 -1.046822897352582658e+02
-1.106962255030735349e+02 -1.106962645943733889e+02
-1.080092379060347128e+02 -1.080071656489172653e+02
-1.053690645313042040e+02 -1.053734741501858707e+02
-1.107637491082553254e+02 -1.107728163179872070e+02
-1.026472501155262051e+02 -1.026402758921795026e+02
-1.053496551650364665e+02 -1.053534618725703780e+02
-1.053509228681672596e+02 -1.053538457669736204e+02
-1.079929078561142148e+02 -1.079977523287094243e+02
-9.925472033689757723e+01 -9.923676441117289926e+01
-9.994403168806057636e+01 -9.992628826245477569e+01
-1.080349137410302802e+02 -1.080343380738857633e+02
-1.079970218917250264e+02 -1.079966020450301301e+02
-1.053091732481053810e+02 -1.053086301081360148e+02
-9.721889873164566609e+01 -9.723235861161879257e+01
-1.017484876414414003e+02 -1.017793140131824288e+02
-1.053104995106230746e+02 -1.053098512567753886e+02
-1.053200019122285056e+02 -1.053227897708419931e+02
-1.025492593142917030e+02 -1.025476948363370724e+02
-1.052149039038942107e+02 -1.052118795203093953e+02
-1.107209013822588162e+02 -1.107174233513268717e+02
-9.422865187124989461e+01 -9.423956486120671627e+01
-1.024833913297903933e+02 -1.024907738594406794e+02
-1.025055584914794622e+02 -1.025029259862686501e+02
-1.080009749758315820e+02 -1.079996898556874640e+02
-1.080498525098622764e+02 -1.080542630383864804e+02
-1.052952509422817116e+02 -1.053005533541310257e+02
-1.019591008260141507e+02 -1.019498664177610863e+02
-1.080369232614995525e+02 -1.080395729290435440e+02
-1.053193956433568559e+02 -1.053203598782574488e+02
-1.037282356063713422e+02 -1.037013940456633208e+02
-1.053024224826479411e+02 -1.053060004339207723e+02
-1.053558435498021311e+02 -1.053593573623796829e+02
-1.080457623000907006e+02 -1.080473379782459062e+02
-1.026860375180308296e+02 -1.026901897292272849e+02
-9.906535067077058443e+01 -9.907224216897361657e+01
-1.026608913859188732e+02 -1.026656595664050684e+02
-1.107273040657653524e+02 -1.107232658629013855e+02
-1.054127356292604389e+02 -1.054131557000430348e+02
-1.063775579498469739e+02 -1.063260607286497219e+02
-1.017848757685960237e+02 -1.017759496010354638e+02
-1.079967563024422930e+02 -1.079971123777966255e+02
-1.107632929266716530e+02 -1.107711702117551056e+02
-1.054063148054989085e+02 -1.054106508191443652e+02
-1.080963270507575658e+02 -1.081009257508043646e+02
-1.054922432724137309e+02 -1.055823290598698634e+02
-1.042845940826005346e+02 -1.042836535721648801e+02
-1.000355276794276733e+02 -1.000036064205989845e+02
-1.080722700255072795e+02 -1.080657847666265923e+02
-1.053267870420175143e+02 -1.053208691772283032e+02
-1.052653518211570685e+02 -1.052671785404624387e+02
-9.971309610582946448e+01 -9.971218453027164230e+01
-1.054145421562429448e+02 -1.054170588743535291e+02
-1.025823110688336044e+02 -1.025855228569713518e+02
-1.018054322050838039e+02 -1.017867972889493728e+02
-9.720136196650419436e+01 -9.719635900467473277e+01
-1.031570810691248568e+02 -1.031780547780477235e+02
-1.052120638933698729e+02 -1.052055399000914946e+02
-1.080525708522180821e+02 -1.080479836881887934e+02
-9.983226873330930573e+01 -9.984025764266748126e+01
-9.837788182071562915e+01 -9.836255338155666550e+01
-1.080767976413336555e+02 -1.080800114824840392e+02
-9.975319829514039327e+01 -9.976258427264266970e+01
-1.107647548664606632e+02 -1.107732469813519458e+02
-1.107762531953191854e+02 -1.107754468649060300e+02
-1.079651895426019337e+02 -1.079654645822069057e+02
-1.019441021657319908e+02 -1.019354302904739313e+02
-1.080263562870322289e+02 -1.080268528341773333e+02
-9.917803705215379750e+01 -9.916360033767915638e+01
-1.052832028391935069e+02 -1.052818839184769928e+02
-1.025026275014853354e+02 -1.024995879184614012e+02
-1.081004476362249562e+02 -1.081023902049003311e+02
-1.041694249574473758e+02 -1.041693140644911466e+02
-1.032378108598144024e+02 -1.032310352107539728e+02
-1.052284627810521300e+02 -1.052298885400645503e+02
-1.053558110036276219e+02 -1.053609152095328056e+02
-1.080155250682257986e+02 -1.080183798812741855e+02
-1.018941605460746729e+02 -1.019035794484061626e+02
-1.053746931965796847e+02 -1.053771496511447623e+02
-1.031674385663709756e+02 -1.031909658788514150e+02
-9.705039462974794162e+01 -9.701524306462231095e+01
-1.053825372247648176e+02 -1.053800254753047341e+02
-1.053955635094258270e+02 -1.053983654351108328e+02
-9.992373351049231189e+01 -9.993084213492288370e+01
-1.025858021776744238e+02 -1.025925082473131482e+02
-1.054317451230658520e+02 -1.054361276088208825e+02
-9.722931923448173563e+01 -9.723707493232799948e+01
-1.080442817157861981e+02 -1.080486630353691737e+02
-1.079980332696918879e+02 -1.079972356230148165e+02
-1.080510356609466243e+02 -1.080547866297686284e+02
-1.107224435013579580e+02 -1.107232948260453753e+02
-1.079886456005200301e+02 -1.079837882205877548e+02
-1.080438936847027094e+02 -1.080458757947084365e+02
-1.053820679675605589e+02 -1.053846114483861243e+02
-1.107775720618141833e+02 -1.107767241014586261e+02
-1.106984996342550573e+02 -1.106971371187235889e+02
-1.080277596494419896e+02 -1.080296013501966854e+02
