0.000000000000000000e+00 0.000000000000000000e+00
-1.051760939138876978e+02 -1.052332069442551159e+02
-1.107342297973093537e+02 -1.106956817711613326e+02
-1.016115933166308452e+02 -1.019262618069983688e+02
-1.053989000591094509e+02 -1.053376499244830455e+02
-1.020522170156372681e+02 -1.018825637096687018e+02
-9.446812572606714298e+01 -9.445126135903561249e+01
-1.054491813403121512e+02 -1.053816447618289942e+02
-1.106686044846460248e+02 -1.106764647339916934e+02
-1.080485268530201921e+02 -1.080531864041112300e+02
-1.041525416017861261e+02 -1.040968989679990528e+02
-1.025620186295706873e+02 -1.026072205644408939e+02
-1.024995387466766203e+02 -1.025841192260833878e+02
-1.024698146302106920e+02 -1.025288809719411063e+02
-9.711578964542570702e+01 -9.715270397306792916e+01
-1.026273903867732713e+02 -1.026159115672167985e+02
-1.052843610632810680e+02 -1.052771143413522026e+02
-9.977758174677261138e+01 -9.981592277982535677e+01
-1.009621022496336167e+02 -1.009311078093575844e+02
-9.994153449924085919e+01 -9.982886546043096132e+01
-1.080999573254301112e+02 -1.080513628752992901e+02
-1.053495283096175825e+02 -1.052960589834922303e+02
-9.722226029141752690e+01 -9.718099972867133829e+01
-9.990382828705941165e+01 -9.990955680571275366e+01
-1.107737217596306891e+02 -1.107746199860376350e+02
-9.998130927513126665e+01 -9.997815292993156788e+01
-1.052899470251282423e+02 -1.052974526753510247e+02
-1.053437811431121389e+02 -1.053347165564609043e+02
-1.025552872660381496e+02 -1.025529011035889937e+02
-9.867607621822197927e+01 -9.861060743333524670e+01
-9.988474047102812392e+01 -9.989094493413618636e+01
-1.000425702273937674e+02 -9.998442300351148049e+01
-1.080182135629465421e+02 -1.080193006364122681e+02
-1.080037596574512122e+02 -1.080098711566701013e+02
-1.080291435362425432e+02 -1.080050882743146587e+02
-1.051769853891981086e+02 -1.052021464591845046e+02
-1.107661427649733810e+02 -1.107373875030555865e+02
-9.991490033138641991e+01 -9.992467230664766475e+01
-1.026617650647613971e+02 -1.026489455670587603e+02
-1.079276868101780877e+02 -1.079423042022188639e+02
-9.727335099184851686e+01 -9.725056647491813067e+01
-1.013347874179950026e+02 -1.014081898441109928e+02
-1.079857901782759342e+02 -1.079552050273307060e+02
-1.027282605395578798e+02 -1.027117301503753737e+02
-9.983047372701862798e+01 -9.985627940429075977e+01
-1.025317298540912248e+02 -1.025418731870653914e+02
-1.031754687320567285e+02 -1.031464934512225398e+02
-1.053192085724991216e+02 -1.053161264742198711e+02
-1.107308093133053717e+02 -1.107277042736795920e+02
-1.016606552344074998e+02 -1.018169210926044030e+02
-9.981438675220849177e+01 -9.982498892914814803e+01
-1.009289355561086552e+02 -1.009617566192913358e+02
-1.029565419885308017e+02 -1.029937754956073093e+02
-1.025936385907136383e+02 -1.026082571302627997e+02
-1.080562842466212174e+02 -1.080529174144036801e+02
-9.451480421169408430e+01 -9.448765174197049532e+01
-1.024225912472960545e+02 -1.022338622298800885e+02
-9.999180448378339747e+01 -9.997896881001960878e+01
-1.010491582820535257e+02 -1.009947685098661339e+02
-1.053550885600933071e+02 -1.053405859282623851e+02
-1.107377902749910419e+02 -1.107146454600573406e+02
-1.107755302858763855e+02 -1.107742015267930071e+02
-1.106950240448450558e+02 -1.106949679301278735e+02
-1.042833477765371697e+02 -1.042925077474230307e+02
-1.024332766320049330e+02 -1.024308071354152503e+02
-1.025466050931694468e+02 -1.025520798977752293e+02
-9.984970975055384201e+01 -9.985485072525317207e+01
-1.025342995742598191e+02 -1.025388891042715045e+02
-1.048415260239822402e+02 -1.047819204656608179e+02
-9.821831619130045965e+01 -9.827786237142899495e+01
-1.080049035279742782e+02 -1.080052600254447555e+02
-1.053404928265046294e+02 -1.053317626759454981e+02
-1.080058859233403581e+02 -1.080006832887031436e+02
-1.027162170877183200e+02 -1.027152838468122269e+02
-1.053118502561219998e+02 -1.053084400360349804e+02
-1.080580239731204841e+02 -1.080523389301678776e+02
-1.020639574449257196e+02 -1.018719887677401204e+02
-9.420816651961735033e+01 -9.422302887148576644e+01
-1.053298067124809876e+02 -1.053281914267798527e+02
-9.987680320667415401e+01 -9.986867709014697425e+01
-1.107763052654231899e+02 -1.107757448010514167e+02
-1.080714624921287026e+02 -1.080758221190948802e+02
-1.107744583650625430e+02 -1.107759902201229210e+02
-1.051949554793221893e+02 -1.051999297626421139e+02
-1.026592429728460019e+02 -1.026587051967789961e+02
-1.025542001663849447e+02 -1.025539240610940226e+02
-1.079763572230652642e+02 -1.079663813083788995e+02
-1.053538250698631629e+02 -1.053523212205211337e+02
-1.054307774804053963e+02 -1.054278471895038223e+02
-1.052591005788092247e+02 -1.052511876254860539e+02
-1.052495035134168688e+02 -1.052602982839345742e+02
-9.983467890342259921e+01 -9.985157271110109889e+01
-1.053959550295468119e+02 -1.053864338877434363e+02
-9.980440075145526180e+01 -9.981878070649005963e+01
-1.029702081316618774e+02 -1.029406356724038716e+02
-1.052916093898487446e+02 -1.053001893035102228e+02
-1.040015173066524596e+02 -1.040074173972834899e+02
-1.107758364256494161e+02 -1.107739550929319705e+02
-1.080189977015405844e+02 -1.080092245877915502e+02
-1.107696966570796491e+02 -1.107749559188045936e+02
-1.053579288304514137e+02 -1.053577530704678651e+02
-9.970709855324979287e+01 -9.962498134676242501e+01
-1.053282849562738619e+02 -1.053068212257140459e+02
-1.053400160963444563e+02 -1.053371307832676251e+02
-1.054139175504929682e+02 -1.054065070206255967e+02
-1.031765135112063803e+02 -1.031857483144503362e+02
-1.026236208274725072e+02 -1.026207269305962768e+02
-1.053336735872213836e+02 -1.053248793575893103e+02
-1.080620364906805690e+02 -1.080701477340752916e+02
-1.031715224942349778e+02 -1.031676268262588962e+02
-1.080987353548548668e+02 -1.080780000062930100e+02
-1.053025122320542266e+02 -1.053099210400094563e+02
-1.079695275845815559e+02 -1.079716093768907257e+02
-1.053177490254287960e+02 -1.053208967264444453e+02
-1.107785030191878661e+02 -1.107717877583186237e+02
-1.053067627450736268e+02 -1.053002530506233398e+02
-1.025894707779318367e+02 -1.025986133950952421e+02
-1.037097693011496062e+02 -1.036840565575915463e+02
-1.026920626555915703e+02 -1.026876000284229065e+02
-9.702049076261948812e+01 -9.701367703083809602e+01
-1.025359400407446770e+02 -1.025401425684982684e+02
-1.053836581813625344e+02 -1.053790251078514189e+02
-1.081886464002891870e+02 -1.081703205027878312e+02
-1.067861213856227778e+02 -1.067899371510102924e+02
-9.458417809328365422e+01 -9.455217239160465681e+01
-1.041347043290818277e+02 -1.041735573128647445e+02
-1.107324253372767089e+02 -1.107261455149983931e+02
-1.080591174588584664e+02 -1.080553368042311035e+02
-9.932108151495422987e+01 -9.930710001141935095e+01
-1.080829128483601664e+02 -1.080773179010777767e+02
-1.026317428270562999e+02 -1.026364066300600939e+02
-1.026224236729863577e+02 -1.026289081868142148e+02
-1.043024972803934958e+02 -1.042686051358482899e+02
-1.080504709688024576e+02 -1.080518012749150500e+02
-1.043635994235615527e+02 -1.043685523157521970e+02
-1.026188067944521407e+02 -1.026257592562979681e+02
-1.080678806749292988e+02 -1.080746936928321134e+02
-1.052012707624120509e+02 -1.051976642112612268e+02
-1.053409552973161567e+02 -1.053303894399290499e+02
-1.080561606940819672e+02 -1.080538563245201260e+02
-1.025613769611608461e+02 -1.025620908356501957e+02
-1.053190672691124803e+02 -1.053234523246894696e+02
-1.054163710347265521e+02 -1.054086347557784649e+02
-1.080560079313934949e+02 -1.080515154493434835e+02
-1.000609541569917980e+02 -1.000477309514554634e+02
-1.052971870215003065e+02 -1.052757741195379992e+02
-1.053635291626662536e+02 -1.053613602401259186e+02
-1.053194992672446233e+02 -1.053107349309492236e+02
-1.107707652664714146e+02 -1.107754962165208497e+02
-1.025625226161805870e+02 -1.025621278533994740e+02
-1.107057085269844237e+02 -1.107150072030891295e+02
-1.024576101574592144e+02 -1.024530352150428172e+02
-1.031770073407912491e+02 -1.031631105796544574e+02
-1.025363426863050051e+02 -1.025333668092910528e+02
-1.134514335697314493e+02 -1.134446772032916186e+02
-1.052500893166895111e+02 -1.052540478188223432e+02
-1.081402117674459760e+02 -1.081225544586675511e+02
-1.026166268478692842e+02 -1.026176587875435047e+02
-1.107644482947019640e+02 -1.107715414078075753e+02
-1.052906613963011608e+02 -1.052892420382561056e+02
-1.080095895475085968e+02 -1.080060631042053672e+02
-1.025268080347717188e+02 -1.025277644021769987e+02
-1.026333892887102763e+02 -1.026307383841135277e+02
-1.053546724060102946e+02 -1.053561419769294645e+02
-1.053612098380432514e+02 -1.053564256445285707e+02
-1.031706989351601891e+02 -1.031610216227302459e+02
-1.053877398837796022e+02 -1.053827703025501279e+02
-9.165847118364132484e+01 -9.169364814457350121e+01
-1.079973530818245138e+02 -1.079973627431657661e+02
-1.037468079109444261e+02 -1.037277005668836836e+02
-1.023205690280535691e+02 -1.023062443369252463e+02
-1.079755558210973732e+02 -1.079759149834811893e+02
-9.659635841093937358e+01 -9.659756051715372394e+01
-9.435484457696919947e+01 -9.434556087180014572e+01
-1.080212655892523372e+02 -1.080236359361033180e+02
-9.693790087262594568e+01 -9.692055177702314950e+01
-1.080768386481118455e+02 -1.080712347627114838e+02
-1.079910355221447418e+02 -1.079957831306384577e+02
-1.107294053836290288e+02 -1.107264160159236184e+02
-1.081169173795902623e+02 -1.081050372786937572e+02
-1.055680652669234973e+02 -1.055970612968256290e+02
-9.991071181129062495e+01 -9.991686530379578812e+01
-1.079912885093785633e+02 -1.079958112963079202e+02
-1.107599919363886869e+02 -1.107731062975475993e+02
-1.080146265677676780e+02 -1.080230017111419301e+02
-1.107731109261063693e+02 -1.107758980473858514e+02
-7.316530280615711490e+01 -7.243117759036059056e+01
-1.025250058235083088e+02 -1.025261075473768813e+02
-1.054045772652949609e+02 -1.053995924073806236e+02
-1.024526900797574740e+02 -1.024520046392246542e+02
-1.025761909789532780e+02 -1.025789763783486990e+02
-1.040524823068556799e+02 -1.040964912466542529e+02
-1.010504594576684667e+02 -1.010504413459849076e+02
-9.988691019357375467e+01 -9.988912364899908880e+01
-1.025398695498227966e+02 -1.025367817314718195e+02
-1.026148936933253992e+02 -1.026212114982760539e+02
-1.107710781837126177e+02 -1.107760561200243217e+02
-1.014995558954197037e+02 -1.014933603077602839e+02
-1.106548683081227296e+02 -1.106638582367497889e+02
-1.107609040302375263e+02 -1.107710086344619640e+02
-9.163660648423766020e+01 -9.158789901800408018e+01
-1.081225588047025497e+02 -1.081249884382825570e+02
-1.052149484494059806e+02 -1.052171951450774117e+02
-1.041066299090848588e+02 -1.041244501138515943e+02
-1.080693957116621391e+02 -1.080704649355571689e+02
-1.054074196703375463e+02 -1.054044669027820760e+02
-1.054740925434516043e+02 -1.054712191147406344e+02
-1.026027798128318409e+02 -1.025916673475803833e+02
-1.080761811039115798e+02 -1.080794215804901199e+02
-1.025357015301106287e+02 -1.025051161595910827e+02
-1.068036915422080142e+02 -1.068098219171612868e+02
-1.025545569466000160e+02 -1.025563193348793902e+02
-1.068057646663619664e+02 -1.068457516984966560e+02
-1.026729824619120564e+02 -1.026637894193037255e+02
-1.080258163106591098e+02 -1.080199531889738296e+02
-1.043080395845378803e+02 -1.043240310974845073e+02
-1.080186367351875418e+02 -1.080217775440162740e+02
-1.107089000414241724e+02 -1.106880513056235742e+02
-9.975895282430407462e+01 -9.976644353210413385e+01
-1.052385609293678215e+02 -1.052453820523994352e+02
-1.025651927457492718e+02 -1.025625510827482429e+02
-1.018358317392190742e+02 -1.017485261943664909e+02
-9.932783359028611869e+01 -9.930957269974243218e+01
-9.420494000795967793e+01 -9.423143163743688433e+01
-1.025679911411457539e+02 -1.025661074370246553e+02
-1.026049056982970313e+02 -1.026032404241289697e+02
-9.929590581509987146e+01 -9.928789192362651761e+01
-9.987699728792752296e+01 -9.988506996303030405e+01
-1.022537768925880215e+02 -1.022095353535417388e+02
-1.052873759750164027e+02 -1.052820338144767476e+02
-1.014157546956869140e+02 -1.014263288041086497e+02
-1.107619387157055542e+02 -1.107705983813365265e+02
-1.080670824519313271e+02 -1.080566499570561803e+02
-1.026302804462877560e+02 -1.026306823334062699e+02
-1.052727971999631933e+02 -1.052756168465662512e+02
-1.026176047542321328e+02 -1.026182514008546747e+02
-1.080224924341429471e+02 -1.080201137113052852e+02
-1.052560374145645881e+02 -1.052460561349015080e+02
-9.709402794394742386e+01 -9.711549978287652607e+01
-1.053222315230736541e+02 -1.053189400808143148e+02
-1.079799772102928159e+02 -1.079736056477331516e+02
-9.700087801133742005e+01 -9.701092050242503717e+01
-1.080171613873054213e+02 -1.080189095634794541e+02
-1.053855613927504038e+02 -1.053825023421712501e+02
-1.000486738981775119e+02 -1.000206391159865404e+02
-1.035189092390182992e+02 -1.035292320687046015e+02
-9.872035739039175439e+01 -9.874914482707751517e+01
-1.080716598815260028e+02 -1.080749258258681067e+02
-1.080844662042767084e+02 -1.080776492909242990e+02
-9.982994580276857732e+01 -9.984303763006269605e+01
-9.722807092627259351e+01 -9.724169227132766480e+01
-1.081013029405203838e+02 -1.080981772981998716e+02
-1.025537863059947199e+02 -1.025575552868649680e+02
-1.080571251139068778e+02 -1.080557511015325787e+02
-1.016731564477638727e+02 -1.016599433413390159e+02
-9.936945104260875894e+01 -9.932970017977459065e+01
-9.993973803722950322e+01 -9.994546321163677760e+01
-9.980155753004048336e+01 -9.981529908966565756e+01
-1.080557939157646956e+02 -1.080519425422599795e+02
-1.023878647051317330e+02 -1.023897229982586055e+02
-1.041781576405988261e+02 -1.042051494566292433e+02
-1.025171046585896306e+02 -1.025188145217264832e+02
-1.107310402978203570e+02 -1.107247874346892047e+02
-1.055834386375384213e+02 -1.055722766206131951e+02
-1.080705300886776712e+02 -1.080749665406186750e+02
-1.025641496694834700e+02 -1.025648233768543918e+02
-1.052794561968479599e+02 -1.052787051550376560e+02
-1.080187174318141814e+02 -1.080219011022292932e+02
-1.026582677856008559e+02 -1.026577149350763420e+02
-1.025230047105530815e+02 -1.025238763259348360e+02
-1.080652497646553769e+02 -1.080566182926367844e+02
-1.041614639385889518e+02 -1.041832410187848126e+02
-8.893146156006386605e+01 -8.887246425430173247e+01
-1.053060657745952682e+02 -1.053039362972796908e+02
-1.106554633395617202e+02 -1.106635731004841006e+02
-9.621695831910112418e+01 -9.621853584976474849e+01
-9.866316365027810775e+01 -9.871608013842764251e+01
-1.053254374020327333e+02 -1.053260175022655005e+02
-1.080012843842721821e+02 -1.080015557926502794e+02
-1.031344662465452160e+02 -1.031456475242300712e+02
-1.037217512065781904e+02 -1.037145928284058698e+02
-1.008903700345854730e+02 -1.008876585211424413e+02
-9.650360196094348453e+01 -9.654565574985292642e+01
-9.993336308102615817e+01 -9.993496573169059616e+01
-9.968375461226531797e+01 -9.968325009604564002e+01
-1.080749922528787437e+02 -1.080783662671177154e+02
-1.107721760266488076e+02 -1.107758136286828545e+02
-1.080483817841831922e+02 -1.080437852170083914e+02
-9.735109425596259314e+01 -9.733329263711416957e+01
-1.080517959915034112e+02 -1.080519427878024032e+02
-1.053053067075827300e+02 -1.052990413428208001e+02
-1.080413555379618771e+02 -1.080321334582638144e+02
-1.052030858990370916e+02 -1.051954654049876012e+02
-1.106975650004496572e+02 -1.106958125892787876e+02
-1.053353394859177001e+02 -1.053313306972472247e+02
-1.053517694994584701e+02 -1.053522551545789270e+02
-1.026400837167758340e+02 -1.026389162837359237e+02
-1.026506643248119701e+02 -1.026603102540664310e+02
-1.040797751934978805e+02 -1.040999012396663517e+02
-1.080695555151621505e+02 -1.080737133798481437e+02
-1.025534971941047218e+02 -1.025564637314493410e+02
-1.024975285080159466e+02 -1.024989394255931785e+02
-9.470279565404625544e+01 -9.465090767269114735e+01
-1.081048285096776596e+02 -1.081025616880586142e+02
-9.711388926649264874e+01 -9.712078676104927411e+01
-9.991866379240921958e+01 -9.990677587001114546e+01
-1.041176968287547595e+02 -1.041229847376988005e+02
-1.080744056742675099e+02 -1.080770562565499802e+02
-1.080644591118498710e+02 -1.080564551211933377e+02
-1.080265767624622413e+02 -1.080209900291986003e+02
-1.052306992533485470e+02 -1.052196700068110999e+02
-9.703497568816503360e+01 -9.704531864475212899e+01
-1.025612485481244249e+02 -1.025574471342338683e+02
-9.971121544108325452e+01 -9.971383656173493648e+01
-1.107169244150520626e+02 -1.107227082008949708e+02
-1.016360336907988824e+02 -1.016410190054387499e+02
-9.768129537930013839e+01 -9.771616318711684812e+01
-1.025702431601864930e+02 -1.025670965562808448e+02
-1.079975637346557278e+02 -1.079921514976929870e+02
-9.163214645714499795e+01 -9.156336424937980212e+01
-1.052252220644562613e+02 -1.052235352908864456e+02
-1.080011724637922299e+02 -1.079962129703246063e+02
-1.080553699591136763e+02 -1.080420011608314610e+02
-1.107086483810825257e+02 -1.107152518871098295e+02
-1.081204509371723930e+02 -1.081181802027199979e+02
-1.053392155315081737e+02 -1.053319025433863771e+02
-1.053515097489078585e+02 -1.053523281603428217e+02
-1.054245958712622979e+02 -1.054212507091602760e+02
-1.054016700801054185e+02 -1.053983831751291689e+02
-1.053550677570121366e+02 -1.053557094337795945e+02
-9.071593140000990729e+01 -9.074457574847821206e+01
-1.053864759928910644e+02 -1.053791901489693288e+02
-1.134403555097487697e+02 -1.134457976122294980e+02
-1.018801708861307276e+02 -1.018572511828725595e+02
-1.052874579183446286e+02 -1.052697255055514916e+02
-1.080687069981061939e+02 -1.080634813428033283e+02
-1.107187949354666614e+02 -1.107194897028572456e+02
-1.053408048602392029e+02 -1.053413821661050207e+02
-1.080618274618862387e+02 -1.080535592329252950e+02
-1.080518050229702141e+02 -1.080531266420961032e+02
-9.922378966989313653e+01 -9.920356595796415888e+01
-1.068302181638177331e+02 -1.068353643105947981e+02
-9.742213578265574370e+01 -9.740820936200528024e+01
-1.052829789541849550e+02 -1.052796748232990751e+02
-1.014287712957807202e+02 -1.014499996524666301e+02
-1.106537544301018556e+02 -1.106659171527790733e+02
-1.026400791463573370e+02 -1.026411398623964715e+02
-1.042991072215641850e+02 -1.043477158203185411e+02
-1.024702244142489178e+02 -1.024692465916723449e+02
-1.025620378877158601e+02 -1.025677349423493325e+02
-1.014762409268678738e+02 -1.015055500564718329e+02
-9.995331040378864884e+01 -9.995286069517904082e+01
-1.052515928978640005e+02 -1.052537548080657501e+02
-1.107095072286345498e+02 -1.107170518145623532e+02
-1.025802052056207145e+02 -1.025813025693780105e+02
-1.052804269700468893e+02 -1.052762612395370496e+02
-1.079959000838513816e+02 -1.079994845184067316e+02
-9.988742600725022669e+01 -9.989401545798226323e+01
-9.715892756418656973e+01 -9.714855559138878505e+01
-1.053540322469691546e+02 -1.053547167529889492e+02
-1.053536808770319055e+02 -1.053500136196457362e+02
-9.696338673085278970e+01 -9.696522217478903372e+01
-1.052818076778560368e+02 -1.052779766688999388e+02
-1.053334002325258183e+02 -1.053304019991363703e+02
-1.053274058414002070e+02 -1.053244037985726749e+02
-1.031912097261050150e+02 -1.031793569287149950e+02
-9.839230051342366323e+01 -9.837840538240263299e+01
-1.081048846871358506e+02 -1.081006597353345029e+02
-1.052675330975976351e+02 -1.052597253181696573e+02
-1.053109588685313724e+02 -1.053046036525184661e+02
-1.031792490372443183e+02 -1.031868037876894988e+02
-1.053019536474140097e+02 -1.053044980188802384e+02
-1.054061754941018449e+02 -1.054021782947131243e+02
-1.000450518144933341e+02 -1.000438647750208645e+02
-1.031907043017889265e+02 -1.031817394074990233e+02
-1.025918386462516452e+02 -1.025941853896617317e+02
-1.053344007090388317e+02 -1.053343457536099095e+02
-1.107835752127462285e+02 -1.107717966074144869e+02
-1.026673552808466923e+02 -1.026625503296249775e+02
-1.054809343559229546e+02 -1.054763128424914953e+02
-1.054244261372065665e+02 -1.054132569963727946e+02
-1.079720465485383158e+02 -1.079741728537631360e+02
-1.081249945317092482e+02 -1.081192797651755200e+02
-1.053478214918739582e+02 -1.053466738789932862e+02
-1.107189618958559691e+02 -1.107221392784863951e+02
-9.993428019128073458e+01 -9.993389655379539249e+01
-1.052236813442179368e+02 -1.052235322730181224e+02
-1.024003257150479840e+02 -1.023828721045085075e+02
-1.080554120086510608e+02 -1.080543366002614505e+02
-1.053404560399806229e+02 -1.053398815686551870e+02
-1.052717912740639719e+02 -1.052697818156223661e+02
-1.026327997620298760e+02 -1.026336848814801073e+02
-1.053239841313080518e+02 -1.053238154443744605e+02
-1.054157666279858319e+02 -1.054159962221797144e+02
-1.080706678296240284e+02 -1.080755146341646196e+02
-1.053770318600033704e+02 -1.053788340894047195e+02
-1.080747038088530303e+02 -1.080783349357957519e+02
-9.597280153806889302e+01 -9.597871853738377013e+01
-1.068350614888990577e+02 -1.068418229515373099e+02
-1.080791537508110309e+02 -1.080797877795260575e+02
