0.000000000000000000e+00 0.000000000000000000e+00 0.000000000000000000e+00 0.000000000000000000e+00 0.000000000000000000e+00
-1.023881650317410816e+02 -1.025333411541815565e+02 1.449494027512236993e-01 6.162417643113007216e+04 0.000000000000000000e+00
-1.059884752721571033e+02 -1.053145093716842098e+02 1.615025868444693591e-01 2.899365918904056307e+05 0.000000000000000000e+00
-1.105957526154330282e+02 -1.106614596093476592e+02 1.746526114481377623e-01 3.557744739309921861e+05 0.000000000000000000e+00
-9.489504328995276694e+01 -9.447272025164062370e+01 1.830719844253464179e-01 3.457807964341166080e+05 0.000000000000000000e+00
-1.082819670855947578e+02 -1.080405337615507477e+02 1.195795462880045734e-01 3.625869135255208821e+05 0.000000000000000000e+00
-1.079212936475559843e+02 -1.079495926109263735e+02 1.135142773404130279e-01 3.641460941366195912e+05 0.000000000000000000e+00
-1.053566006440685072e+02 -1.052613178374535181e+02 9.701057887265224222e-02 3.542155360025154077e+05 0.000000000000000000e+00
-9.966711168041483404e+01 -9.974838982671556664e+01 1.900052075545906605e-01 9.227598128470919619e+04 0.000000000000000000e+00
-9.999576911788453515e+01 -1.003304333556384336e+02 2.466499902114430154e-01 3.421918310947445570e+05 0.000000000000000000e+00
-1.057130557871115997e+02 -1.053931874423968083e+02 1.012049017798815898e-01 3.438449568760987022e+05 0.000000000000000000e+00
-1.080686061409484893e+02 -1.079696062409111761e+02 8.580913597156529515e-02 3.550390174489066121e+05 0.000000000000000000e+00
-1.067178677641011575e+02 -1.067149436183729705e+02 1.142777241494991880e-01 3.483376716417317512e+05 0.000000000000000000e+00
-1.053690912106725364e+02 -1.052578047331301576e+02 9.472493900994082006e-02 3.400491828386622365e+05 0.000000000000000000e+00
-9.943684794561730200e+01 -9.923179532919273527e+01 1.873174627139937432e-01 3.344309282477602246e+05 0.000000000000000000e+00
-1.054523823320476481e+02 -1.053119318618997369e+02 7.094661807906696427e-02 3.314681811546293902e+05 0.000000000000000000e+00
-1.080660186467613784e+02 -1.079932628207986198e+02 5.393412167445079536e-02 3.279062739022460300e+05 0.000000000000000000e+00
-9.636661763790608859e+01 -9.611215317452483475e+01 1.440718058036374594e-01 7.963618010219388816e+04 0.000000000000000000e+00
-1.080346195946275429e+02 -1.079994008436918449e+02 6.384829114972352671e-02 3.153583476992889191e+05 0.000000000000000000e+00
-1.046102643847607254e+02 -1.043999175883448629e+02 1.810203849946850907e-01 3.090210348748192191e+05 0.000000000000000000e+00
-9.720246865946816683e+01 -9.720636759520787962e+01 9.161193730542394054e-02 8.000041196055087494e+04 0.000000000000000000e+00
-9.977644660958800671e+01 -9.977421702647905022e+01 1.294847356481649281e-01 3.010060854461520794e+05 0.000000000000000000e+00
-1.027274387517845611e+02 -1.026714046390323887e+02 1.150682995665670560e-01 2.951060017597149126e+05 0.000000000000000000e+00
-1.053216306398358029e+02 -1.052394874624980332e+02 9.427269726003759120e-02 2.898640974410371273e+05 0.000000000000000000e+00
-9.999519940896654191e+01 -9.989138758331425549e+01 7.130196159304151571e-02 2.853570172328203917e+05 0.000000000000000000e+00
-1.028832344841984394e+02 -1.026971377979149622e+02 9.413029595099846325e-02 2.817743363802998792e+05 0.000000000000000000e+00
-1.054142186188171451e+02 -1.053684997987819543e+02 6.825135469028478785e-02 2.814680286510120495e+05 0.000000000000000000e+00
-1.080091288724137399e+02 -1.080192081231896992e+02 5.035604739444310418e-02 2.767649593098358018e+05 0.000000000000000000e+00
-9.687747390267837488e+01 -9.690052323018940683e+01 1.433453256830942435e-01 2.719295534256421961e+05 0.000000000000000000e+00
-1.027190890153207192e+02 -1.026729286614411620e+02 4.774665019335412597e-02 7.014325646220937779e+04 0.000000000000000000e+00
-1.026281475420111633e+02 -1.025974078837359116e+02 8.125006297297689140e-02 2.628684516613294254e+05 0.000000000000000000e+00
-9.984802585163828326e+01 -9.982914810379507742e+01 8.411422335666327021e-02 2.586165175160382059e+05 0.000000000000000000e+00
-1.052985167248866389e+02 -1.052768190660958680e+02 4.752732008173983502e-02 2.544266660892716900e+05 0.000000000000000000e+00
-1.026668989508013539e+02 -1.026515984965143105e+02 5.482219541968512411e-02 6.596499636858001759e+04 0.000000000000000000e+00
-9.723075374569303619e+01 -9.718915138918805496e+01 5.725471289304657346e-02 6.494626372672981233e+04 0.000000000000000000e+00
-1.081316856513977740e+02 -1.080752920539000996e+02 5.035947825660618687e-02 2.426002343957424164e+05 0.000000000000000000e+00
-1.053211211750182628e+02 -1.052517575621794066e+02 3.844352442758329491e-02 2.393079683784160588e+05 0.000000000000000000e+00
-9.982057884165483586e+01 -9.977501821737864418e+01 7.429701226583455831e-02 2.363704962057344965e+05 0.000000000000000000e+00
-1.080134333373897562e+02 -1.080133440022743230e+02 3.634790261965363534e-02 6.130437902547074191e+04 0.000000000000000000e+00
-1.053014960053185831e+02 -1.053084601613644509e+02 5.023725715751473780e-02 2.306089223146418808e+05 0.000000000000000000e+00
-9.440772219699056222e+01 -9.440630686097607338e+01 7.418958968324618208e-02 6.174187481666766871e+03 0.000000000000000000e+00
-1.080026963484699110e+02 -1.080020153982457884e+02 4.206293835712133361e-02 2.240758304354896245e+05 0.000000000000000000e+00
-1.053824770810961837e+02 -1.053862089945319980e+02 3.175573251273514780e-02 5.819918238686439872e+04 0.000000000000000000e+00
-1.025560820119322045e+02 -1.025690826079368492e+02 3.278529586384208716e-02 5.739366080830906867e+04 0.000000000000000000e+00
-9.396323063382857299e+01 1.091216601587835469e+14 7.654103208426384697e+01 5.858529592524308100e+03 0.000000000000000000e+00
-1.079798962629784853e+02 -1.079734674649913444e+02 4.679061202756541055e-02 2.149714694308471226e+05 0.000000000000000000e+00
-1.105966841462164894e+02 -1.106537912834199489e+02 5.043647473823632127e-02 2.120720387317411951e+05 0.000000000000000000e+00
-1.054462185670036405e+02 -1.054220486468919518e+02 3.111923441110587760e-02 5.545244114521667507e+04 0.000000000000000000e+00
-1.079580366526470527e+02 -1.079602241294741418e+02 4.499647323276331073e-02 5.478478899468241434e+04 0.000000000000000000e+00
-1.054099373304537295e+02 -1.053213526313458459e+02 4.209082021750239905e-02 2.056297341921275365e+05 0.000000000000000000e+00
-9.975057846224071056e+01 -9.969824535496411499e+01 7.842908501619301476e-02 2.039190997499781661e+05 0.000000000000000000e+00
-1.107304115181634359e+02 -1.107340307113837383e+02 4.755340183782993252e-02 2.016000838704868511e+05 0.000000000000000000e+00
-1.107157910834225305e+02 -1.107340040466009867e+02 3.856822277020107576e-02 1.990832882082313299e+05 0.000000000000000000e+00
-1.053318768897316886e+02 -1.053452039277138113e+02 2.598574845374962070e-02 5.150871324702568381e+04 0.000000000000000000e+00
-1.106465290867539437e+02 -1.106756409401021273e+02 4.223962782396760429e-02 1.947254572504648822e+05 0.000000000000000000e+00
-1.006087317363418379e+02 -1.005645155784017959e+02 5.539348485459631710e-02 5.031739727905587642e+04 0.000000000000000000e+00
-1.053225776992582468e+02 -1.052754776659155169e+02 3.716032335781183776e-02 1.901870832911371544e+05 0.000000000000000000e+00
-1.026546912025536926e+02 -1.026154121708577520e+02 5.359148294493043529e-02 1.881942135273927415e+05 0.000000000000000000e+00
-1.000048715054896604e+02 -9.989608519092536199e+01 4.480938414047096197e-02 1.861651730233909038e+05 0.000000000000000000e+00
-1.080182620164125922e+02 -1.080527169967087815e+02 2.752564650164420965e-02 4.883131674577689409e+04 0.000000000000000000e+00
-1.025647333622411281e+02 -1.025605250501540553e+02 3.458180363323357098e-02 4.839556740299379453e+04 0.000000000000000000e+00
-1.107082106369627326e+02 -1.107147031051589039e+02 3.896317573306113530e-02 1.824620809143405058e+05 0.000000000000000000e+00
-9.707984709193898709e+01 -9.705400075397551518e+01 5.017095679139432080e-02 1.804404939266594884e+05 0.000000000000000000e+00
-1.024208178389844619e+02 -1.024790521772413570e+02 7.661635401834980541e-02 1.785211524066864513e+05 0.000000000000000000e+00
-1.052266351817873300e+02 -1.052605119606558617e+02 3.234501473479644423e-02 1.768548596120777074e+05 0.000000000000000000e+00
-1.019238138451761699e+02 -1.018623392873785178e+02 6.971645475722401675e-02 1.750694912889632687e+05 0.000000000000000000e+00
-1.080199991387002854e+02 -1.080441685037317683e+02 1.794000618231852973e-02 4.545614878119940113e+04 0.000000000000000000e+00
-9.991953690022103274e+01 -9.987616132772598121e+01 4.332762533190159110e-02 1.720208180476938433e+05 0.000000000000000000e+00
-1.053131548405848008e+02 -1.053321251283511373e+02 2.453358754770322905e-02 4.464685035736005375e+04 0.000000000000000000e+00
-9.985582890303086856e+01 -9.982993511387033436e+01 6.648107146881065965e-02 1.689906292810420855e+05 0.000000000000000000e+00
-1.080591256102849798e+02 -1.080937965325652925e+02 2.446450956346210570e-02 4.377793328034451406e+04 0.000000000000000000e+00
-1.079920207251789037e+02 -1.080078199795171798e+02 2.607220926584850537e-02 4.344705364666153037e+04 0.000000000000000000e+00
-1.052148412518306770e+02 -1.052363745504835464e+02 2.859311753458412125e-02 1.647182316810310003e+05 0.000000000000000000e+00
-1.078540571955874583e+02 -1.079039121673181114e+02 4.113247163097379089e-02 1.631311835027298657e+05 0.000000000000000000e+00
-1.024751703045381817e+02 -1.024695574395337303e+02 2.930512147841818002e-02 4.219944461097785825e+04 0.000000000000000000e+00
-1.052500988729012192e+02 -1.052727030229004725e+02 3.031517360418518534e-02 1.604189308855019917e+05 0.000000000000000000e+00
-1.026097548790919376e+02 -1.026229615989103934e+02 4.720301464000610514e-02 1.589228731685647508e+05 0.000000000000000000e+00
-1.080524674727587637e+02 -1.080175358324041639e+02 2.477910850108641996e-02 1.574234724380101543e+05 0.000000000000000000e+00
-1.025026433946447924e+02 -1.024967954865448263e+02 2.149458071090079234e-02 4.064906113643597200e+04 0.000000000000000000e+00
-1.026063615088973506e+02 -1.025984625028506940e+02 1.882443740437502941e-02 4.027216364314232487e+04 0.000000000000000000e+00
-1.022762353360094352e+02 -1.021613550838557103e+02 5.752602715561180857e-02 3.990493360856008803e+04 0.000000000000000000e+00
-1.053067885821505030e+02 -1.052940027235485445e+02 1.998679766109302119e-02 1.523425960455663153e+05 0.000000000000000000e+00
-1.080411288749420180e+02 -1.080457240020359961e+02 2.398454289745197837e-02 1.509727619937694690e+05 0.000000000000000000e+00
-1.053424830092004640e+02 -1.053550475867948393e+02 1.788364916062373453e-02 3.949353687722915492e+04 0.000000000000000000e+00
-1.053192626555569120e+02 -1.052971904056066137e+02 2.543305050930626601e-02 1.484341794692368421e+05 0.000000000000000000e+00
-9.461803156653434144e+01 -9.444223373110311570e+01 8.319602193858464945e-02 1.471625848695009772e+05 0.000000000000000000e+00
-1.026446791072448690e+02 -1.026446660847012993e+02 3.763927654499649861e-02 1.477061217602735851e+05 0.000000000000000000e+00
-1.053253474535296021e+02 -1.053336790731047756e+02 2.721801789300384161e-02 1.464218828209722415e+05 0.000000000000000000e+00
-1.041065940615347358e+02 -1.040654042064845441e+02 3.898418083353001606e-02 3.785712058557749697e+04 0.000000000000000000e+00
-1.052802294507604870e+02 -1.052980643782642289e+02 2.834337417497053216e-02 1.445695508181468176e+05 0.000000000000000000e+00
-1.079518333716736436e+02 -1.079692386934184327e+02 2.098948355303529439e-02 1.433699389263198245e+05 0.000000000000000000e+00
-1.053732603181747436e+02 -1.053015615569109542e+02 3.827388780575251281e-02 1.421904788659069163e+05 0.000000000000000000e+00
-1.027948119289010265e+02 -1.026883416409103376e+02 4.372210957826547228e-02 1.413968217202023952e+05 0.000000000000000000e+00
-1.080312633388247718e+02 -1.080197816249622207e+02 2.027248093407187091e-02 1.410516839117465715e+05 0.000000000000000000e+00
-1.053528320825035252e+02 -1.053184423745462226e+02 2.433862173546827087e-02 1.399060710714487068e+05 0.000000000000000000e+00
-1.107011934919243572e+02 -1.107195960102491341e+02 2.164529603443124395e-02 3.586733698456826824e+04 0.000000000000000000e+00
-9.843987078113229927e+01 -9.836222283354949525e+01 7.641607713204144614e-02 1.382105325827180932e+05 0.000000000000000000e+00
-1.054105425091035215e+02 -1.053506008960005005e+02 2.565438023216256788e-02 1.374485757657119539e+05 0.000000000000000000e+00
-1.026410804907223451e+02 -1.026319021380281953e+02 2.128911893508083839e-02 3.595361846454899205e+04 0.000000000000000000e+00
-1.080290160477886587e+02 -1.080225368162546999e+02 1.988754779552688937e-02 1.358707892787175952e+05 0.000000000000000000e+00
-9.718244543112690792e+01 -9.717435473169568638e+01 3.917791077775117231e-02 3.539828821077174507e+04 0.000000000000000000e+00
-1.106967935209472387e+02 -1.107218049848145824e+02 2.034787199061604060e-02 3.512734646955057542e+04 0.000000000000000000e+00
-1.026929071074060147e+02 -1.026462840179632821e+02 4.345119493124045829e-02 1.331553484309866908e+05 0.000000000000000000e+00
-9.981023669851872171e+01 -9.981775198126901216e+01 2.403906028439570935e-02 3.468565202741569374e+04 0.000000000000000000e+00
-1.000162742700117207e+02 -1.000044460868199394e+02 4.410253770386939054e-02 1.314995966385125357e+05 0.000000000000000000e+00
-1.019063866414072947e+02 -1.018443750409209088e+02 4.985490047006323894e-02 3.417058356244509923e+04 0.000000000000000000e+00
-1.106970541702473838e+02 -1.107188381893745941e+02 1.650566446167735582e-02 3.407967259219349944e+04 0.000000000000000000e+00
-1.080612167451711798e+02 -1.080713506251101705e+02 1.896672126732006775e-02 3.385997378187474533e+04 0.000000000000000000e+00
-1.054313011963356530e+02 -1.054217099806112543e+02 3.378092676613957124e-02 1.282506958497183659e+05 0.000000000000000000e+00
-1.018196644721968624e+02 -1.017490511715145516e+02 3.376872223634332093e-02 3.337443816208610951e+04 0.000000000000000000e+00
-1.026877005827965377e+02 -1.029735146841144910e+02 4.789029553757304797e-02 1.269040950166274270e+05 0.000000000000000000e+00
-1.053421816520080228e+02 -1.053170823164282979e+02 1.980963339091708006e-02 1.309618491917936481e+05 0.000000000000000000e+00
-1.079438449741627721e+02 -1.079464869820047142e+02 3.049463571325439215e-02 1.300704474762832688e+05 0.000000000000000000e+00
-1.107495843420434625e+02 -1.107448453754103639e+02 2.346361796894991247e-02 1.291486752912885713e+05 0.000000000000000000e+00
-1.052359268414651723e+02 -1.052368667338510733e+02 2.456978071614634995e-02 1.282406668667930207e+05 0.000000000000000000e+00
-1.054172184812958619e+02 -1.053976562572443498e+02 2.950382182204206588e-02 1.273440686948485090e+05 0.000000000000000000e+00
-1.080375517284277862e+02 -1.080256849838585254e+02 1.774906547899474107e-02 1.264846863987569959e+05 0.000000000000000000e+00
-1.080162945351607249e+02 -1.080278612335269770e+02 1.626001171065472040e-02 3.325438912874658126e+04 0.000000000000000000e+00
-1.079583719662756067e+02 -1.079701101941424923e+02 2.142060830439955141e-02 1.248827047536655155e+05 0.000000000000000000e+00
-1.107440797682792066e+02 -1.107241829848761228e+02 2.466021638091366042e-02 1.240425312808919261e+05 0.000000000000000000e+00
-1.052981907939169162e+02 -1.052801747175010263e+02 3.082725253970637624e-02 1.232291214964873070e+05 0.000000000000000000e+00
-1.025730621995743661e+02 -1.025828301051735991e+02 2.062056608542698136e-02 3.238579297085365033e+04 0.000000000000000000e+00
-1.026343467198323225e+02 -1.025855024983346055e+02 3.321865139436920578e-02 1.219548109146348579e+05 0.000000000000000000e+00
-1.053273087386211984e+02 -1.053019274175889564e+02 1.832506516090032581e-02 1.212945013342933380e+05 0.000000000000000000e+00
-9.991173939975941209e+01 -9.988698938995293020e+01 3.699970300577042071e-02 1.205384241787517240e+05 0.000000000000000000e+00
-1.036969349436060668e+02 -1.035705552387388622e+02 4.428962214760721883e-02 1.197873183463152818e+05 0.000000000000000000e+00
-9.994834835019666741e+01 -9.994184031522415523e+01 2.030155066354869323e-02 3.230306873483588060e+04 0.000000000000000000e+00
-1.106627024078301957e+02 -1.106646439103006117e+02 2.079009593402541753e-02 3.209694434529704449e+04 0.000000000000000000e+00
-1.051912415659520690e+02 -1.051959201166478408e+02 1.796939910124605716e-02 3.189157165368146161e+04 0.000000000000000000e+00
-1.053205608366579753e+02 -1.053225016120511555e+02 1.391428063895355956e-02 3.169003973278158810e+04 0.000000000000000000e+00
-1.025249980850887681e+02 -1.025199314826346608e+02 1.454670560466952631e-02 3.928180621568480547e+03 0.000000000000000000e+00
-9.973111828097317755e+01 -9.972922759237107471e+01 2.571604037239793097e-02 3.129242901664968304e+04 0.000000000000000000e+00
-1.053430042439124179e+02 -1.053466431378544428e+02 1.128166402500344057e-02 3.109672704701051043e+04 0.000000000000000000e+00
-1.080620336935980674e+02 -1.080496880010418153e+02 1.859634929843567361e-02 1.158572323384468764e+05 0.000000000000000000e+00
-9.925687215015136644e+01 -9.918897820096115936e+01 5.179561060330802047e-02 1.151511544452703238e+05 0.000000000000000000e+00
-1.053051352054782228e+02 -1.053060584410794149e+02 1.594517513646209750e-02 1.146733060227302922e+05 0.000000000000000000e+00
-1.080385830633840243e+02 -1.080210579205062373e+02 1.469936830079191306e-02 1.139741959232518711e+05 0.000000000000000000e+00
-1.080465384919067588e+02 -1.080528012587333251e+02 1.593315752264070836e-02 1.133016683125427662e+05 0.000000000000000000e+00
-1.080287240054261133e+02 -1.080097436852855424e+02 2.319695697741654128e-02 1.126216414981999696e+05 0.000000000000000000e+00
-1.026114469960533029e+02 -1.026189135963869603e+02 1.437991252210690275e-02 2.984350079669102342e+04 0.000000000000000000e+00
-1.052387630177146889e+02 -1.052760185567677524e+02 1.815656541994553966e-02 1.113660034075526637e+05 0.000000000000000000e+00
-1.080119271438837671e+02 -1.080182191612075968e+02 1.433461460490637225e-02 2.950326234501334693e+04 0.000000000000000000e+00
-1.080983412823168379e+02 -1.081014182235797989e+02 1.650692578481988484e-02 2.933172753117359389e+04 0.000000000000000000e+00
-1.080132350016623377e+02 -1.080060584295977009e+02 1.889439531266067299e-02 1.096785627193731052e+05 0.000000000000000000e+00
-9.972884768234406749e+01 -9.974543958280611378e+01 2.789486107056936282e-02 2.899153148091577532e+04 0.000000000000000000e+00
-1.053124988597071763e+02 -1.052789443222749526e+02 1.563344020585244118e-02 1.086198080025525414e+05 0.000000000000000000e+00
-1.107466324691808097e+02 -1.107704891581006876e+02 1.485229324536480912e-02 2.867241946487184396e+04 0.000000000000000000e+00
-1.078749077622087356e+02 -1.078983283631814629e+02 2.487825716341790852e-02 1.075157059604508540e+05 0.000000000000000000e+00
-1.002006808792535111e+02 -1.003417742262841585e+02 3.441138850718915287e-02 2.837777150090411305e+04 0.000000000000000000e+00
-9.981037081498975283e+01 -9.980956478186274694e+01 1.515335310298857388e-02 2.900928494044650142e+04 0.000000000000000000e+00
-1.053868028316467331e+02 -1.053865570913611265e+02 1.379063258245150081e-02 2.884636470064119567e+04 0.000000000000000000e+00
-1.080408994945535852e+02 -1.079968250596252943e+02 1.660407590119088173e-02 1.098852800006784237e+05 0.000000000000000000e+00
-1.081225946396879039e+02 -1.080967143783637709e+02 2.237137298246971717e-02 1.093797057361574261e+05 0.000000000000000000e+00
-1.052632130317387862e+02 -1.052683375165333644e+02 1.946024483897676460e-02 1.088100395034607791e+05 0.000000000000000000e+00
-1.052920223350506603e+02 -1.052860838586567382e+02 1.331195878241795555e-02 2.822485005070282568e+04 0.000000000000000000e+00
-1.080464093907753522e+02 -1.080524874260149630e+02 1.478914516381422094e-02 1.077903752975155221e+05 0.000000000000000000e+00
-9.382369804565057336e+01 -9.386947979573079692e+01 4.705266021993389364e-02 2.792027788673969917e+04 0.000000000000000000e+00
-1.053421528808584355e+02 -1.053266041339763319e+02 1.200759068094513216e-02 1.068826975979747804e+05 0.000000000000000000e+00
-9.602273565891628948e+01 -9.593453473529473285e+01 4.264559589594570099e-02 2.769402346793218749e+04 0.000000000000000000e+00
-1.052991773535222109e+02 -1.052987057809961158e+02 1.436786621400966413e-02 2.779397963931124468e+04 0.000000000000000000e+00
-1.079997256529135683e+02 -1.080208139764344253e+02 1.372472880239074614e-02 2.764620485905858732e+04 0.000000000000000000e+00
-1.052865219901871114e+02 -1.052971986940977871e+02 1.469534613826535378e-02 2.752265160691324127e+04 0.000000000000000000e+00
-1.025330645796428541e+02 -1.025384412266472935e+02 1.810759814902041312e-02 2.738367141513510796e+04 0.000000000000000000e+00
-9.990275560354312745e+01 -9.984578883574054942e+01 1.891951614100520138e-02 1.040819888467239070e+05 0.000000000000000000e+00
-1.051867171726093062e+02 -1.052139005279841371e+02 2.473366448758964817e-02 1.037037866053407342e+05 0.000000000000000000e+00
-1.026442243182264349e+02 -1.026493393644314835e+02 2.153669431607098048e-02 1.032024879637156118e+05 0.000000000000000000e+00
-1.053385972510151163e+02 -1.053338178891795565e+02 1.685731208501761724e-02 1.026717812850238697e+05 0.000000000000000000e+00
-1.080568089763814186e+02 -1.080707404232991422e+02 1.074584981777084065e-02 2.669355044653036020e+04 0.000000000000000000e+00
-9.987751594386467957e+01 -9.988432034117590774e+01 2.166308763633271323e-02 1.017584917926163325e+05 0.000000000000000000e+00
-1.025411993405166129e+02 -1.024994246633929151e+02 1.882537094835602318e-02 1.012440533411737561e+05 0.000000000000000000e+00
-1.106692103879951645e+02 -1.106895453108703862e+02 1.430689358711068580e-02 2.631475370694717640e+04 0.000000000000000000e+00
-9.862175946450992114e+01 -9.850413629499755075e+01 3.257140275435495280e-02 2.620251174269942203e+04 0.000000000000000000e+00
-1.013441170397350248e+02 -1.013445019548120172e+02 2.694593687711232741e-02 1.000218762291011953e+05 0.000000000000000000e+00
-9.603795973497190630e+01 -9.602402221935533078e+01 5.147138414346692087e-02 9.952425645965295553e+04 0.000000000000000000e+00
-1.079923735937157829e+02 -1.080034648954951138e+02 1.080749855854083209e-02 2.685470421061590969e+04 0.000000000000000000e+00
-9.978963969707569959e+01 -9.980357918525183436e+01 1.716867113730413327e-02 2.672816291469697171e+04 0.000000000000000000e+00
-9.996901600278870603e+01 -9.992795675489796281e+01 2.010194711551154673e-02 9.823711119871151459e+04 0.000000000000000000e+00
-1.106831956859344359e+02 -1.106715450706260810e+02 1.884694036160868696e-02 9.783756938385934336e+04 0.000000000000000000e+00
-1.043995744149532356e+02 -1.043928564445538711e+02 2.453109330995432297e-02 2.636400564221367677e+04 0.000000000000000000e+00
-1.026103316076401057e+02 -1.026122247132084908e+02 1.552830918831113981e-02 2.623825723002178711e+04 0.000000000000000000e+00
-9.976168861579729708e+01 -9.976237429508628907e+01 1.783516417049576044e-02 2.611230365465180148e+04 0.000000000000000000e+00
-1.025164197835970583e+02 -1.024882074745089113e+02 2.240184971492999513e-02 9.634369029044819763e+04 0.000000000000000000e+00
-1.053476191591149558e+02 -1.053511784252785759e+02 9.070439330605233746e-03 2.586493767700396347e+04 0.000000000000000000e+00
-1.052996526895646241e+02 -1.052709088600123124e+02 2.072322490480574264e-02 9.557732487790839514e+04 0.000000000000000000e+00
-1.025210869674034626e+02 -1.025261881517988485e+02 1.146702307300051342e-02 2.562762022160354172e+04 0.000000000000000000e+00
-1.079637492217169807e+02 -1.079658623561046795e+02 1.317795141336873359e-02 2.550856288750980457e+04 0.000000000000000000e+00
-9.984788717230152599e+01 -9.984667790907883500e+01 1.601452339050965165e-02 2.538964550069497636e+04 0.000000000000000000e+00
-1.080468551178705496e+02 -1.080579008476679093e+02 1.285276410631723890e-02 9.391996493536620983e+04 0.000000000000000000e+00
-1.052383485352549712e+02 -1.052493601126590050e+02 1.337468694553511570e-02 9.349086840214076801e+04 0.000000000000000000e+00
-1.080415847504677913e+02 -1.080342245622077400e+02 1.175034051920775119e-02 9.306552232532887137e+04 0.000000000000000000e+00
-1.053537403152997456e+02 -1.053574264518519783e+02 9.270227808317554191e-03 2.492484723809577190e+04 0.000000000000000000e+00
-1.024462488817046903e+02 -1.024903777832665099e+02 2.774605594232845696e-02 9.230711055939049402e+04 0.000000000000000000e+00
-1.107517248131031806e+02 -1.107567216661522735e+02 1.625209731728985765e-02 9.196927038637311489e+04 0.000000000000000000e+00
-1.053251241501184978e+02 -1.053096698040393875e+02 1.587422318256731524e-02 9.155443616420020408e+04 0.000000000000000000e+00
-1.025358566488750967e+02 -1.024956562959017958e+02 2.222067851838435346e-02 9.115283951397726196e+04 0.000000000000000000e+00
-1.081799015198639040e+02 -1.081721881462903383e+02 2.141314157886809247e-02 2.437904438129789560e+04 0.000000000000000000e+00
-1.081271441753941502e+02 -1.081231569268194761e+02 1.304072197031137109e-02 2.427173303562323053e+04 0.000000000000000000e+00
-1.041021656614053086e+02 -1.040591630345674190e+02 2.733130983446986975e-02 2.416441051528694879e+04 0.000000000000000000e+00
-1.081067423804003624e+02 -1.081058811097181120e+02 1.654433306234685125e-02 8.986073335808944830e+04 0.000000000000000000e+00
-1.106811364440344221e+02 -1.106812551562089766e+02 1.597250818339994091e-02 8.946494964008004172e+04 0.000000000000000000e+00
-9.974850224526463194e+01 -9.970834586527928423e+01 2.715693010406442995e-02 8.907264574910476222e+04 0.000000000000000000e+00
-9.779824355209110820e+01 -9.773907395807373177e+01 4.192782951073271980e-02 2.381200884609062632e+04 0.000000000000000000e+00
-1.079727795558529237e+02 -1.079825676518086510e+02 1.249555038303201172e-02 8.836187602320792212e+04 0.000000000000000000e+00
-1.107614664897031815e+02 -1.107732525475723122e+02 1.120906194632617474e-02 2.368668318448442369e+04 0.000000000000000000e+00
-1.079085799434875810e+02 -1.079262665906584431e+02 1.567363473662323342e-02 8.762610377324151341e+04 0.000000000000000000e+00
-1.000430361717159400e+02 -1.000306313097908628e+02 2.820181808011297878e-02 2.348928159563022200e+04 0.000000000000000000e+00
-1.025553441067512068e+02 -1.025504909928891522e+02 1.997244227357167570e-02 8.689170047071731824e+04 0.000000000000000000e+00
-1.026206161224800297e+02 -1.026110285609154005e+02 2.030485324868722130e-02 8.652298161815018102e+04 0.000000000000000000e+00
-1.080420584705810541e+02 -1.080561282893758488e+02 1.071003219113777008e-02 8.616023307134298375e+04 0.000000000000000000e+00
-1.052929880567676832e+02 -1.052914974156281289e+02 1.872428872112508885e-02 8.580507871702633565e+04 0.000000000000000000e+00
-9.978730392098366053e+01 -9.977424026967425164e+01 1.842854213212186468e-02 2.301677217735518570e+04 0.000000000000000000e+00
-1.079734733055626492e+02 -1.080039969409189098e+02 1.199943840676820361e-02 8.510330420244348352e+04 0.000000000000000000e+00
-1.053429021518340676e+02 -1.053393958680420894e+02 1.201149028139504756e-02 8.478705970636259008e+04 0.000000000000000000e+00
-1.007727395135642610e+02 -1.007454949901023014e+02 4.855148795415555746e-02 8.443580642351922870e+04 0.000000000000000000e+00
-1.052747338195054851e+02 -1.052654849843204232e+02 1.342702194779859734e-02 2.267934610976137265e+04 0.000000000000000000e+00
-9.988672309579328612e+01 -9.984962509126610541e+01 1.991239634380856383e-02 8.381949602122623764e+04 0.000000000000000000e+00
-9.990555080620282524e+01 -9.984593109166452507e+01 1.929284161691716820e-02 8.352908310626175080e+04 0.000000000000000000e+00
-1.080591410250761299e+02 -1.080571164224835314e+02 1.700305410782114793e-02 8.332763920188572956e+04 0.000000000000000000e+00
-9.715058144781319527e+01 -9.714785074485163818e+01 1.574790077109895076e-02 2.231512069158484519e+04 0.000000000000000000e+00
-9.985019768271756391e+01 -9.985924416203947374e+01 1.877455997910316976e-02 2.222498801316444587e+04 0.000000000000000000e+00
-1.018318238085089860e+02 -1.018160544061763773e+02 4.123721847244518623e-02 8.245725060919023235e+04 0.000000000000000000e+00
-1.081124404001578654e+02 -1.080876188278491412e+02 1.367718179162760554e-02 8.213428598894682364e+04 0.000000000000000000e+00
-1.052615647633700036e+02 -1.052729127165379310e+02 8.460348364578868310e-03 2.198124286200139977e+04 0.000000000000000000e+00
-1.010770581129059877e+02 -1.010610845298134564e+02 1.676241620132687404e-02 2.189848390245678820e+04 0.000000000000000000e+00
-1.053804467843325767e+02 -1.053800128626301813e+02 1.150697253450841569e-02 8.129110546441149199e+04 0.000000000000000000e+00
-1.053959434556521870e+02 -1.053848684240994515e+02 1.487536173622821742e-02 8.096983506462455261e+04 0.000000000000000000e+00
-1.053293323496852594e+02 -1.053372626674194947e+02 1.165691030453778858e-02 2.165930219026798659e+04 0.000000000000000000e+00
-9.979525679806008043e+01 -9.971971423044989535e+01 4.462521161812400133e-02 8.046575366851806757e+04 0.000000000000000000e+00
-1.037012327544481423e+02 -1.035908838890256618e+02 3.257974976066348866e-02 8.032997700245119631e+04 0.000000000000000000e+00
-1.053735775755990289e+02 -1.053465631922880590e+02 1.886171855972274339e-02 8.043762189269048395e+04 0.000000000000000000e+00
-1.053308085481593821e+02 -1.053265058692413447e+02 9.422848598247908838e-03 2.171976048765136511e+04 0.000000000000000000e+00
-1.026174317005334302e+02 -1.026115669128748067e+02 1.521783986481274956e-02 7.988631431847400381e+04 0.000000000000000000e+00
-1.052536619234568747e+02 -1.052821778216187028e+02 1.212805159929583945e-02 7.958045830216171453e+04 0.000000000000000000e+00
-1.046192110948192919e+02 -1.045468984158223975e+02 2.933259578932925077e-02 7.930598281396263337e+04 0.000000000000000000e+00
-1.053570141870111172e+02 -1.053578858195450891e+02 7.223146055662620947e-03 2.140402421523608427e+04 0.000000000000000000e+00
-1.053437410196945336e+02 -1.053485023561707266e+02 7.381274293130435024e-03 2.132268424938044700e+04 0.000000000000000000e+00
-1.026247961273351592e+02 -1.026213008157624103e+02 1.014238427792408560e-02 2.124271629008386662e+04 0.000000000000000000e+00
-9.730198852806428533e+01 -9.728359761776263781e+01 1.559317376788607774e-02 2.116294723943225836e+04 0.000000000000000000e+00
-1.052943508080731476e+02 -1.053060312450079579e+02 1.034104181152702487e-02 2.109564689061137324e+04 0.000000000000000000e+00
-1.025554594210785950e+02 -1.025329619285513303e+02 2.129330025084027675e-02 7.805801360951313109e+04 0.000000000000000000e+00
-1.025238125890379024e+02 -1.025224688551059984e+02 1.669643778523333469e-02 7.778481743979870225e+04 0.000000000000000000e+00
-1.079876798481606954e+02 -1.079985759297337609e+02 6.863980345679208776e-03 2.086725600347861837e+04 0.000000000000000000e+00
-1.052051561989518262e+02 -1.052142455477533503e+02 1.206017605695778976e-02 2.079418889955272971e+04 0.000000000000000000e+00
-1.080450518827512099e+02 -1.080372923709065560e+02 9.530450214698223815e-03 7.707036952092641150e+04 0.000000000000000000e+00
-1.024402067119555539e+02 -1.024348900050498941e+02 2.080876169474982218e-02 7.678924330295973050e+04 0.000000000000000000e+00
-1.107721225132304852e+02 -1.107710230818772175e+02 1.176223992441516666e-02 2.056985420374554815e+04 0.000000000000000000e+00
-1.107575512071121722e+02 -1.107689755424085405e+02 9.447093802447787195e-03 2.049484833421251460e+04 0.000000000000000000e+00
-9.980332773348521869e+01 -9.975248069877621049e+01 2.276254725878271504e-02 7.596145403707215155e+04 0.000000000000000000e+00
-1.053350177005672208e+02 -1.053336778973212091e+02 6.841583858536729595e-03 2.035220038320261301e+04 0.000000000000000000e+00
-1.080684450170401760e+02 -1.080741689792997704e+02 8.226503635023339062e-03 2.027882268260931596e+04 0.000000000000000000e+00
-1.080331227548504245e+02 -1.080337465928092797e+02 8.321727225565882929e-03 7.525682909412472509e+04 0.000000000000000000e+00
-1.025367223991321310e+02 -1.025439945832085158e+02 1.643008374679564426e-02 7.498714315137587255e+04 0.000000000000000000e+00
-1.053368838403117707e+02 -1.053391093982120168e+02 9.636543887331566749e-03 7.472112279442878207e+04 0.000000000000000000e+00
-1.078909205601546120e+02 -1.078978049203629581e+02 1.743411445724037806e-02 7.445539940780807228e+04 0.000000000000000000e+00
-1.080323748081070363e+02 -1.080401786948525711e+02 1.016503159407516552e-02 1.992206034142274439e+04 0.000000000000000000e+00
-1.040594956803096238e+02 -1.042084800459524985e+02 3.029417908022125766e-02 7.399162361536093522e+04 0.000000000000000000e+00
-1.080355939501774003e+02 -1.080361659104357415e+02 1.010568619855950478e-02 7.442632915563702409e+04 0.000000000000000000e+00
-9.711558889629885982e+01 -9.709046711980542455e+01 2.596058313675327425e-02 7.416523130535632663e+04 0.000000000000000000e+00
-1.053271878114816218e+02 -1.053284188261269207e+02 7.835193269659179380e-03 1.980788012748798064e+04 0.000000000000000000e+00
-1.053432498958388095e+02 -1.053580566167622692e+02 1.509947541393162097e-02 7.372470951547265577e+04 0.000000000000000000e+00
-9.716682335695016093e+01 -9.717071372113524319e+01 1.361537661910917560e-02 1.967130569838608426e+04 0.000000000000000000e+00
-9.986383509227464117e+01 -9.986047533387862529e+01 1.074850224734921929e-02 1.960358497129733223e+04 0.000000000000000000e+00
-1.080270507354361769e+02 -1.080267265196450666e+02 1.256232548676998462e-02 7.303950231019413332e+04 0.000000000000000000e+00
-1.079718420517637725e+02 -1.079545499480090882e+02 1.177138713380011456e-02 7.278854487905604765e+04 0.000000000000000000e+00
-9.989260137132451689e+01 -9.985431174158109968e+01 2.615192853268251752e-02 7.254928614970389754e+04 0.000000000000000000e+00
-1.052818664275390859e+02 -1.052815557088482308e+02 2.074545902831691560e-02 7.234718821511908027e+04 0.000000000000000000e+00
-1.026241944382944382e+02 -1.025952531916995554e+02 1.179147122131989078e-02 7.210112970589169709e+04 0.000000000000000000e+00
-1.055182129229565504e+02 -1.056413845622007841e+02 2.282641971301899164e-02 1.922627958290572496e+04 0.000000000000000000e+00
-1.052189410073912512e+02 -1.052023877566921186e+02 1.775503260542106443e-02 7.358615195675536233e+04 0.000000000000000000e+00
-1.025519102341367983e+02 -1.025593627825048060e+02 1.055377418456736327e-02 7.334709078125873930e+04 0.000000000000000000e+00
-9.181380787701289137e+01 -9.179525735071008796e+01 3.363129482509862739e-02 1.943595051619637889e+04 0.000000000000000000e+00
-1.026106816280739906e+02 -1.025923269359075078e+02 8.345569309725908713e-03 7.308086861107306322e+04 0.000000000000000000e+00
-1.022874593381545196e+02 -1.022865173609307590e+02 1.905330165564027289e-02 1.931401058483477391e+04 0.000000000000000000e+00
-9.163994043926307143e+01 -9.159775173553654781e+01 3.191216339080123893e-02 7.265833568365409155e+04 0.000000000000000000e+00
-1.080411288466277284e+02 -1.080373470944722243e+02 8.095583094434670099e-03 7.246642485653069161e+04 0.000000000000000000e+00
-1.107573496040309067e+02 -1.107721272994094193e+02 8.924494926168686712e-03 1.914602244022800733e+04 0.000000000000000000e+00
-1.052519329971397184e+02 -1.052391481201049146e+02 1.411292718956233365e-02 7.200123863462122972e+04 0.000000000000000000e+00
-9.635443383466309797e+01 -9.644371757580611870e+01 3.207702057537405865e-02 1.902810926148973158e+04 0.000000000000000000e+00
-9.871029388014717654e+01 -9.865258048793526768e+01 1.825726418082869451e-02 1.913948944064962780e+04 0.000000000000000000e+00
-1.053120588589051891e+02 -1.053181992004478218e+02 8.704969790114484157e-03 1.917259868406604073e+04 0.000000000000000000e+00
-1.052900851801472015e+02 -1.052764417910509138e+02 1.027380386592028488e-02 1.911157604373325375e+04 0.000000000000000000e+00
-1.025814930578014383e+02 -1.025728335351045359e+02 1.736905760654048475e-02 7.091711783891025698e+04 0.000000000000000000e+00
-1.106992572700398227e+02 -1.107111592577551988e+02 1.153928929912408606e-02 7.069076748880684318e+04 0.000000000000000000e+00
-1.025282960950265050e+02 -1.025284337292641794e+02 1.921812304846134273e-02 7.046815591442177538e+04 0.000000000000000000e+00
-1.026167271052784855e+02 -1.026145895323947315e+02 1.366618189025206598e-02 7.024229940510523738e+04 0.000000000000000000e+00
-1.080816775033846824e+02 -1.080791922456405842e+02 1.067185473586677869e-02 1.881445439517314298e+04 0.000000000000000000e+00
-1.016995266560497271e+02 -1.017505838954283632e+02 2.049413150040787016e-02 1.875470605278774383e+04 0.000000000000000000e+00
-1.052796184425436934e+02 -1.052874020647388988e+02 1.173216765689140580e-02 6.958652778834031778e+04 0.000000000000000000e+00
-1.080476688913550163e+02 -1.080539773434972375e+02 7.103248161293246495e-03 1.870287742375265952e+04 0.000000000000000000e+00
-1.079744608258359051e+02 -1.079836344884915178e+02 9.997950906405834309e-03 6.917717549530597171e+04 0.000000000000000000e+00
-1.009162115855198039e+02 -1.008784895851494241e+02 2.167379135876868965e-02 1.858715447417616087e+04 0.000000000000000000e+00
-1.053266436095945409e+02 -1.053257608444568518e+02 9.031113372913962198e-03 1.856515979398248601e+04 0.000000000000000000e+00
-1.026108905564808254e+02 -1.026125064965803944e+02 7.082436805351555523e-03 1.850718054341692550e+04 0.000000000000000000e+00
-1.053212537895439738e+02 -1.053139650353982120e+02 6.470001868610479080e-03 6.851234687378139643e+04 0.000000000000000000e+00
-1.052833267366306558e+02 -1.052900976983823256e+02 4.853529504420079146e-03 2.815467762703764947e+03 0.000000000000000000e+00
-1.041105832633880937e+02 -1.040583861549190772e+02 1.759319712938471614e-02 1.833748102108042440e+04 0.000000000000000000e+00
-1.079868456616430592e+02 -1.079831350194609598e+02 8.424953710784003486e-03 6.791189126926122117e+04 0.000000000000000000e+00
-1.080701072558482565e+02 -1.080784944557642149e+02 6.892053763482822518e-03 1.829863634628029104e+04 0.000000000000000000e+00
-1.080762659827060475e+02 -1.080785439647584667e+02 1.032591681402450154e-02 1.824472949344675726e+04 0.000000000000000000e+00
-1.053154883148662719e+02 -1.053027935855592148e+02 1.106664574847400669e-02 6.732763584293315944e+04 0.000000000000000000e+00
-1.026585771586798188e+02 -1.026319593743732810e+02 1.367075073395202824e-02 6.712727055713356822e+04 0.000000000000000000e+00
-9.979587787239043450e+01 -9.977970712899924877e+01 1.691471490640529193e-02 6.694445459511411900e+04 0.000000000000000000e+00
-1.053455105146535828e+02 -1.053451510372768780e+02 7.345383736898509694e-03 1.803919858995275354e+04 0.000000000000000000e+00
-1.080538981041719637e+02 -1.080595282780502515e+02 8.792641598448332901e-03 1.798471086751753319e+04 0.000000000000000000e+00
-1.081183671849532288e+02 -1.081227556321294827e+02 8.408452292919756446e-03 1.793151673869208389e+04 0.000000000000000000e+00
-1.025405549986277975e+02 -1.025437282059187112e+02 7.329984387277571449e-03 1.787831006517157948e+04 0.000000000000000000e+00
-1.106905537210501222e+02 -1.107097107365379287e+02 1.180893318365393470e-02 6.602888521088747075e+04 0.000000000000000000e+00
-1.022453367482542461e+02 -1.022402431265277585e+02 2.165728110860007383e-02 1.777571675589259394e+04 0.000000000000000000e+00
-9.990924943570689720e+01 -9.991571314070007759e+01 1.246149769959450752e-02 1.772349435558276673e+04 0.000000000000000000e+00
-1.026159949032715843e+02 -1.026230394372616388e+02 1.032304099467895586e-02 1.767215598194404083e+04 0.000000000000000000e+00
-1.052594700296637455e+02 -1.052593245697852069e+02 1.103177046264643309e-02 1.762127363398419038e+04 0.000000000000000000e+00
-1.000772235134686525e+02 -1.000523133699440876e+02 1.464197887776960173e-02 1.756929420219609165e+04 0.000000000000000000e+00
-1.043420474114349901e+02 -1.044080853317358333e+02 2.139419601658713518e-02 1.753293598079338335e+04 0.000000000000000000e+00
-1.012319596099218018e+02 -1.012166783139579564e+02 2.524830390217387005e-02 1.758256533665388997e+04 0.000000000000000000e+00
-1.026265351488012243e+02 -1.026304709284994630e+02 6.912320445873709057e-03 1.753514469208130322e+04 0.000000000000000000e+00
-1.026581631276133493e+02 -1.026630751797638652e+02 9.678255588044056348e-03 1.748442132836479868e+04 0.000000000000000000e+00
-1.053442600040154105e+02 -1.052951948285987527e+02 1.150841151895834295e-02 6.471213232124627393e+04 0.000000000000000000e+00
-1.026202219199315664e+02 -1.026200728623195602e+02 1.108587988729968672e-02 6.459323328355285048e+04 0.000000000000000000e+00
-1.052630618067408932e+02 -1.052642744264284715e+02 7.500327709636434026e-03 1.733511305273007019e+04 0.000000000000000000e+00
-1.067916210951847660e+02 -1.067741545482133603e+02 1.649558469774491803e-02 1.728521126551524503e+04 0.000000000000000000e+00
-1.054043741208094644e+02 -1.054078726521390621e+02 8.699554750953483392e-03 1.724360341450732449e+04 0.000000000000000000e+00
-1.020530869495881205e+02 -1.020195124599363368e+02 2.449471929943642864e-02 6.389084157161398616e+04 0.000000000000000000e+00
-1.080439827614111152e+02 -1.080526706852842267e+02 5.243495335870354025e-03 1.714708887851739200e+04 0.000000000000000000e+00
-1.080376473725763304e+02 -1.080581295980934868e+02 9.258485222641346657e-03 6.356574993132486998e+04 0.000000000000000000e+00
-1.027171134661598586e+02 -1.026872562696868840e+02 1.912761200941739265e-02 6.339706037604266749e+04 0.000000000000000000e+00
-9.993932729084566802e+01 -9.990404313709979078e+01 1.764269401910480844e-02 6.324151133600388857e+04 0.000000000000000000e+00
-1.039766619220785628e+02 -1.039773033011851453e+02 1.869150558919743452e-02 6.309664954605083767e+04 0.000000000000000000e+00
-1.024054792280146557e+02 -1.024008764210704499e+02 1.785693738232868935e-02 1.698239746815784747e+04 0.000000000000000000e+00
-1.026570790417216159e+02 -1.026593773890418078e+02 1.033023440760191813e-02 6.281856052164416178e+04 0.000000000000000000e+00
-1.052140553841826431e+02 -1.052061698294741632e+02 9.329667168038185618e-03 1.688743409397684809e+04 0.000000000000000000e+00
-1.080529997217463034e+02 -1.080551076687223997e+02 5.560006726210861561e-03 1.684182939672238717e+04 0.000000000000000000e+00
-1.053729854938048192e+02 -1.053808003066080374e+02 7.112479393467251512e-03 1.679503937057941221e+04 0.000000000000000000e+00
-1.052694922977474761e+02 -1.053179319180190561e+02 1.246321668622045811e-02 6.214516342058827286e+04 0.000000000000000000e+00
-1.052500603906896401e+02 -1.052487013095413744e+02 9.335027921255463490e-03 1.670420133343289854e+04 0.000000000000000000e+00
-1.107635749613265830e+02 -1.107698646937826936e+02 7.255079974681925663e-03 1.665811259618098848e+04 0.000000000000000000e+00
-9.980498187394036336e+01 -9.981743826862050639e+01 1.025045542625778114e-02 6.173451170352307963e+04 0.000000000000000000e+00
-1.081007361453492877e+02 -1.080674785947727372e+02 1.257861875358817078e-02 6.156903623812324076e+04 0.000000000000000000e+00
-1.026897781989629834e+02 -1.026841666628211414e+02 7.024428292483645905e-03 1.652447637112387747e+04 0.000000000000000000e+00
-1.042139323286582879e+02 -1.042072313875609524e+02 2.585087267638286682e-02 6.126748874878836796e+04 0.000000000000000000e+00
-1.107141555012777303e+02 -1.107253060442656789e+02 7.898205651540212563e-03 1.647304614495416899e+04 0.000000000000000000e+00
-1.053124612191306539e+02 -1.053110785624592580e+02 8.826194098826366241e-03 1.643160626366896395e+04 0.000000000000000000e+00
-1.025410203410452539e+02 -1.025475395416231379e+02 8.141304706200454266e-03 1.638713655545018264e+04 0.000000000000000000e+00
-1.063477112998806575e+02 -1.063004452831868747e+02 1.771515434355565646e-02 1.634400445861420303e+04 0.000000000000000000e+00
-1.024403712744138772e+02 3.346259694377704960e+17 1.278730416355777919e+02 1.635151477713421082e+04 0.000000000000000000e+00
-1.054065708259736454e+02 -1.054047196485547175e+02 6.388772477674418276e-03 1.635151477713421082e+04 0.000000000000000000e+00
-1.053372923387266979e+02 -1.053359431145143930e+02 6.563890774310918511e-03 1.630763356816817213e+04 0.000000000000000000e+00
-1.079219459168633790e+02 -1.079222909855118644e+02 7.609241506080204748e-03 1.626396857437418475e+04 0.000000000000000000e+00
-1.107657616489478443e+02 -1.107747729507080123e+02 7.026268369317064354e-03 1.622049207629076591e+04 0.000000000000000000e+00
-1.027603315451865171e+02 -1.027522296441747329e+02 1.038723924680661284e-02 1.617940755470052864e+04 0.000000000000000000e+00
-9.974151735114209316e+01 -9.974466544573594717e+01 1.267686429934760522e-02 1.613766790600583045e+04 0.000000000000000000e+00
-1.079310396402333794e+02 -1.079558080823233155e+02 1.254361991356976389e-02 5.973318658056698041e+04 0.000000000000000000e+00
-9.719681551016586241e+01 -9.716511013621996540e+01 1.845388950052506694e-02 5.959110724209623731e+04 0.000000000000000000e+00
-1.080141446934418212e+02 -1.080214715970720221e+02 6.735968553380018188e-03 1.601132109467940063e+04 0.000000000000000000e+00
-1.051835029892042854e+02 -1.052035835184157833e+02 1.352300528266677827e-02 5.933529400225285644e+04 0.000000000000000000e+00
-9.420313938340015625e+01 -9.420376923506722733e+01 3.139849476803396183e-02 5.918983191019725928e+04 0.000000000000000000e+00
-1.054651796639090549e+02 -1.054623513152219658e+02 1.334152980737132212e-02 5.903490394039965031e+04 0.000000000000000000e+00
-1.025414252719798185e+02 -1.025537849374188966e+02 1.228170114532165999e-02 5.888093920995254302e+04 0.000000000000000000e+00
-1.054004114099818281e+02 -1.054095015855746880e+02 7.210046291298006886e-03 1.582263748746955207e+04 0.000000000000000000e+00
-1.052006781258530026e+02 -1.051979167518667992e+02 7.280899709782657526e-03 1.578375381576677682e+04 0.000000000000000000e+00
-9.850768507754440861e+01 -9.845464562321078006e+01 1.627711555796136980e-02 1.574304633404782180e+04 0.000000000000000000e+00
-9.732483458819078237e+01 -9.730003191098441562e+01 2.192240778542320009e-02 5.841225318953920214e+04 0.000000000000000000e+00
-1.080455303156469995e+02 -1.080632737142420297e+02 7.943826558544128669e-03 5.827601049756877183e+04 0.000000000000000000e+00
-1.053356575783139846e+02 -1.053354218284069930e+02 5.070205476526114946e-03 1.569822708383252393e+04 0.000000000000000000e+00
-1.081113531990427532e+02 -1.081139884230892818e+02 1.001853178645143415e-02 5.798699310866189626e+04 0.000000000000000000e+00
-1.052567181981740134e+02 -1.052613480296027433e+02 8.734083712685452444e-03 5.783890918030855391e+04 0.000000000000000000e+00
-1.026342447158243658e+02 -1.025971996493709071e+02 1.039579667907701045e-02 5.769187989109036425e+04 0.000000000000000000e+00
-1.037127653293377278e+02 -1.036944775842643196e+02 1.739697385426468984e-02 1.553908487025571048e+04 0.000000000000000000e+00
-1.107152943786262966e+02 -1.107216999490675562e+02 6.311834570913472421e-03 1.550716721410294849e+04 0.000000000000000000e+00
-1.053278371337917036e+02 -1.053333624704954730e+02 4.338464878559941153e-03 1.546891976720973616e+04 0.000000000000000000e+00
-9.908490062076313620e+01 -9.911630672869530656e+01 3.184977504702784373e-02 5.725486066785246658e+04 0.000000000000000000e+00
-1.080583364538052962e+02 -1.080423230368491687e+02 7.579673921604282785e-03 5.713188337605701236e+04 0.000000000000000000e+00
-9.992776770903824968e+01 -9.995146957231064277e+01 1.329172232272027993e-02 5.699469294645378250e+04 0.000000000000000000e+00
-1.053568199925566091e+02 -1.053543108965060640e+02 6.464217846309476892e-03 1.550376464748591752e+04 0.000000000000000000e+00
-1.026278239879348462e+02 -1.026297226040708637e+02 5.051432215575381128e-03 1.546516253583312027e+04 0.000000000000000000e+00
-1.026233437925559429e+02 -1.026230811933192371e+02 7.451351330698385497e-03 1.542665944910040889e+04 0.000000000000000000e+00
-1.026208525771973541e+02 -1.026005083665779267e+02 8.874650072613027990e-03 5.650408130561963480e+04 0.000000000000000000e+00
-1.080561510128212603e+02 -1.080683314441530598e+02 7.721041837033789171e-03 5.637412765192852385e+04 0.000000000000000000e+00
-1.043017144136979084e+02 -1.043367787139210208e+02 1.528710225025556486e-02 1.531306408903574265e+04 0.000000000000000000e+00
-1.053482890976041233e+02 -1.053474763676370571e+02 7.054785739813469216e-03 1.530112979186906705e+04 0.000000000000000000e+00
-1.080693920592200215e+02 -1.080750361391495460e+02 5.202259120787273289e-03 1.526346268777875048e+04 0.000000000000000000e+00
-1.026901623976900453e+02 -1.026916635817563304e+02 7.284671425985033213e-03 1.522673280436824825e+04 0.000000000000000000e+00
-1.024718559129246813e+02 -1.024528603805750890e+02 1.226068935369257519e-02 5.576920342066936428e+04 0.000000000000000000e+00
-1.026194269434908506e+02 -1.026202162413525087e+02 5.941779965230554669e-03 1.515242127226550110e+04 0.000000000000000000e+00
-1.037145032706009289e+02 -1.035961368302590984e+02 2.253046748869425714e-02 5.552456210267354618e+04 0.000000000000000000e+00
-1.026207863084247691e+02 -1.025953182575946556e+02 7.648103957453957977e-03 5.570322595889674267e+04 0.000000000000000000e+00
-1.022688482680890871e+02 -1.022627843885793197e+02 1.400905817796095978e-02 1.519254504844503390e+04 0.000000000000000000e+00
-1.107141675604450199e+02 -1.107162647342782265e+02 1.020627066853014436e-02 5.548236003940895898e+04 0.000000000000000000e+00
-9.429111848888705083e+01 -9.431374617056746956e+01 2.337699452958662966e-02 5.534849032470519160e+04 0.000000000000000000e+00
-9.453323744342685586e+01 -9.453292263915479055e+01 2.004488076650465245e-02 1.509200093203793767e+04 0.000000000000000000e+00
-1.025769641286528895e+02 -1.025817762181435882e+02 6.147513232272128897e-03 1.505570573735638391e+04 0.000000000000000000e+00
-1.027351797617507714e+02 -1.027231024128853534e+02 1.213800699783530203e-02 1.502007544861823953e+04 0.000000000000000000e+00
-1.053943653285749491e+02 -1.054014979264669307e+02 6.091734604530516482e-03 1.498713162202599233e+04 0.000000000000000000e+00
-1.053180312903428160e+02 -1.053167148388728975e+02 6.594364502763666765e-03 1.495256927303675366e+04 0.000000000000000000e+00
-1.025828308428595079e+02 -1.025858875949770095e+02 5.600030439828231760e-03 1.491700500807866592e+04 0.000000000000000000e+00
-1.052282744169336581e+02 -1.052294562669227389e+02 6.456723761642598099e-03 1.488178183983057170e+04 0.000000000000000000e+00
-1.053340948332856755e+02 -1.053300077709139515e+02 8.631782368278878917e-03 5.451987326029348333e+04 0.000000000000000000e+00
-1.080866525067168737e+02 -1.080950897012280620e+02 8.800820340009870082e-03 1.481145926575235353e+04 0.000000000000000000e+00
-1.067772462940592249e+02 -1.067564950696173014e+02 1.933038331200264553e-02 5.433881092732301477e+04 0.000000000000000000e+00
-1.053304823355855007e+02 -1.053374589520492464e+02 1.081843182593375703e-02 5.422051392824478535e+04 0.000000000000000000e+00
-1.025332426842448399e+02 -1.025416439467851291e+02 1.009019580851092113e-02 5.409432054061104282e+04 0.000000000000000000e+00
