-1.057420274167545386e+02 -1.053185009050423560e+02 2.028130325029224579e-01 1.509505950375759858e+05 0.000000000000000000e+00
-8.684013649238512755e+01 -8.629866911314861966e+01 2.093286728476274616e-01 2.737222269531090933e+04 0.000000000000000000e+00
-8.717859581055432727e+01 -8.658032587066226426e+01 3.054007791467845401e-01 1.640180039745250251e+05 0.000000000000000000e+00
-1.026584013833476661e+02 -1.026046051020625214e+02 1.052607322900065145e-01 1.783859300218700082e+05 0.000000000000000000e+00
-8.393130764244216380e+01 -8.343061428609586017e+01 4.218843424164862577e-01 1.723984751057017711e+05 0.000000000000000000e+00
-1.055808400518679093e+02 -1.054228330313936368e+02 1.725211535390711592e-01 1.739168291572763410e+05 0.000000000000000000e+00
-6.518872935806572855e+01 -6.260841751046343262e+01 1.237922825793080106e+00 1.709161428036630678e+05 0.000000000000000000e+00
-7.893532660794201661e+01 -7.875967643781852701e+01 3.025007697224061931e-01 1.894484504307905736e+05 0.000000000000000000e+00
-9.491367510972183652e+01 -9.482271453929914173e+01 1.355825723700532226e-01 1.850128113858257711e+05 0.000000000000000000e+00
-6.009157994497141431e+01 -5.997535799102023901e+01 3.544683176737113972e-01 1.806467347337775864e+05 0.000000000000000000e+00
-9.166403204877397570e+01 -9.168086809999338982e+01 1.767827684971471636e-01 1.755800715110771707e+05 0.000000000000000000e+00
-1.026019178428538510e+02 -1.026026071821644052e+02 5.811759772447822742e-02 1.704425504101080587e+05 0.000000000000000000e+00
-6.571818300070962948e+01 -6.530104186389613119e+01 3.046823715075442363e-01 3.882405583301793376e+04 0.000000000000000000e+00
-9.874826370996157721e+01 -9.876188960477372802e+01 1.523885052867516021e-01 1.612616025467972504e+05 0.000000000000000000e+00
-1.003386011391776975e+02 -1.003753647715077193e+02 1.315202695937002786e-01 1.569242669296259992e+05 0.000000000000000000e+00
-1.052173010123282921e+02 -1.052328121299948833e+02 8.616031140120335163e-02 1.529571908849485044e+05 0.000000000000000000e+00
-9.341752206603187858e+01 -9.304086454976560105e+01 9.697105427413993395e-02 3.756614157324057305e+04 0.000000000000000000e+00
-1.035837640866525646e+02 -1.035450947663637180e+02 1.600746814929208672e-01 1.514270399075228779e+05 0.000000000000000000e+00
-9.465740557680759082e+01 -9.456238660332462587e+01 4.641807001065681448e-02 4.580832959904633026e+04 0.000000000000000000e+00
-1.052818616522172590e+02 -1.053010744744364615e+02 5.111967339876581640e-02 1.445567009401560063e+05 0.000000000000000000e+00
-1.010529826209866258e+02 -1.010112141575968536e+02 7.871943542397455418e-02 1.412732732357092609e+05 0.000000000000000000e+00
-9.989846615073842884e+01 -9.991927300896969655e+01 7.184660689528177269e-02 1.383409213672883925e+05 0.000000000000000000e+00
-8.544659616793346402e+01 -8.545903496592630688e+01 1.416638097555254494e-01 1.353407565267451573e+05 0.000000000000000000e+00
-1.080189187546696132e+02 -1.080699516118958314e+02 6.828629506996126974e-02 1.324082668432699284e+05 0.000000000000000000e+00
-1.079843709237408405e+02 -1.079291739189501413e+02 6.686605700530148799e-02 4.207412014919083595e+04 0.000000000000000000e+00
-7.907403348117996700e+01 -7.899298458705432324e+01 1.176296888546389113e-01 1.274385576169226988e+05 0.000000000000000000e+00
-1.026488892991871751e+02 -1.026473331835045570e+02 5.964900512537920502e-02 4.065613138651010377e+04 0.000000000000000000e+00
-1.009660292811196882e+02 -1.009474262120446468e+02 5.817451159374440600e-02 1.230267478667810210e+05 0.000000000000000000e+00
-9.207123082836305628e+01 -9.211859641269094823e+01 8.147109555549660043e-02 1.206661672259419720e+05 0.000000000000000000e+00
-9.995378927426435212e+01 -1.000060561580860536e+02 6.209347022449999975e-02 1.186112803010542993e+05 0.000000000000000000e+00
-1.052324894041222763e+02 -1.052550848605622065e+02 4.077388899615665141e-02 1.167771533086365962e+05 0.000000000000000000e+00
-1.053539970758559434e+02 -1.053816606570028966e+02 5.410228971996845770e-02 1.146994396907556074e+05 0.000000000000000000e+00
-9.207298054940561371e+01 -9.206130606232960645e+01 5.692547319603484535e-02 1.127298462888187933e+05 0.000000000000000000e+00
-9.864336451145527462e+01 -9.850975665501873380e+01 7.254336171774508624e-02 1.107382961670514487e+05 0.000000000000000000e+00
-1.000861773107868231e+02 -1.000870568282316100e+02 5.722178725753820916e-02 1.109631061807246006e+05 0.000000000000000000e+00
-1.001451166211079027e+02 -1.001496474313970992e+02 3.944121379283104661e-02 1.090499650496117829e+05 0.000000000000000000e+00
-1.013507125973916487e+02 -1.014877677200157393e+02 1.166793395570610015e-01 1.072045568712648819e+05 0.000000000000000000e+00
-9.974020685088541427e+01 -9.974946893954103189e+01 5.895766583411963385e-02 1.068376606444941281e+05 0.000000000000000000e+00
-9.993626422177547397e+01 -9.994458982218095855e+01 3.747449357302585354e-02 1.050978319875898451e+05 0.000000000000000000e+00
-1.037934615359860402e+02 -1.037427924825019829e+02 5.891153941174565034e-02 3.626899829937751929e+04 0.000000000000000000e+00
-1.001252160793070232e+02 -1.001763625732773448e+02 7.651530394756733688e-02 1.018214153687487997e+05 0.000000000000000000e+00
-9.154703838118186354e+01 -9.151685492807507671e+01 7.703022868387995881e-02 1.004872991172426846e+05 0.000000000000000000e+00
-1.025694530884638169e+02 -1.025672208974259263e+02 3.742603366262398090e-02 9.902473979746447003e+04 0.000000000000000000e+00
-1.000905081248927218e+02 -1.000669892883125272e+02 3.693778204216021516e-02 9.752504241059282504e+04 0.000000000000000000e+00
-1.055643180005207995e+02 -1.056225160198841593e+02 5.787285315184636375e-02 9.614049545666252379e+04 0.000000000000000000e+00
-9.301558684654689557e+01 2.944034169969428750e+14 6.714337993151401918e+01 4.508233468627639013e+03 0.000000000000000000e+00
-9.721496034126418806e+01 -9.723410960773082934e+01 6.163616068466349490e-02 9.510264223351581313e+04 0.000000000000000000e+00
-9.183985101532660167e+01 -9.177953625745318789e+01 5.730166425942249259e-02 3.357259814125858247e+04 0.000000000000000000e+00
-9.727399984732878124e+01 -9.727106790609290954e+01 3.973452645919572229e-02 9.246072852229683485e+04 0.000000000000000000e+00
-8.940097468587936191e+01 -8.934094118329353762e+01 4.956102554385791864e-02 3.289180267800203001e+04 0.000000000000000000e+00
-1.079642204659557478e+02 -1.079588312498260052e+02 3.316590082478875628e-02 8.993281023206544342e+04 0.000000000000000000e+00
-1.106893317481098649e+02 -1.107182543599223123e+02 4.066516214993042000e-02 8.870376578792787041e+04 0.000000000000000000e+00
-1.080588035995284031e+02 -1.080603365828022930e+02 3.282318691445403752e-02 8.760713710653329326e+04 0.000000000000000000e+00
-9.989517459365664820e+01 -9.985353385370135015e+01 4.346851705171510954e-02 8.643945169248228194e+04 0.000000000000000000e+00
-9.585515554051937670e+01 -9.582959992691874618e+01 4.926753803703695644e-02 8.548214756612910423e+04 0.000000000000000000e+00
-1.080862792346306662e+02 -1.080991721546524076e+02 2.948694779525082299e-02 8.444309481439187948e+04 0.000000000000000000e+00
-1.024640231428876973e+02 -1.024795126533178689e+02 3.641585358421702695e-02 3.068849710170671460e+04 0.000000000000000000e+00
-8.388123800630440030e+01 -8.394711555522185620e+01 9.032304701804984293e-02 3.032042007508121969e+04 0.000000000000000000e+00
-9.838881170942576659e+01 -9.835446177179684923e+01 4.409457389056055387e-02 8.139996698678024404e+04 0.000000000000000000e+00
-1.001338384186171737e+02 -1.001496924276295175e+02 3.372571850930091569e-02 8.051482595829665661e+04 0.000000000000000000e+00
-9.634497573051868358e+01 -9.639205922811727589e+01 5.328278076704601879e-02 2.980230017525253061e+04 0.000000000000000000e+00
-9.719971511695929678e+01 -9.715586701733660391e+01 3.285789509427961691e-02 2.958398417683677326e+04 0.000000000000000000e+00
-1.106444935458403620e+02 -1.106567873945783020e+02 3.193701981788087119e-02 7.839070042507478502e+04 0.000000000000000000e+00
-9.194183677392807397e+01 -9.192681418334683485e+01 3.868927454218578504e-02 7.748537120223211241e+04 0.000000000000000000e+00
-9.830239388476339002e+01 -9.828447676681491885e+01 3.482472963989582254e-02 7.660509255123812181e+04 0.000000000000000000e+00
-1.035491799211719410e+02 -1.035389955537527698e+02 3.176191025990129230e-02 2.847339698937584399e+04 0.000000000000000000e+00
-9.183144457321942866e+01 -9.178764142561938399e+01 3.389368891652110027e-02 7.492769578392850235e+04 0.000000000000000000e+00
-9.458417689238447679e+01 -9.457031103181331844e+01 3.750241630586290814e-02 2.798979606663297454e+04 0.000000000000000000e+00
-1.026715451147665590e+02 -1.026872026473777737e+02 2.796407806872347121e-02 7.345072648199654941e+04 0.000000000000000000e+00
-9.421740894614562478e+01 -9.421314293663498063e+01 4.800711105854617300e-02 7.266639690820832038e+04 0.000000000000000000e+00
-1.080553229412462173e+02 -1.080675322514092471e+02 2.219727582861660484e-02 7.187756108918620157e+04 0.000000000000000000e+00
-1.041880513780462962e+02 -1.041588777911838264e+02 3.302584698085758025e-02 2.690928703565856631e+04 0.000000000000000000e+00
-1.053772860411678209e+02 -1.053913626622311739e+02 2.277690413071003714e-02 7.042414437628588348e+04 0.000000000000000000e+00
-9.184095084827374933e+01 -9.184925146326973788e+01 3.283225457641428952e-02 6.970168617293189163e+04 0.000000000000000000e+00
-1.032570735258934889e+02 -1.032286942350125258e+02 2.475773334735833706e-02 3.763050003704576284e+03 0.000000000000000000e+00
-1.038173981899166165e+02 -1.037429469655658920e+02 2.956837205686618786e-02 6.855504586017539259e+04 0.000000000000000000e+00
-1.026425832269380862e+02 -1.026448592458274476e+02 2.335147561892596951e-02 6.835481870524144324e+04 0.000000000000000000e+00
-1.031955552867645309e+02 -1.032044713454320828e+02 5.299698713992016808e-02 2.588355872989010459e+04 0.000000000000000000e+00
-1.106968774367527999e+02 -1.107156426966925551e+02 2.411834842264562809e-02 6.728003174971201224e+04 0.000000000000000000e+00
-8.385398683978721124e+01 -8.379025401720308253e+01 3.106996797597868024e-02 6.664796397195948521e+04 0.000000000000000000e+00
-1.014844878740343859e+02 -1.014592379681749463e+02 2.659499179263692670e-02 2.523716509972005224e+04 0.000000000000000000e+00
-1.054911643296862991e+02 -1.055200558642247302e+02 2.793013118233190345e-02 6.577884285520645790e+04 0.000000000000000000e+00
-9.485037951067972983e+01 -9.483010012612351147e+01 4.821810682660270658e-02 6.521646026145735232e+04 0.000000000000000000e+00
-1.052187776021257690e+02 -1.052113803214953549e+02 3.062930885727867258e-02 6.462429409852838580e+04 0.000000000000000000e+00
-1.054508764583537044e+02 -1.054634700312543032e+02 2.006485644786760308e-02 6.401884801711963519e+04 0.000000000000000000e+00
-1.134467886542855837e+02 -1.134432290269787984e+02 3.173099997084281171e-02 3.554711286669805759e+03 0.000000000000000000e+00
-1.079880580564137489e+02 -1.079914828672960283e+02 1.824341732609423630e-02 6.309948295857991616e+04 0.000000000000000000e+00
-1.080619012443696931e+02 -1.080689425655572080e+02 1.868310517473657784e-02 2.390328663260950998e+04 0.000000000000000000e+00
-9.486435272609753611e+01 -9.489805532074539940e+01 4.202400868280794372e-02 6.195311362441568053e+04 0.000000000000000000e+00
-8.923580967597962399e+01 -8.921969566887068481e+01 2.725368703725211325e-02 2.351247948224642823e+04 0.000000000000000000e+00
-1.000259954479195130e+02 -9.999742155535214749e+01 3.050210433715477149e-02 6.093373538609807292e+04 0.000000000000000000e+00
-8.388050649848571538e+01 -8.384760039934509734e+01 3.512124966879543592e-02 6.045352112400927581e+04 0.000000000000000000e+00
-1.035503721000586950e+02 -1.035275728417703647e+02 3.011822657977867093e-02 6.000073648273271829e+04 0.000000000000000000e+00
-1.080456887192790276e+02 -1.080491732553264370e+02 1.701436541390546897e-02 5.951756757080133684e+04 0.000000000000000000e+00
-1.080700037910956013e+02 -1.080677332529560459e+02 1.661425706335482866e-02 2.258278221154308994e+04 0.000000000000000000e+00
-1.008986481983035048e+02 -1.008880438595627282e+02 2.007798114304537584e-02 5.850291844234670134e+04 0.000000000000000000e+00
-1.018794641251370336e+02 -1.018857189872870208e+02 2.966552594767843734e-02 5.801679263575260120e+04 0.000000000000000000e+00
-1.080710075666613648e+02 -1.080613559728903255e+02 1.490318623958644846e-02 2.205247104881941777e+04 0.000000000000000000e+00
-1.053652486180762935e+02 -1.053729253208786076e+02 1.544927266384853518e-02 5.705316153411658888e+04 0.000000000000000000e+00
-9.205265107982981476e+01 -9.199911293328167972e+01 3.464840694816095218e-02 5.658637293951079482e+04 0.000000000000000000e+00
-1.080189872044130937e+02 -1.080239020957160818e+02 1.531293710934556081e-02 5.631082074482299504e+04 0.000000000000000000e+00
-9.719174731963853731e+01 -9.718093762997727936e+01 2.142930476898050746e-02 5.585494870535117661e+04 0.000000000000000000e+00
-1.052944233812485209e+02 -1.053046143177894294e+02 2.023750950315586841e-02 5.541327900681733445e+04 0.000000000000000000e+00
-1.052464655271786853e+02 -1.052507086102646525e+02 1.747155666268275509e-02 5.497782508358694758e+04 0.000000000000000000e+00
-9.468974880144659778e+01 -9.472488578792651026e+01 2.734140652318004655e-02 5.454285607480888575e+04 0.000000000000000000e+00
-1.053353123781295295e+02 -1.053295186524614877e+02 1.948228363515593087e-02 5.419660398905243346e+04 0.000000000000000000e+00
-1.080203230985213168e+02 -1.080165702295110322e+02 1.300203048809355638e-02 2.063556321699550608e+04 0.000000000000000000e+00
-9.480972669765976946e+01 -9.482721655050900722e+01 2.769608652836559951e-02 5.336093918842059793e+04 0.000000000000000000e+00
-1.053794637396126603e+02 -1.053769328608608760e+02 1.753660337795530377e-02 5.296994413285624614e+04 0.000000000000000000e+00
-9.712185719127236894e+01 -9.712832778775329245e+01 2.205280974240089731e-02 5.256605604803965980e+04 0.000000000000000000e+00
-1.037295267233728708e+02 -1.037670707754797803e+02 2.265693133353609279e-02 2.003592345563811978e+04 0.000000000000000000e+00
-1.053706063321835416e+02 -1.053796386512576646e+02 1.578093484439758651e-02 5.185287424675276998e+04 0.000000000000000000e+00
-1.080072691397672031e+02 -1.080132838852757828e+02 1.438864619702403744e-02 5.147186857587164559e+04 0.000000000000000000e+00
-9.826154567500830694e+01 -9.826166750713649378e+01 2.473546642385418895e-02 5.109335397944903525e+04 0.000000000000000000e+00
-9.196880274061894056e+01 -9.196443529763303104e+01 2.532877167639110624e-02 5.071765754550461133e+04 0.000000000000000000e+00
-1.016905770189357554e+02 -1.017835339211876260e+02 3.384016832009624498e-02 5.034895697995952651e+04 0.000000000000000000e+00
-1.023930102920935212e+02 -1.025265516455356618e+02 6.395010714674120855e-02 5.049587846869543137e+04 0.000000000000000000e+00
-1.025443992026510216e+02 -1.025519177098296240e+02 1.392103271723582614e-02 5.084739459134724166e+04 0.000000000000000000e+00
-1.015335350295825521e+02 -1.015400000103209948e+02 1.749324573251294021e-02 1.968981891206075670e+04 0.000000000000000000e+00
-9.463861099454295811e+01 -9.463571746299095366e+01 2.495763984553330331e-02 5.013282533467799658e+04 0.000000000000000000e+00
-1.035910514167876642e+02 -1.035668025758447897e+02 1.990746204096695629e-02 4.978022208387246792e+04 0.000000000000000000e+00
-9.727111084727887658e+01 -9.728800260768703367e+01 2.183984531817517033e-02 4.947014027199018892e+04 0.000000000000000000e+00
-1.053136555926507469e+02 -1.053243375398374724e+02 1.221165460379637635e-02 4.914446687622833997e+04 0.000000000000000000e+00
-1.080400497628459959e+02 -1.080481348915212294e+02 1.574488508031701706e-02 4.881312761211059842e+04 0.000000000000000000e+00
-9.443713733561817492e+01 -9.445861966117159625e+01 2.310820783084723690e-02 1.890544449998120763e+04 0.000000000000000000e+00
-1.080764524665652431e+02 -1.080778735596951350e+02 1.549288242623424530e-02 4.818549646187035250e+04 0.000000000000000000e+00
-1.052517022232148065e+02 -1.052523190862773390e+02 1.378256535931288336e-02 1.867333905991585925e+04 0.000000000000000000e+00
-1.032731608476027816e+02 -1.031979956145802930e+02 2.509100106491644194e-02 4.753993937652801105e+04 0.000000000000000000e+00
-1.079593056745208060e+02 -1.079637862216261226e+02 1.250209302037621518e-02 1.860617631421327678e+04 0.000000000000000000e+00
-1.000164064249212998e+02 -1.000342313167701889e+02 1.880741546033168690e-02 4.724085888858688122e+04 0.000000000000000000e+00
-1.026955459611181709e+02 -1.027068203820629435e+02 1.123097540689436437e-02 1.836319723570208225e+04 0.000000000000000000e+00
-1.041019732030016627e+02 -1.041015327823489258e+02 2.228599059500252846e-02 4.667130495465946296e+04 0.000000000000000000e+00
-1.025583943268190126e+02 -1.025602647562827485e+02 1.338466298644061699e-02 4.636823370268246072e+04 0.000000000000000000e+00
-1.053425275939120382e+02 -1.053501703881073297e+02 1.165818817533667909e-02 4.606925164645138284e+04 0.000000000000000000e+00
-1.062480949243933708e+02 -1.062488977907841701e+02 1.698730897840921086e-02 4.577738268399226217e+04 0.000000000000000000e+00
-1.080576106622686581e+02 -1.080613382605452131e+02 1.375915274301358314e-02 4.548582851704437053e+04 0.000000000000000000e+00
-9.610424385938691216e+01 -9.609364043562533197e+01 2.582369962502451682e-02 4.519888331656921946e+04 0.000000000000000000e+00
-1.079954784467229558e+02 -1.080050051827791435e+02 1.322373498285428148e-02 4.492062361550095375e+04 0.000000000000000000e+00
-9.717682016167358938e+01 -9.717659451606506593e+01 1.656520739354245403e-02 4.464548967796508077e+04 0.000000000000000000e+00
-1.080101569278300957e+02 -1.080191197544532571e+02 1.153749076236879230e-02 4.436820452331695560e+04 0.000000000000000000e+00
-1.053161247296268783e+02 -1.053164439580465341e+02 1.328441597293944336e-02 4.409927929659046640e+04 0.000000000000000000e+00
-9.983416669032862956e+01 -9.983860260348424731e+01 1.388374851768894511e-02 4.382872606483557320e+04 0.000000000000000000e+00
-1.014948748221425916e+02 -1.015040131458300863e+02 1.873597872404761389e-02 4.356258273283216113e+04 0.000000000000000000e+00
-1.079961750373681753e+02 -1.080049912616465946e+02 1.258597773785564457e-02 4.330286188562122697e+04 0.000000000000000000e+00
-9.353713141165967215e+01 -9.352813103837821984e+01 3.220927977809195236e-02 4.304665892667596199e+04 0.000000000000000000e+00
-1.081075586840843386e+02 -1.081192501896491365e+02 1.465362318328211101e-02 4.279344627241636044e+04 0.000000000000000000e+00
-1.053026424508914403e+02 -1.053074120347160232e+02 9.509303865419633725e-03 1.674929890953106224e+04 0.000000000000000000e+00
-1.052848814838038010e+02 -1.052837575235916319e+02 4.854306909836148334e-03 2.461513429174461635e+03 0.000000000000000000e+00
-9.884776618881882371e+01 -9.881726614854373736e+01 2.047538197952026434e-02 4.206469429560352728e+04 0.000000000000000000e+00
-9.876255027969719436e+01 -9.877767466384314332e+01 1.733747604389545768e-02 1.646415417049498865e+04 0.000000000000000000e+00
-1.081819094377568007e+02 -1.082174534036610112e+02 1.782294438652679003e-02 4.163898654849969171e+04 0.000000000000000000e+00
-1.079933652918603286e+02 -1.080040098799610320e+02 1.232172177905784850e-02 4.146629713079057547e+04 0.000000000000000000e+00
-1.080846433897421832e+02 -1.080970522349742140e+02 1.510134460966984678e-02 4.123443871341423801e+04 0.000000000000000000e+00
-1.027840252373745926e+02 -1.028099323203443305e+02 1.390696334269119101e-02 4.100770989732752787e+04 0.000000000000000000e+00
-9.828404531235963759e+01 -9.831201312464794739e+01 1.785557255762645901e-02 4.081010998857038066e+04 0.000000000000000000e+00
-1.014900859709019159e+02 -1.015472868067570573e+02 2.684230524095536710e-02 4.061919127016478888e+04 0.000000000000000000e+00
-1.107670662004831428e+02 -1.107699548748461922e+02 1.090219920744566265e-02 1.596440813607940254e+04 0.000000000000000000e+00
-9.738526195147638020e+01 -9.740527237115198034e+01 1.882983597634744349e-02 4.032413294681740808e+04 0.000000000000000000e+00
-1.053962713858871041e+02 -1.053671109110845379e+02 1.458441113408745320e-02 4.011943526333665795e+04 0.000000000000000000e+00
-1.053644688021251596e+02 -1.053750636484373047e+02 1.010201573429259092e-02 3.994099114774033660e+04 0.000000000000000000e+00
-9.995612587735936927e+01 -9.997942301560851774e+01 1.374885031827263043e-02 3.972748878519591381e+04 0.000000000000000000e+00
-9.565296561080366189e+01 -9.557782047737293851e+01 2.054668311219336879e-02 3.953781909314259974e+04 0.000000000000000000e+00
-9.728787952587420307e+01 -9.727363464307860852e+01 1.313902104433903317e-02 3.960032584060967201e+04 0.000000000000000000e+00
-1.053669366283654085e+02 -1.053454568911579088e+02 1.491692552910192822e-02 3.939668435674087959e+04 0.000000000000000000e+00
-9.716154052424010956e+01 -9.715562148755303440e+01 1.914176224152647557e-02 3.920737918575914955e+04 0.000000000000000000e+00
-9.466564321183228969e+01 -9.470495605619660751e+01 2.506710612926771678e-02 3.899965784700834047e+04 0.000000000000000000e+00
-1.052727283020297193e+02 -1.052800808863091504e+02 1.065939027693601875e-02 3.886100406523863057e+04 0.000000000000000000e+00
-9.448337232523303442e+01 -9.444624398948349153e+01 1.683477291515854748e-02 3.865803261480119545e+04 0.000000000000000000e+00
-1.042616794451772364e+02 -1.042495332170335161e+02 1.903649369660510501e-02 3.852124926534881524e+04 0.000000000000000000e+00
-1.054094371560172760e+02 -1.054239438254042653e+02 1.131301950772081906e-02 3.832603335243667243e+04 0.000000000000000000e+00
-1.026362171901430855e+02 -1.026425207644155080e+02 1.067196025867947311e-02 3.813692304381813301e+04 0.000000000000000000e+00
-1.106903827144106884e+02 -1.106941840367413050e+02 1.193975323910899736e-02 3.794106360762258555e+04 0.000000000000000000e+00
-9.993408112010230582e+01 -9.992694139253264041e+01 1.008885273404051819e-02 1.501416115945336605e+04 0.000000000000000000e+00
-1.011273739554672630e+02 -1.011587945982781918e+02 1.566849775278856063e-02 1.493948388280834661e+04 0.000000000000000000e+00
-9.984894687582186634e+01 -9.983112693211185729e+01 1.291473846704000936e-02 3.739924781355931191e+04 0.000000000000000000e+00
-1.026038224232475216e+02 -1.026203685085770445e+02 1.206806937447565085e-02 3.722483925754690426e+04 0.000000000000000000e+00
-1.016892030711431119e+02 -1.017499044722673176e+02 2.370718207744243813e-02 3.704953641969052842e+04 0.000000000000000000e+00
-1.027417742594013390e+02 -1.027566626698221484e+02 1.130895314572495126e-02 3.702272689374416223e+04 0.000000000000000000e+00
-9.477584113611203520e+01 -9.481496987990873038e+01 2.116937838871725541e-02 3.684820559599486296e+04 0.000000000000000000e+00
-1.014564784948489944e+02 -1.014685458196762653e+02 1.297967511997909565e-02 3.672950464185560850e+04 0.000000000000000000e+00
-1.052705654808623450e+02 -1.052690549502483037e+02 9.823467820344837856e-03 1.456279577423298724e+04 0.000000000000000000e+00
-1.001193816561944487e+02 -1.001412861908458041e+02 1.135310366189116148e-02 1.449114801753654683e+04 0.000000000000000000e+00
-1.080371395007502286e+02 -1.080287544778334023e+02 9.565415542001893742e-03 1.444184365264784719e+04 0.000000000000000000e+00
-1.014456764292868627e+02 -1.014324807562657327e+02 1.879585697298030364e-02 3.602740759704836091e+04 0.000000000000000000e+00
-1.026180665971679815e+02 -1.026227413469462277e+02 6.270705327218812491e-03 2.156435655140200652e+03 0.000000000000000000e+00
-1.026555687563108137e+02 -1.026617504004295114e+02 8.452146117067333916e-03 3.569679809962391300e+04 0.000000000000000000e+00
-9.850047252531325626e+01 -9.845637524082570735e+01 1.666875059774806586e-02 3.552684213253569033e+04 0.000000000000000000e+00
-1.080457789395356087e+02 -1.080488297785803127e+02 1.094625730828730631e-02 3.544393543908221181e+04 0.000000000000000000e+00
-1.031761918817557557e+02 -1.031572369358655692e+02 2.248219511381109592e-02 1.409104469364556826e+04 0.000000000000000000e+00
-1.081240802440276525e+02 -1.081330512410312252e+02 1.019169596040849293e-02 3.516075162081122107e+04 0.000000000000000000e+00
-1.025963477972099014e+02 -1.025798671918575025e+02 1.283431579301383234e-02 3.499870142009605479e+04 0.000000000000000000e+00
-1.053120862393621309e+02 -1.053078363039984140e+02 8.362453402403203367e-03 1.390451991950050069e+04 0.000000000000000000e+00
-1.054651704241582877e+02 -1.055106546680390665e+02 1.279964196872567135e-02 3.469664300743540662e+04 0.000000000000000000e+00
-1.052807822632079251e+02 -1.052789060452907108e+02 5.847559910931422744e-03 1.380700188841798990e+04 0.000000000000000000e+00
-1.000780143202034935e+02 -1.001168945801733514e+02 1.491756834365787904e-02 3.446610236315811926e+04 0.000000000000000000e+00
-1.053310993650604814e+02 -1.053336210637837809e+02 7.693047052106168071e-03 3.437088245286636084e+04 0.000000000000000000e+00
-9.543909424821866594e+01 -9.540268642095665541e+01 1.657770479439077405e-02 1.364725433224231165e+04 0.000000000000000000e+00
-1.053183808738419174e+02 -1.053194701773064708e+02 6.158832113689367317e-03 1.363502443466624754e+04 0.000000000000000000e+00
-1.053286443881256247e+02 -1.053315258937593768e+02 6.041658067617323297e-03 1.357306437350226042e+04 0.000000000000000000e+00
-1.026716115626616528e+02 -1.026758051798344553e+02 8.928090058623581321e-03 3.376082092856430972e+04 0.000000000000000000e+00
-1.080462714846071464e+02 -1.080536005538734798e+02 8.453058240619364117e-03 3.360942787848321314e+04 0.000000000000000000e+00
-1.080679742987550327e+02 -1.080760806431368906e+02 1.001271893335920621e-02 3.346117529351791018e+04 0.000000000000000000e+00
-1.079956369938795717e+02 -1.080002200800671233e+02 7.471835217011940991e-03 3.331477968287308613e+04 0.000000000000000000e+00
-9.989480553559545228e+01 -9.989806828799024174e+01 1.241908876791866095e-02 3.316765657127524173e+04 0.000000000000000000e+00
-1.026445391151773947e+02 -1.026378043823130923e+02 1.148778515635046592e-02 1.321962988254517040e+04 0.000000000000000000e+00
-1.079593026681001362e+02 -1.079651937732841986e+02 8.545091852796641782e-03 1.316285614427263681e+04 0.000000000000000000e+00
-1.025231488890827620e+02 -1.025218941664192442e+02 1.207440268965303404e-02 1.310656904731234135e+04 0.000000000000000000e+00
-9.991891715505573757e+01 -9.993094787121032141e+01 1.432225289735062496e-02 3.259611031143404034e+04 0.000000000000000000e+00
-1.052191848151865088e+02 -1.052237576194104633e+02 1.073124492661707216e-02 3.246015620818386014e+04 0.000000000000000000e+00
-9.058150023299187126e+01 -9.058693470988890795e+01 2.528261491411886580e-02 3.232054694936876331e+04 0.000000000000000000e+00
-1.052781971607740275e+02 -1.052830992906262253e+02 8.401121611937475628e-03 3.218210698016293827e+04 0.000000000000000000e+00
-1.001043269989220761e+02 -1.001513173258312719e+02 1.491585260770820695e-02 3.204496152344060829e+04 0.000000000000000000e+00
-9.426009211065077409e+01 -9.426897504200974254e+01 1.666402268048873536e-02 1.286169946208134570e+04 0.000000000000000000e+00
-1.014271613057480153e+02 -1.014206777411981903e+02 1.995206485859130768e-02 3.186393679099271685e+04 0.000000000000000000e+00
-1.012799549355135014e+02 -1.012292531504950119e+02 1.971825016238873754e-02 3.173061761346940330e+04 0.000000000000000000e+00
-1.033445556386619444e+02 -1.032861819519499136e+02 1.748655318095449634e-02 3.169250632464373120e+04 0.000000000000000000e+00
-9.417297931649737563e+01 -9.418283286481839411e+01 2.905649508912312717e-02 3.168906684724992738e+04 0.000000000000000000e+00
-9.935605682982354381e+01 4.792865180357220106e+20 1.776525253163298146e+02 3.156041975126920443e+04 0.000000000000000000e+00
-1.107466949862398167e+02 -1.107452985425231731e+02 9.418779789902926441e-03 1.270519628925405596e+04 0.000000000000000000e+00
-1.008327996463254692e+02 -1.008318703677988992e+02 1.442279175638395625e-02 1.265229485826281234e+04 0.000000000000000000e+00
-9.920576279746208570e+01 -9.919743106887563044e+01 1.685884170677179675e-02 3.131506674276017293e+04 0.000000000000000000e+00
-1.080463513643565676e+02 -1.080498215259470669e+02 9.063477912919634324e-03 3.118823987156498697e+04 0.000000000000000000e+00
-1.026605813053419780e+02 -1.026744893095812756e+02 7.580355010573551142e-03 3.106040526742669681e+04 0.000000000000000000e+00
-9.982410169644039399e+01 -9.982400024543453299e+01 1.117508473510410265e-02 3.094069340771513453e+04 0.000000000000000000e+00
-1.080776793548022852e+02 -1.080771454752818528e+02 1.141379366278549856e-02 3.081440597217122195e+04 0.000000000000000000e+00
-1.080489533782816522e+02 -1.080609114196105622e+02 7.923189281005707171e-03 1.235316128093507177e+04 0.000000000000000000e+00
-1.015449651095758554e+02 -1.015566563667090776e+02 1.013687381723574719e-02 1.897429562072801446e+03 0.000000000000000000e+00
-1.035297360039782433e+02 -1.035076943212532257e+02 1.123464916792962266e-02 3.059386083716956273e+04 0.000000000000000000e+00
-1.107674678497121334e+02 -1.107744357943241198e+02 9.604923467339735940e-03 3.048985111498343394e+04 0.000000000000000000e+00
-1.054229105742476946e+02 -1.054354051362341522e+02 7.700536886715942872e-03 3.036995970465181017e+04 0.000000000000000000e+00
-9.988617316011429637e+01 -9.988652316536328613e+01 1.000634735667583174e-02 3.025508712805722826e+04 0.000000000000000000e+00
-1.025972905920156251e+02 -1.026027194440301145e+02 1.258445297404183448e-02 3.013502266386385600e+04 0.000000000000000000e+00
-1.079724838635464295e+02 -1.079755639135193093e+02 9.018434930959931192e-03 3.001698104588205024e+04 0.000000000000000000e+00
-1.052469039296715323e+02 -1.052469963477058172e+02 5.641346489092534909e-03 1.852540502620614461e+03 0.000000000000000000e+00
-1.053460989746448035e+02 -1.053455583851172008e+02 9.649364927648292067e-03 1.202297607725616399e+04 0.000000000000000000e+00
-9.728983093807488558e+01 -9.728479759541525596e+01 1.269056382543143867e-02 2.967610772946086945e+04 0.000000000000000000e+00
-9.698359964542642331e+01 -9.698720196042548025e+01 1.369049723853586926e-02 2.956164425839038813e+04 0.000000000000000000e+00
-1.068740639422057228e+02 -1.068641011082101926e+02 1.598912602450932793e-02 2.944761330410926166e+04 0.000000000000000000e+00
-1.107689484771727422e+02 -1.107737569911757731e+02 9.034934135239902284e-03 2.933736808176725754e+04 0.000000000000000000e+00
-9.717234973698205636e+01 -9.716515048593622339e+01 1.168655582417756772e-02 2.922550300625137606e+04 0.000000000000000000e+00
-1.107658319604581578e+02 -1.107727627183481047e+02 9.427408410742988201e-03 2.911549411423318816e+04 0.000000000000000000e+00
-9.992753189694923321e+01 -9.993821131875279207e+01 1.466378476189444773e-02 2.900630430043783417e+04 0.000000000000000000e+00
-1.080642919449503552e+02 -1.080728026746574102e+02 7.019578754457298994e-03 2.890002697007904499e+04 0.000000000000000000e+00
-1.107661711909539690e+02 -1.107728119216035338e+02 9.192414201756374942e-03 2.879337306367767451e+04 0.000000000000000000e+00
-1.106932456690987152e+02 -1.106956403857880957e+02 8.424601254403234901e-03 2.868648014384875933e+04 0.000000000000000000e+00
-1.000000734189837317e+02 -9.999036925092681827e+01 9.906826021463263979e-03 2.857887116155865078e+04 0.000000000000000000e+00
-1.026374873854703083e+02 -1.026388863428103235e+02 4.916028469330751584e-03 1.151173117216581522e+04 0.000000000000000000e+00
-1.053177676540501437e+02 -1.053308101135790764e+02 9.038260498468451629e-03 2.836977087224804563e+04 0.000000000000000000e+00
-1.019619085080514509e+02 -1.019484668272246495e+02 1.685994853661673676e-02 2.827051723050768123e+04 0.000000000000000000e+00
-1.081033453550284378e+02 -1.081051890101371526e+02 8.319611115862698969e-03 2.817191770059396731e+04 0.000000000000000000e+00
-1.054107327959178377e+02 -1.054269431317148360e+02 7.794812769139296445e-03 1.135487754524651791e+04 0.000000000000000000e+00
-9.063203662056081100e+01 -9.062796710627817731e+01 1.812395644449750140e-02 2.799316456255968660e+04 0.000000000000000000e+00
-9.714215944430726779e+01 -9.714353575641442262e+01 1.331581067372769774e-02 2.789118801982387595e+04 0.000000000000000000e+00
-1.079874590821488596e+02 -1.079883618978607132e+02 9.206412830078142262e-03 2.778945031910388207e+04 0.000000000000000000e+00
-1.035228127185360449e+02 -1.034968186804458270e+02 1.053462046087142237e-02 2.768842830854063141e+04 0.000000000000000000e+00
-1.107668434477392054e+02 -1.107720863765403152e+02 4.716641427309076727e-03 1.732259166763385110e+03 0.000000000000000000e+00
-1.008748866327337623e+02 -1.008571491621126341e+02 9.900750475014253454e-03 2.751779919471804169e+04 0.000000000000000000e+00
-1.080479384438843056e+02 -1.080501302567740254e+02 7.774546551461698589e-03 2.743001768627765341e+04 0.000000000000000000e+00
-1.052757157312454694e+02 -1.052723895109993322e+02 7.594223826714303557e-03 1.105879612330812051e+04 0.000000000000000000e+00
-1.107580347892770618e+02 -1.107663743462798749e+02 6.555323059331479886e-03 1.101970911030575917e+04 0.000000000000000000e+00
-1.053019462818921141e+02 -1.053066417521402798e+02 5.371076384061145535e-03 1.098288202702554372e+04 0.000000000000000000e+00
-8.921554174785904934e+01 -8.924734804113582243e+01 1.813483431851994551e-02 2.704391813945311151e+04 0.000000000000000000e+00
-1.079964106191866335e+02 -1.080014263880798211e+02 6.352906050778118000e-03 2.697979070942926410e+04 0.000000000000000000e+00
-1.026371805317887436e+02 -1.026449135988061698e+02 8.253772466100166641e-03 2.688568415202664255e+04 0.000000000000000000e+00
-1.052728882565186268e+02 -1.052769152068236451e+02 7.378043887696112725e-03 2.679335106497304150e+04 0.000000000000000000e+00
-1.035380419094905875e+02 -1.035440979875319272e+02 5.464149951680217013e-03 1.677769827089206728e+03 0.000000000000000000e+00
-1.042939369655045425e+02 -1.042604144501012229e+02 1.387090575636362386e-02 1.076243010873401727e+04 0.000000000000000000e+00
-1.025261361220773040e+02 -1.025259268391232297e+02 8.382564754731328116e-03 2.651652353272995970e+04 0.000000000000000000e+00
-1.080623679969661595e+02 -1.080720433204594713e+02 6.356746545472670429e-03 1.072062747241097532e+04 0.000000000000000000e+00
-9.478758036928998365e+01 -9.480299565670466677e+01 1.988068344709406632e-02 2.633418423611740218e+04 0.000000000000000000e+00
-9.974553077929434153e+01 -9.974545937851249278e+01 1.136259400534056670e-02 1.067428369545116038e+04 0.000000000000000000e+00
-1.053951227552566365e+02 -1.054012968946152000e+02 6.951497977033890482e-03 2.616081203162163001e+04 0.000000000000000000e+00
-1.026169009097136353e+02 -1.026215742830113697e+02 6.901390923886521409e-03 2.607284162743242268e+04 0.000000000000000000e+00
-9.451092212136326509e+01 -9.451068312962101459e+01 1.156658657791580051e-02 1.057062176949075001e+04 0.000000000000000000e+00
-1.025755020083106075e+02 -1.025840556325335911e+02 5.133786476032078765e-03 1.053480836907485900e+04 0.000000000000000000e+00
-9.582693863959914893e+01 -9.576004963594022001e+01 2.008127436795574886e-02 2.581136807778788352e+04 0.000000000000000000e+00
-1.035791163577848408e+02 -1.035894108902557917e+02 1.012264704226513261e-02 1.055915705489384891e+04 0.000000000000000000e+00
-1.053578020034020142e+02 -1.053603653674109069e+02 4.892704611717102643e-03 1.052675863528438458e+04 0.000000000000000000e+00
-9.931364777846394531e+01 -9.931213359321787948e+01 1.359114920183066184e-02 2.568361504789842365e+04 0.000000000000000000e+00
-1.080330001431105416e+02 -1.080333000911120820e+02 7.400006624349717531e-03 2.559808502688241060e+04 0.000000000000000000e+00
-1.080678394223211569e+02 -1.080741626273338483e+02 6.058567878414283098e-03 2.551304281254471789e+04 0.000000000000000000e+00
-1.079914403413927317e+02 -1.079944552241880302e+02 6.154575619754238183e-03 2.542994187635133858e+04 0.000000000000000000e+00
-1.025752662682082814e+02 -1.025696721202390052e+02 6.412386111773448957e-03 1.035824800587325990e+04 0.000000000000000000e+00
-1.080691094911899484e+02 -1.080718033937082652e+02 6.542056853289099187e-03 2.526352501649061378e+04 0.000000000000000000e+00
-1.026372827893261075e+02 -1.026475295207377769e+02 9.022464883386356257e-03 2.518095091241380942e+04 0.000000000000000000e+00
-1.062397164396140141e+02 -1.062050135593765248e+02 1.055786180570802632e-02 2.510197810476638551e+04 0.000000000000000000e+00
-1.053161661498512274e+02 -1.053098640126388830e+02 6.521194383930488218e-03 2.505784068504405514e+04 0.000000000000000000e+00
-1.053314920020822854e+02 -1.053284114619058869e+02 7.048167260401563307e-03 2.497775828856854059e+04 0.000000000000000000e+00
-9.988440493046704205e+01 -9.988603818908018184e+01 8.022025030244499949e-03 2.489724303571821292e+04 0.000000000000000000e+00
-1.080741276941830478e+02 -1.080758170139511662e+02 4.790340855282723687e-03 1.013675240485868926e+04 0.000000000000000000e+00
-1.041594685197790682e+02 -1.042194974345428449e+02 1.738678478530112162e-02 2.473766172233897669e+04 0.000000000000000000e+00
-9.716284053471565585e+01 -9.717500693103139042e+01 8.609660687477899144e-03 2.476210576115417280e+04 0.000000000000000000e+00
-1.053497189732875654e+02 -1.053571182332942442e+02 4.946217162076173811e-03 2.468737795989533333e+04 0.000000000000000000e+00
-1.041332063138813169e+02 -1.041362917054841120e+02 1.195362399312557312e-02 2.461048359193420401e+04 0.000000000000000000e+00
-1.053521799724841941e+02 -1.053548825112681868e+02 7.860057253212171871e-03 2.453261352500378780e+04 0.000000000000000000e+00
-1.134429408077536863e+02 -1.134438363033484620e+02 1.028675755668434152e-02 1.000227531985502901e+04 0.000000000000000000e+00
-1.079977139436437312e+02 -1.080005495038207215e+02 5.292744161108983193e-03 2.437979585114071961e+04 0.000000000000000000e+00
-1.000682238183443218e+02 -1.000721663816331244e+02 8.186491209818711617e-03 2.430338525336736711e+04 0.000000000000000000e+00
-9.986335745218693205e+01 -9.986104896430317979e+01 8.026410611751313984e-03 2.422769377438543233e+04 0.000000000000000000e+00
-9.975147734743670469e+01 -9.975501568190323098e+01 9.394443522733615659e-03 2.415215256408085042e+04 0.000000000000000000e+00
-1.079618607407932274e+02 -1.079693399037983141e+02 7.784113841483679234e-03 9.847673934679125523e+03 0.000000000000000000e+00
-1.052989717340221887e+02 -1.053065709294665595e+02 6.946634181808652476e-03 2.400376370267107995e+04 0.000000000000000000e+00
-1.080716328614162194e+02 -1.080775922406231331e+02 6.394621253648408339e-03 2.393121960732472871e+04 0.000000000000000000e+00
-1.079689380373735190e+02 -1.079656085684648730e+02 7.639376624594415924e-03 2.385849022551669259e+04 0.000000000000000000e+00
-1.053028682662408499e+02 -1.053086223326367303e+02 6.299366301505306652e-03 2.378539992845223969e+04 0.000000000000000000e+00
-1.081187305505606844e+02 -1.081265186103969995e+02 7.357883464848875496e-03 2.371341544044795955e+04 0.000000000000000000e+00
-1.053275125757674004e+02 -1.053316181583239484e+02 5.307256263020699617e-03 2.364285346722916438e+04 0.000000000000000000e+00
-1.107150938337949242e+02 -1.107223899067818564e+02 7.276647896308163777e-03 2.357126405643004910e+04 0.000000000000000000e+00
-1.027506167486534139e+02 -1.027560981067485670e+02 8.719760188247615423e-03 2.350128770908825027e+04 0.000000000000000000e+00
-9.712348307500283795e+01 -9.712864810585871567e+01 7.345525497663868766e-03 9.591439334998403865e+03 0.000000000000000000e+00
-1.035987495332326773e+02 -1.035911292121044482e+02 9.989355963667932020e-03 2.336145335193512437e+04 0.000000000000000000e+00
-9.996106085761840632e+01 -9.997672436579711075e+01 7.441450329172745980e-03 2.329286039244172207e+04 0.000000000000000000e+00
-1.062502877526427909e+02 -1.062151251378192995e+02 9.801107849276624595e-03 2.322983503514314725e+04 0.000000000000000000e+00
-1.041637135217310686e+02 -1.041627153068430687e+02 9.485061464801098144e-03 2.319574839574167709e+04 0.000000000000000000e+00
-1.053223057880899773e+02 -1.053270768464084028e+02 5.949586700486763843e-03 2.312654174809681717e+04 0.000000000000000000e+00
-1.054060970604050880e+02 -1.054047828214868474e+02 6.044305254367427112e-03 9.430368600031182723e+03 0.000000000000000000e+00
-1.107701785803921837e+02 -1.107748230938738772e+02 6.729029016760326720e-03 2.299009085266520924e+04 0.000000000000000000e+00
-9.366906072234954195e+01 -9.364967783565741399e+01 1.235712990703338558e-02 2.292276480642536990e+04 0.000000000000000000e+00
-9.990167064016851839e+01 -9.989782026265294235e+01 8.337100422679892889e-03 2.286570183292644651e+04 0.000000000000000000e+00
-9.726310067325069042e+01 -9.717303000748727015e+01 2.538239624079804621e-02 2.279885602661449957e+04 0.000000000000000000e+00
-1.053381149989214407e+02 -1.053397378908704383e+02 6.299346452699864513e-03 2.291529825181393971e+04 0.000000000000000000e+00
-9.634883617437793646e+01 -9.640387803264630406e+01 1.457161262571571303e-02 2.284836399317913310e+04 0.000000000000000000e+00
-9.462942808210947021e+01 -9.463445187313858753e+01 9.133663610121368556e-03 2.286161118506779167e+04 0.000000000000000000e+00
-1.026288210587921839e+02 -1.026330150590363814e+02 4.884748379191356654e-03 9.330758413585219387e+03 0.000000000000000000e+00
-1.054383968102264078e+02 -1.054522697099919952e+02 8.133769378783234708e-03 2.273094740695793371e+04 0.000000000000000000e+00
-1.079926799627673404e+02 -1.079954251651800803e+02 5.215675275017070227e-03 2.267073937019169898e+04 0.000000000000000000e+00
-1.026906401892670857e+02 -1.026968445977319533e+02 6.958254350880772876e-03 9.254638451973629344e+03 0.000000000000000000e+00
-1.027020872438851882e+02 -1.027072886766068081e+02 5.402549201189694658e-03 9.229232683316615294e+03 0.000000000000000000e+00
-9.978514165651405676e+01 -9.978800513950950801e+01 9.432244350353152090e-03 2.248079034573249010e+04 0.000000000000000000e+00
-1.107648444814040829e+02 -1.107683489416346134e+02 6.437403911433639027e-03 2.241678175972985991e+04 0.000000000000000000e+00
-9.991369995590811470e+01 -9.991444251985450364e+01 6.260341696349654150e-03 9.153354233477270100e+03 0.000000000000000000e+00
-9.955887706733504672e+01 -9.952484571372760058e+01 1.335373916735836317e-02 2.228984890846755661e+04 0.000000000000000000e+00
-1.027918368397653381e+02 -1.027955094047171229e+02 7.297140953670898898e-03 2.225749280622877995e+04 0.000000000000000000e+00
-1.026353330708304981e+02 -1.026347385781957655e+02 6.425505914894098607e-03 2.219499984694516024e+04 0.000000000000000000e+00
-1.026780787871182667e+02 -1.026696950594736677e+02 5.569275935070398115e-03 9.107785497232875059e+03 0.000000000000000000e+00
-9.995926914036760991e+01 -9.992576272877371935e+01 8.889492481453943259e-03 2.207459020590788350e+04 0.000000000000000000e+00
-1.107163609763577767e+02 -1.107202656987053899e+02 5.827095943455556752e-03 2.204276612915330406e+04 0.000000000000000000e+00
-9.721827306551247716e+01 -9.721055011652744327e+01 1.190980265839032201e-02 2.198164382782757821e+04 0.000000000000000000e+00
-1.027020990631945097e+02 -1.027046816701845557e+02 5.902010594772858637e-03 2.192204053305750131e+04 0.000000000000000000e+00
-1.052420337753032271e+02 -1.052458940566313288e+02 7.200130748435112395e-03 2.186130783390812940e+04 0.000000000000000000e+00
-1.106948530777241615e+02 -1.106943938053931618e+02 6.218650414049559441e-03 2.180116763089919186e+04 0.000000000000000000e+00
-9.873898175806138511e+01 -9.883123950181038708e+01 1.875060434277579097e-02 2.174094518526141474e+04 0.000000000000000000e+00
-1.080990816261230520e+02 -1.080946025242169526e+02 7.031877065401283093e-03 9.068602843094873606e+03 0.000000000000000000e+00
-1.080124684039570013e+02 -1.080199387873313555e+02 5.523809651412573372e-03 2.182159493452583774e+04 0.000000000000000000e+00
-1.025624591593929438e+02 -1.025586271888846568e+02 4.459253301277592112e-03 9.019767548327024997e+03 0.000000000000000000e+00
-1.017885289592716873e+02 -1.018717318029037529e+02 1.689609085447080911e-02 2.170396813930994904e+04 0.000000000000000000e+00
-1.054008254290633744e+02 -1.054029094755668581e+02 5.262352719449138808e-03 2.181074975724321484e+04 0.000000000000000000e+00
-1.052613063959086332e+02 -1.052601996446536816e+02 6.539436677519405196e-03 2.175160440215958442e+04 0.000000000000000000e+00
-1.018519946724297398e+02 -1.018244313206947851e+02 1.166609905153015957e-02 2.169269600028142304e+04 0.000000000000000000e+00
-1.032001422945645999e+02 -1.032063441598398583e+02 1.434327838226552229e-02 2.165309423273245920e+04 0.000000000000000000e+00
-9.993599023922213576e+01 -9.994542323787760552e+01 8.050758726141983221e-03 2.159582538673956515e+04 0.000000000000000000e+00
-1.052290779093051611e+02 -1.052244802392613252e+02 6.583425910353828299e-03 2.154005987133008603e+04 0.000000000000000000e+00
-1.025529779088341797e+02 -1.025565733253560978e+02 7.266113125345690683e-03 2.148285568034159587e+04 0.000000000000000000e+00
-1.080151692555592717e+02 -1.080199189293519453e+02 4.893776006956229718e-03 2.142573505303684578e+04 0.000000000000000000e+00
-1.052455561218453255e+02 -1.052527620192951758e+02 6.448470150872756546e-03 2.136920965091771359e+04 0.000000000000000000e+00
-1.080724344812819311e+02 -1.080766375112175552e+02 4.851963555379752539e-03 2.131373407903877887e+04 0.000000000000000000e+00
-1.107206965253148212e+02 -1.107244181240751288e+02 6.066531198257580498e-03 2.125768969270190792e+04 0.000000000000000000e+00
-1.053056704811988595e+02 -1.053015193085385590e+02 5.794334409187805110e-03 8.745697975530649273e+03 0.000000000000000000e+00
-1.052627250389376456e+02 -1.052604765130249831e+02 6.064828478864995806e-03 2.114624938481545541e+04 0.000000000000000000e+00
-1.080464433973792922e+02 -1.080463334205138324e+02 4.292010134414116738e-03 2.109074861277534001e+04 0.000000000000000000e+00
-1.053268533504465125e+02 -1.053264024117633255e+02 4.482219154147858500e-03 2.103539186948637143e+04 0.000000000000000000e+00
-1.054124289725556878e+02 -1.054175136609434844e+02 5.246093886461584976e-03 2.098033198005930171e+04 0.000000000000000000e+00
-1.014082342157515058e+02 -1.014158328674584624e+02 1.176169760270942381e-02 2.092619384276528945e+04 0.000000000000000000e+00
-1.053804167869582926e+02 -1.053788787177575301e+02 4.504461856540745851e-03 8.611470049101471886e+03 0.000000000000000000e+00
-1.053913806026782396e+02 -1.053931902439610013e+02 6.266284995815834744e-03 2.081907051505335767e+04 0.000000000000000000e+00
-1.053497065606651688e+02 -1.053541350789427753e+02 5.220668581294006343e-03 2.076522429496403129e+04 0.000000000000000000e+00
-1.025216453042003053e+02 -1.025271939414749198e+02 5.254645634628483941e-03 8.546332146086624562e+03 0.000000000000000000e+00
-1.054008277391796327e+02 -1.053999820798286322e+02 5.336062013583396484e-03 2.065912859552100781e+04 0.000000000000000000e+00
-1.079636656576733458e+02 -1.079675193298774190e+02 7.560823165008289520e-03 2.060603347291580576e+04 0.000000000000000000e+00
-9.725748934907210241e+01 -9.725213885729571928e+01 8.969410677556190550e-03 2.055357325380230031e+04 0.000000000000000000e+00
-9.994264068365410481e+01 -9.995218455453603212e+01 8.432716454242752610e-03 2.050173924103822355e+04 0.000000000000000000e+00
-1.054628562701019518e+02 -1.054685946131630629e+02 8.749467294948977056e-03 2.045165351052838741e+04 0.000000000000000000e+00
-1.041845888192758167e+02 -1.041909964300622278e+02 7.655671175770531120e-03 2.040051961266923536e+04 0.000000000000000000e+00
-1.053224333041036687e+02 -1.053212649567094559e+02 4.600903435785982758e-03 2.034972191782985828e+04 0.000000000000000000e+00
-1.026221992373514524e+02 -1.026230025897901328e+02 7.247072610840499945e-03 2.029824064576851742e+04 0.000000000000000000e+00
-9.993420972842565675e+01 -9.993299170884915839e+01 5.729975468866743173e-03 8.358412351047465563e+03 0.000000000000000000e+00
-1.025496619215302871e+02 -1.025462000080341625e+02 5.599280680740691130e-03 8.337381801571593314e+03 0.000000000000000000e+00
-1.042864019360818020e+02 -1.042514993574866935e+02 1.062703133095551332e-02 2.014712846160832123e+04 0.000000000000000000e+00
-9.918824457666849526e+01 -9.919191351814447444e+01 8.027102265306776049e-03 2.012492651145008858e+04 0.000000000000000000e+00
-9.813714889627364357e+01 -9.815606213105112943e+01 1.161806721024883846e-02 2.007489085246667310e+04 0.000000000000000000e+00
-1.052926617963411076e+02 -1.052967624883838624e+02 6.368260006455276137e-03 2.003267901968163642e+04 0.000000000000000000e+00
-1.053438797419997854e+02 -1.053398191612164396e+02 5.776653070249862000e-03 1.998325530313927811e+04 0.000000000000000000e+00
-1.080028316728975284e+02 -1.080057162065794500e+02 5.180607695837955232e-03 1.993407492851565257e+04 0.000000000000000000e+00
-9.736893573307155236e+01 -9.740219591603961646e+01 1.250262814623896018e-02 1.988494019008959003e+04 0.000000000000000000e+00
-1.080912922141009602e+02 -1.080974638114242623e+02 7.003986127743342185e-03 1.986017285865562008e+04 0.000000000000000000e+00
-1.027422348456042158e+02 -1.027387889907743670e+02 7.129866516660183715e-03 1.981223515061866783e+04 0.000000000000000000e+00
-1.024190743040946359e+02 -1.024206898937512165e+02 8.342722731396225166e-03 1.976387517456911883e+04 0.000000000000000000e+00
-1.053944101602918124e+02 -1.053996685677216192e+02 6.188311174988398930e-03 1.971551477898418671e+04 0.000000000000000000e+00
-1.025656777469974656e+02 -1.025600047828838370e+02 5.693839670527677671e-03 1.966799266839666961e+04 0.000000000000000000e+00
-1.080129732573172134e+02 -1.080205108658731632e+02 4.907127990578685761e-03 1.962081961360537389e+04 0.000000000000000000e+00
-1.053783063921271719e+02 -1.053834208193743933e+02 5.091872429719317313e-03 1.957446839180262032e+04 0.000000000000000000e+00
-9.997503671021915750e+01 -9.999026321007113438e+01 6.384233479001571489e-03 1.952755721183488640e+04 0.000000000000000000e+00
-8.892381518930791628e+01 -8.888232355439015464e+01 1.975886643129561721e-02 1.948562207221721110e+04 0.000000000000000000e+00
-1.052580267008015937e+02 -1.052575037778079121e+02 4.875304226036654247e-03 1.947197605856962400e+04 0.000000000000000000e+00
-1.079737285568031382e+02 -1.079747919599169705e+02 5.355656428231606730e-03 1.942506448071349587e+04 0.000000000000000000e+00
-1.053809865112636004e+02 -1.053919267584103778e+02 5.140052867333702244e-03 1.937839659528570337e+04 0.000000000000000000e+00
-1.018653651432315854e+02 -1.018636549301315029e+02 1.013618603194384182e-02 1.933465478930227619e+04 0.000000000000000000e+00
-1.107209125834252319e+02 -1.107247432587485605e+02 5.564083595413340209e-03 1.928846022930316758e+04 0.000000000000000000e+00
-9.432771136888455032e+01 -9.434913202048122116e+01 1.045424063800366211e-02 1.924279525701098464e+04 0.000000000000000000e+00
-9.853908723043319640e+01 -9.850167968532082341e+01 1.179089614204223598e-02 7.931425851870554652e+03 0.000000000000000000e+00
