0.000000000000000000e+00 0.000000000000000000e+00 0.000000000000000000e+00 0.000000000000000000e+00 0.000000000000000000e+00
-1.027189602166094176e+02 -1.026331179824361470e+02 7.926764953712596429e-02 3.141221424602405023e+04 0.000000000000000000e+00
-9.190708570274229317e+01 -9.174020218069229315e+01 2.097213177838851694e-01 1.187930449129586195e+05 0.000000000000000000e+00
-1.026363763709862980e+02 -1.025647790754302946e+02 4.643236416057105326e-02 1.173408859282581980e+05 0.000000000000000000e+00
-9.181209046902912974e+01 -9.174511749536351601e+01 8.590139796987876497e-02 1.154826501773914351e+05 0.000000000000000000e+00
-1.052922898434662073e+02 -1.053079069131809860e+02 6.299729333518924723e-02 2.964639897767563525e+04 0.000000000000000000e+00
-1.053025218158299339e+02 -1.053064146999704036e+02 5.399830200934836039e-02 1.106750400533246866e+05 0.000000000000000000e+00
-8.668216959845638314e+01 4.302168960556421120e+19 1.685373051848759758e+02 2.840482323898002505e+04 0.000000000000000000e+00
-1.080532778269208194e+02 -1.080264770437521662e+02 5.508396160949496217e-02 1.081026521353768039e+05 0.000000000000000000e+00
-1.107985214871913797e+02 -1.107561293667260571e+02 7.782061386558986049e-02 2.779460987006999858e+04 0.000000000000000000e+00
-1.107389105418512258e+02 -1.107103556475155273e+02 4.918036530042148996e-02 2.729964846187068179e+04 0.000000000000000000e+00
-9.906144928671602656e+01 -9.913993864882147022e+01 1.588870032859570902e-01 1.018418836451585084e+05 0.000000000000000000e+00
-1.080199468822469697e+02 -1.080047458523160913e+02 4.684014697812094452e-02 1.000358521174030757e+05 0.000000000000000000e+00
-1.004714372774507893e+02 -1.005212766489947427e+02 9.342035711092171180e-02 2.619381924810943383e+04 0.000000000000000000e+00
-1.081363363719887047e+02 -1.080785857044392202e+02 6.150256832301394250e-02 9.900418100667973340e+04 0.000000000000000000e+00
-1.042663570704864782e+02 -1.042978349908595561e+02 1.189757272734121990e-01 2.547266969416551365e+04 0.000000000000000000e+00
-1.080034571033833402e+02 -1.080132570428123984e+02 2.818342696892582253e-02 2.501352643382982205e+04 0.000000000000000000e+00
-1.052987604224430100e+02 -1.052958059436373190e+02 3.371121387611780706e-02 2.454562617610624147e+04 0.000000000000000000e+00
-1.053056629957400929e+02 -1.053254439860967153e+02 2.583963363810147518e-02 2.408540653119884519e+04 0.000000000000000000e+00
-1.023867314659471077e+02 -1.024326101649077287e+02 5.902420884892274622e-02 2.369679415774704103e+04 0.000000000000000000e+00
-1.107580479630823760e+02 -1.106922766271385683e+02 4.325552280625311052e-02 9.285865012768005545e+04 0.000000000000000000e+00
-1.053630932349310285e+02 -1.053334986117765766e+02 2.270086650128392072e-02 2.308975435395199383e+04 0.000000000000000000e+00
-9.995208578407290645e+01 -9.998905092616490720e+01 7.666415894327228975e-02 9.061077060462730878e+04 0.000000000000000000e+00
-1.107362652354329668e+02 -1.106949617885794339e+02 3.458124667093393639e-02 8.918384177780851314e+04 0.000000000000000000e+00
-1.017656826986927854e+02 -1.016953449665785598e+02 6.003177150955211344e-02 8.791961824969404552e+04 0.000000000000000000e+00
-9.618028916469603473e+01 -9.618202244671572032e+01 5.192117378878530198e-02 8.703161819200155151e+04 0.000000000000000000e+00
-1.014616679618742978e+02 -1.014390338461342935e+02 4.621917636314205186e-02 8.560507408245418628e+04 0.000000000000000000e+00
-1.080588014599101996e+02 -1.080225882382134444e+02 2.967757999637414892e-02 8.428746603336359840e+04 0.000000000000000000e+00
-1.025333554685403215e+02 -1.025036610853734516e+02 4.617868167024748866e-02 8.313501296088406525e+04 0.000000000000000000e+00
-1.080407944806890441e+02 -1.080300191549491586e+02 2.338842403501743827e-02 8.194468044064519927e+04 0.000000000000000000e+00
-1.080776495521160427e+02 -1.080922338462779493e+02 2.322341412265073110e-02 2.082370889322425137e+04 0.000000000000000000e+00
-1.053469936065083630e+02 -1.053652243289203909e+02 2.875522223838984648e-02 7.948074282847291033e+04 0.000000000000000000e+00
-1.107760470225200322e+02 -1.107508006204366922e+02 2.761446816104429908e-02 7.833752428812989092e+04 0.000000000000000000e+00
-9.694509308457753605e+01 -9.699306299192471670e+01 5.150359340994924151e-02 1.994257786931462033e+04 0.000000000000000000e+00
-1.026792531086635591e+02 -1.025994056374038621e+02 3.166449150854518113e-02 7.651372171846470155e+04 0.000000000000000000e+00
-1.053393050550704828e+02 -1.053566391626780074e+02 2.171777815883829676e-02 1.977003736856601245e+04 0.000000000000000000e+00
-1.026903230034737646e+02 -1.027030719449878688e+02 1.788297438761005803e-02 1.952476676832690282e+04 0.000000000000000000e+00
-1.106865239903734732e+02 -1.107086621552411145e+02 2.398101286481651995e-02 1.927192614701729326e+04 0.000000000000000000e+00
-1.053229304228139540e+02 -1.053247209313425827e+02 1.998612951025385137e-02 1.906110199860590728e+04 0.000000000000000000e+00
-1.052779775369336477e+02 -1.052871235366696965e+02 2.447248366811564241e-02 7.236649741003787494e+04 0.000000000000000000e+00
-9.460932208658449838e+01 4.586019561007717417e+20 2.672281784375093707e+02 7.141089935102933669e+04 0.000000000000000000e+00
-1.052746730799953241e+02 -1.052691279960275210e+02 1.495076860252616754e-02 1.855292818439521943e+04 0.000000000000000000e+00
-1.080764482957623045e+02 -1.080511201414005882e+02 2.194535294366528264e-02 7.047532158449383860e+04 0.000000000000000000e+00
-1.017877534737769594e+02 -1.017919129230476614e+02 6.140988518352331893e-02 6.963588268543338927e+04 0.000000000000000000e+00
-1.081063929192249162e+02 -1.081129835129027441e+02 2.291108029834895352e-02 1.787294731679028700e+04 0.000000000000000000e+00
-1.026516651120951451e+02 -1.026313502538154978e+02 3.015040773979609998e-02 1.765145574399543693e+04 0.000000000000000000e+00
-1.106898970332063783e+02 -1.107092688711757660e+02 1.835748144843635937e-02 1.746085781422853324e+04 0.000000000000000000e+00
-1.017140201507468902e+02 -1.018395306364181039e+02 4.854737916427770417e-02 6.658114871953487454e+04 0.000000000000000000e+00
-1.025758153463843882e+02 -1.025950859816944245e+02 1.677143712694654717e-02 1.725582240977824404e+04 0.000000000000000000e+00
-1.079754768910833747e+02 -1.079844047946860286e+02 1.728931407826389891e-02 1.708533468304211056e+04 0.000000000000000000e+00
-1.079793413972119538e+02 -1.079892093655270600e+02 1.557699046886715580e-02 1.688972696941032336e+04 0.000000000000000000e+00
-1.080145758653275863e+02 -1.080192597296370707e+02 1.265619305512624866e-02 1.670048039391016573e+04 0.000000000000000000e+00
-1.080277150117186125e+02 -1.080323822796829489e+02 2.069991487566380864e-02 6.416584773497849528e+04 0.000000000000000000e+00
-9.445186078092798709e+01 -9.448234133124893219e+01 3.369669403224890419e-02 1.631867571140262226e+04 0.000000000000000000e+00
-1.107091510576126296e+02 -1.107197753503982796e+02 1.493345721155129799e-02 1.620018696217378601e+04 0.000000000000000000e+00
-1.106488854921363156e+02 -1.106603035719564474e+02 1.841783501426350403e-02 1.602965996777546752e+04 0.000000000000000000e+00
-1.080420340083797583e+02 -1.080469183620820814e+02 9.220142746908022158e-03 1.586263912542807884e+04 0.000000000000000000e+00
-1.026251653822309322e+02 -1.026325369460569732e+02 1.428042292903010206e-02 1.569048294823750803e+04 0.000000000000000000e+00
-9.986720658820250662e+01 -9.988187083494187846e+01 1.321754085738391371e-02 1.552358421164806714e+04 0.000000000000000000e+00
-1.026404539669447757e+02 -1.026362844570876121e+02 1.638533618764993066e-02 1.537463026073166475e+04 0.000000000000000000e+00
-1.052515974067539162e+02 -1.052322650272978279e+02 2.953402102204923454e-02 5.915271520001104363e+04 0.000000000000000000e+00
-9.974799271915701127e+01 -9.975167305060698197e+01 4.913302955972966707e-02 5.856410381022671936e+04 0.000000000000000000e+00
-1.079852308741026974e+02 -1.079910945781179379e+02 9.319928994663613520e-03 1.491859150970222800e+04 0.000000000000000000e+00
-9.701814285173011854e+01 5.900486775081953945e+29 1.215216804489895850e+02 1.476751881914633850e+04 0.000000000000000000e+00
-1.134180612229377232e+02 -1.134405670719153534e+02 2.295741422427582598e-02 1.476751881914633850e+04 0.000000000000000000e+00
-1.052699068442458952e+02 -1.052726260824471041e+02 1.134806726481070102e-02 1.465831012593012019e+04 0.000000000000000000e+00
-1.053471189420645402e+02 -1.053486576839278399e+02 8.274648475475338688e-03 1.451060765238870044e+04 0.000000000000000000e+00
-1.079868748819409063e+02 -1.079899818883755671e+02 9.098631200745855088e-03 1.436549709168790287e+04 0.000000000000000000e+00
-1.052957886165044954e+02 -1.053004748966549613e+02 1.476700289814835386e-02 1.422393539782506741e+04 0.000000000000000000e+00
-1.012578061459849295e+02 -1.013322562639595361e+02 2.846004249089991237e-02 1.408602654089362295e+04 0.000000000000000000e+00
-1.051993820969835411e+02 -1.051868556552962843e+02 2.082104485796651763e-02 5.525386733584467584e+04 0.000000000000000000e+00
-1.025760569736026895e+02 -1.025787146208190705e+02 1.221056194489813194e-02 1.415281238492859484e+04 0.000000000000000000e+00
-1.080463155238536928e+02 -1.080469777177963664e+02 9.834941913887418688e-03 1.401833819841512741e+04 0.000000000000000000e+00
-1.053794512775738639e+02 -1.053777263609046173e+02 1.112289776415700294e-02 1.388607581927485080e+04 0.000000000000000000e+00
-1.080791132986450123e+02 -1.080835011530086263e+02 1.716240448811775718e-02 5.324415784286519920e+04 0.000000000000000000e+00
-1.053496218916086775e+02 -1.053535183089982894e+02 7.620124757347702601e-03 1.363006208521359622e+04 0.000000000000000000e+00
-9.801900655161327336e+01 4.608601676282194821e+20 2.286887498747720144e+02 5.229854431928604026e+04 0.000000000000000000e+00
-1.052639442817459212e+02 -1.052683141586639124e+02 8.812026088517953964e-03 1.350607956656962779e+04 0.000000000000000000e+00
-1.052530417330616643e+02 -1.052549156077499504e+02 1.547427551558515184e-02 1.338470403675202942e+04 0.000000000000000000e+00
-1.081006099514180079e+02 -1.081142435046688917e+02 1.460382109227405766e-02 1.326416929963320035e+04 0.000000000000000000e+00
-1.107582661870707028e+02 -1.107701249059081334e+02 1.103845739932509881e-02 1.316066059834243970e+04 0.000000000000000000e+00
-1.080757523849231347e+02 -1.080473044461401315e+02 1.554459975146707529e-02 5.047444901553267846e+04 0.000000000000000000e+00
-1.107311633810281251e+02 -1.106990626596635678e+02 1.784157552332165872e-02 5.009850138669261651e+04 0.000000000000000000e+00
-1.080394475849956279e+02 -1.080488762432476477e+02 7.275891592097316965e-03 1.283317717864383849e+04 0.000000000000000000e+00
-1.080109989962033694e+02 -1.080041267486793686e+02 1.960051197392491049e-02 4.933891366771990579e+04 0.000000000000000000e+00
-1.134556062933926626e+02 -1.134232255847479109e+02 2.301750112708451576e-02 4.892099530692014378e+04 0.000000000000000000e+00
-1.052792533352076845e+02 -1.052473476564358208e+02 2.287929319306214460e-02 4.858304156083938869e+04 0.000000000000000000e+00
-1.080355140068226234e+02 -1.080378634001064029e+02 1.790497736127595954e-02 4.825203985700058547e+04 0.000000000000000000e+00
-1.079973340579697805e+02 -1.080016952815120419e+02 9.290927039381459071e-03 1.231636206601745653e+04 0.000000000000000000e+00
-9.699187751450750739e+01 -9.700450146615202129e+01 2.518072162744230263e-02 1.221569291433566104e+04 0.000000000000000000e+00
-1.079929585454192846e+02 -1.079947729987562326e+02 6.800930054417678866e-03 1.212633839580801396e+04 0.000000000000000000e+00
-9.723452679197973225e+01 -9.726116356709268018e+01 3.236217713137401475e-02 4.669623214311384800e+04 0.000000000000000000e+00
-1.025976840898039910e+02 -1.025537086584918569e+02 1.629758529358749791e-02 4.636444013136473222e+04 0.000000000000000000e+00
-1.040832398526275568e+02 -1.041273756110920630e+02 3.023734941055940609e-02 4.614073941198742250e+04 0.000000000000000000e+00
-1.080449798830637889e+02 -1.080486915697257615e+02 7.068385938809064288e-03 1.183045785467441965e+04 0.000000000000000000e+00
-1.053797935304614839e+02 -1.053899463658944597e+02 1.350305791398324039e-02 1.173810136397699171e+04 0.000000000000000000e+00
-1.079983912069308190e+02 -1.079845919177400617e+02 1.450391220412149476e-02 4.520547300572355743e+04 0.000000000000000000e+00
-9.989405190306609938e+01 -9.989387222221220952e+01 1.250450025215829597e-02 1.156558295892009301e+04 0.000000000000000000e+00
-1.080670028979379822e+02 -1.080688546286762204e+02 7.057023654768483298e-03 1.147665664902685421e+04 0.000000000000000000e+00
-1.080441277823242530e+02 -1.080435802254636570e+02 6.105085553784308020e-03 1.979843695167381838e+03 0.000000000000000000e+00
-1.080409640224342525e+02 -1.080316836643883107e+02 9.466959019226329347e-03 4.387329562111816631e+04 0.000000000000000000e+00
-9.725783665558221003e+01 -9.725946446800401191e+01 2.048721809149288420e-02 1.122807616612301172e+04 0.000000000000000000e+00
-1.080965361466018351e+02 -1.080790829668900130e+02 1.718920553424600414e-02 4.323752640077453543e+04 0.000000000000000000e+00
-1.020361040286988441e+02 -1.020080047325780441e+02 2.520383188546363937e-02 1.106275708026752909e+04 0.000000000000000000e+00
-9.929598076444793264e+01 -9.923010156863625753e+01 3.077754248692322545e-02 4.262335549714314402e+04 0.000000000000000000e+00
-1.107626275641215727e+02 -1.107715149832147290e+02 8.630506724723374656e-03 1.106420864400806022e+04 0.000000000000000000e+00
-1.107631798366989671e+02 -1.107716328059799764e+02 8.342810526806422253e-03 1.098952320654020878e+04 0.000000000000000000e+00
-9.450232551367400902e+01 -9.448986497246174565e+01 2.146215559813095808e-02 1.091540832530715124e+04 0.000000000000000000e+00
-1.052365588272882206e+02 -1.052426158266372909e+02 1.074330146698262642e-02 1.084686159677866090e+04 0.000000000000000000e+00
-9.705646063996277917e+01 -9.704225094251729899e+01 3.452529688706288541e-02 4.138700103723460052e+04 0.000000000000000000e+00
-1.080839681340084866e+02 -1.080807816717953216e+02 1.196995636173418982e-02 4.110621866529900581e+04 0.000000000000000000e+00
-1.005849322954097858e+02 -1.005978969956801023e+02 2.446184203531848525e-02 1.069367157814012899e+04 0.000000000000000000e+00
-1.053053309494545573e+02 -1.053066106764147776e+02 1.350676961065288596e-02 1.062402430103139704e+04 0.000000000000000000e+00
-1.053562694530898085e+02 -1.053571829488416540e+02 7.682704163376178307e-03 1.055093625516042448e+04 0.000000000000000000e+00
-9.710420874126371871e+01 -9.711739860764154741e+01 1.491838315975798669e-02 1.047871444814587812e+04 0.000000000000000000e+00
-1.026588432149045218e+02 -1.026536316160133708e+02 1.344950504628674923e-02 1.041497739676564743e+04 0.000000000000000000e+00
-1.081138142591037195e+02 -1.081021576962038182e+02 1.299639295704709853e-02 3.958659398623472953e+04 0.000000000000000000e+00
-1.068062986919556323e+02 -1.068427739855262644e+02 2.285840587989787856e-02 3.932934841578276246e+04 0.000000000000000000e+00
-9.982404802853551473e+01 -9.980193055286054005e+01 1.497375286865018640e-02 3.914574424764893774e+04 0.000000000000000000e+00
-9.997355480835172159e+01 -9.997234589826186379e+01 1.188884018029284090e-02 1.876016424379735554e+03 0.000000000000000000e+00
-1.080441954013606960e+02 -1.080484412671403476e+02 5.054989824067823712e-03 1.012817526971328152e+04 0.000000000000000000e+00
-1.024765402477402176e+02 -1.024783860212272373e+02 8.883088734331428052e-03 1.006301019938351601e+04 0.000000000000000000e+00
-1.053951146484986197e+02 -1.053993940539041176e+02 6.715339960862594208e-03 9.997931999868011189e+03 0.000000000000000000e+00
-1.106893167869702808e+02 -1.106423214454499231e+02 1.524333124225544199e-02 3.808645728217025317e+04 0.000000000000000000e+00
-9.607548908017113831e+01 -9.608886513168964427e+01 2.772543209270671508e-02 3.797397415174472553e+04 0.000000000000000000e+00
-1.079920454684036599e+02 -1.079958017676300130e+02 5.345209038540069645e-03 9.814317481860691259e+03 0.000000000000000000e+00
-1.107045647509718975e+02 -1.107113633197757707e+02 8.375346479344934064e-03 9.752838846338883741e+03 0.000000000000000000e+00
-1.107346669655776878e+02 -1.107449521981584297e+02 9.195462285448312290e-03 9.694089062592642222e+03 0.000000000000000000e+00
-1.080410030103726200e+02 -1.080279403318338041e+02 9.143166514515865123e-03 3.704921342867035128e+04 0.000000000000000000e+00
-1.026804427265180948e+02 -1.026527589628274342e+02 1.124027168892831330e-02 3.682943972419994680e+04 0.000000000000000000e+00
-1.053096524867212764e+02 -1.053168066071768152e+02 1.118081436964796747e-02 3.664816110255389503e+04 0.000000000000000000e+00
-1.053516806840602129e+02 -1.053532890299239426e+02 3.344387508320595132e-03 1.745898444451508794e+03 0.000000000000000000e+00
-1.053477541531803752e+02 -1.053521532756547714e+02 6.160217263608794465e-03 9.420644757930716878e+03 0.000000000000000000e+00
-9.852836538803350663e+01 -9.851792366727119088e+01 1.600229287591764180e-02 9.364374857690969293e+03 0.000000000000000000e+00
-1.106994763668029975e+02 -1.106711538376356714e+02 1.247085493513590271e-02 3.600117956741594389e+04 0.000000000000000000e+00
-9.594784901211468764e+01 -9.597050183854931049e+01 1.778355392596370210e-02 9.259487111886870480e+03 0.000000000000000000e+00
-1.107177178142813574e+02 -1.107225119060195198e+02 7.379013045752900839e-03 9.226063417979228689e+03 0.000000000000000000e+00
-1.107084124913561567e+02 -1.107165130880799211e+02 6.785655369833388552e-03 9.172829062374617934e+03 0.000000000000000000e+00
-1.018638414160927113e+02 -1.018521430796640033e+02 2.127100966001511245e-02 9.122462746325962144e+03 0.000000000000000000e+00
-1.107264476195158238e+02 -1.107055011449050710e+02 1.014573958685913331e-02 3.504104527028337179e+04 0.000000000000000000e+00
-1.079769534323308875e+02 -1.079792608937076750e+02 7.586804380953716433e-03 9.023400841775453955e+03 0.000000000000000000e+00
-1.026215116117171107e+02 -1.026300658504710270e+02 6.992955284543015369e-03 8.971488744330732516e+03 0.000000000000000000e+00
-1.080740945173706251e+02 -1.080756331695921233e+02 5.805474600571946045e-03 8.923566496335766715e+03 0.000000000000000000e+00
-1.054044026281113133e+02 -1.054099844571381936e+02 9.931969216198641148e-03 8.872717881214341105e+03 0.000000000000000000e+00
-1.052386224083815307e+02 -1.052414607690496808e+02 8.669839454724305450e-03 8.824379489693621508e+03 0.000000000000000000e+00
-1.053407839864904503e+02 -1.053376701892214129e+02 1.258084742301885002e-02 3.400486766207297478e+04 0.000000000000000000e+00
-1.052690041331861863e+02 -1.052719439485452426e+02 3.444973961967632767e-03 1.626110124055126107e+03 0.000000000000000000e+00
-1.026158502924261882e+02 -1.026218673821320522e+02 9.461611160737718254e-03 8.685222390063252533e+03 0.000000000000000000e+00
-1.079989093737211050e+02 -1.079812258695592249e+02 7.619725718687877375e-03 3.351875627349304705e+04 0.000000000000000000e+00
-9.631111386383200568e+01 -9.635219309599115434e+01 1.711873475519330376e-02 8.594069797749940335e+03 0.000000000000000000e+00
-1.106867755549660615e+02 -1.106467377051963723e+02 1.411391814378512750e-02 3.324330793487034680e+04 0.000000000000000000e+00
-1.080648513273990403e+02 -1.080699325357972640e+02 5.030927563677136359e-03 8.567898957131801581e+03 0.000000000000000000e+00
-1.080679348938843418e+02 -1.080709076766099628e+02 7.583607105634768315e-03 8.522624841206939891e+03 0.000000000000000000e+00
-1.053238664777034614e+02 -1.053283992863214422e+02 4.110684532440163873e-03 8.477057235044254412e+03 0.000000000000000000e+00
-1.053750402131435351e+02 -1.053614023657691376e+02 1.462039776321628383e-02 3.263063861861388432e+04 0.000000000000000000e+00
-1.017871625215593099e+02 -1.017774817453410208e+02 2.648883228767466569e-02 3.246551848112867447e+04 0.000000000000000000e+00
-9.993620203360083565e+01 -9.994662649611301219e+01 9.152833658301670963e-03 8.343537166857810007e+03 0.000000000000000000e+00
-1.000132793199574621e+02 -9.999792106410365022e+01 1.059765171306423399e-02 8.304730394204974800e+03 0.000000000000000000e+00
-9.905217077680667614e+01 -9.904445234413351784e+01 2.819083922101707496e-02 3.200842798748626228e+04 0.000000000000000000e+00
-1.079818981034234469e+02 -1.079900039977850952e+02 6.230990896298027604e-03 8.233673913978454948e+03 0.000000000000000000e+00
-1.013897134556371356e+02 -1.014051399747034594e+02 1.480221726129135607e-02 8.193867556676656022e+03 0.000000000000000000e+00
-1.080441261804262325e+02 -1.080500122420144606e+02 5.386725203800853123e-03 8.161071235024278394e+03 0.000000000000000000e+00
-1.080636060117000454e+02 -1.080701092749956018e+02 4.928985881655683667e-03 8.120667113435992178e+03 0.000000000000000000e+00
-1.041439223922787960e+02 -1.042006779003604180e+02 1.749596746813968096e-02 3.128468266219740326e+04 0.000000000000000000e+00
-1.053683652920081641e+02 -1.053815714597360937e+02 6.595673022583405445e-03 8.061539711226899271e+03 0.000000000000000000e+00
-1.107632324921856508e+02 -1.107722464556301389e+02 6.333918335277666754e-03 8.028881686344951049e+03 0.000000000000000000e+00
-1.053492454487663679e+02 -1.053506797308301088e+02 3.841723898090588889e-03 7.992453120836808921e+03 0.000000000000000000e+00
-9.697019537869820738e+01 -9.697853154270029563e+01 2.242002539184085111e-02 7.952340537136146850e+03 0.000000000000000000e+00
-1.080135767516607359e+02 -1.080181328798894640e+02 4.979318549921006240e-03 7.916924658560022181e+03 0.000000000000000000e+00
-1.081157506779112651e+02 -1.081200914221951592e+02 6.599781284233336397e-03 7.878397500667683744e+03 0.000000000000000000e+00
-1.080717999524628681e+02 -1.080575788309003258e+02 6.883023358467152061e-03 3.041511127392700655e+04 0.000000000000000000e+00
-1.053047228011705130e+02 -1.053064268393960248e+02 6.039321726644432398e-03 7.803062165957545403e+03 0.000000000000000000e+00
-1.024552220599173324e+02 -1.024533560109911150e+02 1.101610620030026716e-02 7.764924143483862281e+03 0.000000000000000000e+00
-9.994617449174833723e+01 -9.992856246021111133e+01 9.095861587496666123e-03 7.727045796217355019e+03 0.000000000000000000e+00
-1.018634264924243098e+02 -1.018407132688784174e+02 2.062369560753775366e-02 7.703100602350957161e+03 0.000000000000000000e+00
-1.025843983332471794e+02 -1.025880792116404763e+02 1.460687904844162020e-02 7.681155064779923123e+03 0.000000000000000000e+00
-1.053285937799867185e+02 -1.053306564094234403e+02 5.854070396120471774e-03 7.645256900291603415e+03 0.000000000000000000e+00
-1.080122367144101503e+02 -1.080187761054621234e+02 6.123123622333973698e-03 7.608805459636960222e+03 0.000000000000000000e+00
-1.080488365630039169e+02 -1.080427942961797640e+02 8.847273926553456472e-03 2.966844753583800048e+04 0.000000000000000000e+00
-1.053188192545288189e+02 -1.053122867945567549e+02 7.429274210808695621e-03 2.952953302543996688e+04 0.000000000000000000e+00
-1.053875813274803761e+02 -1.053971255750230682e+02 5.185167863501694702e-03 7.505101210795782208e+03 0.000000000000000000e+00
-1.053592836989955543e+02 -1.053605669537444243e+02 9.079393207913096300e-03 2.926725516580443946e+04 0.000000000000000000e+00
-1.080456092500419345e+02 -1.080495814944304840e+02 3.428813511198785732e-03 7.439183061241004907e+03 0.000000000000000000e+00
-1.025828346141448151e+02 -1.025897112597233587e+02 6.501856739139165106e-03 7.405212760292801249e+03 0.000000000000000000e+00
-1.107640893377915177e+02 -1.107724862171068736e+02 5.760059838716512573e-03 7.372615891366127471e+03 0.000000000000000000e+00
-1.025042502177784058e+02 -1.025077943045174180e+02 7.056350743120031951e-03 7.341843044923399248e+03 0.000000000000000000e+00
-9.455154634040388828e+01 -9.455401903967529620e+01 1.366118235830137383e-02 7.308670693573242716e+03 0.000000000000000000e+00
-1.080170835719475519e+02 -1.080192187117545473e+02 5.232157912853912553e-03 7.275728830374356221e+03 0.000000000000000000e+00
-9.727501115736208703e+01 -9.728336821556804637e+01 1.838164677002186373e-02 2.843569574124944484e+04 0.000000000000000000e+00
-1.107655226228192618e+02 -1.107732230891159588e+02 5.475776383914560640e-03 7.210723923531957553e+03 0.000000000000000000e+00
-1.054040987848086530e+02 -1.054077422535944635e+02 5.039108989093409215e-03 7.180880827557744851e+03 0.000000000000000000e+00
-1.080709713225886475e+02 -1.080746462256392704e+02 4.859896496255080266e-03 7.149319507851403614e+03 0.000000000000000000e+00
-1.025179871065373760e+02 -1.025021269174387015e+02 1.262070240605441332e-02 2.796427662736017737e+04 0.000000000000000000e+00
-1.010208432946415940e+02 -1.010324435863854973e+02 1.460918096680879040e-02 7.087864406220060118e+03 0.000000000000000000e+00
-1.052514070952349812e+02 -1.052547310556365119e+02 4.650691035518622098e-03 7.060071696827501000e+03 0.000000000000000000e+00
-1.054043589292770804e+02 -1.054077897624481182e+02 4.882478657495780035e-03 7.029328060177012958e+03 0.000000000000000000e+00
-1.079919518840573147e+02 -1.079965205679520608e+02 3.528659669710085961e-03 6.999056391960608380e+03 0.000000000000000000e+00
-1.080673865584421947e+02 -1.080543223216793365e+02 7.309968917290570779e-03 2.739373931706242729e+04 0.000000000000000000e+00
-1.052677184671162109e+02 -1.052715028288546222e+02 3.934367186913249013e-03 6.939384662144189861e+03 0.000000000000000000e+00
-1.053536849360266672e+02 -1.053556277002679451e+02 3.231371995525353369e-03 6.909785349963583940e+03 0.000000000000000000e+00
-1.081638385022022391e+02 -1.081709920766416815e+02 9.620174707358482985e-03 6.880125711366512405e+03 0.000000000000000000e+00
-1.026747382599653093e+02 -1.026357920748260000e+02 1.204552374394954155e-02 2.695118890123674282e+04 0.000000000000000000e+00
-1.032476103610896274e+02 -1.032089286621772288e+02 1.207611278712968604e-02 6.830759312629333181e+03 0.000000000000000000e+00
-9.840949477495847475e+01 -9.840093598012430220e+01 1.439072132054015386e-02 1.281074040660452283e+03 0.000000000000000000e+00
-1.017903826870059589e+02 1.523139266407013810e+22 1.635468654417609571e+02 2.674757719582546633e+04 0.000000000000000000e+00
-1.080579605821439060e+02 -1.080658315815550168e+02 4.725591189261718617e-03 6.839941595967014109e+03 0.000000000000000000e+00
-1.080335617709998957e+02 -1.080423013937388674e+02 4.528022923929633792e-03 6.813535039430189499e+03 0.000000000000000000e+00
-1.080180203331342739e+02 -1.080263914218475776e+02 4.992471983960643928e-03 6.787820804169065013e+03 0.000000000000000000e+00
-1.080706254393070225e+02 -1.080726268427858230e+02 4.626133686728628111e-03 6.762080562425995595e+03 0.000000000000000000e+00
-1.052409685806336341e+02 -1.052243494856811452e+02 1.341873627119340336e-02 2.631340460681791228e+04 0.000000000000000000e+00
-1.019085552483776667e+02 1.206055763557371347e+21 8.189338835797175875e+01 6.706527056749585427e+03 0.000000000000000000e+00
-1.016053429097193259e+02 -1.015950464716873398e+02 1.357983588207965775e-02 6.706527056749585427e+03 0.000000000000000000e+00
-9.982326968963737102e+01 -9.982881611634481089e+01 5.531210504534484450e-03 6.682876240464908733e+03 0.000000000000000000e+00
-9.444091545907831176e+01 -9.440843607020337913e+01 1.900039095994613542e-02 2.600297359960994072e+04 0.000000000000000000e+00
-1.053012031424431001e+02 -1.052898716138965796e+02 7.814489760316335049e-03 2.593377339689842847e+04 0.000000000000000000e+00
-1.000142982557759694e+02 -1.000098661460729232e+02 9.469916629281066589e-03 6.606248654671496297e+03 0.000000000000000000e+00
-1.041034483565586442e+02 -1.041168228386468968e+02 1.471399886967601940e-02 2.573919436619419503e+04 0.000000000000000000e+00
-1.005412346422540537e+02 -1.005294961046557205e+02 1.083353030814242397e-02 6.558418967121669084e+03 0.000000000000000000e+00
-1.025526579687248159e+02 -1.025546725960486754e+02 9.087520418277487272e-03 2.554382251703595830e+04 0.000000000000000000e+00
-1.053687438566326193e+02 -1.053588961849715417e+02 9.301340016746694264e-03 2.544136411195207256e+04 0.000000000000000000e+00
-1.025891632881094750e+02 -1.025910131225783601e+02 9.241441225613745980e-03 2.534336278221225803e+04 0.000000000000000000e+00
-9.969641005034033299e+01 -9.962323184589494929e+01 1.398228460266212787e-02 6.460215985700322562e+03 0.000000000000000000e+00
-1.106820131654558139e+02 -1.106478258347414823e+02 9.835590994245657984e-03 2.518292708917529671e+04 0.000000000000000000e+00
-1.053463856467763264e+02 -1.053434276134318992e+02 5.159552363410885127e-03 2.512731579829292968e+04 0.000000000000000000e+00
-1.079872522563978379e+02 -1.079884842683256068e+02 3.925604204520408494e-03 1.278131612545395001e+03 0.000000000000000000e+00
-1.019601871438686942e+02 8.474288428398395392e+19 8.076148420510382664e+01 6.522417331011235547e+03 0.000000000000000000e+00
-1.080455900577368595e+02 -1.080385096442846162e+02 6.126714066106110287e-03 2.493102766516948395e+04 0.000000000000000000e+00
-1.079673201328755425e+02 -1.079730190720207474e+02 4.341101574717876575e-03 6.497353438041405752e+03 0.000000000000000000e+00
-1.025284798324676530e+02 -1.025303496102240075e+02 5.628376675283962467e-03 6.473209401897995122e+03 0.000000000000000000e+00
-1.079875775867865428e+02 -1.079912902623543829e+02 4.328726743296471002e-03 6.448204761573625547e+03 0.000000000000000000e+00
-1.008533761008247467e+02 -1.008645117635557256e+02 1.313676663676858515e-02 1.254101671693969820e+03 0.000000000000000000e+00
-9.965644312299258445e+01 -9.963204654996954446e+01 2.096171425795878562e-02 2.458901125107823100e+04 0.000000000000000000e+00
-1.018485922384300011e+02 -1.018726168436981254e+02 1.318759829909582279e-02 6.384805481958449491e+03 0.000000000000000000e+00
-1.052061557780272665e+02 -1.052115484424039664e+02 6.688908225730959452e-03 6.377491615842828651e+03 0.000000000000000000e+00
-1.053881699142043260e+02 -1.053961436959725404e+02 5.623208908967277514e-03 6.354325759678824397e+03 0.000000000000000000e+00
-1.053291653193652024e+02 -1.053360086699172626e+02 5.464955411144042929e-03 6.332596852449308244e+03 0.000000000000000000e+00
-1.079611623638949283e+02 -1.079656781414396249e+02 5.109036795648627671e-03 6.310382648126970707e+03 0.000000000000000000e+00
-9.996741515960457036e+01 -9.995284803818135799e+01 8.249877783150985980e-03 6.287418925970554483e+03 0.000000000000000000e+00
-1.052019945429476167e+02 -1.052062074299309558e+02 6.702796518041536332e-03 6.271147568561338630e+03 0.000000000000000000e+00
-9.979355462201972671e+01 -9.978015096902313985e+01 1.446204628930928236e-02 2.393859571855121976e+04 0.000000000000000000e+00
-1.024708111962106472e+02 -1.024542038075021821e+02 1.126552738496303975e-02 2.385563488303948907e+04 0.000000000000000000e+00
-1.052896343732791280e+02 -1.052939064695379443e+02 4.094008710157684937e-03 6.203423908506225416e+03 0.000000000000000000e+00
-9.976121526666068462e+01 -9.976522049323159536e+01 5.813382345774837333e-03 6.181062258823855700e+03 0.000000000000000000e+00
-1.054644525584314465e+02 -1.054753377124063292e+02 8.536677684096764807e-03 6.158741697987541556e+03 0.000000000000000000e+00
-9.705471702293579028e+01 -9.705943844280504607e+01 1.216971519702708497e-02 6.140857507542928943e+03 0.000000000000000000e+00
-9.710388560737015951e+01 -9.711296265052796173e+01 6.662076664104618802e-03 6.119109254447066633e+03 0.000000000000000000e+00
-1.053489057249111056e+02 -1.053517717574028580e+02 3.041764910833153444e-03 6.098973190297897418e+03 0.000000000000000000e+00
-9.979755411962675282e+01 -9.979931730041448645e+01 9.233487756381960829e-03 2.331088769211673571e+04 0.000000000000000000e+00
-1.080153675251336409e+02 -1.080202076354329535e+02 4.373119296008806840e-03 6.055353963193165328e+03 0.000000000000000000e+00
-1.053183719518510060e+02 -1.053218119989335548e+02 5.787638001205549013e-03 2.314354492917812968e+04 0.000000000000000000e+00
-9.971417717520824908e+01 -9.970499151249214265e+01 1.126274995122456164e-02 2.306096382663644545e+04 0.000000000000000000e+00
-1.025614699332427762e+02 -1.025640794531181257e+02 3.929489594109734051e-03 5.994939406110093842e+03 0.000000000000000000e+00
-1.053267159873989698e+02 -1.053309447317549683e+02 4.190314159570742575e-03 5.973735454919847143e+03 0.000000000000000000e+00
-1.051997665262420583e+02 -1.052041541883984195e+02 5.033689428178935062e-03 5.953039878850640889e+03 0.000000000000000000e+00
-1.080725027371533571e+02 -1.080645687932387347e+02 7.562048682058218098e-03 2.275491411341798812e+04 0.000000000000000000e+00
-9.874477374974756572e+01 -9.875073726367742211e+01 9.977494733085519318e-03 5.912685938099409213e+03 0.000000000000000000e+00
-1.014411105427140996e+02 -1.014483201387160278e+02 8.338501617571741908e-03 5.892665196448675488e+03 0.000000000000000000e+00
-1.079742292021147705e+02 -1.079696720014549101e+02 6.488991427957629780e-03 2.252274651723299758e+04 0.000000000000000000e+00
-1.025547619339293846e+02 -1.025612574460141388e+02 8.275655597450774434e-03 2.244500079565346095e+04 0.000000000000000000e+00
-1.053280451527460713e+02 -1.053327693275166297e+02 3.951236123870052568e-03 5.833569639464012653e+03 0.000000000000000000e+00
-9.989899878465070060e+01 -9.991188031344667309e+01 8.810925575107132757e-03 2.230384904317025575e+04 0.000000000000000000e+00
-1.006997373694228912e+02 -1.006819667881109979e+02 2.242769451396411234e-02 2.223224921449499379e+04 0.000000000000000000e+00
-1.079771994571136702e+02 -1.079805401154079192e+02 4.539871698624949568e-03 5.777226715626144141e+03 0.000000000000000000e+00
-1.021532832574008012e+02 2.513273691100604480e+17 7.588019332323018773e+01 5.757803738770786367e+03 0.000000000000000000e+00
-1.052032214473834415e+02 -1.052071217332413511e+02 4.792460789548849166e-03 5.757803738770786367e+03 0.000000000000000000e+00
-1.052491711547963575e+02 -1.052525092263875024e+02 6.413903264898032641e-03 5.738651547256446975e+03 0.000000000000000000e+00
-1.025784598796663687e+02 -1.025811689128510835e+02 3.922763410459141620e-03 5.719462597842142713e+03 0.000000000000000000e+00
-9.988295327129341672e+01 -9.989546043784632445e+01 1.012291441045620570e-02 2.187411915416198826e+04 0.000000000000000000e+00
-9.998433055751102927e+01 -9.998420413645359872e+01 1.291893300550306031e-02 2.180510818134252622e+04 0.000000000000000000e+00
-1.106547618471884533e+02 -1.106614976826117243e+02 5.947625141396728314e-03 5.662320557049143645e+03 0.000000000000000000e+00
-1.025554494095090377e+02 -1.025596697791473275e+02 3.895897450665555817e-03 5.644787898213508925e+03 0.000000000000000000e+00
-9.975139534322188695e+01 -9.975268522239328206e+01 6.888219400812019104e-03 1.102113120537742589e+03 0.000000000000000000e+00
-1.107661341202989291e+02 -1.107737446117012894e+02 4.577992368229629426e-03 5.612661059862934053e+03 0.000000000000000000e+00
-1.025608072624879981e+02 -1.025642480534396270e+02 4.358711411276496722e-03 5.595904880691480685e+03 0.000000000000000000e+00
-1.025523815415637046e+02 -1.025562739525148430e+02 3.428505715769141534e-03 5.577676233795477856e+03 0.000000000000000000e+00
-1.010387064934474495e+02 -1.010692689545453078e+02 9.227457839166130354e-03 5.559599977009468603e+03 0.000000000000000000e+00
-1.052760477982906480e+02 -1.052789331769013188e+02 3.348667868186265117e-03 5.566177280629935922e+03 0.000000000000000000e+00
-1.053195885535004663e+02 -1.053233058822111019e+02 3.540061113142942226e-03 5.548121095272973434e+03 0.000000000000000000e+00
-9.828291468569057088e+01 -9.826719731750381470e+01 1.102425668052628774e-02 5.530357228373539328e+03 0.000000000000000000e+00
-1.027137876964110887e+02 -1.027120887522793140e+02 9.961379263102159223e-03 2.113408785825538507e+04 0.000000000000000000e+00
-1.107673201307112123e+02 -1.107745462396444083e+02 4.408095941806644720e-03 5.501952792207421226e+03 0.000000000000000000e+00
-1.036649523412349652e+02 -1.036150812699134036e+02 1.215393086677477204e-02 5.485835763611426955e+03 0.000000000000000000e+00
-1.053258737895503288e+02 -1.053289787151520613e+02 3.359434763210455890e-03 5.531661722937682498e+03 0.000000000000000000e+00
-1.041346217649268624e+02 -1.041501705388774610e+02 9.652824208669016914e-03 5.514101963401969442e+03 0.000000000000000000e+00
-1.017368672506858616e+02 -1.017737468472289208e+02 1.589511081368156012e-02 5.503048689468500925e+03 0.000000000000000000e+00
-1.134417531518229794e+02 -1.134455190209092308e+02 5.969618501459507051e-03 1.079199560052774814e+03 0.000000000000000000e+00
-1.053662388214319350e+02 -1.053617217639931170e+02 7.846925815900938211e-03 2.079577908860080424e+04 0.000000000000000000e+00
-1.068182490134167750e+02 -1.068501973534098255e+02 1.272404990246255203e-02 2.073037501768364382e+04 0.000000000000000000e+00
-9.992563653182637040e+01 -9.992595785511791462e+01 6.454680153531866874e-03 5.467316837950448644e+03 0.000000000000000000e+00
-1.025654400225436120e+02 -1.025722359317501855e+02 5.162221102676810454e-03 5.450068693306726345e+03 0.000000000000000000e+00
-1.041523377767901906e+02 -1.041803494605056244e+02 1.074147159926868052e-02 5.434103897798079743e+03 0.000000000000000000e+00
-1.051826800462488762e+02 -1.051880744928364777e+02 5.593241362084882574e-03 5.438319786473700333e+03 0.000000000000000000e+00
-9.980211184635247434e+01 -9.980812115394407158e+01 7.521258240586222235e-03 5.422372455506399092e+03 0.000000000000000000e+00
-1.018531209779747826e+02 -1.018490132104239336e+02 1.211359056879803865e-02 5.406670030975319605e+03 0.000000000000000000e+00
-1.025225796880185669e+02 -1.025257674528735947e+02 3.670319999461677495e-03 5.390354546435028169e+03 0.000000000000000000e+00
-1.080630174293487613e+02 -1.080519737348540161e+02 6.070660686248992820e-03 2.046143626429982396e+04 0.000000000000000000e+00
-1.053361720725288535e+02 -1.053276100021416966e+02 7.825619416328153180e-03 2.040192245390123571e+04 0.000000000000000000e+00
-1.081114477559103193e+02 -1.081185564495717273e+02 4.967628413432773234e-03 5.341100246322540443e+03 0.000000000000000000e+00
-1.031682787650338469e+02 -1.031622807891235993e+02 1.288272297484683269e-02 5.326279459849493833e+03 0.000000000000000000e+00
-1.107258301672308960e+02 -1.107103017667523090e+02 6.723355574645573617e-03 2.022121539814668722e+04 0.000000000000000000e+00
-1.080750016052769809e+02 -1.080769317107393732e+02 3.758616784881746182e-03 5.294047215415152095e+03 0.000000000000000000e+00
-1.052703433283327996e+02 -1.052675563619689427e+02 3.941502096895053119e-03 2.010912766424916845e+04 0.000000000000000000e+00
-9.601356066605539752e+01 -9.600021451350524160e+01 1.352223099218937373e-02 5.262360900082051558e+03 0.000000000000000000e+00
-1.022242676064402076e+02 -1.021350354625915458e+02 7.589169684869488154e-03 1.046153890400657929e+03 0.000000000000000000e+00
-9.449006432409028378e+01 -9.449753351825529535e+01 8.708602059356269215e-03 5.551525728515517585e+03 0.000000000000000000e+00
-1.052973734743187748e+02 -1.053019572462016669e+02 4.887675510485455302e-03 5.535792661969869187e+03 0.000000000000000000e+00
-1.040829005428583258e+02 -1.041095699518746471e+02 7.772847193834989989e-03 5.519740787886305952e+03 0.000000000000000000e+00
-1.080203811390851882e+02 -1.080240215222584652e+02 3.593911088616717677e-03 5.522115263628303182e+03 0.000000000000000000e+00
-1.107066204992875385e+02 -1.107142035064278645e+02 4.511868617156950152e-03 5.506028392200646522e+03 0.000000000000000000e+00
-9.985164688331045113e+01 -9.984686232363475256e+01 6.010514299529221525e-03 1.977454244986961203e+04 0.000000000000000000e+00
-9.979725969705675936e+01 -9.980137472175533730e+01 7.042773449009998889e-03 5.475533424084218495e+03 0.000000000000000000e+00
-1.107693944384274687e+02 -1.107747758810542109e+02 4.089934820606079546e-03 5.459831904461389058e+03 0.000000000000000000e+00
-1.014964911270204055e+02 -1.015091233648003168e+02 8.158228480001064944e-03 5.444629246943129147e+03 0.000000000000000000e+00
-9.976160603813846706e+01 -9.975656846538487343e+01 1.167164115531325007e-02 1.955362569075009014e+04 0.000000000000000000e+00
-9.976226232480476597e+01 -9.976662587912952063e+01 6.205292111719958210e-03 5.416349735804303236e+03 0.000000000000000000e+00
-1.134333917505104949e+02 -1.134452612927786106e+02 7.106949876005896720e-03 5.401021408431333839e+03 0.000000000000000000e+00
-1.015759691745241184e+02 -1.015874337018208422e+02 8.622687795332057564e-03 5.389271828496644957e+03 0.000000000000000000e+00
-1.007811295363890878e+02 -1.007369421204947457e+02 1.924807864302261265e-02 1.933315758098995866e+04 0.000000000000000000e+00
-1.019018193193683715e+02 -1.019159781922811732e+02 8.878216849954604500e-03 5.380868248441961441e+03 0.000000000000000000e+00
-1.018821557399345892e+02 -1.019003547975944741e+02 8.764669746677118678e-03 5.369941369672636029e+03 0.000000000000000000e+00
-9.991048713334251374e+01 -9.992058464750938640e+01 4.236849295762127460e-03 5.362724016724539979e+03 0.000000000000000000e+00
-1.081016002128286004e+02 -1.081035809296953403e+02 2.723395505369062553e-03 1.153449197452586077e+03 0.000000000000000000e+00
-9.718700699385486530e+01 -9.720116445003630190e+01 1.104911080474385229e-02 1.916513762423038497e+04 0.000000000000000000e+00
-1.080666716130442211e+02 -1.080700486946210077e+02 3.624465610314818974e-03 5.325967103545174723e+03 0.000000000000000000e+00
-1.024817673415641792e+02 -1.024853763570942675e+02 4.178193220566339683e-03 5.311142521909659990e+03 0.000000000000000000e+00
-1.080185061370342652e+02 -1.080212881807569403e+02 3.609075809998622646e-03 5.296411950707359210e+03 0.000000000000000000e+00
-1.080250207548877768e+02 -1.080289013831661151e+02 4.883344136637082257e-03 5.281644823092738079e+03 0.000000000000000000e+00
-1.053176082956973971e+02 -1.053213970088589519e+02 3.001525941174775381e-03 5.267163235615725171e+03 0.000000000000000000e+00
-1.080252397227028780e+02 -1.080289192391097401e+02 4.753813723949673609e-03 5.252699926491883161e+03 0.000000000000000000e+00
-1.079360610096935460e+02 -1.079409458795255006e+02 4.614996393526240789e-03 5.238342264183148473e+03 0.000000000000000000e+00
-1.080820233691869703e+02 -1.080862440753379161e+02 5.449293187189820954e-03 5.224357055357133504e+03 0.000000000000000000e+00
-1.052976119547721936e+02 -1.053023506216343179e+02 4.369972906245676338e-03 5.210317962389275635e+03 0.000000000000000000e+00
-1.026103481431211577e+02 -1.026115302308906365e+02 2.868208662735354571e-03 1.119252355503761692e+03 0.000000000000000000e+00
-1.053491631323606157e+02 -1.053540832962894314e+02 3.971503649084304893e-03 5.183334312248337483e+03 0.000000000000000000e+00
-1.053968628361124615e+02 -1.054024032340069965e+02 3.919968161777338291e-03 5.169624268782754370e+03 0.000000000000000000e+00
-9.898955496256719755e+01 -9.901801663096188122e+01 1.114484111786963674e-02 5.156230645946639925e+03 0.000000000000000000e+00
-1.080766989029344813e+02 -1.080795449712718721e+02 2.242697547204700048e-03 1.107092552706643801e+03 0.000000000000000000e+00
-1.107676672661169732e+02 -1.107734401997284692e+02 3.892784251034157265e-03 5.146628686657739308e+03 0.000000000000000000e+00
-1.025924492798397978e+02 3.223044598039496960e+17 7.164819308855074098e+01 5.133463572854249833e+03 0.000000000000000000e+00
-1.025924492830796027e+02 2.379482098252284171e+29 7.164819308855074098e+01 5.133463572854249833e+03 0.000000000000000000e+00
-1.053694567041944339e+02 -1.053790620170889696e+02 5.338625334042333345e-03 1.841291638853161930e+04 0.000000000000000000e+00
-1.053073997220029838e+02 -1.053081116320073960e+02 4.425383733682745381e-03 5.119508062860577411e+03 0.000000000000000000e+00
-1.080160451152841006e+02 -1.080112087596614003e+02 5.577242142672411696e-03 1.832028477453343294e+04 0.000000000000000000e+00
-1.053313413802753757e+02 -1.053337637017261557e+02 3.549325243672488746e-03 5.091853264512589703e+03 0.000000000000000000e+00
-1.053245681556781790e+02 -1.053178449734394064e+02 6.613410257169135935e-03 1.823108017627839581e+04 0.000000000000000000e+00
-1.054210879026006609e+02 -1.054246554498359671e+02 4.358957789446954098e-03 5.064958779553026943e+03 0.000000000000000000e+00
-1.026795002122116927e+02 -1.026868268054234790e+02 3.463257165499396707e-03 5.051763048028183221e+03 0.000000000000000000e+00
-1.079673179195833086e+02 -1.079711866530457058e+02 4.310006648860283986e-03 5.039629310899940720e+03 0.000000000000000000e+00
-1.052657115495688913e+02 -1.052709619215401204e+02 3.789810096201951146e-03 5.026545442450993505e+03 0.000000000000000000e+00
-1.080726356719900565e+02 -1.080764735773621368e+02 3.427888459514579194e-03 5.013760477810005796e+03 0.000000000000000000e+00
-1.026897255287657345e+02 -1.026996804758418023e+02 4.104386754521903956e-03 5.000807927766468310e+03 0.000000000000000000e+00
-1.025006262000888455e+02 -1.024911323764035131e+02 6.733952590497244498e-03 1.792450091969648201e+04 0.000000000000000000e+00
-1.080026745041256078e+02 -1.080053202318084402e+02 3.454496990090446303e-03 4.977833530565014371e+03 0.000000000000000000e+00
-1.052787013112735934e+02 -1.052794653249417678e+02 2.060820350322372339e-03 1.064332462606153967e+03 0.000000000000000000e+00
-1.107101400878028272e+02 -1.107165774476420523e+02 3.934582822454307620e-03 4.952057078444852777e+03 0.000000000000000000e+00
-9.619909588581074900e+01 -9.623084110789531564e+01 1.346911157794289729e-02 4.940100300713053912e+03 0.000000000000000000e+00
-9.725998051706135072e+01 -9.728409080929897357e+01 1.078790858563202434e-02 1.771070362082109204e+04 0.000000000000000000e+00
-1.025393690321003959e+02 -1.025433235856124128e+02 3.854580903145139650e-03 4.943731762589658501e+03 0.000000000000000000e+00
-1.025736843779017704e+02 -1.025801466840854062e+02 3.613683097171566713e-03 4.931190798232583802e+03 0.000000000000000000e+00
-1.080493175571662476e+02 -1.080525289823540334e+02 2.567811868363517516e-03 4.919278437441618735e+03 0.000000000000000000e+00
-9.989731270048750389e+01 -9.989685466483587106e+01 5.309068405944888935e-03 4.906770920865951666e+03 0.000000000000000000e+00
-1.022001466506905132e+02 -1.021307634209974964e+02 1.277265398383112087e-02 1.751162212644692045e+04 0.000000000000000000e+00
-1.025163506532628190e+02 -1.025175504353528879e+02 5.007099927375894058e-03 5.139939452804548637e+03 0.000000000000000000e+00
-1.025541578439899837e+02 -1.025566211097756764e+02 5.972635755739508744e-03 1.753964800044669028e+04 0.000000000000000000e+00
-1.000242833295857281e+02 -1.000062199021464551e+02 9.388757984777259050e-03 5.113614339141488927e+03 0.000000000000000000e+00
-1.079757513000158440e+02 -1.079657077235158056e+02 5.579504371142291266e-03 1.748661574118799763e+04 0.000000000000000000e+00
-1.080763452007815602e+02 -1.080800647257119493e+02 2.260177525817246881e-03 1.092534036904130289e+03 0.000000000000000000e+00
-1.052513128261444848e+02 -1.052523013687636393e+02 2.923577024699061493e-03 5.082638417244680568e+03 0.000000000000000000e+00
-1.106535170991926833e+02 -1.106627643082170067e+02 4.846899076706194347e-03 5.069751250595395504e+03 0.000000000000000000e+00
-1.080671914253781694e+02 -1.080629190112106244e+02 4.078499800088502582e-03 1.732092531673431586e+04 0.000000000000000000e+00
-1.107155513237874658e+02 -1.107218650790266423e+02 3.347489220043246144e-03 5.046319467329633881e+03 0.000000000000000000e+00
-1.080203012597931860e+02 -1.080248278175981227e+02 3.128785230932444421e-03 5.034594655958173462e+03 0.000000000000000000e+00
-1.053994914170094575e+02 -1.054018487503956720e+02 3.041269682214668528e-03 5.022420189717419817e+03 0.000000000000000000e+00
-1.107691807408867533e+02 -1.107723737962226096e+02 4.574914851885625647e-03 5.009980864638758248e+03 0.000000000000000000e+00
-1.080937564419284058e+02 -1.080989347255922013e+02 4.791412957665075814e-03 4.997719217146914161e+03 0.000000000000000000e+00
-1.053878540010768745e+02 -1.053904586556671461e+02 4.867770329718426603e-03 1.707138402196374591e+04 0.000000000000000000e+00
-9.617846922159834833e+01 -9.620594430861267199e+01 1.335105995365785773e-02 4.973551410166732239e+03 0.000000000000000000e+00
-1.106591028951936408e+02 -1.106660272933402780e+02 4.971403068036531377e-03 4.975927567176585399e+03 0.000000000000000000e+00
-1.080678747479225308e+02 -1.080707575851613313e+02 3.250230193536558961e-03 4.964861356479648748e+03 0.000000000000000000e+00
-1.062737234224217389e+02 -1.062361789952516062e+02 9.379010903544784256e-03 4.952796994829882351e+03 0.000000000000000000e+00
-1.054046654245795906e+02 -1.054091888007103393e+02 3.839115115461514197e-03 4.969515255355812769e+03 0.000000000000000000e+00
-9.913869845676988746e+01 -9.915404179605221202e+01 7.647253907079386119e-03 4.957823562957396462e+03 0.000000000000000000e+00
-1.026304126312975455e+02 -1.026332977591079327e+02 4.300252555082484385e-03 1.681351792723153631e+04 0.000000000000000000e+00
-1.053479247627622755e+02 -1.053501962429382957e+02 6.526642297636648868e-03 1.677259128072100430e+04 0.000000000000000000e+00
-1.080159221875939295e+02 -1.080119323355961427e+02 5.383113992595810367e-03 1.673179634728092060e+04 0.000000000000000000e+00
-1.068539021999510936e+02 -1.068541160553896532e+02 7.056555136806142749e-03 1.051926644700366978e+03 0.000000000000000000e+00
-1.052242377596655132e+02 -1.052122776072749275e+02 4.998811135583212766e-03 1.671311238818642960e+04 0.000000000000000000e+00
-1.079500666581717923e+02 -1.079324421930708269e+02 5.241352442650179869e-03 1.667607513273089717e+04 0.000000000000000000e+00
-1.051979056303180045e+02 -1.051854100430443566e+02 5.633667430742186899e-03 1.664316680920278668e+04 0.000000000000000000e+00
-9.835483684807073246e+01 -9.836839992317283077e+01 7.741603863615303949e-03 4.893296460707447295e+03 0.000000000000000000e+00
-1.026854892769965488e+02 -1.026903613291532196e+02 3.174432216764774134e-03 4.884850053163729172e+03 0.000000000000000000e+00
-1.080735047417074526e+02 -1.080771442906714412e+02 3.238631568975696047e-03 4.873714348995182263e+03 0.000000000000000000e+00
-1.107172413679433589e+02 -1.107228638572462671e+02 3.731511086915226608e-03 4.862360984777630620e+03 0.000000000000000000e+00
-1.080049944213245681e+02 -1.079958614793147120e+02 4.702321009113405968e-03 1.648241662883076788e+04 0.000000000000000000e+00
-1.052894723048253383e+02 -1.052919403324222571e+02 3.914520525174170103e-03 4.840959882879569705e+03 0.000000000000000000e+00
-9.173342145455828245e+01 -9.173195513914119203e+01 1.192773655176488680e-02 4.829608633385089888e+03 0.000000000000000000e+00
-1.080544188587770407e+02 -1.080572535073112306e+02 2.949712042776720701e-03 4.818188472103322965e+03 0.000000000000000000e+00
-1.079606717784689778e+02 -1.079648259980830431e+02 4.141810669828350881e-03 4.806975290205796227e+03 0.000000000000000000e+00
-1.107716751821278507e+02 -1.107759517372303293e+02 3.407220863042728729e-03 4.796056896586239418e+03 0.000000000000000000e+00
-9.987846485778700867e+01 -9.988800754730404208e+01 4.495668898092980599e-03 4.785204711579855939e+03 0.000000000000000000e+00
