0.000000000000000000e+00 0.000000000000000000e+00 0.000000000000000000e+00 0.000000000000000000e+00 0.000000000000000000e+00
-1.081090099506619850e+02 -1.080154183945733308e+02 5.645166710110190861e-02 1.659021972701056075e+04 0.000000000000000000e+00
-1.027031939211019846e+02 2.414490064549227431e+07 2.304298692897871703e+01 1.697443425752346593e+04 0.000000000000000000e+00
-1.079562055820433955e+02 -1.080435348452633804e+02 7.408978323259390875e-02 1.697443425752346593e+04 0.000000000000000000e+00
-1.106962304651933522e+02 -1.107222825498221681e+02 6.664333789470226754e-02 1.713032944715876147e+04 0.000000000000000000e+00
-1.082056134611264326e+02 -1.080761975181849692e+02 4.284187404332841231e-02 1.664362752421875484e+04 0.000000000000000000e+00
-1.016445613533943799e+02 -1.015292451984390851e+02 1.471294971329364099e-01 1.165554589758619259e+05 0.000000000000000000e+00
-9.940208759589911836e+01 -9.921771936616229937e+01 1.319902429655973874e-01 1.144827838760973827e+05 0.000000000000000000e+00
-1.026339917009553204e+02 -1.025715507549773804e+02 9.815255939483738534e-02 2.078602471941581825e+04 0.000000000000000000e+00
-1.082579028000261587e+02 -1.080983167052945646e+02 9.169200960710491288e-02 1.119873736754342099e+05 0.000000000000000000e+00
-9.975755889874658067e+01 -9.954140073124548849e+01 2.897449808350686662e-01 2.637603863217716935e+03 0.000000000000000000e+00
-1.051369954421073203e+02 -1.051869375431143681e+02 7.206151180055204997e-02 2.079568226529128515e+04 0.000000000000000000e+00
-1.044422641933998506e+02 -1.043712198763131056e+02 8.913365615062975034e-02 2.041513725692177104e+04 0.000000000000000000e+00
-1.008643809883131155e+02 -1.007864517050458346e+02 5.891776058604655808e-02 2.934110544160054815e+03 0.000000000000000000e+00
-1.053703597333624487e+02 -1.053786312092966284e+02 2.547959024261382821e-02 1.971585131571423699e+04 0.000000000000000000e+00
-1.052173404983168012e+02 -1.052441333748124350e+02 1.075867471664449376e-01 1.010220803423270263e+05 0.000000000000000000e+00
-1.080522610575888365e+02 -1.080619319154723854e+02 6.618126920957706494e-02 9.873980478921043687e+04 0.000000000000000000e+00
-1.053325550941094519e+02 -1.053150369697121960e+02 5.719096850982716140e-02 9.651208417430733971e+04 0.000000000000000000e+00
-1.027688882772795154e+02 -1.026409624825058984e+02 8.726358278016667358e-02 9.442139152173681941e+04 0.000000000000000000e+00
-1.027991234135053418e+02 -1.026796064870794112e+02 6.555197662269361680e-02 1.872299607921197457e+04 0.000000000000000000e+00
-1.052401505129190298e+02 -1.052779022075356181e+02 6.406559103987188863e-02 9.408340668720117537e+04 0.000000000000000000e+00
-1.053272046859069633e+02 -1.053291376907443180e+02 1.733146088213628755e-02 1.886753490134561434e+04 0.000000000000000000e+00
-9.984560158304545041e+01 -9.982701355217069761e+01 7.518708826813157164e-02 9.043794473465725605e+04 0.000000000000000000e+00
-1.081684754499401038e+02 -1.081075556632185766e+02 4.641442761555034796e-02 8.867838785247005580e+04 0.000000000000000000e+00
-1.025159884556395440e+02 -1.025026469209393554e+02 2.303036409356684633e-02 1.781975580417627862e+04 0.000000000000000000e+00
-1.025161450444518181e+02 -1.025406424849797133e+02 3.484472381371785110e-02 1.750764939856167621e+04 0.000000000000000000e+00
-1.107002578984007783e+02 -1.107107428579158892e+02 3.684780617489911286e-02 8.457082490224138019e+04 0.000000000000000000e+00
-1.039574637872457146e+02 -1.040988845307302029e+02 6.550303829486896212e-02 8.302828028402112250e+04 0.000000000000000000e+00
-1.025647369799361712e+02 -1.025588749986660844e+02 2.106463005903761940e-02 1.792604831746234049e+04 0.000000000000000000e+00
-1.025336425254531463e+02 -1.025168181703239014e+02 5.217507137114300864e-02 8.243488801641637110e+04 0.000000000000000000e+00
-1.026956813375293507e+02 -1.026501344481387861e+02 4.401663776908942144e-02 8.102422028028023487e+04 0.000000000000000000e+00
-1.080048565907649447e+02 -1.079842076082938718e+02 4.079423200849349729e-02 7.992987793641883763e+04 0.000000000000000000e+00
-1.052377834854811027e+02 -1.052466842384418300e+02 2.971997894559163383e-02 7.863550913316321385e+04 0.000000000000000000e+00
-1.080858772929101690e+02 -1.080854126074818566e+02 2.703252917370784283e-02 1.646920258735494281e+04 0.000000000000000000e+00
-1.053809558507563366e+02 -1.053628469912568164e+02 2.191374441959136402e-02 1.619939145903900317e+04 0.000000000000000000e+00
-1.030695157276008871e+02 -1.031369839458474189e+02 5.766815333568554164e-02 7.503280781919749279e+04 0.000000000000000000e+00
-1.080014384558590876e+02 -1.079923986636211879e+02 2.276369998789594395e-02 7.433822323223913554e+04 0.000000000000000000e+00
-1.041385674536923176e+02 -1.042657773877751310e+02 5.726652016826888625e-02 1.570305894030700438e+04 0.000000000000000000e+00
-1.134146650383034540e+02 -1.134285416216816600e+02 4.834654709026301594e-02 7.629024190986224858e+04 0.000000000000000000e+00
-9.984804542407488270e+01 -9.987390804845156822e+01 7.424168518927713734e-02 7.516479030474396131e+04 0.000000000000000000e+00
-1.107243449187408402e+02 -1.107251628076411833e+02 1.640899023605917745e-02 1.574825468740983342e+04 0.000000000000000000e+00
-1.013463127459938846e+02 -1.014093578949470782e+02 2.724208857930998998e-02 1.551718704568570320e+04 0.000000000000000000e+00
-9.415351037166573178e+01 -9.419974105862499414e+01 7.744367142772214108e-02 7.229749498389499786e+04 0.000000000000000000e+00
-1.027281487838269953e+02 -1.026383146739969590e+02 3.211610580043501584e-02 7.143393259758880595e+04 0.000000000000000000e+00
-1.044802901203823211e+02 -1.044330017512158832e+02 3.300491541507200727e-02 1.536110574271640144e+04 0.000000000000000000e+00
-9.978858226380816632e+01 -9.977574311090921810e+01 2.629648566498985277e-02 2.470555737114162184e+03 0.000000000000000000e+00
-1.079816155869894772e+02 -1.079541496454822607e+02 2.865215473961948978e-02 7.055610827132314444e+04 0.000000000000000000e+00
-1.054248510343758340e+02 -1.053848782830022657e+02 3.003009674809551527e-02 6.969122042296896689e+04 0.000000000000000000e+00
-1.025294699138598986e+02 -1.025297035802679204e+02 1.131754430495124711e-02 2.393828637592618634e+03 0.000000000000000000e+00
-9.705430498469716838e+01 -9.707519305427065603e+01 3.365663201021342615e-02 1.455352589958860881e+04 0.000000000000000000e+00
-1.054239951867739364e+02 -1.053903801090250028e+02 2.823911551539816031e-02 6.730345762300249771e+04 0.000000000000000000e+00
-1.080380600253116796e+02 -1.080413332799601136e+02 1.788489825905132183e-02 6.657467313117983576e+04 0.000000000000000000e+00
-1.080028555600153908e+02 -1.079911109535971008e+02 2.109128972810010716e-02 6.573353166193830839e+04 0.000000000000000000e+00
-1.053223057846465025e+02 -1.052948294517359358e+02 2.086552904146950216e-02 6.492647238897606439e+04 0.000000000000000000e+00
-1.027045406379705241e+02 -1.026986669255847602e+02 1.911763454311625823e-02 1.370208800007821446e+04 0.000000000000000000e+00
-1.080795380515366020e+02 -1.080625379255855734e+02 3.468465817292012282e-02 6.364101091605161491e+04 0.000000000000000000e+00
-9.981393170892673083e+01 -9.980993118047611290e+01 2.482595530777686674e-02 1.337716772091334860e+04 0.000000000000000000e+00
-1.052714196302336660e+02 -1.052969766410646031e+02 2.063058664708749407e-02 6.219283499833905807e+04 0.000000000000000000e+00
-9.987882150779697099e+01 -9.987303199229218365e+01 1.837209655622621188e-02 1.308440529576366862e+04 0.000000000000000000e+00
-1.018454134219321077e+02 -1.018126833468604389e+02 1.772231982170435413e-02 1.293572530827124319e+04 0.000000000000000000e+00
-1.053609024121639663e+02 -1.053752246939206145e+02 1.444306562027539674e-02 1.288921609195522979e+04 0.000000000000000000e+00
-1.080944192011339879e+02 -1.080904994476457261e+02 1.526408544678988476e-02 1.276530398492919448e+04 0.000000000000000000e+00
-1.053360111505503198e+02 -1.053284664060714562e+02 1.275291988628065448e-02 1.262331740526747126e+04 0.000000000000000000e+00
-1.068134859711087756e+02 -1.068378062289112478e+02 1.986482313448763304e-02 1.248946632893360766e+04 0.000000000000000000e+00
-1.053196816565017144e+02 -1.053286650076969266e+02 1.053426591722618835e-02 1.239784448315493864e+04 0.000000000000000000e+00
-1.079597290843654207e+02 -1.079652287197706499e+02 1.176597304929840292e-02 2.079340088280150667e+03 0.000000000000000000e+00
-9.429447647510536967e+01 -9.427026953158289757e+01 2.945013385709830192e-02 1.215304620858712406e+04 0.000000000000000000e+00
-1.025096286365731828e+02 -1.025224082462152211e+02 1.798344613328665617e-02 5.639190080958188628e+04 0.000000000000000000e+00
-9.958478231955760407e+01 5.831135059507068750e+13 4.498353121352224804e+01 2.023518080437930166e+03 0.000000000000000000e+00
-1.081023355421980483e+02 -1.081006338817419987e+02 8.139552497986524832e-03 2.023518080437930166e+03 0.000000000000000000e+00
-1.027738919538058298e+02 -1.027408538536985532e+02 2.483359122942389516e-02 5.523343650235887617e+04 0.000000000000000000e+00
-1.026643659954279002e+02 -1.026158403687024787e+02 2.170991008427325397e-02 5.476682919161471364e+04 0.000000000000000000e+00
-1.053531552655350509e+02 -1.053506300937387010e+02 7.550010614710683625e-03 1.162094379640458101e+04 0.000000000000000000e+00
-1.026056498941154302e+02 -1.026119592942833236e+02 9.068397737288323018e-03 1.150432256184311336e+04 0.000000000000000000e+00
-1.080836359864457847e+02 -1.080642097262097963e+02 1.447274340710911697e-02 5.338725549259623222e+04 0.000000000000000000e+00
-1.080508703618075543e+02 -1.080516216993912906e+02 7.571375712714862802e-03 1.128240475281291037e+04 0.000000000000000000e+00
-1.080524114705663976e+02 -1.080395869598962975e+02 1.549726586189523712e-02 5.237657158635571977e+04 0.000000000000000000e+00
-1.053717178941057995e+02 -1.053607195700042070e+02 1.807620741786410481e-02 5.188312828448575601e+04 0.000000000000000000e+00
-1.080421660248929783e+02 -1.080502892774192816e+02 7.516365406437367815e-03 1.096023953335812803e+04 0.000000000000000000e+00
-1.107670090683889157e+02 -1.107678456534296885e+02 1.093676146887420653e-02 1.086198993035767671e+04 0.000000000000000000e+00
-9.719502368105342782e+01 -9.718314178899150590e+01 2.007607900534799650e-02 5.046321190242625744e+04 0.000000000000000000e+00
-1.041263335784307458e+02 -1.043008805501666103e+02 3.806659467191891161e-02 5.000473998993182613e+04 0.000000000000000000e+00
-1.080536174224244803e+02 -1.080583319095640036e+02 1.127417950098172188e-02 1.071732551187538957e+04 0.000000000000000000e+00
-1.052991778353489565e+02 -1.052987992254195433e+02 1.513042855499097464e-02 1.062125994170266677e+04 0.000000000000000000e+00
-1.032600591596263797e+02 -1.032142624286614989e+02 4.263444418509434314e-02 5.085020223295011237e+04 0.000000000000000000e+00
-9.648400495147937761e+01 -9.643950526852238170e+01 4.174168485953675539e-02 5.053090692611407576e+04 0.000000000000000000e+00
-1.080921952295364292e+02 -1.080580746511316050e+02 1.334098147630696438e-02 5.021115539316380455e+04 0.000000000000000000e+00
-1.080756645653073775e+02 -1.080762077168357962e+02 7.233658351791840031e-03 1.025887290541259063e+04 0.000000000000000000e+00
-1.052406732630032167e+02 -1.052451604929718059e+02 1.562580230587074653e-02 4.942748798257349699e+04 0.000000000000000000e+00
-1.041236983439979298e+02 -1.041778261175652460e+02 3.070770205482229245e-02 4.899917000092000671e+04 0.000000000000000000e+00
-1.017477026159805860e+02 -1.017335950336010342e+02 1.542201722783683414e-02 1.751016169487028947e+03 0.000000000000000000e+00
-1.026342176668719901e+02 -1.026431450755020194e+02 9.793144911923361631e-03 9.961180423327587050e+03 0.000000000000000000e+00
-9.906078856358544726e+01 -9.906113928769065069e+01 1.818709716059004056e-02 9.883095602867540947e+03 0.000000000000000000e+00
-1.025085191707303522e+02 -1.025137968614829873e+02 9.157894621730184453e-03 1.743159149306505469e+03 0.000000000000000000e+00
-9.985520196153184713e+01 -9.982252983495284582e+01 1.950902655824385615e-02 4.731552163541108894e+04 0.000000000000000000e+00
-1.053534268642078189e+02 -1.053462303300908900e+02 7.902848345233014563e-03 9.666678321618976042e+03 0.000000000000000000e+00
-9.980767474641507420e+01 -9.981795110858186604e+01 1.072986634179896870e-02 9.591653606552379642e+03 0.000000000000000000e+00
-1.053045099116350087e+02 -1.053083504280770626e+02 8.066301414403669046e-03 9.520410580967349233e+03 0.000000000000000000e+00
-1.081012165398111762e+02 -1.081004935929003921e+02 6.057709311817001570e-03 1.676921313754059383e+03 0.000000000000000000e+00
-1.031888943024444245e+02 -1.031794346826416131e+02 3.254586127003970819e-02 4.564061713936630986e+04 0.000000000000000000e+00
-1.107261645192289023e+02 -1.107078252369392430e+02 1.794246929243340991e-02 4.528396048893556872e+04 0.000000000000000000e+00
-1.080435225639387511e+02 -1.080492179778862294e+02 4.857862563166413794e-03 1.638653658152022217e+03 0.000000000000000000e+00
-1.107188310875783941e+02 -1.107209498636103007e+02 9.043687269396383580e-03 9.164424879245983902e+03 0.000000000000000000e+00
-1.080989266233467561e+02 -1.080983420129105639e+02 6.424416574260785259e-03 1.617125739654677773e+03 0.000000000000000000e+00
-1.081220949718674973e+02 -1.081258033225975055e+02 1.009906579780942004e-02 9.025501908648555400e+03 0.000000000000000000e+00
-1.052741620468892449e+02 -1.052766793067425937e+02 6.510158552540800704e-03 1.593975429252159756e+03 0.000000000000000000e+00
-1.024530081469131773e+02 -1.024401152163221695e+02 1.738179347355324478e-02 4.332761106828504126e+04 0.000000000000000000e+00
-1.025217359635778536e+02 -1.025023148866840899e+02 1.197715003788881599e-02 8.833068826889959382e+03 0.000000000000000000e+00
-1.080769239104035790e+02 -1.080789338403267550e+02 4.325932743528397920e-03 1.562794021220710874e+03 0.000000000000000000e+00
-9.979484221883150497e+01 -9.979664544253508041e+01 7.756983323720285234e-03 1.551333020766000118e+03 0.000000000000000000e+00
-1.080678484647917088e+02 -1.080647641309892890e+02 1.775654595196163657e-02 4.219199450275016716e+04 0.000000000000000000e+00
-1.010930179469364987e+02 -1.010776716736236693e+02 2.269269881139763384e-02 8.618829635230538770e+03 0.000000000000000000e+00
-9.980040165071292790e+01 -9.979827570365152667e+01 1.316693199749700664e-02 8.569891920204949201e+03 0.000000000000000000e+00
-1.107158098061701281e+02 -1.107218720948781083e+02 4.519993751733892944e-03 1.510091366667958710e+03 0.000000000000000000e+00
-1.025900996263204945e+02 -1.025936775397463379e+02 7.557698749244186505e-03 8.448016805464661957e+03 0.000000000000000000e+00
-1.031944859592797599e+02 -1.031842037565985208e+02 1.665381391606047742e-02 8.388889363866728672e+03 0.000000000000000000e+00
-1.025407297017770532e+02 -1.025433058362661711e+02 5.389338470720754504e-03 1.482209617192942233e+03 0.000000000000000000e+00
-1.026727211909456514e+02 -1.026779950153522094e+02 7.590672022778297175e-03 8.276768790531010382e+03 0.000000000000000000e+00
-9.710336474280751418e+01 -9.701947768785009885e+01 3.488579815537914269e-02 3.995865418452252197e+04 0.000000000000000000e+00
-1.032147521373524341e+02 -1.031903071842636876e+02 1.418099978759659353e-02 1.694707670238048877e+03 0.000000000000000000e+00
-1.026956560142934052e+02 -1.026960359208206910e+02 1.119743640564183941e-02 8.542126498040064689e+03 0.000000000000000000e+00
-1.025842228059822929e+02 -1.025826689495714703e+02 6.102975685693574036e-03 8.484053567487984765e+03 0.000000000000000000e+00
-9.863130615388033107e+01 -9.867352639192503716e+01 2.227764629976898905e-02 1.675999697210068462e+03 0.000000000000000000e+00
-1.018905230107177005e+02 -1.018690202285899886e+02 1.491708182702554050e-02 1.692692474560511982e+03 0.000000000000000000e+00
-1.013225133132566924e+02 4.287509747349474000e+15 4.119748511439682659e+01 1.697232779750948112e+03 0.000000000000000000e+00
-1.107851224330864142e+02 -1.107612049315562359e+02 1.368464927075444156e-02 4.004022390368769265e+04 0.000000000000000000e+00
-1.079564217062537921e+02 -1.079689900103526838e+02 8.753468854935556737e-03 1.686060247055250329e+03 0.000000000000000000e+00
-9.978191176208855495e+01 -9.977364642836063524e+01 1.222344822547176413e-02 8.935788957400211075e+03 0.000000000000000000e+00
-1.080939418578170717e+02 -1.080668140139583073e+02 1.504380456814809371e-02 3.941809995858563343e+04 0.000000000000000000e+00
-1.080959869758736005e+02 -1.080963485790255731e+02 5.757702370060980082e-03 1.663652113681532001e+03 0.000000000000000000e+00
-1.080151512683516870e+02 -1.080214709179394958e+02 4.986797679612040533e-03 1.652848985135762632e+03 0.000000000000000000e+00
-1.052817177760796028e+02 -1.052847083074750145e+02 5.322304456793300158e-03 8.716405784703169047e+03 0.000000000000000000e+00
-1.052987644764062622e+02 -1.052995430890248940e+02 7.677329416240148349e-03 8.661359338897080306e+03 0.000000000000000000e+00
-1.053544645166032439e+02 -1.053583775636780615e+02 5.132047866670573673e-03 8.606559112472046763e+03 0.000000000000000000e+00
-1.026175470819521962e+02 -1.026194751523553066e+02 4.971801932226545609e-03 1.613833146956364772e+03 0.000000000000000000e+00
-1.052757643211857328e+02 -1.052751954142194535e+02 3.122649602537969950e-03 1.603957354557421013e+03 0.000000000000000000e+00
-1.079693470683832004e+02 -1.079653816212177020e+02 9.220414155073117235e-03 8.450744399569963207e+03 0.000000000000000000e+00
-1.080726398029320166e+02 -1.080779891200127167e+02 5.256469601133139519e-03 8.399330290283978684e+03 0.000000000000000000e+00
-1.026442930417252484e+02 -1.026432965227330953e+02 4.528613012516228414e-03 1.577264924366048490e+03 0.000000000000000000e+00
-9.996578787079694450e+01 -9.991048463948575886e+01 2.049790412827346558e-02 3.698158299410188192e+04 0.000000000000000000e+00
-1.107290345202574997e+02 -1.107022053419125172e+02 1.459696405636592628e-02 3.692621311410498311e+04 0.000000000000000000e+00
-1.037262477637991367e+02 -1.037488963336727608e+02 1.902413545278656970e-02 8.242349300321293413e+03 0.000000000000000000e+00
-1.053544437799661466e+02 -1.053579234497219659e+02 3.593365839521748401e-03 1.561771366226645796e+03 0.000000000000000000e+00
-1.080014895359766598e+02 -1.080054532463606733e+02 5.616681506288138254e-03 8.165727963014616762e+03 0.000000000000000000e+00
-1.029590688417086994e+02 -1.029702696825076487e+02 1.780915872827259008e-02 1.544613314428058175e+03 0.000000000000000000e+00
-1.080702257579522438e+02 -1.080746500150366103e+02 6.181684696719621890e-03 8.088221533654739687e+03 0.000000000000000000e+00
-9.996996158699407431e+01 -9.996247134384914546e+01 1.087987913088945061e-02 8.042181335567806855e+03 0.000000000000000000e+00
-1.053659589924400848e+02 -1.053438355650626619e+02 1.099084717944204953e-02 3.581699469231389958e+04 0.000000000000000000e+00
-1.024030008371093032e+02 -1.023149432359006425e+02 2.185393267321330060e-02 7.952148263021844286e+03 0.000000000000000000e+00
-1.052105589297792676e+02 -1.051970048076570805e+02 1.081139011126062456e-02 3.548806731051041425e+04 0.000000000000000000e+00
-1.017849861807135454e+02 -1.017771240507690464e+02 1.373996095818890914e-02 8.144213599926025381e+03 0.000000000000000000e+00
-1.052810784305868168e+02 -1.052869561836532881e+02 6.683487437596254480e-03 8.100856974995948804e+03 0.000000000000000000e+00
-1.053318201177435753e+02 -1.053346113783123172e+02 6.082438608742305602e-03 8.056997806033140478e+03 0.000000000000000000e+00
-1.041300298813180234e+02 -1.041670814454147092e+02 1.166939386777746113e-02 1.537289140956897427e+03 0.000000000000000000e+00
-1.106656477295085637e+02 -1.106661910892811420e+02 9.602656010066474776e-03 7.974053621096328243e+03 0.000000000000000000e+00
-1.026686092551301073e+02 -1.026674982682404647e+02 5.636927439581064167e-03 1.557681678363818037e+03 0.000000000000000000e+00
-1.006064058031874566e+02 -1.006348694740882195e+02 1.682411865768824663e-02 7.892878202648370461e+03 0.000000000000000000e+00
-1.081622499710829288e+02 -1.081715018927851446e+02 1.150606002800524941e-02 7.882880552569629799e+03 0.000000000000000000e+00
-1.107724269088815561e+02 -1.107747159372295442e+02 6.389278104580676555e-03 7.845252824330671501e+03 0.000000000000000000e+00
-1.080199608165196850e+02 -1.080222397576660001e+02 3.095374325448975190e-03 1.563041771936640316e+03 0.000000000000000000e+00
-9.979563636628041934e+01 -9.978987473478484560e+01 7.101804726859247893e-03 1.554695488603559170e+03 0.000000000000000000e+00
-1.052727586481341007e+02 -1.052748206538281153e+02 3.485901465283590753e-03 1.547822572636292762e+03 0.000000000000000000e+00
-1.026020460510678447e+02 -1.026128265487050726e+02 7.423170973930743113e-03 7.681967373117724492e+03 0.000000000000000000e+00
-1.025338352498838930e+02 -1.025398082669836555e+02 6.469084141474315715e-03 7.646505285627714329e+03 0.000000000000000000e+00
-1.054026519076170274e+02 -1.054098312253690324e+02 5.620445134624010679e-03 7.607747642588821691e+03 0.000000000000000000e+00
-1.053528824614278534e+02 -1.053558307713916520e+02 2.941003680307768212e-03 1.516451695318716247e+03 0.000000000000000000e+00
-1.053589598253571467e+02 -1.053452825897526282e+02 7.391391459399601453e-03 3.255210613429279692e+04 0.000000000000000000e+00
-1.080191550828491671e+02 -1.080206847264729220e+02 6.075182899237432065e-03 7.495847561024284914e+03 0.000000000000000000e+00
-1.081033008763336767e+02 -1.081001865570135720e+02 4.786144761978687601e-03 1.494217426627218174e+03 0.000000000000000000e+00
-1.064000595965019187e+02 -1.063755742210445447e+02 1.073170261753550979e-02 1.486916001929068671e+03 0.000000000000000000e+00
-1.079697003508472051e+02 -1.079694508048981731e+02 7.949250106532490881e-03 7.387189512225073486e+03 0.000000000000000000e+00
-1.012726747895840731e+02 -1.012347547950027149e+02 2.289392581415584590e-02 7.349509305221436989e+03 0.000000000000000000e+00
-1.045605514069347919e+02 -1.045435274992148891e+02 1.265710654389115564e-02 7.354715932294669983e+03 0.000000000000000000e+00
-1.107740536472873032e+02 -1.107758890794335542e+02 4.270720371788997577e-03 1.517694257824644183e+03 0.000000000000000000e+00
-1.025308324621562974e+02 -1.025358612097777353e+02 5.361904370848868777e-03 1.510094148585495532e+03 0.000000000000000000e+00
-1.079953407784545334e+02 -1.079945386460082659e+02 6.054593613211529772e-03 7.261294785259142373e+03 0.000000000000000000e+00
-1.052616423222989681e+02 -1.052616284111716283e+02 6.073622521988624075e-03 7.225208577508178678e+03 0.000000000000000000e+00
-9.984511010074545823e+01 -9.984603064437965259e+01 7.413386971025676640e-03 7.189447538831009297e+03 0.000000000000000000e+00
-1.080694252179806796e+02 -1.080720021763620906e+02 3.479392029100855394e-03 1.481754221099854249e+03 0.000000000000000000e+00
-1.107675977205465614e+02 -1.107719640031499182e+02 7.183635124992653227e-03 7.119883843156418152e+03 0.000000000000000000e+00
-9.915026702300113470e+01 -9.911121677027490762e+01 1.372578146638367240e-02 1.468801971618186144e+03 0.000000000000000000e+00
-1.017762898854550002e+02 -1.017692135949477006e+02 8.534403699296637391e-03 7.088545949294602906e+03 0.000000000000000000e+00
-1.053998050152008545e+02 -1.054058513970278312e+02 5.479010210022590768e-03 7.056663673730598930e+03 0.000000000000000000e+00
-1.081251315323043229e+02 -1.081254511117294612e+02 4.052652193075379806e-03 1.478028819732296370e+03 0.000000000000000000e+00
-1.053283067858369151e+02 -1.053317435697755542e+02 6.022590865910214600e-03 6.994732889162483843e+03 0.000000000000000000e+00
-1.081196932349340472e+02 -1.081231807769872688e+02 5.842584120074062297e-03 6.961948015043252781e+03 0.000000000000000000e+00
-1.031399096325802276e+02 -1.031477673098677457e+02 1.370160523310669752e-02 6.929630848832830452e+03 0.000000000000000000e+00
-1.053227077708194486e+02 -1.053230447016792937e+02 5.022665237025340269e-03 6.899838356580316940e+03 0.000000000000000000e+00
-1.018067023587780540e+02 -1.017955559396972944e+02 1.625359948186480205e-02 2.942217775202989287e+04 0.000000000000000000e+00
-1.053909462380112672e+02 -1.053687051811006796e+02 1.086371616400468379e-02 2.929013764208675275e+04 0.000000000000000000e+00
-1.053849766466939144e+02 -1.053857204966474654e+02 3.884979787070572121e-03 1.434664926628970989e+03 0.000000000000000000e+00
-1.035691725825047627e+02 -1.035827424875823795e+02 1.029791463037834851e-02 6.777116197154417023e+03 0.000000000000000000e+00
-1.080760609386359903e+02 -1.080786301677088659e+02 4.633173328549838356e-03 6.753109088360216447e+03 0.000000000000000000e+00
-1.005330077107991542e+02 -1.005318090598508860e+02 1.686591219274375178e-02 6.722431949446657200e+03 0.000000000000000000e+00
-1.107329254565023717e+02 -1.107107623849138349e+02 9.354512111948373038e-03 2.878361370245779835e+04 0.000000000000000000e+00
-8.903078220815464761e+01 -8.870932536702891014e+01 1.259518528011498162e-01 1.414556026864003115e+03 0.000000000000000000e+00
-1.053195012518988847e+02 -1.052880403924617241e+02 8.760224735105539423e-03 2.895739414167222276e+04 0.000000000000000000e+00
-9.988495085349381952e+01 -9.988505099887463246e+01 7.222589381650549450e-03 1.435717955784237574e+03 0.000000000000000000e+00
-1.015211661541149653e+02 -1.015478338382038572e+02 7.747158328339186217e-03 6.721395878526162051e+03 0.000000000000000000e+00
-1.107693106949479755e+02 -1.107712841997104789e+02 4.035027016832476443e-03 1.422793831141266537e+03 0.000000000000000000e+00
-1.026444566410834938e+02 -1.026284200680671574e+02 8.794143171194644323e-03 2.860632720655210142e+04 0.000000000000000000e+00
-9.708987949243471860e+01 -9.709909983574628711e+01 1.734736291526988924e-02 6.660177960989049097e+03 0.000000000000000000e+00
-1.040807018911788333e+02 -1.040689104903849085e+02 1.297566468958514033e-02 1.407606941446095789e+03 0.000000000000000000e+00
-1.080561456422933873e+02 -1.080604592295483002e+02 5.923210148118591110e-03 6.688281695076640062e+03 0.000000000000000000e+00
-1.026080002419714674e+02 -1.026097811856563879e+02 3.267426490386236750e-03 1.397791841499610200e+03 0.000000000000000000e+00
-9.935907057359027306e+01 -9.931209991038720375e+01 1.387186079057091924e-02 6.631653256864468858e+03 0.000000000000000000e+00
-1.107201915115571467e+02 -1.107205074610778581e+02 5.544937223672450136e-03 6.681908913972799382e+03 0.000000000000000000e+00
-1.080500906119922320e+02 -1.080534310038869421e+02 3.881768124379031230e-03 6.653125268147916358e+03 0.000000000000000000e+00
-1.053987624039014008e+02 -1.054036364691304897e+02 4.653205191811582778e-03 6.625014545719530361e+03 0.000000000000000000e+00
-1.080538005425107713e+02 -1.080535211534573392e+02 3.634776982885894788e-03 6.597859443243743954e+03 0.000000000000000000e+00
-9.462452082599637038e+01 -9.460075657336079757e+01 1.542963886189727303e-02 1.373128808782741089e+03 0.000000000000000000e+00
-1.058004688745607780e+02 -1.057928656671864331e+02 1.883012394003930404e-02 2.800012026759850778e+04 0.000000000000000000e+00
-9.987272494799600508e+01 -9.987612837990704406e+01 5.036995865276425871e-03 1.377264042496268530e+03 0.000000000000000000e+00
-1.053991776982727657e+02 -1.054017931537768789e+02 4.698051193129850617e-03 6.503686720099601189e+03 0.000000000000000000e+00
-1.007515533770443881e+02 -1.007480485287023271e+02 9.156746126087510554e-03 6.476836427306961014e+03 0.000000000000000000e+00
-9.698313171098176610e+01 -9.697916142614329260e+01 8.590419041898235061e-03 1.364474674681481019e+03 0.000000000000000000e+00
-1.041081141328779296e+02 -1.041365673757366181e+02 1.111433882844425208e-02 6.425538582067410971e+03 0.000000000000000000e+00
-1.025283380074110653e+02 -1.025336519660682342e+02 5.661736799904486077e-03 6.426935864050865348e+03 0.000000000000000000e+00
-9.983265865743551615e+01 -9.984396386684998959e+01 7.012621745946731600e-03 6.401511336549162479e+03 0.000000000000000000e+00
-1.053419572311759396e+02 -1.053449855312636316e+02 4.871342763534138552e-03 6.379758345143709448e+03 0.000000000000000000e+00
-1.024809912162724714e+02 -1.024777312682618771e+02 6.695017184332321264e-03 1.338591568559592588e+03 0.000000000000000000e+00
-1.053385368016717365e+02 -1.053379551173093205e+02 3.018293348275268885e-03 1.333232183296825951e+03 0.000000000000000000e+00
-1.080509421741029001e+02 -1.080534231510899730e+02 3.622978516758913227e-03 6.304871857006860409e+03 0.000000000000000000e+00
-1.043716640973685656e+02 -1.043883716985989025e+02 1.228483155670989820e-02 6.279675498177740337e+03 0.000000000000000000e+00
-1.080749870711509431e+02 -1.080791839882615335e+02 3.214520522529081426e-03 1.318353702530496776e+03 0.000000000000000000e+00
-1.080683838423988732e+02 -1.080684868067076820e+02 4.498741390396793563e-03 6.241637067506537278e+03 0.000000000000000000e+00
-1.041465642077636460e+02 -1.041422171619214794e+02 8.679022343835787745e-03 1.308550080269770888e+03 0.000000000000000000e+00
-9.731769323004155581e+01 -9.731345438999603914e+01 1.356312971278208525e-02 6.217283490422196337e+03 0.000000000000000000e+00
-1.027237604359273462e+02 -1.027244957247356041e+02 7.933820130474014687e-03 6.192727047659958771e+03 0.000000000000000000e+00
-1.052613781010040555e+02 -1.052592058159512050e+02 4.296801205410065091e-03 6.168394370377919586e+03 0.000000000000000000e+00
-1.107210929736162797e+02 -1.107230128699504093e+02 5.267704713194328904e-03 6.144394428879294537e+03 0.000000000000000000e+00
-1.107211745717352471e+02 -1.107230319025963752e+02 5.144931218669587802e-03 6.120550727693538647e+03 0.000000000000000000e+00
-1.080493424053664171e+02 -1.080448397477239837e+02 4.893136738926633610e-03 6.096883423797919022e+03 0.000000000000000000e+00
-1.080033151112780985e+02 -1.079847851553415694e+02 7.173452025407836725e-03 2.632487858810032412e+04 0.000000000000000000e+00
-1.080562152294706948e+02 -1.080574635659371694e+02 3.770051361187383779e-03 6.052688833066967163e+03 0.000000000000000000e+00
-1.026341029441587409e+02 -1.026360966567996513e+02 5.236802856561037847e-03 6.029467111750185722e+03 0.000000000000000000e+00
-1.052770487701190802e+02 -1.052790603473670075e+02 2.639064651686288260e-03 1.260422154743816236e+03 0.000000000000000000e+00
-1.028208559836351554e+02 1.069974102627290938e+14 3.543567007925540935e+01 1.255686713965837271e+03 0.000000000000000000e+00
-1.026746850655389807e+02 -1.026818071054644435e+02 5.523740721687685380e-03 5.983559202135637861e+03 0.000000000000000000e+00
-1.026501533682952783e+02 -1.026473698632681817e+02 6.407602000299579027e-03 5.962756042079345207e+03 0.000000000000000000e+00
-1.027327920590549866e+02 -1.027360346172401790e+02 7.014810812366946945e-03 5.940434982142891386e+03 0.000000000000000000e+00
-1.026197915556864046e+02 -1.026214229403954334e+02 4.008758203787756054e-03 5.918612332451200928e+03 0.000000000000000000e+00
-1.019762941020818516e+02 -1.019665503322522824e+02 1.015170236917009410e-02 5.896433606250350749e+03 0.000000000000000000e+00
-1.079266010068726729e+02 -1.079225653016449087e+02 5.957843082700326615e-03 5.877435080726801971e+03 0.000000000000000000e+00
-1.028344776787872803e+02 1.780805796106800000e+15 3.504450817368832105e+01 1.228117553135707567e+03 0.000000000000000000e+00
-1.053389065008178846e+02 -1.053357155286984437e+02 2.848256638482053651e-03 1.228117553135707567e+03 0.000000000000000000e+00
-9.991773930149648208e+01 -9.992347597840517892e+01 5.231811541387076069e-03 5.834198920711583014e+03 0.000000000000000000e+00
-1.000350710501675735e+02 -1.000166439835396801e+02 1.268076046359756237e-02 2.523790316478997192e+04 0.000000000000000000e+00
-1.026169773918857686e+02 -1.026228152362246675e+02 4.430815369347631746e-03 5.792784743982380860e+03 0.000000000000000000e+00
-1.080039638945875140e+02 -1.080062300070605232e+02 3.627711948330971086e-03 5.772683440838502065e+03 0.000000000000000000e+00
-1.053100442763887514e+02 -1.053136073023486148e+02 3.226584833172320421e-03 1.206072545702652860e+03 0.000000000000000000e+00
-1.026532426740634918e+02 -1.026544104700402613e+02 5.224327088584560658e-03 1.202122198213661704e+03 0.000000000000000000e+00
-9.934740856619764315e+01 -9.931117487046211068e+01 1.035672335759132805e-02 5.711812197659926824e+03 0.000000000000000000e+00
-1.028363191713463323e+02 8.189494249451762695e+12 3.454823310448429652e+01 1.193580410641784511e+03 0.000000000000000000e+00
-1.052791971185833972e+02 -1.052788559778017827e+02 4.092838277663417117e-03 5.731383772177689025e+03 0.000000000000000000e+00
-1.053332924248288833e+02 -1.053336429694181362e+02 1.730347159157975562e-03 1.189289458983229451e+03 0.000000000000000000e+00
-1.052790579401743969e+02 -1.052810744973912307e+02 3.262833504051523750e-03 5.690598751420483495e+03 0.000000000000000000e+00
-9.457685252754711769e+01 -9.449359063613604803e+01 1.898885489236820656e-02 2.468086361997391577e+04 0.000000000000000000e+00
-1.025549027834487106e+02 -1.025561877457292042e+02 7.468209010466345631e-03 5.703308941734834661e+03 0.000000000000000000e+00
-1.028319126089614599e+02 6.439003330064940800e+17 7.538639914536992137e+01 5.683109176105030201e+03 0.000000000000000000e+00
-1.080040083134434781e+02 -1.080074282943860027e+02 3.110924386279737084e-03 1.173932005954074384e+03 0.000000000000000000e+00
-1.068240310492143266e+02 -1.068373711454520105e+02 9.589297393791867269e-03 5.663620988693880463e+03 0.000000000000000000e+00
-1.053928017782554605e+02 -1.053908656825568215e+02 3.084487772347356549e-03 1.168430164072678963e+03 0.000000000000000000e+00
-1.013868052634381201e+02 -1.014197003249573612e+02 7.287588106687154128e-03 5.630067392881087471e+03 0.000000000000000000e+00
-1.080574225463460891e+02 -1.080604746528562430e+02 4.874525080272640309e-03 5.643766254056977232e+03 0.000000000000000000e+00
-1.026324418351718890e+02 -1.026349534871270919e+02 3.587898438025872907e-03 5.624403291080021518e+03 0.000000000000000000e+00
-1.026406776306702824e+02 -1.026405217879121352e+02 4.228283170201477259e-03 5.604965730924256604e+03 0.000000000000000000e+00
-1.043889722227040551e+02 -1.043907245594569417e+02 9.799641002979296925e-03 5.585507894319223851e+03 0.000000000000000000e+00
-1.053430590555666697e+02 -1.053466088836259615e+02 3.024044013489512930e-03 1.148803841646087221e+03 0.000000000000000000e+00
-1.054082125282764792e+02 -1.054075596930702545e+02 2.959342180597872383e-03 1.145246269214161430e+03 0.000000000000000000e+00
-1.080850386935307910e+02 -1.080659014245785698e+02 5.995425212067239176e-03 2.411693358163052471e+04 0.000000000000000000e+00
-1.053102477190250852e+02 -1.053101776632936435e+02 4.058939421539670481e-03 5.511999102807314557e+03 0.000000000000000000e+00
-9.974397745753917377e+01 -9.975203661753513984e+01 8.356257403815717591e-03 5.493189200140833236e+03 0.000000000000000000e+00
-9.702400058209238409e+01 -9.703296069149126879e+01 9.577551077540180993e-03 5.476741821656871252e+03 0.000000000000000000e+00
-1.026548808717519989e+02 -1.026111389857118468e+02 1.114267173244115269e-02 2.380306406944248374e+04 0.000000000000000000e+00
-1.079425895614369324e+02 -1.079447093248884926e+02 3.056613898749373660e-03 1.126264506752536590e+03 0.000000000000000000e+00
-9.988854090358064752e+01 -9.989017852530136565e+01 6.139137584967085427e-03 5.426572176808990662e+03 0.000000000000000000e+00
-1.081193542990201735e+02 -1.081276189813531090e+02 4.388163801655612165e-03 5.408405619046384345e+03 0.000000000000000000e+00
-1.107820550889640288e+02 -1.107578478376749018e+02 7.718729419016156536e-03 2.355676424771362144e+04 0.000000000000000000e+00
-1.026187889862440556e+02 -1.026192391868070644e+02 2.524506001247640158e-03 1.111683871212112763e+03 0.000000000000000000e+00
-9.646890481548823004e+01 -9.643194151847661999e+01 1.920738244703566050e-02 2.343199057524211821e+04 0.000000000000000000e+00
-1.079651152220009038e+02 -1.079697291396720118e+02 3.752262145198431535e-03 1.104616832860713430e+03 0.000000000000000000e+00
-1.107174136212504294e+02 -1.107161190915527698e+02 5.466992171992396399e-03 5.339759320315887635e+03 0.000000000000000000e+00
-1.025622539042764885e+02 -1.025648390679405395e+02 3.442106458090660789e-03 5.322243073036649548e+03 0.000000000000000000e+00
-1.024695038924844397e+02 -1.024710722051106018e+02 6.651212363322767801e-03 5.304925885486970401e+03 0.000000000000000000e+00
-1.025823237672767476e+02 -1.025812801446704725e+02 4.161922604274019034e-03 5.287716382533328215e+03 0.000000000000000000e+00
-1.052132612819919473e+02 -1.051888885401142204e+02 7.542082720271974308e-03 2.304250402769386346e+04 0.000000000000000000e+00
-1.025919959867109128e+02 -1.025935195020252451e+02 9.095355807141804194e-03 5.254865622769282709e+03 0.000000000000000000e+00
-1.080576616183410863e+02 -1.080605998869319961e+02 4.477957466900870688e-03 5.238088036573538375e+03 0.000000000000000000e+00
-1.053318247709520534e+02 -1.053292797620576238e+02 3.785678136503889575e-03 5.221500406692898650e+03 0.000000000000000000e+00
-1.052737279074203514e+02 -1.052710285972368354e+02 4.655614789446302360e-03 5.204925833260837862e+03 0.000000000000000000e+00
-1.067751573878171172e+02 -1.067848772006379079e+02 8.256072555524048354e-03 5.188458764393299134e+03 0.000000000000000000e+00
-1.106617140608879311e+02 -1.106645479758362143e+02 4.075546164294096760e-03 1.069599136096964003e+03 0.000000000000000000e+00
-1.053027815978103945e+02 -1.052985787196068372e+02 4.637514917382393707e-03 5.158202947016638973e+03 0.000000000000000000e+00
-1.040412058269676265e+02 -1.040607982738246591e+02 1.019231618412893246e-02 5.142290874931552935e+03 0.000000000000000000e+00
-1.026063482342677418e+02 -1.026079033845673507e+02 4.426447904376513802e-03 5.136553168078754425e+03 0.000000000000000000e+00
-1.017847903800847007e+02 -1.017803241446336386e+02 8.522184212641443005e-03 5.120409371271121927e+03 0.000000000000000000e+00
-1.052820594972989312e+02 -1.052814442266545853e+02 1.858368891832981812e-03 1.056666590835219722e+03 0.000000000000000000e+00
-1.054056602244155130e+02 -1.054098717621838972e+02 3.723370812881531770e-03 5.089028549085347549e+03 0.000000000000000000e+00
-1.080026381027640525e+02 -1.080025050914186124e+02 1.712628442240423645e-03 1.050193042506067968e+03 0.000000000000000000e+00
-9.980076996206449280e+01 -9.979941450735499586e+01 6.625715977850828858e-03 5.057928344569815636e+03 0.000000000000000000e+00
-1.025014246022582540e+02 -1.025003237223979369e+02 3.378536464933188863e-03 1.043748528572533360e+03 0.000000000000000000e+00
-9.959164302200586860e+01 -9.951685344744349493e+01 1.139802668947692207e-02 5.026831134184292750e+03 0.000000000000000000e+00
-1.053532939068426515e+02 -1.053564078660118355e+02 4.352562310127719436e-03 5.149898402232654007e+03 0.000000000000000000e+00
-1.030592541804512052e+02 1.381885053655366800e+16 3.340934548406374915e+01 1.116184365673530920e+03 0.000000000000000000e+00
-9.726897854052043613e+01 -9.726183459544077436e+01 1.159220856981288406e-02 5.134310405393695873e+03 0.000000000000000000e+00
-9.978844308091744608e+01 -9.979628460952717717e+01 5.396123518820490107e-03 5.119428195328488982e+03 0.000000000000000000e+00
-1.030315465659420937e+02 1.920855004969942720e+17 7.145353533006607449e+01 5.105607711165001092e+03 0.000000000000000000e+00
-9.739296313507759351e+01 -9.737970039970474545e+01 9.753327943156486074e-03 5.105607711165001092e+03 0.000000000000000000e+00
-1.026058088136127395e+02 -1.025484492024157532e+02 1.220712701459033232e-02 2.191312063744115221e+04 0.000000000000000000e+00
-1.025130894031726569e+02 -1.025120261368378323e+02 4.826158609509603910e-03 5.079362510683626169e+03 0.000000000000000000e+00
-9.906889124963711879e+01 -9.906286384075151830e+01 7.961351281980874606e-03 5.063989880661697498e+03 0.000000000000000000e+00
-1.052253733339837396e+02 -1.052222922719384997e+02 3.346830406823087661e-03 1.100080649871967125e+03 0.000000000000000000e+00
-1.052520797086448425e+02 -1.052529628841372755e+02 3.343616220291258535e-03 1.096999021568356738e+03 0.000000000000000000e+00
-1.026552264609670289e+02 -1.026549024662336222e+02 4.295122681861576058e-03 5.019804309339304382e+03 0.000000000000000000e+00
-1.080212861472288068e+02 -1.080232525715093033e+02 2.178552689768838233e-03 1.090494046309480836e+03 0.000000000000000000e+00
-1.026048418378328364e+02 -1.026071937419297484e+02 4.221201353551075515e-03 4.990153182429092340e+03 0.000000000000000000e+00
-1.080040109034507196e+02 -1.080023315965046748e+02 2.574696812808819398e-03 4.975425675890275670e+03 0.000000000000000000e+00
-1.052349463514691905e+02 -1.052083754867914536e+02 1.232348286812067623e-02 2.143147516158301733e+04 0.000000000000000000e+00
-1.016123390404479636e+02 -1.016202773721591086e+02 8.680846422778191671e-03 4.947788628307765975e+03 0.000000000000000000e+00
-1.024418826856518194e+02 -1.024470141842498521e+02 6.283675605490030361e-03 4.934906643582661673e+03 0.000000000000000000e+00
-1.051989569265211628e+02 -1.051936587058895611e+02 5.288667340544296255e-03 4.921252545203870795e+03 0.000000000000000000e+00
-9.984101304013206857e+01 -9.984395260455794130e+01 3.347437456804443646e-03 1.071024280804554792e+03 0.000000000000000000e+00
-1.007086252155650783e+02 -1.006888389399261285e+02 1.649635891572074839e-02 2.115613817692813245e+04 0.000000000000000000e+00
-9.697865324891743910e+01 -9.697966571310705319e+01 9.571959956716372467e-03 4.878883798653961094e+03 0.000000000000000000e+00
-1.053566011594306673e+02 -1.053621727343868173e+02 3.381341885313812225e-03 4.864733585126113212e+03 0.000000000000000000e+00
-1.080362186069327493e+02 -1.080344206603906798e+02 2.783911682725777846e-03 1.060284240206058257e+03 0.000000000000000000e+00
-1.079469995246454914e+02 -1.079442019149033172e+02 4.101072387658206628e-03 4.837655858306318805e+03 0.000000000000000000e+00
-9.985163698503626506e+01 -9.985081983487354762e+01 4.922425357092979556e-03 4.823872270560301331e+03 0.000000000000000000e+00
-1.025374850805361149e+02 -1.025378650764994717e+02 4.308022993620270157e-03 4.810057256152604168e+03 0.000000000000000000e+00
-1.025449109629008291e+02 -1.025534170975133179e+02 5.490481331863982656e-03 4.796273629501044525e+03 0.000000000000000000e+00
-1.041173876546966852e+02 -1.041305556584694614e+02 7.526975942303977020e-03 4.784406750003677189e+03 0.000000000000000000e+00
-1.052306343824946708e+02 -1.052274120495056735e+02 4.287123519231541766e-03 4.775272383595596693e+03 0.000000000000000000e+00
-1.079966818277449789e+02 -1.079953770209491353e+02 2.675741460378703186e-03 1.043179156344002877e+03 0.000000000000000000e+00
-1.026037057699072079e+02 -1.026048993506518627e+02 3.923017675878720176e-03 4.748525484581704404e+03 0.000000000000000000e+00
-1.052572078901125394e+02 -1.052605205575122511e+02 5.675167605970937550e-03 1.037335307548814853e+03 0.000000000000000000e+00
-1.106633135943242365e+02 -1.106648585049773885e+02 3.467557686483514149e-03 1.034809602873944186e+03 0.000000000000000000e+00
-1.107717536874904596e+02 -1.107743415326070675e+02 3.774412868951527913e-03 4.708759760584604010e+03 0.000000000000000000e+00
-1.107163396403757645e+02 -1.107163357177948910e+02 4.481015311148181524e-03 4.695739988878528493e+03 0.000000000000000000e+00
-1.080699219528005415e+02 -1.080735950946223340e+02 2.957506461528145499e-03 4.682628343339407365e+03 0.000000000000000000e+00
-1.080721782204799979e+02 -1.080752620907297086e+02 2.741615430704079370e-03 4.669926592418149994e+03 0.000000000000000000e+00
-9.604506105682347084e+01 -9.604617816322002000e+01 1.173120768429065063e-02 1.020506267593578173e+03 0.000000000000000000e+00
-1.081656426510106854e+02 -1.081731134498549096e+02 6.439144808173632994e-03 4.675049341070984156e+03 0.000000000000000000e+00
-9.973786079339707555e+01 -9.974122227629186455e+01 5.465978096911655593e-03 4.663962852929142173e+03 0.000000000000000000e+00
-1.079992857290134651e+02 -1.079973439567709050e+02 3.184914846628755444e-03 4.651407532429162529e+03 0.000000000000000000e+00
-1.080547173843915090e+02 -1.080556140971156935e+02 2.525615233741898818e-03 4.638727083016337929e+03 0.000000000000000000e+00
-1.026092395552893350e+02 -1.026154231829208072e+02 3.207598913509629359e-03 4.626040877950739741e+03 0.000000000000000000e+00
-1.053584625704930176e+02 -1.053594605388494330e+02 1.458955279581841246e-03 1.003918300696204028e+03 0.000000000000000000e+00
-1.107246999527803411e+02 -1.107270532432452086e+02 3.783460260841819706e-03 4.602196823526990556e+03 0.000000000000000000e+00
-1.107247709144044734e+02 -1.107270778879147883e+02 3.722741732976214777e-03 4.589859664907112347e+03 0.000000000000000000e+00
-1.052595760222608590e+02 -1.052462138533533960e+02 8.076784688528040185e-03 1.987827746045897948e+04 0.000000000000000000e+00
-1.024952479410718098e+02 -1.024965948149726671e+02 4.213812225059686105e-03 9.933066793903630014e+02 0.000000000000000000e+00
-1.013989077684136504e+02 -1.014478638675128934e+02 1.276042221944348638e-02 1.977952809273905950e+04 0.000000000000000000e+00
-1.054189499792800859e+02 -1.054273764313493587e+02 4.431412633754330289e-03 4.562993714247790194e+03 0.000000000000000000e+00
-1.068562292101109392e+02 -1.068633732046773446e+02 7.161830295531754556e-03 4.552743435693610081e+03 0.000000000000000000e+00
-1.107707925871587946e+02 -1.107731385635999430e+02 4.411706359634994142e-03 4.541820110290948833e+03 0.000000000000000000e+00
-1.032127503484416167e+02 -1.031815557046322880e+02 1.253278910750306625e-02 1.970123378409838551e+04 0.000000000000000000e+00
-1.080596065950421547e+02 -1.080607447186219616e+02 3.746455227088207277e-03 4.517849231415945724e+03 0.000000000000000000e+00
-9.721569506333358390e+01 -9.721795005041786908e+01 6.371394475296483437e-03 4.505914824086657063e+03 0.000000000000000000e+00
-1.080694634029767229e+02 -1.080743487065616222e+02 2.574801264034755257e-03 4.494059209684402958e+03 0.000000000000000000e+00
-1.031860204552190368e+02 -1.031838381570782133e+02 6.928314121832497736e-03 4.482820929862974481e+03 0.000000000000000000e+00
-1.080185442404032443e+02 -1.080220460257613553e+02 2.587954141033038061e-03 4.471081519474664674e+03 0.000000000000000000e+00
-1.053983982282290981e+02 -1.054012074016300744e+02 2.779909735665524271e-03 4.459646392718075731e+03 0.000000000000000000e+00
-9.985257549203295468e+01 -9.985548567490613436e+01 4.913298233456572621e-03 4.448198594966277597e+03 0.000000000000000000e+00
-1.054049543394197599e+02 -1.054082724582464579e+02 3.475038118312793762e-03 4.436722995767526299e+03 0.000000000000000000e+00
-1.079921070477269467e+02 -1.079899987103470664e+02 4.317371468896685771e-03 4.425514007205220878e+03 0.000000000000000000e+00
-1.042192345223175352e+02 -1.042253203442573266e+02 7.151146565342254499e-03 4.414119947486184174e+03 0.000000000000000000e+00
-1.107703728189178918e+02 -1.107735472837596262e+02 3.050033580133810519e-03 9.576317094229860913e+02 0.000000000000000000e+00
-9.715352874000686256e+01 -9.714888758516568146e+01 7.253895131177762017e-03 4.392500920004637010e+03 0.000000000000000000e+00
-9.989729145833170776e+01 -9.990175871999335300e+01 4.373819768761177257e-03 4.381893772657393129e+03 0.000000000000000000e+00
-1.053086434947164491e+02 -1.053107856969787548e+02 3.646164068437073198e-03 4.371057342411140780e+03 0.000000000000000000e+00
-1.025948257860434865e+02 -1.025944593135211562e+02 2.613315891496327450e-03 9.485300896765169227e+02 0.000000000000000000e+00
-1.026404317470734640e+02 -1.026404562349528362e+02 3.271951044578375219e-03 4.348805415933351469e+03 0.000000000000000000e+00
-1.080686736747701104e+02 -1.080711159006694118e+02 2.576242515425472557e-03 4.337711081391405060e+03 0.000000000000000000e+00
-1.053247081245617096e+02 -1.053286613549373385e+02 2.809841656527667722e-03 9.413262192406372151e+02 0.000000000000000000e+00
-1.052917142639648063e+02 -1.052852549215703988e+02 5.081546377383621901e-03 4.316090311437021228e+03 0.000000000000000000e+00
-9.988859359537713090e+01 -9.989147956055802524e+01 3.765632144395619687e-03 4.306028467281151279e+03 0.000000000000000000e+00
-1.041449886037039789e+02 -1.041407667685139842e+02 6.116125854317701685e-03 9.347663938168511777e+02 0.000000000000000000e+00
-1.053519252625590354e+02 -1.053547216668623037e+02 1.847075180196869034e-03 4.302033283359063716e+03 0.000000000000000000e+00
-1.080518927712375472e+02 -1.080520903496072123e+02 1.762646778093151416e-03 9.306375468340263524e+02 0.000000000000000000e+00
-1.026652447894866214e+02 -1.026648150203091632e+02 3.950765429124467910e-03 4.280759329115024229e+03 0.000000000000000000e+00
-1.026460401141519441e+02 -1.026534650136527915e+02 3.718585731564486452e-03 9.260368217655085346e+02 0.000000000000000000e+00
-1.053460086350998495e+02 -1.053461447871271872e+02 2.710920672697334378e-03 9.251954025862427216e+02 0.000000000000000000e+00
-1.053315263501992689e+02 -1.053307110866979883e+02 1.487998715292858072e-03 9.228929107327378460e+02 0.000000000000000000e+00
-1.026960006820101370e+02 -1.026916928143249663e+02 7.402661752816268141e-03 4.240447430730720043e+03 0.000000000000000000e+00
-1.081253118546693059e+02 -1.081251447341206955e+02 2.263278416576668204e-03 9.183930809615737871e+02 0.000000000000000000e+00
-1.025389840445803173e+02 -1.025386034841230156e+02 2.846465931560880798e-03 4.221024860859612090e+03 0.000000000000000000e+00
-9.715333920097859277e+01 -9.716332990457202357e+01 6.150752509739241050e-03 4.210634585639184479e+03 0.000000000000000000e+00
-1.080785895542441608e+02 -1.080794439108481129e+02 1.994500128263076554e-03 9.117238433252521190e+02 0.000000000000000000e+00
-1.053341626003183080e+02 -1.053370201482368884e+02 2.998651410421682064e-03 4.192977335668769229e+03 0.000000000000000000e+00
-1.080212674801955473e+02 -1.080234786966708356e+02 3.153941329074594780e-03 4.182909386378066301e+03 0.000000000000000000e+00
-1.025316646434213936e+02 -1.025350722210988863e+02 6.771961255736006977e-03 9.052840866499183221e+02 0.000000000000000000e+00
-9.460334677670851988e+01 -9.457487791507750785e+01 7.902405660760631473e-03 4.163286735608088748e+03 0.000000000000000000e+00
-1.053563393793676823e+02 -1.053588574090289143e+02 2.600928382854564638e-03 4.169984375119996002e+03 0.000000000000000000e+00
-9.436683433355352690e+01 -9.436724899893400220e+01 8.201549275114034671e-03 9.004685416281765811e+02 0.000000000000000000e+00
-1.052919691239475100e+02 -1.052914245868996801e+02 2.702568109632384578e-03 4.149991899482869485e+03 0.000000000000000000e+00
-1.053934944491728345e+02 -1.053989511413503379e+02 3.695032666089051974e-03 4.139998644462362790e+03 0.000000000000000000e+00
-1.026157807315166508e+02 -1.026163900603326198e+02 2.731471552397604294e-03 4.130805702625487356e+03 0.000000000000000000e+00
-1.053586339115834392e+02 -1.053607321581814773e+02 1.602873386368437562e-03 8.922521160510631262e+02 0.000000000000000000e+00
-1.016849433262922986e+02 -1.016889315434594323e+02 5.768254425020139312e-03 8.901892317196824251e+02 0.000000000000000000e+00
