0.000000000000000000e+00 0.000000000000000000e+00 0.000000000000000000e+00 0.000000000000000000e+00 0.000000000000000000e+00
-9.466534124165018227e+01 -9.444464152890962794e+01 4.003283339290611975e-01 3.554975051352370883e+03 0.000000000000000000e+00
-9.522856522370940979e+01 -9.431382980872737676e+01 2.920544553105742236e-01 5.941724744486372219e+04 0.000000000000000000e+00
-1.052769809026230661e+02 -1.053249507498508706e+02 1.301410907409527862e-01 2.494491786588097166e+05 0.000000000000000000e+00
-1.001171383254503411e+02 -9.996811130604585571e+01 1.185420527745446040e-01 2.431014019215415174e+05 0.000000000000000000e+00
-1.025034138715436995e+02 -1.023936977643074613e+02 1.098892442938148306e-01 6.963173045553384873e+04 0.000000000000000000e+00
-1.053982378513752849e+02 -1.053917616867074258e+02 1.085882960691186006e-01 2.433351541319573589e+05 0.000000000000000000e+00
-9.459952199469694278e+01 -9.436521512611943763e+01 1.303782070418134653e-01 2.372543839786461613e+05 0.000000000000000000e+00
-1.053099282479701913e+02 -1.052715037967547147e+02 8.393484383266329452e-02 7.003963471546150686e+04 0.000000000000000000e+00
-9.989344382860653582e+01 -9.973222702105944393e+01 1.304993170877718767e-01 2.344523942068612960e+05 0.000000000000000000e+00
-1.053754005179273605e+02 -1.053065474416668650e+02 9.725750548678832597e-02 2.325318565894639178e+05 0.000000000000000000e+00
-1.079984639238831221e+02 -1.079770244736762805e+02 7.379174698449633696e-02 2.280205906275632733e+05 0.000000000000000000e+00
-1.067387033154871858e+02 -1.068096005070380698e+02 8.814820592532682242e-02 2.230264310718114139e+05 0.000000000000000000e+00
-1.108203239097755670e+02 -1.107661294820697435e+02 8.662191252106618555e-02 2.189991930476626439e+05 0.000000000000000000e+00
-1.043231886693909729e+02 -1.041958465000912071e+02 1.336778766827393106e-01 2.147849970261529088e+05 0.000000000000000000e+00
-9.984747828856592378e+01 -9.974591830388915525e+01 7.963392782725152441e-02 2.121155029988245515e+05 0.000000000000000000e+00
-9.972530303983286615e+01 -9.965024100934802220e+01 1.028920773708847936e-01 2.094164401049790322e+05 0.000000000000000000e+00
-1.080385962097683148e+02 -1.080699023146248834e+02 5.421169793280061072e-02 5.341617448584139311e+03 0.000000000000000000e+00
-1.053160510706637751e+02 -1.053193636514752427e+02 3.854088682958541762e-02 6.022172519754194946e+04 0.000000000000000000e+00
-1.018651345409601561e+02 -1.017836073966184642e+02 8.982068076039417814e-02 1.982487638616878539e+05 0.000000000000000000e+00
-9.740019102601360146e+01 -9.733950585176079073e+01 7.817035258941798515e-02 1.953942477606814646e+05 0.000000000000000000e+00
-1.078781064156827227e+02 -1.079603263729960929e+02 7.462609481733274708e-02 1.922996714454294706e+05 0.000000000000000000e+00
-9.206470308191573793e+01 -9.189338443225773290e+01 1.000407435125529321e-01 1.897560091089416528e+05 0.000000000000000000e+00
-8.909137395151780936e+01 -8.895467170572297277e+01 8.381380241321528812e-02 1.898093543188944459e+05 0.000000000000000000e+00
-1.108137709943565881e+02 -1.107664867256222436e+02 5.628473805388221896e-02 1.888564157108648797e+05 0.000000000000000000e+00
-1.053462018287430766e+02 -1.053043804339948650e+02 4.227115306192874566e-02 1.859202204224319430e+05 0.000000000000000000e+00
-1.108002961198879461e+02 -1.107651396666657888e+02 5.028146828463995327e-02 1.830370713517495315e+05 0.000000000000000000e+00
-1.053291231084042039e+02 -1.053337891438695380e+02 5.579453920642230697e-02 1.801605220394241333e+05 0.000000000000000000e+00
-1.079826637921161137e+02 -1.080000186066701531e+02 4.231323742470197852e-02 1.772092895903228200e+05 0.000000000000000000e+00
-1.053898733931661837e+02 -1.053773970400753797e+02 1.498108852700732671e-02 4.615021999628515914e+03 0.000000000000000000e+00
-1.053215975027507199e+02 -1.052903948193735317e+02 5.487513764470551558e-02 5.204442852537534782e+04 0.000000000000000000e+00
-1.080606478366819658e+02 -1.080526710591881852e+02 3.302340938448489194e-02 5.131626156791765243e+04 0.000000000000000000e+00
-1.107903094944034166e+02 -1.107616529602439783e+02 4.078295036757235981e-02 1.664526440784507722e+05 0.000000000000000000e+00
-1.053736956492353158e+02 -1.053850900828695387e+02 5.250086648386141641e-02 1.640395248103401391e+05 0.000000000000000000e+00
-1.053753311127411791e+02 -1.053853163509123760e+02 4.831745971661253330e-02 1.616066902152046387e+05 0.000000000000000000e+00
-1.052511466227214925e+02 -1.052377193742946275e+02 4.785865182482997721e-02 1.592420301616215147e+05 0.000000000000000000e+00
-1.053137630354779901e+02 -1.052921023502959201e+02 3.497965197729587666e-02 4.785957946464722045e+04 0.000000000000000000e+00
-1.024619409007841000e+02 -1.024921319462827540e+02 5.434112509769310762e-02 1.548393414832237177e+05 0.000000000000000000e+00
-1.053199499658954181e+02 -1.053238802110114989e+02 1.186674589822737935e-02 4.176617500509280035e+03 0.000000000000000000e+00
-1.053293444369867871e+02 -1.053315501181665184e+02 4.274001292356482268e-02 1.506430316271445481e+05 0.000000000000000000e+00
-1.080849723064908687e+02 -1.080840488373539046e+02 3.136476380941170122e-02 4.073302247723360324e+03 0.000000000000000000e+00
-1.107357592367290664e+02 -1.107176691394070360e+02 3.968387646412509934e-02 1.470036646244821022e+05 0.000000000000000000e+00
-1.053915489554198501e+02 -1.053693151698398651e+02 3.536249501074317098e-02 1.450811915629264258e+05 0.000000000000000000e+00
-1.080066728519870622e+02 -1.080026868084327702e+02 3.092382738789347177e-02 4.382230748774295353e+04 0.000000000000000000e+00
-1.037727820326711452e+02 -1.037037937023148970e+02 8.318556528588319510e-02 1.415161121107919898e+05 0.000000000000000000e+00
-1.080570633567329821e+02 -1.080124544980990038e+02 3.587328186219835430e-02 1.401220798322933842e+05 0.000000000000000000e+00
-1.080025125084227966e+02 -1.080167048913149301e+02 3.640570867767439073e-02 1.385761110463671503e+05 0.000000000000000000e+00
-1.051813320990663954e+02 -1.051895135682344602e+02 3.899970050137399613e-02 1.368665288416426629e+05 0.000000000000000000e+00
-1.106934297234847975e+02 -1.106585646735542809e+02 3.855316763464591151e-02 4.368890934086700145e+04 0.000000000000000000e+00
-9.707568389801164699e+01 -9.707477183723537451e+01 4.350119894563712203e-02 1.336078936781661469e+05 0.000000000000000000e+00
-1.053284351559706522e+02 -1.053211031557033124e+02 2.047514687104923237e-02 1.319982199562723981e+05 0.000000000000000000e+00
-1.043766276476853960e+02 -1.042648678480788647e+02 5.770066702137727210e-02 1.304328448038794304e+05 0.000000000000000000e+00
-1.053409121354098943e+02 -1.053291169351436309e+02 2.447833552855528672e-02 1.300587163066592329e+05 0.000000000000000000e+00
-9.470927170845465071e+01 3.879678168840417280e+17 2.049521939043540328e+02 4.200540178620793449e+04 0.000000000000000000e+00
-1.080250094625512105e+02 -1.080187479438766616e+02 3.141679777954238528e-02 4.200540178620793449e+04 0.000000000000000000e+00
-9.914770667918389790e+01 -9.914253959199285759e+01 5.489522308060500178e-02 4.152533615178494074e+04 0.000000000000000000e+00
-9.372909744272632793e+01 -9.372811635424321253e+01 9.043830420237032597e-02 1.262912982366450015e+05 0.000000000000000000e+00
-9.989401078667880540e+01 -9.994035870777371144e+01 4.937756734170214296e-02 1.248724675866709440e+05 0.000000000000000000e+00
-9.978421258095755775e+01 -9.981449001219056072e+01 1.728639007193910962e-02 3.799325327919382289e+03 0.000000000000000000e+00
-1.053215956310894512e+02 -1.053457810849764940e+02 2.889951579221032574e-02 1.224612358383038518e+05 0.000000000000000000e+00
-9.701191881241260262e+01 -9.705248365208645112e+01 4.474229343010754922e-02 3.972864931756790611e+04 0.000000000000000000e+00
-1.080795907584403608e+02 -1.080964356992823951e+02 4.193008895520214385e-02 1.202689088525196858e+05 0.000000000000000000e+00
-1.025966357466473653e+02 -1.026126828379596247e+02 2.201601630698314313e-02 3.915813734017657407e+04 0.000000000000000000e+00
-1.080773467910528325e+02 -1.080795510851769876e+02 9.426134347431494240e-03 3.704872632834580145e+03 0.000000000000000000e+00
-9.182618093479614174e+01 -9.174971417006241836e+01 5.476014660922184224e-02 1.165581979967821389e+05 0.000000000000000000e+00
-1.079824296646082615e+02 -1.079522622191975358e+02 1.494362638061431589e-02 3.628244843243592641e+03 0.000000000000000000e+00
-9.450161389405373313e+01 -9.440046359194018066e+01 5.676524901667414497e-02 1.149396488662734628e+05 0.000000000000000000e+00
-1.026891650667907214e+02 -1.026763179625281026e+02 3.206530641333327908e-02 1.145905604768841004e+05 0.000000000000000000e+00
-9.912784995335567828e+01 -9.911859550513155170e+01 5.080480027049532471e-02 1.134602048870019062e+05 0.000000000000000000e+00
-1.026349680106600317e+02 -1.026580242132636869e+02 4.072197726941885476e-02 1.123439161609443690e+05 0.000000000000000000e+00
-1.052760533140315147e+02 -1.053029487471659849e+02 2.303563613974828408e-02 1.112866811417326244e+05 0.000000000000000000e+00
-9.583191146080369549e+01 2.757756349468220640e+23 3.320726746388880315e+02 1.102722612418248027e+05 0.000000000000000000e+00
-1.025616487249660906e+02 -1.025563839114577149e+02 3.291752660493506982e-02 1.102722612418248027e+05 0.000000000000000000e+00
-1.053974969181181223e+02 -1.054078452909119505e+02 2.767358406821758543e-02 1.092145487716257776e+05 0.000000000000000000e+00
-1.052819794184386524e+02 -1.053073617286289618e+02 2.566213640973756538e-02 1.081838324663766398e+05 0.000000000000000000e+00
-9.576808234568962064e+01 -9.585562163180688344e+01 5.019346663750896137e-02 1.072197423364903370e+05 0.000000000000000000e+00
-1.025594311705296064e+02 -1.025678571886364097e+02 1.899580135203607356e-02 3.577437309016468498e+04 0.000000000000000000e+00
-1.053335866396918448e+02 -1.053388314663451268e+02 2.640982348458377482e-02 1.059104323652920575e+05 0.000000000000000000e+00
-9.975833519239080260e+01 -9.971661117050859957e+01 3.844669490279349622e-02 1.049408971190673765e+05 0.000000000000000000e+00
-1.053576652874532158e+02 -1.053524350316936022e+02 2.633734943044684779e-02 1.041248044442274986e+05 0.000000000000000000e+00
-1.107468413180146740e+02 -1.107201784300248448e+02 2.338492029655808019e-02 3.452527741693481221e+04 0.000000000000000000e+00
-1.026272965828002413e+02 -1.026310914218343555e+02 2.065973599481907286e-02 1.022678688509403000e+05 0.000000000000000000e+00
-1.051863889714166902e+02 -1.051927420443506378e+02 2.727558600121572641e-02 1.013638269489808154e+05 0.000000000000000000e+00
-9.445524776123424715e+01 -9.450065445213513726e+01 3.899123185174734052e-02 1.004779555352684984e+05 0.000000000000000000e+00
-9.713465999349277524e+01 -9.716644743460931011e+01 4.714710261237139294e-02 9.975786403094338311e+04 0.000000000000000000e+00
-9.976489569146906433e+01 -9.976315108327548842e+01 2.500566600514210480e-02 3.318566944690994569e+04 0.000000000000000000e+00
-1.080127281664022689e+02 -1.080041478020734047e+02 1.862074587496600347e-02 9.813212241880838701e+04 0.000000000000000000e+00
-1.053416590181533650e+02 -1.053311916410783766e+02 1.883164404187904692e-02 9.730635690850700485e+04 0.000000000000000000e+00
-1.053387253878243541e+02 -1.053386224235910333e+02 2.145231708747532759e-02 9.649766363255168835e+04 0.000000000000000000e+00
-1.080549662826584694e+02 -1.080444245185134520e+02 1.727109643283736631e-02 9.569343628239570535e+04 0.000000000000000000e+00
-1.052281445862778781e+02 -1.052256327790249770e+02 1.693022225196810088e-02 3.181594446757993865e+04 0.000000000000000000e+00
-1.051997731825207865e+02 -1.052024736410067476e+02 1.404246311080386070e-02 3.078764195988931988e+03 0.000000000000000000e+00
-9.983332619119867957e+01 -9.984307442833303980e+01 1.374843521654155534e-02 3.131511958449352096e+04 0.000000000000000000e+00
-9.267329529034577718e+01 -9.263229873589969543e+01 7.182056540926093358e-02 9.278199748844752321e+04 0.000000000000000000e+00
-1.026742744190071619e+02 -1.027200642801998782e+02 2.981263758324529528e-02 3.082368184905298403e+04 0.000000000000000000e+00
-1.052827995204893909e+02 -1.052774520469065749e+02 1.189207872514751012e-02 3.071182749673197759e+04 0.000000000000000000e+00
-9.974922391523979570e+01 -9.974223539249466342e+01 3.406601544123505354e-02 9.086643182383578096e+04 0.000000000000000000e+00
-9.595697404592007729e+01 -9.602323179826761645e+01 3.338283135404745278e-02 3.024456503325700760e+04 0.000000000000000000e+00
-1.020784203138553750e+02 -1.020894945126045172e+02 4.870872598486043759e-02 3.024259924117025366e+04 0.000000000000000000e+00
-1.080773463986152763e+02 -1.080717578604114664e+02 1.564873657753868344e-02 9.130038565808064595e+04 0.000000000000000000e+00
-9.985130722306837470e+01 -9.985669942844666025e+01 2.379845890217590146e-02 2.978986624176611804e+04 0.000000000000000000e+00
-9.587140229662121271e+01 -9.592848782555650189e+01 5.246473665363624722e-02 8.993122406644397415e+04 0.000000000000000000e+00
-9.929975070973151219e+01 -9.925257815292113150e+01 5.257898745387073330e-02 8.944175682470051106e+04 0.000000000000000000e+00
-1.053484273489342939e+02 -1.053600150168958010e+02 1.845904583827424547e-02 8.890202724004369520e+04 0.000000000000000000e+00
-1.032461047644822116e+02 -1.031697149347721876e+02 5.149510926840561442e-02 8.825310403953393688e+04 0.000000000000000000e+00
-1.025578700912550687e+02 -1.025636155818344690e+02 1.648452821899228093e-02 8.792906935249581875e+04 0.000000000000000000e+00
-1.080083137525417243e+02 -1.079932870975192571e+02 1.548308022446815736e-02 2.852161490794844940e+04 0.000000000000000000e+00
-1.026407980666443365e+02 -1.026635987853368022e+02 1.505769833018956970e-02 2.832895584014400811e+04 0.000000000000000000e+00
-9.977408764167880406e+01 -9.978471188141750758e+01 1.848631139435741311e-02 2.815898700420909518e+04 0.000000000000000000e+00
-1.051914248827572180e+02 -1.051956140214116573e+02 2.098953074899908081e-02 2.796479952814109492e+04 0.000000000000000000e+00
-1.054124495013309541e+02 -1.054277301753564586e+02 1.604942471428561987e-02 2.776796496227322132e+04 0.000000000000000000e+00
-1.054704057602381937e+02 -1.054657622763808433e+02 2.946362955749928098e-02 8.438474962477035297e+04 0.000000000000000000e+00
-9.430316376785006582e+01 -9.429933805900689947e+01 3.762812298682344236e-02 8.379589512761142396e+04 0.000000000000000000e+00
-1.038062169457383561e+02 -1.037997928069721780e+02 3.491967955147397967e-02 8.321468380827942747e+04 0.000000000000000000e+00
-1.080860267374284973e+02 -1.080729147961023102e+02 1.573659066446908214e-02 8.264349301502300659e+04 0.000000000000000000e+00
-1.052588781753489542e+02 -1.052550812699961398e+02 1.588527765097593261e-02 8.208870348826369445e+04 0.000000000000000000e+00
-1.080669175989565076e+02 -1.080501693844751827e+02 1.480878364974072894e-02 8.153117980947150500e+04 0.000000000000000000e+00
-1.079997593307921733e+02 -1.079924857018197741e+02 1.444661330009952560e-02 8.099843498154546251e+04 0.000000000000000000e+00
-1.026278623513166792e+02 -1.026492618844143863e+02 1.999559625707259328e-02 8.045812088039318041e+04 0.000000000000000000e+00
-1.025460598237267646e+02 -1.025395936502983716e+02 1.892714586023663131e-02 7.995031714096710493e+04 0.000000000000000000e+00
-1.080753335030193227e+02 -1.080742785184201722e+02 1.134591631805498442e-02 2.622564318718237701e+04 0.000000000000000000e+00
-1.032038611038250480e+02 -1.031796485031340751e+02 4.993478265577801917e-02 7.890632523349919938e+04 0.000000000000000000e+00
-1.025402387722867985e+02 -1.025430698286486404e+02 1.764377844201456269e-02 7.841815564742562128e+04 0.000000000000000000e+00
-1.052064616297635098e+02 -1.052238290900691595e+02 2.614789561493219977e-02 7.790939259813269018e+04 0.000000000000000000e+00
-1.080097457729783201e+02 -1.079989939160737009e+02 1.069491273457586628e-02 2.555350657645021056e+04 0.000000000000000000e+00
-1.026853095741745818e+02 -1.027053162512754056e+02 1.854147534575882258e-02 7.693181468729319749e+04 0.000000000000000000e+00
-1.025010128901253807e+02 -1.025039706913713360e+02 1.680907387845128470e-02 7.646613044454297051e+04 0.000000000000000000e+00
-1.053501837819267877e+02 -1.053604100106188355e+02 1.561421057315159205e-02 7.598263220871768135e+04 0.000000000000000000e+00
-1.025358696913728949e+02 -1.025354361138059858e+02 1.679494523009912588e-02 7.551113694039058464e+04 0.000000000000000000e+00
-9.719404368189523780e+01 -9.720379176983486502e+01 2.314103135212956797e-02 7.503918937716502114e+04 0.000000000000000000e+00
-9.740686933703372574e+01 -9.750925192900807303e+01 4.290241382357528471e-02 2.463825547780865600e+04 0.000000000000000000e+00
-1.052855646784420429e+02 -1.052803221918234726e+02 1.050086306842525768e-02 2.484995182939605002e+04 0.000000000000000000e+00
-1.081320613375615665e+02 -1.081185732818136387e+02 1.852493531931701659e-02 7.539449955098587088e+04 0.000000000000000000e+00
-1.053982106660307636e+02 -1.054032342122435040e+02 1.198192397184539779e-02 2.455366435452379301e+04 0.000000000000000000e+00
-1.053559976459379612e+02 -1.053792046518679371e+02 1.902914370880936720e-02 7.450404716186285077e+04 0.000000000000000000e+00
-1.017747418205998855e+02 -1.018315234890247041e+02 3.426946624221676591e-02 2.610625158550784363e+03 0.000000000000000000e+00
-1.080585300705147631e+02 -1.080532246536871526e+02 1.161344984296945257e-02 2.477246470838026653e+04 0.000000000000000000e+00
-9.718366390890980711e+01 -9.718200526433523123e+01 1.912017571131233509e-02 7.683364863801734464e+04 0.000000000000000000e+00
-9.935682789146119376e+01 -9.933094233218784552e+01 1.964940992930459124e-02 2.451720917863026261e+04 0.000000000000000000e+00
-9.868851572964295826e+01 7.800735301354493440e+17 1.562384076559253856e+02 2.441044002685912710e+04 0.000000000000000000e+00
-1.019050851414166772e+02 -1.019375672408251887e+02 2.447872835044515374e-02 2.441044002685912710e+04 0.000000000000000000e+00
-1.080748801311183485e+02 -1.080719516215976199e+02 1.476189683190053288e-02 7.567053999373088300e+04 0.000000000000000000e+00
-1.080014194233617246e+02 -1.079963248052624181e+02 9.811456998049288697e-03 2.417451486796504469e+04 0.000000000000000000e+00
-9.106397821710899620e+01 -9.106182771196273507e+01 4.167025379870222673e-02 7.479655692098016152e+04 0.000000000000000000e+00
-1.026194812112054962e+02 -1.026245481482796436e+02 1.386699069979249223e-02 2.391772259053360904e+04 0.000000000000000000e+00
-1.080281380089814718e+02 -1.080211005105764457e+02 1.116527152880416630e-02 2.378244970600907254e+04 0.000000000000000000e+00
-1.080093736571167540e+02 -1.079950426724213202e+02 1.222153176171377614e-02 2.364987640288759940e+04 0.000000000000000000e+00
-1.053264963173890862e+02 -1.053245557265982910e+02 1.290060338109431937e-02 2.352667889115279468e+04 0.000000000000000000e+00
-1.053282054953147195e+02 -1.053354654612211618e+02 1.985360113150973216e-02 7.275793702020177443e+04 0.000000000000000000e+00
-1.025325911368702947e+02 -1.025314337816407715e+02 1.469588587591008286e-02 7.235431255951747880e+04 0.000000000000000000e+00
-1.080580209086135000e+02 -1.080561555860716538e+02 1.091466195128328043e-02 2.313695831441411792e+04 0.000000000000000000e+00
-1.052091640584509946e+02 -1.052005934176001887e+02 1.088520718664295027e-02 2.300924500173252090e+04 0.000000000000000000e+00
-1.054028020952473668e+02 -1.054070777577456255e+02 1.081276587294291956e-02 2.288618575524294283e+04 0.000000000000000000e+00
-9.704283946754995327e+01 -9.702873575118806571e+01 1.234353967058650012e-02 2.441621569242402074e+03 0.000000000000000000e+00
-9.724569703056374692e+01 -9.726378122026316930e+01 2.248270202308155774e-02 7.039406624905271747e+04 0.000000000000000000e+00
-9.867900690595526214e+01 -9.872614895234696064e+01 1.898764615292462821e-02 7.002990476302552270e+04 0.000000000000000000e+00
-9.473833082478789436e+01 -9.472001415490728959e+01 2.791078688988211931e-02 6.976434387876033725e+04 0.000000000000000000e+00
-1.053254395000299297e+02 -1.053301554669169491e+02 9.736284145298205323e-03 2.231462503935171480e+04 0.000000000000000000e+00
-1.051557252275293024e+02 -1.051466570743592115e+02 1.085887719901981220e-02 2.392774634968357077e+03 0.000000000000000000e+00
-1.080134781875329111e+02 -1.080046578802825081e+02 1.448949239056579463e-02 6.869620797551232681e+04 0.000000000000000000e+00
-1.080766113380922064e+02 -1.080755087182593286e+02 1.032532271804526350e-02 2.197095338845746664e+04 0.000000000000000000e+00
-1.024040868078353412e+02 -1.023979938570437866e+02 2.006994458644058982e-02 2.185592249117281972e+04 0.000000000000000000e+00
-9.971469772764164929e+01 -9.972015633094373754e+01 1.242538837693490071e-02 2.350752818122176450e+03 0.000000000000000000e+00
-1.107443851384767015e+02 -1.107248802161186632e+02 1.540358146882907578e-02 6.734957850338086428e+04 0.000000000000000000e+00
-1.053693178027218949e+02 -1.053791284471387684e+02 1.071797119778173865e-02 2.152300525388392998e+04 0.000000000000000000e+00
-1.053397971648723797e+02 -1.053359830917656694e+02 5.256030991229546437e-03 2.319884907722399021e+03 0.000000000000000000e+00
-1.054191762797457415e+02 -1.054192699154948514e+02 7.276700631114347076e-03 2.308500149588765908e+03 0.000000000000000000e+00
-1.081223102582955846e+02 -1.080986433117838459e+02 1.601972549261489881e-02 6.609380632911670546e+04 0.000000000000000000e+00
-1.079769219492576724e+02 -1.079757375659492311e+02 4.480678035143725695e-03 2.285806661842828362e+03 0.000000000000000000e+00
-1.034401871925681462e+02 -1.033965393513158801e+02 2.244920098421159665e-02 2.274332236802332773e+03 0.000000000000000000e+00
-1.080094707715570621e+02 -1.080052875824804914e+02 1.073769065822588985e-02 2.089903496126894970e+04 0.000000000000000000e+00
-1.025453593017971201e+02 -1.025448668517887683e+02 1.070863174181116081e-02 2.079577211881125550e+04 0.000000000000000000e+00
-9.971582732215125588e+01 -9.968316176451989463e+01 2.544577934508496231e-02 6.451010483736181777e+04 0.000000000000000000e+00
-1.052430300248331747e+02 -1.052433336520280420e+02 1.247556732652186154e-02 2.059132015170162049e+04 0.000000000000000000e+00
-1.080348089573860051e+02 -1.080281575027558603e+02 1.076032349441686381e-02 2.049036729473101877e+04 0.000000000000000000e+00
-1.053279434491173561e+02 -1.053080391560986584e+02 1.303336579795432749e-02 6.363044151479423454e+04 0.000000000000000000e+00
-1.054179169366901476e+02 -1.054243391826384766e+02 1.174393215833804960e-02 2.029338359506126289e+04 0.000000000000000000e+00
-1.001637881778878096e+02 -1.002176043966560854e+02 4.359986897227799418e-02 6.305480480493947107e+04 0.000000000000000000e+00
-1.107834508318155713e+02 -1.107737954576095092e+02 1.189646684762621365e-02 2.010631688342300913e+04 0.000000000000000000e+00
-1.026786261636095219e+02 -1.026878353834554503e+02 1.366038372141955767e-02 6.256261620851275802e+04 0.000000000000000000e+00
-1.053307320353790004e+02 -1.053368607467435822e+02 1.023799333733122104e-02 1.992000689098352450e+04 0.000000000000000000e+00
-1.025693982947874048e+02 -1.025644985065984400e+02 1.195226447402931297e-02 2.273229273836602260e+03 0.000000000000000000e+00
-1.080052958048832323e+02 -1.079917456347608038e+02 1.076676685556936415e-02 6.168962532679813739e+04 0.000000000000000000e+00
-1.023299368463125489e+02 -1.022891564603779244e+02 2.840936615100778800e-02 1.964098142754520086e+04 0.000000000000000000e+00
-1.081234641507780339e+02 -1.081280179979723073e+02 1.073971019749921096e-02 1.960522566251630997e+04 0.000000000000000000e+00
-9.732191447926476258e+01 -9.730997719045896588e+01 1.800406049596002186e-02 2.307660029487316933e+03 0.000000000000000000e+00
-1.054702120082425978e+02 -1.054765433821276730e+02 1.330044406012804645e-02 1.944089977677236311e+04 0.000000000000000000e+00
-1.025265822293512059e+02 -1.025196910822959779e+02 1.358284791176266222e-02 1.935363359351990221e+04 0.000000000000000000e+00
-9.982714427992927142e+01 -9.982071266560602396e+01 1.324148238821048866e-02 1.926690116703666718e+04 0.000000000000000000e+00
-1.080600634907843727e+02 -1.080565698459889887e+02 8.927683286450591171e-03 1.918083188956941376e+04 0.000000000000000000e+00
-9.993984320104736696e+01 1.727805414660854989e+19 1.381816555370532740e+02 1.909416992696084344e+04 0.000000000000000000e+00
-1.081318262040384042e+02 -1.081203646203532003e+02 1.492069998933330359e-02 5.964057468622791930e+04 0.000000000000000000e+00
-1.015341454510618746e+02 -1.014912867105337995e+02 3.177343692990205332e-02 5.937621669270976417e+04 0.000000000000000000e+00
-9.998476690762797148e+01 -1.000029459533943168e+02 2.013268460169120866e-02 5.917991429470744333e+04 0.000000000000000000e+00
-9.960436564243428847e+01 -9.960135319121735620e+01 1.732146276012396305e-02 1.891880035600513293e+04 0.000000000000000000e+00
-1.053339452093188982e+02 -1.053353789055340144e+02 9.220881973615565122e-03 1.883504212438142349e+04 0.000000000000000000e+00
-9.462867261788713336e+01 -9.462296779556638171e+01 2.043675125934780665e-02 5.859510165505574696e+04 0.000000000000000000e+00
-1.107050344143642917e+02 -1.106888033137829694e+02 1.254848534167111486e-02 1.866880610505471850e+04 0.000000000000000000e+00
-9.611591105872663832e+01 -9.613274512925963222e+01 2.767407686335759606e-02 1.859600036254104270e+04 0.000000000000000000e+00
-1.053232128829900489e+02 -1.053279301239137595e+02 9.739888979435860905e-03 1.852177574451299733e+04 0.000000000000000000e+00
-1.080584089399935124e+02 -1.080561029285375412e+02 8.113974087896264412e-03 1.844163748087577915e+04 0.000000000000000000e+00
-1.026955714494765033e+02 -1.026617879788480394e+02 1.434896788278458048e-02 5.740554223477618507e+04 0.000000000000000000e+00
-1.053334920236071639e+02 -1.053354033446330504e+02 8.689083991942417318e-03 1.828229342816276767e+04 0.000000000000000000e+00
-9.580992739220054943e+01 -9.584426299032477914e+01 1.989214987650871416e-02 1.820360882433276493e+04 0.000000000000000000e+00
-1.107290631991163963e+02 -1.107166617273657891e+02 1.061263635670417309e-02 1.816825635527558916e+04 0.000000000000000000e+00
-1.053783589821336761e+02 -1.053826882822766606e+02 9.954455159553796464e-03 1.809646287010129163e+04 0.000000000000000000e+00
-9.910045468788058542e+01 -9.915048726871241058e+01 2.578919120456783440e-02 5.654328060609012027e+04 0.000000000000000000e+00
-1.025785569694702559e+02 -1.025880436758672687e+02 1.408036190687776516e-02 5.639746147980044043e+04 0.000000000000000000e+00
-9.703680142457477587e+01 -9.703476360565018410e+01 1.602986976296736504e-02 5.616303770421067020e+04 0.000000000000000000e+00
-1.053369071765075660e+02 -1.053280122517470119e+02 7.166858800728759249e-03 5.592721400450896181e+04 0.000000000000000000e+00
-1.001681485071354416e+02 2.145872086291518125e+14 4.673591532144634897e+01 2.184245780933403694e+03 0.000000000000000000e+00
-1.024942879776033777e+02 -1.024974230933356978e+02 1.260357236902521876e-02 5.569653132806560461e+04 0.000000000000000000e+00
-1.080767347170315134e+02 -1.080754777701140625e+02 7.769774452997742741e-03 1.767839582382813023e+04 0.000000000000000000e+00
-1.054059531967253633e+02 -1.054084408248457834e+02 6.906566300299545047e-03 1.760507763487000557e+04 0.000000000000000000e+00
-1.080583299373912780e+02 -1.080538782726830789e+02 3.207972632144962151e-03 2.157127828760297689e+03 0.000000000000000000e+00
-9.989857919760393656e+01 -9.989940289680613716e+01 1.722259110442758701e-02 1.746144614637804989e+04 0.000000000000000000e+00
-1.053717350818280636e+02 -1.053788873082987294e+02 7.924792625675561655e-03 1.738988245334211388e+04 0.000000000000000000e+00
-1.053047625634243758e+02 -1.053049689653879994e+02 7.764160162934673551e-03 1.732079007287854984e+04 0.000000000000000000e+00
-1.032575500199768470e+02 -1.032091104089353450e+02 2.544772704132404473e-02 5.419872019674273179e+04 0.000000000000000000e+00
-1.025135555037411592e+02 -1.025095402588279825e+02 1.398189786042896079e-02 5.406285398639617779e+04 0.000000000000000000e+00
-1.003246960576955189e+02 1.939921304952880000e+14 4.598534744834796584e+01 2.114652179945283024e+03 0.000000000000000000e+00
-1.024754055346405721e+02 -1.024796524358449403e+02 1.080890185118324118e-02 1.711199172230911427e+04 0.000000000000000000e+00
-1.080248921509300430e+02 -1.080218458556298771e+02 4.777861815451233882e-03 2.106954406871164792e+03 0.000000000000000000e+00
-9.673678302880149715e+01 -9.666531697917633892e+01 2.985478937682191705e-02 5.342752213698266132e+04 0.000000000000000000e+00
-1.080609137351517433e+02 -1.080437487453723833e+02 1.089223840849124804e-02 5.338867488195034821e+04 0.000000000000000000e+00
-1.079821849161447318e+02 -1.079776030155448723e+02 4.298834782928216691e-03 2.081934819281589171e+03 0.000000000000000000e+00
-1.080579200166522469e+02 -1.080540144362634294e+02 3.011403753882291399e-03 2.074354035255952112e+03 0.000000000000000000e+00
-1.004400267863407805e+02 7.107291840731393555e+12 4.546178204985611870e+01 2.066773627148620108e+03 0.000000000000000000e+00
-1.107317276267192625e+02 -1.107225543379844055e+02 1.010052494134469799e-02 1.673653475113819877e+04 0.000000000000000000e+00
-1.025998682743219206e+02 -1.026076988972979649e+02 7.229568367127173732e-03 1.667374935303342136e+04 0.000000000000000000e+00
-1.025217237766313616e+02 -1.025094284269900555e+02 4.379428107292085252e-03 2.054660722335363971e+03 0.000000000000000000e+00
-9.980434910221525513e+01 -9.980015334131205407e+01 1.044719287992817644e-02 1.654604200403487994e+04 0.000000000000000000e+00
-1.024690833930177689e+02 -1.024635299450548871e+02 9.353264411249114646e-03 1.648249864883904593e+04 0.000000000000000000e+00
-1.080043989567732865e+02 -1.080020579602103368e+02 2.327688810488064315e-03 2.040879092111006003e+03 0.000000000000000000e+00
-1.080659754878848275e+02 -1.080517584666278594e+02 8.537074320121495682e-03 5.159496331328387896e+04 0.000000000000000000e+00
-1.081096799844885226e+02 -1.081077774238220002e+02 8.439177602769498340e-03 1.629429289947466532e+04 0.000000000000000000e+00
-1.021112945390094637e+02 -1.020409603891623931e+02 1.864492450258617429e-02 2.017660897650946936e+03 0.000000000000000000e+00
-1.081312920989021791e+02 -1.081206544658198681e+02 1.078167176764844616e-02 5.106209255165921059e+04 0.000000000000000000e+00
-1.053521489444405717e+02 -1.053567719554637847e+02 6.700226503997278038e-03 1.613908754802663498e+04 0.000000000000000000e+00
-1.080668349344118866e+02 -1.080519862079107298e+02 8.219580221662142402e-03 5.068588741883697367e+04 0.000000000000000000e+00
-1.026920676328362987e+02 -1.026996445224756371e+02 1.106476179160664243e-02 1.601865575444037313e+04 0.000000000000000000e+00
-9.723972890580324702e+01 -9.725617277554668760e+01 1.355504910070603163e-02 1.596066373225834104e+04 0.000000000000000000e+00
-1.107984738792210777e+02 -1.107737553435542850e+02 1.065965163664677959e-02 5.019688147303481674e+04 0.000000000000000000e+00
-1.080580765927423528e+02 -1.080457473786418774e+02 8.331284591283715998e-03 5.003207700945200486e+04 0.000000000000000000e+00
-1.007273239119980275e+02 3.802857336900624640e+17 1.256748031862233290e+02 1.579415615589596928e+04 0.000000000000000000e+00
-1.025283252181030349e+02 -1.025141767085508064e+02 1.254934835436428454e-02 4.985224465428543772e+04 0.000000000000000000e+00
-1.052833450841684879e+02 -1.052811180921185752e+02 5.783123295849172674e-03 1.573643995161189559e+04 0.000000000000000000e+00
-9.866746355604242069e+01 -9.872730870831748007e+01 1.327712801977069292e-02 4.949767373457353824e+04 0.000000000000000000e+00
-9.450152188244095441e+01 -9.448975200231355132e+01 1.673992792325485618e-02 4.944103022939198854e+04 0.000000000000000000e+00
-1.107744057491944289e+02 -1.107713783980150879e+02 9.819771757832346931e-03 1.559947616386751361e+04 0.000000000000000000e+00
-1.053839413359587951e+02 -1.053796699410171698e+02 4.560653510301951319e-03 2.003851667138676703e+03 0.000000000000000000e+00
-1.025827067920566265e+02 -1.025785776057012413e+02 1.064781319671975930e-02 1.548669985837527202e+04 0.000000000000000000e+00
-9.990601110703957488e+01 -9.990709151528835719e+01 1.006239940136191384e-02 1.543140486998747110e+04 0.000000000000000000e+00
-1.079687381043234211e+02 -1.079711371336442198e+02 3.955684808461952875e-03 1.983291487540633398e+03 0.000000000000000000e+00
-1.053328965717913519e+02 -1.053302192403033644e+02 2.323839867369188478e-03 1.976348855008010560e+03 0.000000000000000000e+00
-1.053523993573051456e+02 -1.053550855323483120e+02 7.005309552716010475e-03 4.823364803969676723e+04 0.000000000000000000e+00
-1.019967205710190967e+02 -1.019750794651992294e+02 1.348004118885238155e-02 1.521363633883231341e+04 0.000000000000000000e+00
-1.080826229483453602e+02 -1.080797959137544666e+02 2.747248107800102056e-03 1.965357296857461051e+03 0.000000000000000000e+00
-1.107462381939859739e+02 -1.107211834380514262e+02 1.084340307831558638e-02 4.774190835247345240e+04 0.000000000000000000e+00
-1.079778393220673394e+02 -1.079744756470628033e+02 6.677357467845822063e-03 1.506939769231104947e+04 0.000000000000000000e+00
-1.053344960897594405e+02 -1.053313669064509526e+02 3.152297336645416490e-03 1.945086111674194626e+03 0.000000000000000000e+00
-1.067994051629855221e+02 -1.068317763469009520e+02 1.799696815389404195e-02 4.726228912329165905e+04 0.000000000000000000e+00
-1.080670348895067008e+02 -1.080522324325200998e+02 7.534263191955679895e-03 4.713146931058150221e+04 0.000000000000000000e+00
-1.053611400838013736e+02 -1.053567992688203248e+02 2.655913273291845948e-03 1.950023220873166110e+03 0.000000000000000000e+00
-1.107353633232854833e+02 -1.107156457963879745e+02 1.067999822646816671e-02 4.682626625000471540e+04 0.000000000000000000e+00
-1.052539604598356249e+02 -1.052440661897813641e+02 9.937469795289073302e-03 4.667763800793111295e+04 0.000000000000000000e+00
-1.107267857460273746e+02 -1.107172975046800047e+02 8.313194011554236179e-03 1.471845672202972492e+04 0.000000000000000000e+00
-1.041239483675080351e+02 -1.041626905545003581e+02 1.445256043300118497e-02 1.467080412057563262e+04 0.000000000000000000e+00
-9.880483740514867463e+01 -9.884406235926962836e+01 2.327817718954586224e-02 4.624949614420450234e+04 0.000000000000000000e+00
-1.027337694747753574e+02 -1.026784199534311171e+02 1.400057255515206080e-02 1.931534029634631452e+03 0.000000000000000000e+00
-1.010893825891095474e+02 6.452700455603628125e+13 4.444561816951117805e+01 1.975412974469982373e+03 0.000000000000000000e+00
-1.107938576020666659e+02 -1.107722633772782928e+02 9.784247633318192416e-03 4.603638923718500155e+04 0.000000000000000000e+00
-1.080626778452666770e+02 -1.080596530034607810e+02 2.757146466219894971e-03 1.968991335933527807e+03 0.000000000000000000e+00
-9.889824193191199697e+01 -9.893606680032168299e+01 2.661082802289969906e-02 1.962620321029053912e+03 0.000000000000000000e+00
-1.080582869375266881e+02 -1.080582277184668953e+02 6.098814773983913563e-03 1.471177919740074867e+04 0.000000000000000000e+00
-1.053390315633263157e+02 -1.053317204367161679e+02 8.877570535725033338e-03 4.737675193778052926e+04 0.000000000000000000e+00
-9.873983506586630199e+01 -9.873387313873989513e+01 1.415175601277265244e-02 1.461445342214610355e+04 0.000000000000000000e+00
-1.026281251966361197e+02 -1.026323128518049401e+02 9.257399631492319730e-03 1.456723975143435200e+04 0.000000000000000000e+00
-1.024970480216646962e+02 -1.025025961348702737e+02 1.038468616057416222e-02 4.691460030848522729e+04 0.000000000000000000e+00
-1.053526382757734439e+02 -1.053607266609374591e+02 8.701600085310092630e-03 4.676073919263349671e+04 0.000000000000000000e+00
-1.080077788939291992e+02 -1.080041065341521858e+02 5.853926165200857949e-03 1.442803679218623620e+04 0.000000000000000000e+00
-9.987806952142715033e+01 -9.989627878782546588e+01 1.600586696633093595e-02 4.645822105423785251e+04 0.000000000000000000e+00
-9.833404493165213012e+01 -9.835818405093274919e+01 1.042375347601617354e-02 1.919526760979296796e+03 0.000000000000000000e+00
-1.026117931758095381e+02 -1.026181358886737343e+02 5.637356558700326072e-03 1.444491786571907505e+04 0.000000000000000000e+00
-1.080299047618333503e+02 -1.080250669447763698e+02 7.084689560466939269e-03 1.439911995798963289e+04 0.000000000000000000e+00
-1.079816870160911577e+02 -1.079838505251611309e+02 3.610681426888256648e-03 1.912685274029964376e+03 0.000000000000000000e+00
-1.011278802681904523e+02 -1.011120126050473544e+02 1.688540211937760230e-02 4.600935380175779574e+04 0.000000000000000000e+00
-1.026742564464346117e+02 -1.026729377282173630e+02 9.371374032423751207e-03 4.586931038140323653e+04 0.000000000000000000e+00
-1.026513151153435643e+02 -1.026450474070296792e+02 1.292009771295218878e-02 1.427178252095178686e+04 0.000000000000000000e+00
-1.042822364335056591e+02 -1.042606161102295061e+02 1.525146288419715682e-02 1.422711569255447830e+04 0.000000000000000000e+00
-1.079350659794427685e+02 -1.079384274003581652e+02 5.427055376441993102e-03 1.899788092238709851e+03 0.000000000000000000e+00
-1.054235439508978374e+02 -1.054287248376816279e+02 6.869068894587757913e-03 1.415206590042236712e+04 0.000000000000000000e+00
-1.026458064497074503e+02 -1.026436824972644928e+02 3.097130328073671984e-03 1.888035684244925733e+03 0.000000000000000000e+00
-1.024815918494712861e+02 -1.024654574043948685e+02 1.285817692219361555e-02 4.506344976494223374e+04 0.000000000000000000e+00
-9.719950363738185217e+01 -9.720650539258235767e+01 8.728066664296041388e-03 1.401984173095938786e+04 0.000000000000000000e+00
-1.053333093092824129e+02 -1.053344917582687685e+02 6.406239131204776414e-03 1.397738897154922233e+04 0.000000000000000000e+00
-1.025266468005689404e+02 -1.025189042601321177e+02 8.706468335259507849e-03 1.393372933784252928e+04 0.000000000000000000e+00
-9.912503134014670536e+01 -9.917217975531141860e+01 1.698147250278867620e-02 1.389204582267939259e+04 0.000000000000000000e+00
-9.974379223984760756e+01 -9.974173409663937662e+01 8.927289089711321415e-03 1.390471867510805896e+04 0.000000000000000000e+00
-1.080209346067386491e+02 -1.080211797208109914e+02 3.324036397945781193e-03 1.853625185808672086e+03 0.000000000000000000e+00
-1.052822366036469219e+02 -1.052803486966375885e+02 1.924673965089103260e-03 1.847878768897555346e+03 0.000000000000000000e+00
-1.081240435836310780e+02 -1.081279738648958784e+02 7.110205706698046087e-03 1.377705180756339723e+04 0.000000000000000000e+00
-9.989710454923820748e+01 -9.989379144523090304e+01 1.354456187008234828e-02 1.373531847695957185e+04 0.000000000000000000e+00
-1.080794550899218933e+02 -1.080784499669465930e+02 6.746207981394152300e-03 1.369368295892498281e+04 0.000000000000000000e+00
-1.026159848266921131e+02 -1.026189928484900804e+02 5.396325209651860536e-03 1.365195617084137848e+04 0.000000000000000000e+00
-1.053320887530654915e+02 -1.053334994009107106e+02 5.876082128840476836e-03 1.361065880583230137e+04 0.000000000000000000e+00
-1.107236137537534830e+02 -1.107130120934508568e+02 7.672457035764954081e-03 1.356945842154179627e+04 0.000000000000000000e+00
-1.064431867224805330e+02 -1.063526844954955237e+02 1.891415357062983110e-02 4.326526525501152355e+04 0.000000000000000000e+00
-9.736816714391218852e+01 -9.734874966890362202e+01 2.129077509463439891e-02 4.336318119578274491e+04 0.000000000000000000e+00
-1.018672172306095831e+02 -1.018407930774020400e+02 1.996923379401951623e-02 4.324348727142421558e+04 0.000000000000000000e+00
-1.080781054195008153e+02 -1.080747612741404993e+02 6.941063513528183439e-03 1.364051150256387336e+04 0.000000000000000000e+00
-9.989347116226086598e+01 -9.990466229041922475e+01 9.239523124336486773e-03 1.360010130623435543e+04 0.000000000000000000e+00
-1.025581262442440931e+02 -1.025569799077841253e+02 4.269364801947212081e-03 1.816683931118575856e+03 0.000000000000000000e+00
-1.026241030658176214e+02 -1.026138531621511021e+02 1.186606929613953990e-02 4.276400565062577516e+04 0.000000000000000000e+00
-9.972638702678099776e+01 -9.972347949576098358e+01 1.446403188270052251e-02 1.348273021036409955e+04 0.000000000000000000e+00
-1.013537123550551797e+02 -1.013605451246697839e+02 1.118276347070059663e-02 1.344291325008734748e+04 0.000000000000000000e+00
-1.026416548445122316e+02 -1.026410694478659025e+02 3.022530121259638883e-03 1.799405117182712956e+03 0.000000000000000000e+00
-1.014377315932652266e+02 4.144107792782563840e+17 1.156130304956725325e+02 1.336637282039330603e+04 0.000000000000000000e+00
-1.008499759799842224e+02 -1.008643724551876346e+02 6.037841487535089077e-03 1.794125605576695534e+03 0.000000000000000000e+00
-9.739704552142070781e+01 -9.736527745827493163e+01 1.368898847738053703e-02 4.249004360568492848e+04 0.000000000000000000e+00
-1.080060527554337995e+02 -1.079946533202540593e+02 8.716379598252397068e-03 4.239459684592390113e+04 0.000000000000000000e+00
-1.042957271614349253e+02 -1.044496180033893467e+02 2.332330130363102771e-02 4.227506437918751908e+04 0.000000000000000000e+00
-1.052756072114881505e+02 -1.052744484257610935e+02 4.610688932511436931e-03 1.325183410201737934e+04 0.000000000000000000e+00
-1.068384468856936138e+02 -1.068387168745960878e+02 9.459384561046967066e-03 1.779789321342607082e+03 0.000000000000000000e+00
-1.053913595571897446e+02 -1.053858761918766049e+02 6.280984059227409308e-03 1.774644874350218743e+03 0.000000000000000000e+00
-1.053548265224305425e+02 -1.053517424020512294e+02 2.988931918556732206e-03 1.769907819613054244e+03 0.000000000000000000e+00
-1.053380135254564323e+02 -1.053379223747669329e+02 2.146208043363276655e-03 1.765220354933090221e+03 0.000000000000000000e+00
-1.053394054498384236e+02 -1.053319785420852384e+02 6.164451304406789317e-03 4.232561360376734956e+04 0.000000000000000000e+00
-1.080238540201344790e+02 -1.080213492178004060e+02 6.245280804716164119e-03 1.304229142187461002e+04 0.000000000000000000e+00
-1.051784484581903598e+02 -1.051708895758756199e+02 1.010839685658048402e-02 1.300541098467677512e+04 0.000000000000000000e+00
-1.025031486796015514e+02 -1.025001694544494484e+02 4.996488443584210480e-03 1.746636039040985452e+03 0.000000000000000000e+00
-1.026133037250026945e+02 -1.026190326283970791e+02 7.578717500626106982e-03 1.293343735878930056e+04 0.000000000000000000e+00
-1.080555678858180784e+02 -1.080516973267609444e+02 4.780321306747949660e-03 1.289788799114790345e+04 0.000000000000000000e+00
-1.024081850722936480e+02 -1.024073814684885235e+02 9.420914091930129158e-03 1.286208385340970926e+04 0.000000000000000000e+00
-1.025451000426599677e+02 -1.025487610311484730e+02 5.736619451878403712e-03 1.282602545607330831e+04 0.000000000000000000e+00
-1.018817842523515793e+02 -1.018710231732670763e+02 1.155333794165321754e-02 1.279051708365121522e+04 0.000000000000000000e+00
-1.014507213948286051e+02 -1.014443362014970802e+02 8.599854189980302849e-03 1.717653900294488722e+03 0.000000000000000000e+00
-1.052951775283399058e+02 -1.052935790178048165e+02 1.086239669496323092e-02 4.128860253520326660e+04 0.000000000000000000e+00
-1.052888103726011906e+02 -1.052836764424778409e+02 1.374803980058794325e-02 4.117430300858261762e+04 0.000000000000000000e+00
-1.080077593574697090e+02 -1.079925637467630111e+02 8.297588590797962474e-03 4.106125712516778731e+04 0.000000000000000000e+00
-1.080775922664027320e+02 -1.080692082550936846e+02 7.738440230665810313e-03 4.095435997938274522e+04 0.000000000000000000e+00
-9.910883445779886358e+01 -9.911014504538782433e+01 1.182709286250445066e-02 1.695972502849549073e+03 0.000000000000000000e+00
-9.992498909847448374e+01 -9.993492031820520083e+01 7.022638083536385592e-03 1.261671772318811054e+04 0.000000000000000000e+00
-1.026854482673366107e+02 -1.026742522191603371e+02 9.192079799841419360e-03 4.078084323578167823e+04 0.000000000000000000e+00
-1.053326005965563041e+02 -1.053301679104960158e+02 3.931583784487811296e-03 1.255140743663955436e+04 0.000000000000000000e+00
-1.079355476995200576e+02 -1.079384449053087422e+02 4.169756148826005496e-03 1.677816898091007943e+03 0.000000000000000000e+00
-1.079477788666561366e+02 -1.079390415666377692e+02 1.026355734472708496e-02 1.248482063591491169e+04 0.000000000000000000e+00
-1.068012563480981783e+02 -1.067891578234510632e+02 1.374839606518300783e-02 1.245246953743755148e+04 0.000000000000000000e+00
-1.016858514211678255e+02 6.626183117169350016e+25 1.114556598269422381e+02 1.242236410745906505e+04 0.000000000000000000e+00
-1.035593378546370502e+02 -1.035191721664089357e+02 1.294991534428049929e-02 1.666584381436791091e+03 0.000000000000000000e+00
-1.010215678990693391e+02 -1.010484103403697844e+02 1.011664102298530550e-02 1.238903328170888562e+04 0.000000000000000000e+00
-1.080620269528261304e+02 -1.080593849554902022e+02 6.475227980576095214e-03 1.237339326217975395e+04 0.000000000000000000e+00
-1.080085525178839134e+02 -1.080055937924697247e+02 7.937938193292224526e-03 4.031267558644727251e+04 0.000000000000000000e+00
-1.026979338061963034e+02 -1.027030509501091444e+02 4.107734915541233142e-03 1.677343297791418991e+03 0.000000000000000000e+00
-9.435001808638388354e+01 -9.434135719690823407e+01 1.468402452395003478e-02 1.227797285392862796e+04 0.000000000000000000e+00
-9.981718814284884900e+01 -9.981878944593808001e+01 6.629600498024625262e-03 1.224679041860663892e+04 0.000000000000000000e+00
-1.080740400071346414e+02 -1.080732575902610364e+02 5.030123108455275202e-03 1.221441427695968014e+04 0.000000000000000000e+00
-1.052809995074132132e+02 -1.052815317448086034e+02 6.353325481337857537e-03 1.218220033484076703e+04 0.000000000000000000e+00
-1.041579941419708746e+02 -1.041746278012005718e+02 6.913766354741400326e-03 1.660779345198046713e+03 0.000000000000000000e+00
-1.025526287534456742e+02 -1.025515821833874526e+02 6.769438198584409351e-03 1.213002840157823084e+04 0.000000000000000000e+00
-9.996917754982104043e+01 -9.995534224381118804e+01 1.100863912817576923e-02 3.957744528151037230e+04 0.000000000000000000e+00
-1.011735008719651745e+02 -1.010954227459270385e+02 1.845600229778402573e-02 3.947915375308976945e+04 0.000000000000000000e+00
-9.995122782592956412e+01 -9.995204160409936378e+01 6.353501470233344564e-03 1.664632082245312631e+03 0.000000000000000000e+00
-1.017247543948427335e+02 8.638854150887417600e+16 4.074723090137759840e+01 1.660336826130181635e+03 0.000000000000000000e+00
-1.052872126631221761e+02 -1.052849319700638517e+02 5.079512849490745545e-03 1.660336826130181635e+03 0.000000000000000000e+00
-1.053651729856355104e+02 -1.053769996505242403e+02 9.198804481019631774e-03 3.934741035456484678e+04 0.000000000000000000e+00
-1.053332823570510470e+02 -1.053316615703405006e+02 2.429364120121673722e-03 1.651797215515407515e+03 0.000000000000000000e+00
-9.870919123531382411e+01 -9.872714906525141032e+01 1.082252085091971183e-02 1.647586155152935362e+03 0.000000000000000000e+00
-9.984049187020477234e+01 -9.984343916853337930e+01 3.040341607189190210e-03 1.649209872977305395e+03 0.000000000000000000e+00
-1.080833889806855979e+02 -1.080782084760407997e+02 7.785325718373945457e-03 3.927226879168781306e+04 0.000000000000000000e+00
-9.728603353993922553e+01 -9.727883759849936496e+01 1.062841094493495453e-02 1.196623030425277830e+04 0.000000000000000000e+00
-9.838567888616211121e+01 -9.837090527043586974e+01 1.225001463730577243e-02 1.193716935692622610e+04 0.000000000000000000e+00
-9.990437357866836976e+01 -9.991288981445562456e+01 5.331909898708581640e-03 1.635317402003020106e+03 0.000000000000000000e+00
-1.026174019655195906e+02 -1.026159068437397366e+02 4.352087919286418832e-03 1.188289852708699436e+04 0.000000000000000000e+00
-1.080556871677519410e+02 -1.080519211807976347e+02 4.321979247765255459e-03 1.185290341326965972e+04 0.000000000000000000e+00
-9.449409453991324881e+01 -9.450226161826493865e+01 1.469034535625032833e-02 3.876963197433955793e+04 0.000000000000000000e+00
-1.052979261216882634e+02 -1.052965682700309600e+02 4.732819059434437495e-03 1.179523701059814448e+04 0.000000000000000000e+00
-1.054248825877500337e+02 -1.054292532032629310e+02 5.762397403869184455e-03 1.176565590317541319e+04 0.000000000000000000e+00
-1.053901022825089058e+02 -1.053900219689223405e+02 5.647874539174445319e-03 1.173671641106631796e+04 0.000000000000000000e+00
-1.080758197248723462e+02 -1.080750274746750961e+02 4.163647515244744794e-03 1.170737258969105824e+04 0.000000000000000000e+00
-9.699922308155868222e+01 -9.694695150517939908e+01 1.560704739331922677e-02 3.829906933667141129e+04 0.000000000000000000e+00
-1.052903289053653992e+02 -1.052855960772097745e+02 2.628236973010041836e-03 1.607808248954285318e+03 0.000000000000000000e+00
-1.052883636636267539e+02 -1.052844584582665703e+02 4.549974160920594590e-03 1.162113238203190485e+04 0.000000000000000000e+00
-1.107811263166372839e+02 -1.107496087667625631e+02 9.262687883190196675e-03 3.808004925591204665e+04 0.000000000000000000e+00
-1.080025847104405869e+02 -1.079966767351051971e+02 4.664260139584183555e-03 1.156440617347109037e+04 0.000000000000000000e+00
-1.080687124161504045e+02 -1.080518909400341272e+02 5.982788204473107017e-03 3.791622606557593099e+04 0.000000000000000000e+00
-1.053503076248528885e+02 -1.053518187104925801e+02 3.717650717603796125e-03 1.150870698800280661e+04 0.000000000000000000e+00
-1.107979863916629597e+02 -1.107742055946483646e+02 7.969003244687140886e-03 3.774162813484293292e+04 0.000000000000000000e+00
-1.053432297370005131e+02 -1.053407934863032835e+02 3.493063187696084180e-03 1.581731721661436040e+03 0.000000000000000000e+00
-1.080787572130024614e+02 -1.080787523398979317e+02 4.422634161868137757e-03 1.142508326885535280e+04 0.000000000000000000e+00
-1.080260193293907633e+02 -1.080228763390777118e+02 2.583684873170872566e-03 1.574047848855072743e+03 0.000000000000000000e+00
-1.080845700017957256e+02 -1.080744795392441802e+02 6.749712236805742276e-03 3.739173882814054377e+04 0.000000000000000000e+00
-9.990416105288866788e+01 -9.990852533520639156e+01 5.847565297333831916e-03 1.134264870090751901e+04 0.000000000000000000e+00
-1.080647006897695661e+02 -1.080472169673920888e+02 5.381093094180210493e-03 3.721977011841042986e+04 0.000000000000000000e+00
-1.000329435297597485e+02 -1.000248747210284108e+02 8.945535766963219615e-03 1.559320211675427117e+03 0.000000000000000000e+00
-1.027152466020890955e+02 -1.027336479637655628e+02 1.049878378009226274e-02 3.707179850047176296e+04 0.000000000000000000e+00
-1.080757434008220343e+02 -1.080746238959928007e+02 2.208512691828970562e-03 1.552767692444438353e+03 0.000000000000000000e+00
-1.052886919223447535e+02 -1.052838505752282714e+02 2.080696727410195814e-03 1.549078705702175284e+03 0.000000000000000000e+00
-1.053367142635723184e+02 -1.053354797883053351e+02 5.680038471246736179e-03 1.118214918747055526e+04 0.000000000000000000e+00
-1.051820600934109677e+02 -1.051833618972614346e+02 3.273511564668690928e-03 1.542248257959608509e+03 0.000000000000000000e+00
