0.000000000000000000e+00 0.000000000000000000e+00 0.000000000000000000e+00 0.000000000000000000e+00 0.000000000000000000e+00
-1.052960967625558197e+02 -1.051909181665104569e+02 2.578075682408692004e-01 1.715971418418008834e+05 0.000000000000000000e+00
-1.081431800677773083e+02 -1.080656958323221062e+02 7.785093896940017966e-02 3.739601483643893152e+04 0.000000000000000000e+00
-1.080807853723874103e+02 -1.080156365884722476e+02 9.234944803641234601e-02 1.632396791249138769e+05 0.000000000000000000e+00
-1.080932166394952958e+02 -1.080922557142662725e+02 4.437329521719339531e-02 3.587895817796257325e+04 0.000000000000000000e+00
-1.000544163906359216e+02 -9.995356699260628375e+01 1.200812451710011747e-01 3.485520544243329641e+04 0.000000000000000000e+00
-1.054003736896893884e+02 -1.054239468905279580e+02 9.265059348335527578e-02 1.510164410371737904e+05 0.000000000000000000e+00
-1.080013197809781502e+02 -1.080136061817962627e+02 4.885419677435998143e-02 1.470364810550039110e+05 0.000000000000000000e+00
-1.106430013058596842e+02 -1.107065487895310554e+02 6.633889253142237485e-02 3.290315516239311546e+04 0.000000000000000000e+00
-1.054060527282293691e+02 -1.053394181427069753e+02 4.663909463684479811e-02 1.401769357037441223e+05 0.000000000000000000e+00
-1.020184437297736650e+02 -1.017466587197839800e+02 1.539165345648423611e-01 3.173851214845064169e+04 0.000000000000000000e+00
-1.080100353269827167e+02 -1.080295071046220272e+02 5.212037371653016615e-02 1.365808681364835356e+05 0.000000000000000000e+00
-9.741065253915155608e+01 -9.712889854536923906e+01 1.153492018516157347e-01 4.079315798989031464e+03 0.000000000000000000e+00
-9.442201403134657767e+01 -9.420615020904580206e+01 2.431902938804929304e-01 1.324297010428475915e+05 0.000000000000000000e+00
-1.013454370595368914e+02 -1.013608505033021885e+02 7.868845687888768869e-02 1.314092215736040962e+05 0.000000000000000000e+00
-9.634543279494396018e+01 -9.625669192050835932e+01 7.558372274251644318e-02 1.285256717039250652e+05 0.000000000000000000e+00
-1.020596683275794874e+02 -1.019745853591507654e+02 1.024648344861731897e-01 1.269450817160567531e+05 0.000000000000000000e+00
-9.995615557118875927e+01 -9.986382774895007230e+01 5.418383653481215201e-02 3.068379768597104703e+04 0.000000000000000000e+00
-9.709552227371814581e+01 -9.705338248869952622e+01 5.612420570396700614e-02 1.245318101842080505e+05 0.000000000000000000e+00
-1.080151894813014621e+02 -1.080067323756864113e+02 2.939920826641959431e-02 3.034467331254946112e+04 0.000000000000000000e+00
-9.979498675964389065e+01 -9.977351036313397969e+01 7.203494999595247417e-02 2.975038596886113373e+04 0.000000000000000000e+00
-9.724079938287917457e+01 -9.725427192906282414e+01 7.118778873421530151e-02 2.919603435056497619e+04 0.000000000000000000e+00
-1.079924605389497003e+02 -1.079907264064282373e+02 2.292252117568721256e-02 2.865216418929156134e+04 0.000000000000000000e+00
-1.053290900134267929e+02 -1.053009951876658050e+02 3.491017107114001428e-02 2.811223772578042917e+04 0.000000000000000000e+00
-1.026879249526418079e+02 -1.026519740408404857e+02 6.190301348315697255e-02 1.128377055325466790e+05 0.000000000000000000e+00
-9.889275533185887923e+01 -9.897435950098194724e+01 6.556696434188938327e-02 1.109688295199076529e+05 0.000000000000000000e+00
-1.080804362385752029e+02 -1.080676982689092824e+02 3.305354993194691698e-02 1.098314074019290711e+05 0.000000000000000000e+00
-1.053709600550537573e+02 -1.053473499249466272e+02 2.897680895076172949e-02 1.079290293271001137e+05 0.000000000000000000e+00
-1.017651575276912155e+02 -1.017515790607432535e+02 6.512674957181688318e-02 1.061577231460295297e+05 0.000000000000000000e+00
-1.025052298222299925e+02 -1.024998569079879758e+02 2.428771364747391373e-02 2.553516338345187614e+04 0.000000000000000000e+00
-1.079630204688928217e+02 -1.079582879168914218e+02 3.312785340377095294e-02 1.026432466558852029e+05 0.000000000000000000e+00
-1.026453536751508437e+02 -1.026384276880480826e+02 2.678408156670899695e-02 2.470223385922913076e+04 0.000000000000000000e+00
-1.079394892613602082e+02 -1.079353056925570371e+02 2.109031736470994359e-02 2.430967218590960329e+04 0.000000000000000000e+00
-1.052405487183124535e+02 -1.052067685392851502e+02 3.494598437856387407e-02 2.392599165685278422e+04 0.000000000000000000e+00
-1.037561625196920829e+02 -1.037126009674757370e+02 7.458813993236039497e-02 9.638013070169161074e+04 0.000000000000000000e+00
-9.447479700263734514e+01 -9.449480338791420309e+01 5.317484928566941493e-02 2.335945678211479390e+04 0.000000000000000000e+00
-9.162909790434821389e+01 -9.159366819704079887e+01 7.793392778510056795e-02 9.393778584042401053e+04 0.000000000000000000e+00
-1.051766917619319059e+02 -1.051819848723062449e+02 3.413769889035136312e-02 9.265154653003494604e+04 0.000000000000000000e+00
-9.720366782626206259e+01 -9.707236551452760409e+01 5.859255871836154678e-02 2.243845734413789978e+04 0.000000000000000000e+00
-1.017945755994053769e+02 -1.017840087442374681e+02 6.001296331567379516e-02 9.280771776783617679e+04 0.000000000000000000e+00
-1.080009141033522155e+02 -1.080171436663857349e+02 2.503852287476369606e-02 9.149416392393919523e+04 0.000000000000000000e+00
-1.019018638573342628e+02 -1.019045495927342984e+02 2.412617085369306996e-02 2.248114849357268758e+04 0.000000000000000000e+00
-1.079738922217351842e+02 -1.079747409720775124e+02 2.581988399622026781e-02 2.216930644467171805e+04 0.000000000000000000e+00
-9.181874698888471187e+01 -9.165710180519748462e+01 6.345313314272757466e-02 8.786754139288379520e+04 0.000000000000000000e+00
-1.052348379632955186e+02 -1.052043112860446712e+02 4.937391926353226768e-02 8.910712804744089954e+04 0.000000000000000000e+00
-1.024251891506837779e+02 -1.026666573873258272e+02 6.977946521740251151e-02 8.801359144236987049e+04 0.000000000000000000e+00
-1.054066725626188514e+02 -1.053992727885317748e+02 3.261126495188825664e-02 9.181711027644810383e+04 0.000000000000000000e+00
-1.026135558515867388e+02 -1.026166322307083476e+02 1.823439221029218155e-02 2.294917779299425820e+04 0.000000000000000000e+00
-1.079517959869022974e+02 -1.079650949313354289e+02 2.429866383273444549e-02 2.265552017248238553e+04 0.000000000000000000e+00
-1.079830051908172237e+02 -1.079821035684832964e+02 1.625078080398065575e-02 2.238596525063952868e+04 0.000000000000000000e+00
-1.018296231679874211e+02 -1.018597526676936411e+02 6.467982470860916822e-02 8.727564893485345237e+04 0.000000000000000000e+00
-1.106689885165888967e+02 -1.106527314853779558e+02 3.240560759892342074e-02 8.627104956541887077e+04 0.000000000000000000e+00
-1.053099016880534577e+02 -1.053025780460576613e+02 1.535656480305601715e-02 2.170955336880757750e+04 0.000000000000000000e+00
-1.053736270558029986e+02 -1.053664169466736809e+02 2.450423336256983206e-02 8.421887546750552428e+04 0.000000000000000000e+00
-1.037502231870531801e+02 -1.037750995667220195e+02 5.376820927137087452e-02 8.322252143041399540e+04 0.000000000000000000e+00
-1.107183905323841060e+02 -1.107066673497493667e+02 2.672819051332268533e-02 8.229536676502630871e+04 0.000000000000000000e+00
-1.024273911192694300e+02 -1.024169985535558567e+02 4.269850023505933345e-02 8.135163699546740099e+04 0.000000000000000000e+00
-9.980317378438594744e+01 -9.988185197217306666e+01 5.441963252193001560e-02 8.042622396387692424e+04 0.000000000000000000e+00
-1.053112336869443055e+02 -1.052858662011887390e+02 1.919569756304831745e-02 8.002470352764944255e+04 0.000000000000000000e+00
-1.079089262216666469e+02 -1.079076978814465235e+02 2.353799872605331564e-02 7.919506229075910232e+04 0.000000000000000000e+00
-9.980379824726945515e+01 -9.979646969463013306e+01 2.059740982800104328e-02 1.992287913846422089e+04 0.000000000000000000e+00
-1.080546790955778249e+02 -1.080472866003205041e+02 1.364990760852123272e-02 1.971051725553386495e+04 0.000000000000000000e+00
-1.037280750663910993e+02 -1.037147716231145864e+02 2.766251082528481398e-02 1.950205344372117179e+04 0.000000000000000000e+00
-1.053154810997036606e+02 -1.052863726005705871e+02 2.992939204812531881e-02 7.602895928564322821e+04 0.000000000000000000e+00
-1.053037400035800033e+02 -1.052813035331363807e+02 1.700723560447200619e-02 7.530061093321973749e+04 0.000000000000000000e+00
-9.993588412703294921e+01 -9.989533924681109056e+01 2.452004514238313032e-02 7.455953412727775867e+04 0.000000000000000000e+00
-9.918999083452051480e+01 -9.914632834206697964e+01 3.075814904780734341e-02 1.874132977574132383e+04 0.000000000000000000e+00
-9.706405313461219464e+01 -9.709832865464534279e+01 2.815435427292213577e-02 1.867667151769043267e+04 0.000000000000000000e+00
-1.107258270048108244e+02 -1.107133866717462070e+02 2.494574376820640066e-02 7.258911155306937872e+04 0.000000000000000000e+00
-1.026342172504089518e+02 -1.026022343856833459e+02 3.652266513340557408e-02 7.186876360363104322e+04 0.000000000000000000e+00
-9.707749596151180072e+01 -9.699361841084275682e+01 5.002992708178835568e-02 7.123817037273119786e+04 0.000000000000000000e+00
-1.106499156412320417e+02 -1.106632852306605628e+02 1.741520289289092555e-02 1.812144342653965941e+04 0.000000000000000000e+00
-9.858504985199276405e+01 -9.860403386469688769e+01 2.672032207652348321e-02 1.795923495766011183e+04 0.000000000000000000e+00
-1.107719630542926694e+02 -1.107648588836232904e+02 2.469206306650000710e-02 6.999162837998931354e+04 0.000000000000000000e+00
-1.054060570770769942e+02 -1.053965590480761279e+02 2.584040515485219389e-02 6.932249424895760603e+04 0.000000000000000000e+00
-9.986789006286569759e+01 -9.987137513941556222e+01 1.717753541559976366e-02 1.746945924702131015e+04 0.000000000000000000e+00
-1.079885871592428543e+02 -1.079889647102743879e+02 8.505248483424326586e-03 1.730493012509269101e+04 0.000000000000000000e+00
-1.026268627058938563e+02 -1.026051838558204992e+02 2.012715355874349771e-02 6.741034477973633329e+04 0.000000000000000000e+00
-1.020491937942180982e+02 -1.020334942581156241e+02 2.001457477031540547e-02 1.698508550941114663e+04 0.000000000000000000e+00
-1.053813047171682058e+02 -1.053757404803515243e+02 2.664039765566686771e-02 6.644380452212390082e+04 0.000000000000000000e+00
-1.018178708994419566e+02 -1.017605802091905645e+02 3.169282517283446288e-02 1.670124740971302163e+04 0.000000000000000000e+00
-1.053029104460620857e+02 -1.052976953954391774e+02 1.847451873796914640e-02 6.552291287364488380e+04 0.000000000000000000e+00
-9.712275221982608286e+01 -9.710579330540838328e+01 3.001410809338942928e-02 6.494028897796677484e+04 0.000000000000000000e+00
-9.978271376066621201e+01 -9.977149884866977914e+01 1.744720726975744485e-02 1.647788002395092553e+04 0.000000000000000000e+00
-1.079954455253920713e+02 -1.079869692873039924e+02 1.475898017534284408e-02 6.385309745510794892e+04 0.000000000000000000e+00
-1.107160966094525634e+02 -1.107160789855946916e+02 2.116292342408148536e-02 6.330365016756005934e+04 0.000000000000000000e+00
-1.027049090521207688e+02 -1.027056776405347875e+02 1.027488916565375693e-02 2.740069786646686225e+03 0.000000000000000000e+00
-1.024753161503847139e+02 -1.024666270448041132e+02 1.541889513019020427e-02 1.594985812216611885e+04 0.000000000000000000e+00
-9.990849128060405349e+01 -9.992268690006459053e+01 1.834542568224190734e-02 1.582030763484262934e+04 0.000000000000000000e+00
-1.054233991723013446e+02 -1.054268199603227174e+02 1.549787480378851667e-02 1.570069755762950081e+04 0.000000000000000000e+00
-1.052873514796052206e+02 -1.052781074765039193e+02 1.890094013777993479e-02 6.073352510665037698e+04 0.000000000000000000e+00
-1.052918856554970972e+02 -1.052861855672076672e+02 1.275902389662817403e-02 1.545121197668144305e+04 0.000000000000000000e+00
-1.052739755576821210e+02 -1.052731392738309921e+02 1.087457877639488521e-02 1.532713533233798444e+04 0.000000000000000000e+00
-1.053001094404974936e+02 -1.053028129339277399e+02 9.680409542434639802e-03 1.520265076814726672e+04 0.000000000000000000e+00
-1.053259090797850490e+02 -1.053234667690686450e+02 9.073691449251625532e-03 1.508037417353002820e+04 0.000000000000000000e+00
-1.080821287594250180e+02 -1.080575189495500439e+02 1.519060442549695529e-02 5.835228623389678251e+04 0.000000000000000000e+00
-9.984918703162082920e+01 -9.982191545862251303e+01 2.040666169000290853e-02 5.793463349509638647e+04 0.000000000000000000e+00
-9.857684760857684125e+01 -9.859254939803280138e+01 2.543232849355157518e-02 1.472643536154561116e+04 0.000000000000000000e+00
-1.016659674509997160e+02 -1.018060050227186082e+02 4.222993101891707457e-02 1.462508952529728413e+04 0.000000000000000000e+00
-1.107692941500441606e+02 -1.107741793640873880e+02 1.259717512189807882e-02 1.520621144561550500e+04 0.000000000000000000e+00
-1.053892466018389484e+02 -1.053904728770689729e+02 1.017844319073171744e-02 1.509105545968618935e+04 0.000000000000000000e+00
-1.054146074410772087e+02 -1.053879337517062851e+02 1.997860214272443105e-02 5.727838820864803711e+04 0.000000000000000000e+00
-1.037308765941712778e+02 -1.037157083691634938e+02 2.992363886061392975e-02 5.689481630892411340e+04 0.000000000000000000e+00
-9.176838144672279896e+01 -9.167611772443652285e+01 3.024167040686079680e-02 5.648242826207085454e+04 0.000000000000000000e+00
-1.079605473502976167e+02 -1.079642397175800994e+02 9.575145822760498804e-03 1.467917551436172471e+04 0.000000000000000000e+00
-9.917097349089567615e+01 1.894923638650446400e+17 1.207117372138689575e+02 1.457132350119015427e+04 0.000000000000000000e+00
-1.080981671708999272e+02 -1.080998376048583225e+02 1.123818454585746689e-02 1.457132350119015427e+04 0.000000000000000000e+00
-1.052099507358988149e+02 -1.051939298142193167e+02 2.505378104483404686e-02 5.577544442110168893e+04 0.000000000000000000e+00
-9.986885583693732826e+01 -9.987844196489595561e+01 1.768265385144474761e-02 1.436108567894743646e+04 0.000000000000000000e+00
-9.996908963837988438e+01 -9.993092968389890984e+01 2.272797458226081049e-02 5.506225608389419358e+04 0.000000000000000000e+00
-1.107427701304513050e+02 -1.107399791238729136e+02 1.895424144045480125e-02 5.476327321431507153e+04 0.000000000000000000e+00
-1.107423541242806095e+02 -1.107442033711181466e+02 8.182217785177645433e-03 2.313781191855622637e+03 0.000000000000000000e+00
-1.051561766905032727e+02 -1.051643085013534318e+02 1.785750116497886869e-02 5.399095864422799059e+04 0.000000000000000000e+00
-1.052181062177816955e+02 -1.052204744013135809e+02 1.246522550377237269e-02 1.388674614688514703e+04 0.000000000000000000e+00
-1.026961951884843813e+02 -1.027021486101840253e+02 1.110050747667035501e-02 1.378994706232214776e+04 0.000000000000000000e+00
-1.041810839183930710e+02 -1.043611572745725624e+02 2.922686836279511646e-02 5.288234013919221616e+04 0.000000000000000000e+00
-9.700637952591739577e+01 -9.698981885688149873e+01 2.264897099978963740e-02 1.433249473995124390e+04 0.000000000000000000e+00
-9.985777281412906348e+01 -9.987727977182068173e+01 1.953116815359502711e-02 5.409088269604150264e+04 0.000000000000000000e+00
-1.079881135436918100e+02 -1.079946305723796058e+02 6.447790907805043062e-03 1.414975552244653045e+04 0.000000000000000000e+00
-1.079975007041840911e+02 -1.079946743506115610e+02 1.508960414369979811e-02 5.338307399689977319e+04 0.000000000000000000e+00
-1.026206464799959548e+02 -1.026297833808644810e+02 1.711067799885967328e-02 5.302528667621079512e+04 0.000000000000000000e+00
-1.025959767689054871e+02 -1.026059839743707727e+02 8.441528432598936066e-03 1.386969549926083164e+04 0.000000000000000000e+00
-1.053526467186010080e+02 -1.053462741804967777e+02 1.081525509756610728e-02 5.234277294312018785e+04 0.000000000000000000e+00
-9.596441660038173893e+01 -9.595999064389785360e+01 2.634009599418559236e-02 5.200106865058303083e+04 0.000000000000000000e+00
-1.041007646055582541e+02 -1.041078367210124753e+02 1.867284823734398358e-02 1.360415823006846404e+04 0.000000000000000000e+00
-9.989396694002564914e+01 -9.989405644199925405e+01 1.559920184256245561e-02 1.351803263213973878e+04 0.000000000000000000e+00
-1.053141836528802884e+02 -1.053169819531356239e+02 7.103328242030516187e-03 1.343081509604929488e+04 0.000000000000000000e+00
-1.025140820950156808e+02 -1.025155347398628294e+02 1.411251469493847097e-02 5.071053818106693507e+04 0.000000000000000000e+00
-1.052677694103701356e+02 -1.052620955680931303e+02 1.208960427052553806e-02 5.038766068088578322e+04 0.000000000000000000e+00
-1.052703948001813927e+02 -1.052594942635785031e+02 9.410360732687509180e-03 5.007083659053511656e+04 0.000000000000000000e+00
-1.052978548309265108e+02 -1.052890214009730698e+02 1.768550570942131056e-02 4.976334307663510845e+04 0.000000000000000000e+00
-1.052190699900254316e+02 -1.052103606162751106e+02 1.727826638010503471e-02 4.945707859948743135e+04 0.000000000000000000e+00
-1.080413131504807609e+02 -1.080452509964640626e+02 7.006764069806881157e-03 1.293796708584630142e+04 0.000000000000000000e+00
-1.080832236499740020e+02 -1.080849276012027360e+02 1.329541846870967506e-02 1.285896838312786349e+04 0.000000000000000000e+00
-1.081025773973848487e+02 -1.081059143039481967e+02 8.927136617805550220e-03 1.278027264175668824e+04 0.000000000000000000e+00
-1.054097005754644698e+02 -1.054126566418155306e+02 9.717796377551421450e-03 1.270309402669524388e+04 0.000000000000000000e+00
-1.079983722103550576e+02 -1.079816020599271837e+02 1.300473732882348292e-02 4.800334665356341429e+04 0.000000000000000000e+00
-1.052567083971584196e+02 -1.052642095879251798e+02 5.967440076578804133e-03 1.255171501631465617e+04 0.000000000000000000e+00
-1.052782470750160400e+02 -1.052841546233771339e+02 7.760564974861733183e-03 1.247951503756539205e+04 0.000000000000000000e+00
-1.052431324234980536e+02 -1.052509711142337778e+02 1.299346474549262914e-02 4.717778042258197820e+04 0.000000000000000000e+00
-1.051974490812631018e+02 -1.051997767546480134e+02 1.290824815972885231e-02 1.233365452495345198e+04 0.000000000000000000e+00
-1.052448390489689416e+02 -1.052494116181378274e+02 8.829487488933980555e-03 1.226173554380070345e+04 0.000000000000000000e+00
-1.079955158996145315e+02 -1.079825285692224242e+02 1.043200075904025977e-02 4.637270085686881066e+04 0.000000000000000000e+00
-1.080513834158631852e+02 -1.080432166324213057e+02 9.966992016371909943e-03 4.611252132833618816e+04 0.000000000000000000e+00
-1.053232415426461301e+02 -1.053262719231310029e+02 8.954333115864590575e-03 1.205151103930448153e+04 0.000000000000000000e+00
-9.924755290608325708e+01 -9.919547471898404467e+01 3.533865686209188700e-02 4.558872186023437098e+04 0.000000000000000000e+00
-1.023795936961628712e+02 -1.023843600422362812e+02 1.495523559097516018e-02 1.192387397471805707e+04 0.000000000000000000e+00
-9.695417651792762115e+01 -9.696529284119817760e+01 1.721948500170643326e-02 1.858654488378712358e+03 0.000000000000000000e+00
-1.052546866460290005e+02 -1.052547385820501944e+02 8.257431669469525795e-03 1.182060079269704693e+04 0.000000000000000000e+00
-1.053991491842070758e+02 -1.053938808097627486e+02 1.286139274053900786e-02 4.486153891757792007e+04 0.000000000000000000e+00
-1.052704235360930483e+02 -1.052710950957322211e+02 1.053603916557003042e-02 4.461243870825926570e+04 0.000000000000000000e+00
-1.041174228598460161e+02 -1.041427576285517205e+02 1.793427149752629263e-02 4.436461054288059677e+04 0.000000000000000000e+00
-1.079717563640437419e+02 -1.079593940960867826e+02 1.279529869057097723e-02 4.415223871718220471e+04 0.000000000000000000e+00
-1.007612923529215720e+02 -1.007553827376811171e+02 2.444905441251661593e-02 1.152780490349410684e+04 0.000000000000000000e+00
-1.026900168529382000e+02 -1.026775474309715293e+02 1.924032805307061833e-02 4.378937766244478553e+04 0.000000000000000000e+00
-9.717638403854424212e+01 -9.716174397270378904e+01 1.501494370375371958e-02 4.355936747880840994e+04 0.000000000000000000e+00
-1.079106950597958274e+02 -1.079172098317920785e+02 7.066468625350655168e-03 1.135413964407186177e+04 0.000000000000000000e+00
-1.026037885503075699e+02 -1.026095119407889911e+02 6.279358431602194597e-03 1.129542379039826847e+04 0.000000000000000000e+00
-1.026025049295982541e+02 -1.026026610398491528e+02 2.958008870303694207e-02 4.288712618658699648e+04 0.000000000000000000e+00
-1.025758632481171446e+02 -1.025632361411237099e+02 1.844865658857825289e-02 4.265900578599463188e+04 0.000000000000000000e+00
-9.966024537985180132e+01 -9.968548676817282228e+01 2.345842057799535363e-02 4.244136381404073472e+04 0.000000000000000000e+00
-9.158540824566524918e+01 -9.153563846444521346e+01 2.686181910421419836e-02 1.111280085101166878e+04 0.000000000000000000e+00
-8.642364580998278711e+01 -8.594062613704295472e+01 1.675397959467350151e-01 1.814167639742166557e+03 0.000000000000000000e+00
-9.701952681904778331e+01 -9.701329696832735294e+01 2.223232613047381942e-02 4.197043082908944780e+04 0.000000000000000000e+00
-1.080750736021273894e+02 -1.080744492928365901e+02 7.301543909856827649e-03 1.103846007480686603e+04 0.000000000000000000e+00
-1.080644316412389117e+02 -1.080662501024800122e+02 8.858601290463632982e-03 1.098156409993302987e+04 0.000000000000000000e+00
-1.079686676757929575e+02 -1.079675176186540000e+02 9.285193651399696949e-03 1.092540706028170280e+04 0.000000000000000000e+00
-1.052730948815706000e+02 -1.052705250059136119e+02 6.880864204898831833e-03 4.111670091390919697e+04 0.000000000000000000e+00
-1.053747502133708167e+02 -1.053732815136011425e+02 9.794319614897460322e-03 1.081451448009767591e+04 0.000000000000000000e+00
-1.107184806436477515e+02 -1.107192860632124507e+02 8.297727699777782129e-03 1.075994802318750044e+04 0.000000000000000000e+00
-1.053494449771110624e+02 -1.053308903524093267e+02 1.364691081875368632e-02 4.050038982426395523e+04 0.000000000000000000e+00
-1.007271653861805873e+02 2.669436258856405811e+19 4.265891562664953085e+01 1.819783082441603710e+03 0.000000000000000000e+00
-1.053176029928852415e+02 -1.053168983582675082e+02 9.245319280344678134e-03 4.031424956587357156e+04 0.000000000000000000e+00
-1.041641440289570113e+02 -1.041846120801891260e+02 1.601716859418616731e-02 1.060201017676099036e+04 0.000000000000000000e+00
-1.026363633131654325e+02 -1.026418452236694350e+02 5.341012337351467958e-03 1.802459299728982160e+03 0.000000000000000000e+00
-1.053488929807206205e+02 -1.053393085860850391e+02 9.631704861630839207e-03 3.986250700038150535e+04 0.000000000000000000e+00
-9.992285959161414155e+01 -9.993216490723428080e+01 1.313194100987354757e-02 1.047276730582834170e+04 0.000000000000000000e+00
-9.925658692151924356e+01 -9.922415501105002988e+01 2.701910284060233397e-02 3.953080187768478208e+04 0.000000000000000000e+00
-1.052687205305390847e+02 -1.052756639380944108e+02 4.360178269071603684e-03 1.037948065440256869e+04 0.000000000000000000e+00
-1.018317581876394229e+02 -1.017949183677376510e+02 2.687032198418120438e-02 3.919639586239150958e+04 0.000000000000000000e+00
-1.080512426267364106e+02 -1.080455730041871618e+02 8.858116882403409970e-03 3.906446017670795845e+04 0.000000000000000000e+00
-1.080640111958457794e+02 -1.080656977578860563e+02 7.170307591834543942e-03 1.023454832894484025e+04 0.000000000000000000e+00
-1.080563431835017241e+02 -1.080550407505869117e+02 6.506947964700651732e-03 1.018595827928789913e+04 0.000000000000000000e+00
-9.725630142053357474e+01 -9.724744989886049495e+01 1.607695993224932812e-02 3.851356465598141222e+04 0.000000000000000000e+00
-1.008988509675470056e+02 4.596017958663297600e+16 4.155306516921717730e+01 1.726657224957209564e+03 0.000000000000000000e+00
-1.053732522641036127e+02 -1.053762302539752937e+02 6.261142889742105436e-03 1.009049733947049208e+04 0.000000000000000000e+00
-9.695047306382109298e+01 -9.695662336777776602e+01 1.377891230893138995e-02 1.004351719407540077e+04 0.000000000000000000e+00
-1.080415238500324335e+02 -1.080463117248925755e+02 4.856546028080666912e-03 9.998202947652556759e+03 0.000000000000000000e+00
-1.079675235281572157e+02 -1.079571245576818228e+02 1.132963099208780453e-02 3.783480739241185802e+04 0.000000000000000000e+00
-1.107806675037897719e+02 -1.107674826105262866e+02 1.114435488183474800e-02 3.766434144504927099e+04 0.000000000000000000e+00
-1.134632307951348906e+02 -1.134390937729435507e+02 1.785459845674785065e-02 3.749806920006589644e+04 0.000000000000000000e+00
-1.080260103111763783e+02 -1.080255676467841681e+02 6.556304493239588707e-03 9.815828263389412314e+03 0.000000000000000000e+00
-1.080522584485158575e+02 -1.080503137018517918e+02 1.110650197615747729e-02 3.717893528187316406e+04 0.000000000000000000e+00
-1.052033021600349088e+02 -1.052031437992935139e+02 1.183814594948446111e-02 3.701009170150967111e+04 0.000000000000000000e+00
-1.079658938112079767e+02 -1.079736049270822349e+02 6.919079525221602175e-03 9.683174847979853439e+03 0.000000000000000000e+00
-1.080531599124982591e+02 -1.080548541117223920e+02 6.502485340721800289e-03 9.642070323250894944e+03 0.000000000000000000e+00
-1.027097341507156472e+02 -1.027264821259295644e+02 1.939926411804914971e-02 3.651594286802421993e+04 0.000000000000000000e+00
-9.979543904538131471e+01 -9.981045302153373200e+01 1.201652286141297911e-02 3.636425551293809986e+04 0.000000000000000000e+00
-1.025240044368801193e+02 -1.025274631576607334e+02 5.779213133952784687e-03 9.516759222441394741e+03 0.000000000000000000e+00
-1.025774909536724095e+02 -1.025786614812185036e+02 9.647111840070846100e-03 3.605987260938148393e+04 0.000000000000000000e+00
-1.107393876469682681e+02 -1.107476288539143496e+02 7.898294410033007695e-03 9.433599069909752870e+03 0.000000000000000000e+00
-9.435998321840480685e+01 -9.432475593800893421e+01 1.883646953345672476e-02 3.574504187342250952e+04 0.000000000000000000e+00
-1.025216141055505119e+02 -1.025206916682655134e+02 6.748735675662943627e-03 9.354151320307861170e+03 0.000000000000000000e+00
-1.054651339753988140e+02 -1.054709007868938926e+02 1.008847249084624149e-02 9.313541354812576174e+03 0.000000000000000000e+00
-9.988466380967138036e+01 -9.991168878853325452e+01 2.059776255048175950e-02 3.533204113462119858e+04 0.000000000000000000e+00
-1.053511453403832263e+02 -1.053549217042115345e+02 5.289557115822064032e-03 9.235284692238516072e+03 0.000000000000000000e+00
-1.018041454795156824e+02 -1.018447815488399613e+02 1.360422375483060983e-02 9.196208098435585271e+03 0.000000000000000000e+00
-1.052642139411859716e+02 -1.052670044810976862e+02 4.629118383077497449e-03 9.216206583999208306e+03 0.000000000000000000e+00
-9.393155576357652592e+01 -9.387973555804462933e+01 1.684211893391294318e-02 9.177240829498126914e+03 0.000000000000000000e+00
-1.080511257947420773e+02 -1.080524431405087711e+02 4.220932645897030461e-03 9.231266693354978997e+03 0.000000000000000000e+00
-9.618647115992078511e+01 -9.622234815480962311e+01 2.342432161991302858e-02 9.192365778707340723e+03 0.000000000000000000e+00
-1.107806701470003929e+02 -1.107664973561090846e+02 1.016049843562144041e-02 3.457798502815630491e+04 0.000000000000000000e+00
-1.079954875242344485e+02 -1.080002369506625968e+02 4.785849104203154791e-03 9.149682539139597793e+03 0.000000000000000000e+00
-9.671445911374094351e+01 -9.664750315401683167e+01 2.083195618158146731e-02 3.429769772047363222e+04 0.000000000000000000e+00
-1.024858527582977104e+02 -1.024954708419422644e+02 5.688804046775721747e-03 9.102177064698791582e+03 0.000000000000000000e+00
-1.107307405955092463e+02 -1.107110523729623566e+02 1.001305030328273997e-02 3.418070047158386296e+04 0.000000000000000000e+00
-1.044737018257065131e+02 -1.044545184898826449e+02 2.010454435336273687e-02 3.405510571462856024e+04 0.000000000000000000e+00
-1.081245568139445083e+02 -1.081272215787650737e+02 6.494141064371005204e-03 9.006516548647308809e+03 0.000000000000000000e+00
-1.031869503199551446e+02 -1.031767171281666293e+02 2.256562907378604349e-02 3.379198424349255947e+04 0.000000000000000000e+00
-1.081695165867326409e+02 -1.081733766275835222e+02 9.865403173540666232e-03 8.936804695603381333e+03 0.000000000000000000e+00
-1.081178483856752308e+02 -1.081189699174799301e+02 6.779687745055461290e-03 8.901466910984372589e+03 0.000000000000000000e+00
-1.107758020004252586e+02 -1.107637843081623572e+02 1.072593935976078744e-02 3.339050034878105362e+04 0.000000000000000000e+00
-1.025770052016904543e+02 -1.025817532150507674e+02 9.207970755443191727e-03 8.830044111119890658e+03 0.000000000000000000e+00
-1.079682129591419084e+02 -1.079574837795042015e+02 8.224079123259621718e-03 3.315100224502848869e+04 0.000000000000000000e+00
-1.107251122005933723e+02 -1.107080780750068101e+02 9.197440914984004665e-03 3.302337301453970576e+04 0.000000000000000000e+00
-1.080306486603594323e+02 -1.080156793978650143e+02 8.076523338874081956e-03 3.290325835791490681e+04 0.000000000000000000e+00
-1.053109076697897279e+02 -1.053176970445175442e+02 5.979869727909318394e-03 8.693306738931962173e+03 0.000000000000000000e+00
-1.080576243441511934e+02 -1.080587540942204328e+02 6.050446506116566314e-03 8.660674801515093350e+03 0.000000000000000000e+00
-1.080803933192855624e+02 -1.080628421743372485e+02 8.239331081423658526e-03 3.253354031653214406e+04 0.000000000000000000e+00
-1.107800432598413636e+02 -1.107672353415962760e+02 8.853461478799702980e-03 3.241805487307725707e+04 0.000000000000000000e+00
-1.026761443436974730e+02 -1.026861276688055256e+02 8.607871792292132521e-03 8.560888036474852925e+03 0.000000000000000000e+00
-1.024378685801893170e+02 -1.026214664877382887e+02 2.548624472493789261e-02 8.531840800553494773e+03 0.000000000000000000e+00
-1.024615200873232936e+02 -1.024685453085744484e+02 5.497351272264778578e-03 9.238763003926536840e+03 0.000000000000000000e+00
-1.052960071602133780e+02 -1.052976517171980504e+02 1.127167628928084017e-02 3.408414726565057936e+04 0.000000000000000000e+00
-1.051736110558001229e+02 -1.051782372675018280e+02 7.088538984269486358e-03 9.170088937546706802e+03 0.000000000000000000e+00
-1.053266346842164012e+02 -1.053286366311213840e+02 4.542574972886734459e-03 9.135974910766828543e+03 0.000000000000000000e+00
-1.052827290736291843e+02 -1.052911755325195884e+02 6.602944104038748450e-03 9.101311938039749293e+03 0.000000000000000000e+00
-1.053728885288816883e+02 -1.053318558970501044e+02 1.000030238167406993e-02 3.358688517669807334e+04 0.000000000000000000e+00
-1.053515362475164636e+02 -1.053438884552422081e+02 6.915914033735970183e-03 3.352158759359650139e+04 0.000000000000000000e+00
-1.079864799140122358e+02 -1.079878911227070830e+02 5.845153457528264908e-03 9.007281757000469952e+03 0.000000000000000000e+00
-1.054015776644071991e+02 -1.054067999299383445e+02 5.568844899861752698e-03 8.973616667471420442e+03 0.000000000000000000e+00
-9.971028575139420980e+01 -9.972486450917743639e+01 1.248008544685602454e-02 3.315719452715495572e+04 0.000000000000000000e+00
-1.080772998880678699e+02 -1.080754472307878160e+02 5.392315227676670875e-03 8.908430541035579154e+03 0.000000000000000000e+00
-9.993144673059869376e+01 -9.989053336731693378e+01 1.866812895888737139e-02 3.291917349231709522e+04 0.000000000000000000e+00
-1.025153532146574094e+02 -1.025204285656127325e+02 4.283129617389549310e-03 8.851452212056530698e+03 0.000000000000000000e+00
-9.607811343352724975e+01 -9.610425819521965707e+01 2.133312401247562315e-02 8.819720380582244616e+03 0.000000000000000000e+00
-1.080011832301270829e+02 -1.080067291591463601e+02 5.675551114169123841e-03 8.806961916670277787e+03 0.000000000000000000e+00
-1.054478407257446548e+02 -1.054458668917238953e+02 1.108126051508216171e-02 3.260594874886013349e+04 0.000000000000000000e+00
-1.025930955624654644e+02 -1.025921486833673271e+02 4.417432605728722171e-03 1.460805297767162301e+03 0.000000000000000000e+00
-1.052273964934703940e+02 -1.052260130960676605e+02 9.717563679736718543e-03 3.240929004545939097e+04 0.000000000000000000e+00
-1.025619303970887870e+02 -1.025717492018008130e+02 5.618330670766773227e-03 8.686429924799715081e+03 0.000000000000000000e+00
-1.053086509100222656e+02 -1.053080274110803742e+02 6.721686455700905116e-03 8.658393416427836200e+03 0.000000000000000000e+00
-1.081225234665125896e+02 -1.081252465804554106e+02 6.502580721693434172e-03 8.627383705756334166e+03 0.000000000000000000e+00
-1.053206722745831740e+02 -1.053255444522950768e+02 3.565310096071763746e-03 8.596910593029682786e+03 0.000000000000000000e+00
-1.026313730114734000e+02 -1.026413266984224748e+02 1.572304296051179467e-02 3.185860544156804826e+04 0.000000000000000000e+00
-1.053576166384208364e+02 -1.053605042785289356e+02 4.929054658370796670e-03 8.536652365457190172e+03 0.000000000000000000e+00
-1.107245289088955076e+02 -1.107268366063767076e+02 6.519201867638806797e-03 8.506784660451874515e+03 0.000000000000000000e+00
-1.107768331558986574e+02 -1.107639041732449101e+02 7.995471979997580136e-03 3.152885626021056305e+04 0.000000000000000000e+00
-9.992444040692073770e+01 -9.991044096878016489e+01 1.086012683026909426e-02 3.142376725004157925e+04 0.000000000000000000e+00
-1.018493843385555238e+02 -1.018558694099179860e+02 1.156855762465079478e-02 8.417786940990054063e+03 0.000000000000000000e+00
-9.987050281113735650e+01 -9.988614643723836650e+01 1.030434522906635217e-02 3.121217216666762033e+04 0.000000000000000000e+00
-1.106896729971105060e+02 -1.106967033976386858e+02 5.761412543556563085e-03 8.360545956708232552e+03 0.000000000000000000e+00
-1.025438204857387916e+02 -1.025549680975315994e+02 4.107689506301066482e-03 8.333321447294134487e+03 0.000000000000000000e+00
-1.020027842079567222e+02 3.564718506431830400e+17 9.114994144911688068e+01 8.308311826177436160e+03 0.000000000000000000e+00
-1.053251969564127961e+02 -1.053254195555955732e+02 6.985950783321663062e-03 3.090503700043133358e+04 0.000000000000000000e+00
-1.106845634622812469e+02 -1.106918175579781121e+02 6.102519546820401285e-03 8.280285407238021435e+03 0.000000000000000000e+00
-1.053714784412216261e+02 -1.053699658905595271e+02 1.070811628629175435e-02 3.069354725031511407e+04 0.000000000000000000e+00
-1.080706255547309098e+02 -1.080702604581150297e+02 1.005970991949383699e-02 3.058886328200143907e+04 0.000000000000000000e+00
-1.036850391473982569e+02 -1.036447988671038161e+02 1.633790540312955036e-02 3.048482193421129705e+04 0.000000000000000000e+00
-1.002240888904834719e+02 -1.003699188551823198e+02 2.353556450081132137e-02 3.043226106158141192e+04 0.000000000000000000e+00
-1.107518248527661200e+02 -1.107445689172369612e+02 8.785371073540677173e-03 3.093710462941088554e+04 0.000000000000000000e+00
-1.080757376047343428e+02 -1.080668329165491315e+02 6.574052612128388276e-03 3.083457825501347179e+04 0.000000000000000000e+00
-1.080755519154127882e+02 -1.080794103951971863e+02 1.043816730308912318e-02 3.073366451113022777e+04 0.000000000000000000e+00
-1.079967054447088373e+02 -1.079996434379486629e+02 4.025687308556602159e-03 8.680751500628819485e+03 0.000000000000000000e+00
-1.053060980679489376e+02 -1.053108572242777115e+02 5.540401350702038076e-03 8.652061679297512455e+03 0.000000000000000000e+00
-1.054720333350589101e+02 -1.054770900588427196e+02 8.435584179100877669e-03 8.624034885956416474e+03 0.000000000000000000e+00
-1.054051753552348742e+02 -1.054040092864746612e+02 7.482914930092701873e-03 3.033650367915961397e+04 0.000000000000000000e+00
-1.021959142399438605e+02 1.121304060666370176e+18 9.256544562791854958e+01 8.568361724295145905e+03 0.000000000000000000e+00
-1.052172708559348138e+02 -1.052060477815337691e+02 1.090131703683579374e-02 3.023642225152396713e+04 0.000000000000000000e+00
-1.018645180048380610e+02 -1.018434308615797761e+02 1.670910113340929107e-02 3.014090258945308960e+04 0.000000000000000000e+00
-1.043074386656801806e+02 -1.042978193615136036e+02 1.716392004186993031e-02 3.005555459444697408e+04 0.000000000000000000e+00
-1.054243219118355768e+02 -1.054270363915651245e+02 5.343955375397729454e-03 8.506295214305431728e+03 0.000000000000000000e+00
-1.053545751104312416e+02 -1.053547052528675749e+02 6.516533761260034745e-03 2.986527870233359499e+04 0.000000000000000000e+00
-1.080226141880825566e+02 -1.080233423046268797e+02 5.399341463512119521e-03 8.451411576735665221e+03 0.000000000000000000e+00
-1.053743452284624738e+02 -1.053777770167758376e+02 6.960767056689412362e-03 2.967197684394180033e+04 0.000000000000000000e+00
-1.026944115338137067e+02 -1.026937279164401815e+02 8.897949332177586268e-03 2.957662302785789871e+04 0.000000000000000000e+00
-9.721447500192016378e+01 -9.723313946864119828e+01 1.336594752501202819e-02 8.370035735894251047e+03 0.000000000000000000e+00
-1.080762888487299165e+02 -1.080676830285437404e+02 5.960486323415344068e-03 2.940292971284878513e+04 0.000000000000000000e+00
-1.053457555244462043e+02 -1.053405055342468302e+02 5.571182036124134110e-03 2.931128106304481844e+04 0.000000000000000000e+00
-1.054290981317853664e+02 -1.054304029107701410e+02 6.357016188962226998e-03 8.299097693929123125e+03 0.000000000000000000e+00
-1.010094841779950485e+02 -1.010448649728174928e+02 1.111877872549101205e-02 8.272843586816172319e+03 0.000000000000000000e+00
-1.107755063495701222e+02 -1.107762219226010103e+02 5.727181149740865999e-03 8.281650386454395630e+03 0.000000000000000000e+00
-1.013083393523651381e+02 -1.013676848656703413e+02 1.765830857092610950e-02 2.913072515864234447e+04 0.000000000000000000e+00
-1.019600481409319030e+02 -1.018831090607231147e+02 1.651395831830950248e-02 2.913751421886734170e+04 0.000000000000000000e+00
-1.080018391489374494e+02 -1.080075263606898659e+02 5.357200073507676838e-03 8.226702985314073885e+03 0.000000000000000000e+00
-1.081022412176695582e+02 -1.080963904302982712e+02 7.357636557808112932e-03 8.202019234587065512e+03 0.000000000000000000e+00
-1.080505364576570884e+02 -1.080464793817416336e+02 5.133776135218205174e-03 2.903692540804781675e+04 0.000000000000000000e+00
-1.053543733604040540e+02 -1.053571009711550346e+02 8.449549840222060973e-03 2.894724612022569636e+04 0.000000000000000000e+00
-1.026148237584111342e+02 -1.026245839001232412e+02 4.859472063210629536e-03 8.126715851805543025e+03 0.000000000000000000e+00
-1.107742852171816992e+02 -1.107749161093647672e+02 5.737403579531280030e-03 8.104342893121726775e+03 0.000000000000000000e+00
-1.080468692582119417e+02 -1.080394114931063001e+02 6.010681769962298270e-03 2.868421703212757348e+04 0.000000000000000000e+00
-1.027189199766044112e+02 -1.027193223719290955e+02 6.392183730042060724e-03 1.348862770454875317e+03 0.000000000000000000e+00
-1.024109946311080108e+02 3.244088687137227407e+20 8.965105956121722386e+01 8.037312480448918905e+03 0.000000000000000000e+00
-1.053892755370332139e+02 -1.053860431274349168e+02 8.020607275599590802e-03 2.853923353595736626e+04 0.000000000000000000e+00
-1.107744969664230581e+02 -1.107749185832315959e+02 5.598688153624738033e-03 8.013009913202873577e+03 0.000000000000000000e+00
-1.026258810757508542e+02 -1.026318911545049986e+02 5.442329917930206762e-03 7.988655326663796586e+03 0.000000000000000000e+00
-1.080542239982137147e+02 -1.080459792742037877e+02 5.455309111500679549e-03 2.828388767652104070e+04 0.000000000000000000e+00
-9.981732811570631725e+01 -9.981957666858014022e+01 1.094985760670174127e-02 2.820043779385251401e+04 0.000000000000000000e+00
-1.080970655024745355e+02 -1.080981959938692967e+02 4.841222132402853498e-03 7.917538635095488644e+03 0.000000000000000000e+00
-1.025725112406386330e+02 -1.025736765755407447e+02 5.712943011090928364e-03 2.803332974876387743e+04 0.000000000000000000e+00
-1.015606984608512136e+02 -1.015592252773947735e+02 1.071240238692315605e-02 7.870212035908129110e+03 0.000000000000000000e+00
-1.052885079004549169e+02 -1.052938661845118133e+02 4.951993936568674197e-03 7.846813270735907281e+03 0.000000000000000000e+00
-1.053778529031805675e+02 -1.053813707095338117e+02 6.382643348686207856e-03 7.824299315503354592e+03 0.000000000000000000e+00
-1.080509799248310117e+02 -1.080536661252521498e+02 3.848236337856565745e-03 7.801424760365192924e+03 0.000000000000000000e+00
-1.026074679442814244e+02 -1.026155046418990793e+02 5.002360454937664763e-03 7.778517009898389006e+03 0.000000000000000000e+00
-1.052780235199781629e+02 -1.052789357653591651e+02 6.305143264323752154e-03 2.755679915530122889e+04 0.000000000000000000e+00
-9.984934654930073350e+01 -9.984983579780740115e+01 9.430236537347752926e-03 2.747577002140050899e+04 0.000000000000000000e+00
-9.980583543330294560e+01 -9.980795216436327166e+01 5.858595408910311289e-03 7.712724940092529323e+03 0.000000000000000000e+00
-1.053013343859816189e+02 -1.053058052940354656e+02 3.456183894761008166e-03 7.690237040740436896e+03 0.000000000000000000e+00
-1.080273134657783203e+02 -1.080141067884301407e+02 5.809927489224584775e-03 2.724645736105334800e+04 0.000000000000000000e+00
-1.053909131182590642e+02 -1.053940693027178952e+02 6.900092580419721865e-03 7.646482137560785304e+03 0.000000000000000000e+00
-1.007905523057523567e+02 -1.007478713997521709e+02 1.683132068601966499e-02 2.709441631696801414e+04 0.000000000000000000e+00
-9.974979216013363725e+01 -9.976292321053833234e+01 1.038131370651305778e-02 2.706321532370770365e+04 0.000000000000000000e+00
-1.051929662426338865e+02 -1.052027796941476225e+02 5.663938120450297611e-03 7.584788220150478082e+03 0.000000000000000000e+00
-1.026166106490073702e+02 -1.026162265044018653e+02 4.812600446052217075e-03 1.267640512510424969e+03 0.000000000000000000e+00
-1.025232368602051594e+02 5.233691559322033193e+20 1.638850122746332829e+02 2.685829724825669837e+04 0.000000000000000000e+00
-1.107224286674274083e+02 -1.107240880489279959e+02 5.841895339315878073e-03 7.549810087779002970e+03 0.000000000000000000e+00
-9.980953157910730056e+01 -9.981001665818982360e+01 7.114291876283593448e-03 7.528333791740331435e+03 0.000000000000000000e+00
-1.052745422621925826e+02 -1.052682327089569156e+02 6.611359217962742285e-03 2.670795589307116825e+04 0.000000000000000000e+00
-1.080522705854138508e+02 -1.080548355435534376e+02 2.341000172304087863e-03 1.253305414186240341e+03 0.000000000000000000e+00
-1.081060185857009941e+02 -1.081006838563316137e+02 6.412196568631175347e-03 7.464547557843166032e+03 0.000000000000000000e+00
-1.079767709478014979e+02 -1.079832356921703820e+02 4.629292663913338497e-03 7.444116808446739924e+03 0.000000000000000000e+00
-1.053559767184340501e+02 -1.053590932998068439e+02 2.840104688814576537e-03 7.424290261996453410e+03 0.000000000000000000e+00
-1.053794011290766264e+02 -1.053730201086984124e+02 6.364810714517546084e-03 2.634412988393099295e+04 0.000000000000000000e+00
-9.986957742209885680e+01 -9.987907542822019025e+01 6.899443004387386183e-03 2.627145062116966074e+04 0.000000000000000000e+00
-1.080547421649141171e+02 -1.080585674856210261e+02 4.597146204522674709e-03 7.362487682379623948e+03 0.000000000000000000e+00
-1.053193152110977735e+02 -1.053219784780688713e+02 6.727941527555352137e-03 2.613155348190484074e+04 0.000000000000000000e+00
-1.026237291442132857e+02 9.337793179913726198e+20 1.614284413340574531e+02 2.605914167154322786e+04 0.000000000000000000e+00
-1.052411206669859354e+02 -1.052483982099580402e+02 3.722703614423319898e-03 7.321975347961837542e+03 0.000000000000000000e+00
-1.053044656171462492e+02 -1.053077706903929140e+02 4.902489505009294257e-03 7.303063525069252137e+03 0.000000000000000000e+00
-9.986423768355558650e+01 -9.987755741521596065e+01 8.971269325448063062e-03 2.592502329461117552e+04 0.000000000000000000e+00
-1.053508572941289572e+02 -1.053534031731472140e+02 3.804665489881072383e-03 7.263137791909522093e+03 0.000000000000000000e+00
-1.053642290744054719e+02 -1.053694269651300743e+02 5.774365997350545954e-03 7.243331205860381488e+03 0.000000000000000000e+00
-1.000155442233891137e+02 -9.999343609801604771e+01 1.184580869038422309e-02 2.572121030024226638e+04 0.000000000000000000e+00
-1.107257915523266547e+02 -1.107274670449803438e+02 5.339349072467181739e-03 7.205881466660355727e+03 0.000000000000000000e+00
-9.993097946120215624e+01 -9.991188982812768415e+01 8.832197356808395294e-03 2.559405340505547065e+04 0.000000000000000000e+00
-9.434156436323634409e+01 -9.432640450190160664e+01 1.842855844040175786e-02 1.201669412739979862e+03 0.000000000000000000e+00
-9.658515872542874092e+01 -9.656378496048006355e+01 1.168749748908542996e-02 7.161196765570540265e+03 0.000000000000000000e+00
-1.052567734610442187e+02 -1.052619268765631944e+02 3.922024641319962063e-03 7.153126366749949739e+03 0.000000000000000000e+00
-1.080531511737899848e+02 -1.080469401225428498e+02 4.810445886299075796e-03 2.543421369107842838e+04 0.000000000000000000e+00
-1.080489018716137934e+02 -1.080522937018941434e+02 2.475948324836258971e-03 1.189800037528159919e+03 0.000000000000000000e+00
-1.080765965267744662e+02 -1.080769820358377160e+02 3.991185464854276124e-03 7.096345188457958102e+03 0.000000000000000000e+00
-9.594170914796505656e+01 -9.593872281471341523e+01 1.548968587040770555e-02 2.523394473214410755e+04 0.000000000000000000e+00
-1.031870055141127409e+02 -1.031800767864077244e+02 1.094263036401274362e-02 7.058736881096994694e+03 0.000000000000000000e+00
-1.053717805042566340e+02 -1.053740958556489318e+02 4.042432571174479558e-03 7.040784196018642433e+03 0.000000000000000000e+00
-9.660723485965522173e+01 -9.658521153270224602e+01 1.131454624186413807e-02 7.022243732324931443e+03 0.000000000000000000e+00
-9.443020526071795473e+01 -9.444716841479694835e+01 9.331213685222435744e-03 7.015078040388881163e+03 0.000000000000000000e+00
-1.052211783653962414e+02 -1.052075411010310830e+02 8.669295412472400458e-03 2.496515942618004192e+04 0.000000000000000000e+00
-1.026226079151080768e+02 -1.026183787815348580e+02 7.541586878465368453e-03 6.984125937011287533e+03 0.000000000000000000e+00
-9.453819766485852938e+01 -9.454080809018068976e+01 1.390406087403808777e-02 6.966213867041869889e+03 0.000000000000000000e+00
-1.053344039826399836e+02 -1.053381761278317583e+02 3.496854598737880650e-03 6.948220108916704703e+03 0.000000000000000000e+00
-1.079921202011863244e+02 -1.079833474052187654e+02 5.535474133281299489e-03 2.473215738552165203e+04 0.000000000000000000e+00
-1.025407564827416280e+02 -1.025461290301432911e+02 6.042054834281982735e-03 2.466971507437635955e+04 0.000000000000000000e+00
-1.025043340003947776e+02 -1.025043799992537288e+02 7.345666414313417603e-03 2.460632705180585981e+04 0.000000000000000000e+00
-1.080043417251180102e+02 -1.080082020557123315e+02 4.252969300369812897e-03 6.877013164072829568e+03 0.000000000000000000e+00
-1.080030131173275407e+02 -1.080074994189361206e+02 4.277915448907024590e-03 6.859644700182772795e+03 0.000000000000000000e+00
-1.025465060732938838e+02 -1.025537596827507514e+02 3.880951868160311975e-03 6.842492260270424595e+03 0.000000000000000000e+00
-1.080015960943312194e+02 -1.079930541511080975e+02 4.511589678067070251e-03 2.435971288874285528e+04 0.000000000000000000e+00
-1.080545522144364554e+02 -1.080569827195480030e+02 4.131777951423139597e-03 6.808604425780905331e+03 0.000000000000000000e+00
-1.026121740196872452e+02 -1.026122755424674864e+02 6.015299303993107589e-03 2.423910638386108621e+04 0.000000000000000000e+00
-1.053574875115047149e+02 -1.053613552286513482e+02 3.687390174945879857e-03 6.774036373563868437e+03 0.000000000000000000e+00
-1.080029497941801395e+02 -1.080063712226426276e+02 3.479858921641409194e-03 6.757152905788397220e+03 0.000000000000000000e+00
-1.107750756847983098e+02 -1.107749229734402121e+02 4.586552116355999305e-03 6.740286456431191255e+03 0.000000000000000000e+00
-1.027197433733602026e+02 8.260448522485733786e+19 8.199523866155224994e+01 6.723219163164913880e+03 0.000000000000000000e+00
-1.052743437157680688e+02 -1.052808409072877396e+02 4.237797827455978480e-03 6.723219163164913880e+03 0.000000000000000000e+00
-9.724603501466246769e+01 -9.725963423840855171e+01 8.791240280182462813e-03 2.394245881529812686e+04 0.000000000000000000e+00
-1.081009801006295987e+02 -1.081034641219666526e+02 4.486623611895470404e-03 6.693107241808108483e+03 0.000000000000000000e+00
-1.080293686523975367e+02 -1.080348661866153606e+02 4.057846610629536888e-03 6.676448400819404924e+03 0.000000000000000000e+00
-1.080823665813480829e+02 -1.080807588143833584e+02 3.380182851929623006e-03 6.660431270803591360e+03 0.000000000000000000e+00
-9.973339530756729232e+01 -9.974174860926063957e+01 9.102863056852660700e-03 2.371741007142871604e+04 0.000000000000000000e+00
-1.027451370208359265e+02 4.377346350714041344e+18 8.141397795819209193e+01 6.628235806976988897e+03 0.000000000000000000e+00
-1.008183279714007483e+02 -1.008317500352856655e+02 8.196817042860349289e-03 1.117941898701835044e+03 0.000000000000000000e+00
-1.026295219178605720e+02 -1.026341234323890035e+02 5.563673124094305894e-03 2.370188905966309540e+04 0.000000000000000000e+00
-1.053747197354565230e+02 -1.053778383503500891e+02 3.922512770241991242e-03 6.621700706912340138e+03 0.000000000000000000e+00
-1.025468622845230016e+02 -1.025477172247389603e+02 3.489421023430270240e-03 1.111736222689564556e+03 0.000000000000000000e+00
-1.054065409856992517e+02 -1.054057624801474446e+02 5.580361319419134200e-03 2.355047231857355291e+04 0.000000000000000000e+00
-1.080537532663763756e+02 -1.080471962399279420e+02 4.451168639460582714e-03 2.349247868736636883e+04 0.000000000000000000e+00
-1.053359974415231903e+02 -1.053397791406636088e+02 4.813745303935005118e-03 6.560044375631200637e+03 0.000000000000000000e+00
-1.080761817781844769e+02 -1.080754805911621474e+02 3.392752571070155754e-03 6.544299085278705206e+03 0.000000000000000000e+00
-1.018748490181561266e+02 -1.018706364162548823e+02 1.173712137409389789e-02 2.332610695330746603e+04 0.000000000000000000e+00
-1.026535161383762755e+02 -1.026485065947760518e+02 6.895246328374200068e-03 2.326961128003380873e+04 0.000000000000000000e+00
-1.052079042258245920e+02 -1.052157809597978400e+02 5.522467389039702017e-03 6.496607823340202231e+03 0.000000000000000000e+00
-1.107820845974901118e+02 -1.107712119358203608e+02 5.890488554216669233e-03 2.315872548341711445e+04 0.000000000000000000e+00
-1.080564209001849605e+02 -1.080580713055537387e+02 3.510719052946161163e-03 6.466849098356963623e+03 0.000000000000000000e+00
-9.990170816180322788e+01 -9.987081525197903886e+01 1.299848564632859714e-02 2.305033552244585371e+04 0.000000000000000000e+00
-1.053308437948671639e+02 -1.053327921942900645e+02 1.506111709688334440e-03 1.084691037159986536e+03 0.000000000000000000e+00
-1.081052998797770925e+02 -1.081011194960737214e+02 5.609791635889398685e-03 6.421903599668473362e+03 0.000000000000000000e+00
-9.722716904943028737e+01 -9.723794250471503631e+01 9.403654556523531258e-03 6.406831428384924038e+03 0.000000000000000000e+00
-1.053540197898237096e+02 -1.053569909018617352e+02 3.116158380986481461e-03 6.394407522440056709e+03 0.000000000000000000e+00
-1.016267569072103925e+02 -1.017786185329481867e+02 1.421082780094694818e-02 2.281877410675604551e+04 0.000000000000000000e+00
