-9.997126357404899011e+01 -9.978887393586084897e+01 5.332698442523285953e-01 2.274047136774116734e+04 0.000000000000000000e+00
-9.834028246428766806e+01 -9.830954992246796564e+01 1.256943987827206233e-01 1.496655459658732580e+05 0.000000000000000000e+00
-1.082440639237456281e+02 -1.079886060610001692e+02 2.228990575310978994e-01 2.440634929181868301e+03 0.000000000000000000e+00
-1.055257210254743399e+02 -1.053360839886164797e+02 1.479007684779525822e-01 2.134884833707373764e+04 0.000000000000000000e+00
-9.988721319036942248e+01 -9.980998671318197069e+01 1.122617351025345656e-01 1.357150686397477984e+05 0.000000000000000000e+00
-1.052507106219847088e+02 -1.052382005960380411e+02 7.439893156988404421e-02 2.097552508333052538e+04 0.000000000000000000e+00
-1.014807297137973592e+02 -1.014792209411398431e+02 1.388174825783030086e-01 1.276560838126988529e+05 0.000000000000000000e+00
-8.903156493761950685e+01 2.426915532059328512e+18 1.403869298287700929e+02 1.970849006674801785e+04 0.000000000000000000e+00
-1.080886242367984522e+02 -1.080231498713211096e+02 6.093976964355911352e-02 1.234000183852520131e+05 0.000000000000000000e+00
-1.029842719319258606e+02 -1.029768916764852094e+02 1.720958379559156814e-01 1.204645283172786731e+05 0.000000000000000000e+00
-1.079728539045445643e+02 -1.080213977668681196e+02 5.488623418752598682e-02 2.011911046719225124e+04 0.000000000000000000e+00
-1.080155126325048656e+02 -1.079733219233559680e+02 5.362416506021890766e-02 1.131885688093388162e+05 0.000000000000000000e+00
-9.993537131886596114e+01 -9.986329283150524816e+01 7.334795333001591089e-02 1.102553357232265553e+05 0.000000000000000000e+00
-1.054122356425955047e+02 -1.054034311023167447e+02 4.055073768609913226e-02 1.883750288906757487e+04 0.000000000000000000e+00
-1.107729395070008280e+02 -1.107493299481917433e+02 6.886901468495916501e-02 1.052256547620480706e+05 0.000000000000000000e+00
-1.052806797092114977e+02 -1.052586976434379693e+02 4.113294581374338926e-02 1.024805371245563583e+05 0.000000000000000000e+00
-1.080896559972563722e+02 -1.080972912376483208e+02 2.536305118487443278e-02 1.744778287728013311e+04 0.000000000000000000e+00
-1.053887941604740917e+02 -1.053855890588478985e+02 2.326110653643199272e-02 1.701457087602936735e+04 0.000000000000000000e+00
-9.323510828042164178e+01 -9.324942197549491141e+01 1.261079380929332749e-01 9.490416088235304051e+04 0.000000000000000000e+00
-1.052796733535413836e+02 -1.052453642901264885e+02 5.725928831760418447e-02 9.260567647179352934e+04 0.000000000000000000e+00
-1.025437161422193526e+02 -1.025208819940959444e+02 2.824248297286766421e-02 2.323608288231150709e+03 0.000000000000000000e+00
-1.080935279808564786e+02 -1.080528282921890195e+02 3.536350772562094763e-02 8.881874932028968760e+04 0.000000000000000000e+00
-1.054371531094019758e+02 -1.053885008851500231e+02 4.125675090298642350e-02 8.712981626326794503e+04 0.000000000000000000e+00
-1.079912115180448637e+02 -1.080055725119530905e+02 1.858769983261304021e-02 1.485731761083822312e+04 0.000000000000000000e+00
-1.081036462021843505e+02 -1.080953003153104675e+02 2.221791677390307432e-02 2.149830814333683065e+03 0.000000000000000000e+00
-9.916284729442004675e+01 -9.910532256286660413e+01 9.153304278474148903e-02 1.428599266745582099e+04 0.000000000000000000e+00
-9.986542273715087958e+01 -9.983842459649457624e+01 3.474903824734990737e-02 1.407583589961100370e+04 0.000000000000000000e+00
-1.026267888683915572e+02 -1.026179418970776851e+02 1.831340346491796417e-02 1.386532854385457358e+04 0.000000000000000000e+00
-1.036278839775924325e+02 -1.036716732352610109e+02 5.602284385319725862e-02 7.858000204371463042e+04 0.000000000000000000e+00
-1.080593458884684424e+02 -1.080651711663074082e+02 1.706147917610888881e-02 1.337535735979964738e+04 0.000000000000000000e+00
-1.054051866172580958e+02 -1.054134729528363295e+02 2.102341440992178470e-02 1.312367851682485525e+04 0.000000000000000000e+00
-1.107496377214161214e+02 -1.107268109915834629e+02 4.537163004939666344e-02 7.441682765235535044e+04 0.000000000000000000e+00
-1.053679691710141952e+02 -1.053322364987149200e+02 2.891934893892383895e-02 7.310553411777013389e+04 0.000000000000000000e+00
-1.027250579277431513e+02 -1.027098028492473389e+02 2.488292795334498542e-02 1.246651145132299098e+04 0.000000000000000000e+00
-9.917321751141061270e+01 -9.911964263272824383e+01 6.108511205035775660e-02 7.071098649509847746e+04 0.000000000000000000e+00
-1.107611568870132999e+02 -1.107763882715209149e+02 1.748772437789029854e-02 1.236800354336698911e+04 0.000000000000000000e+00
-1.024538275940961967e+02 -1.024508277315443934e+02 4.672658200976643333e-02 1.847821092423661867e+03 0.000000000000000000e+00
-1.053315781052323388e+02 -1.053344052561341186e+02 1.629512285963509791e-02 1.198217512579493814e+04 0.000000000000000000e+00
-1.080730904314887084e+02 -1.080762757929619511e+02 1.338098221204169283e-02 1.178381359673074076e+04 0.000000000000000000e+00
-1.080695799239724408e+02 -1.080762581389721362e+02 1.405128430784809146e-02 1.159190957443616207e+04 0.000000000000000000e+00
-1.040599152645562242e+02 -1.040825149514661661e+02 2.961846796444289609e-02 1.141183321719914056e+04 0.000000000000000000e+00
-1.080170974157654911e+02 -1.080230948479972426e+02 1.200055729525462307e-02 1.126462101167115179e+04 0.000000000000000000e+00
-9.722219796923698709e+01 -9.723438779925324127e+01 3.246813001257205927e-02 1.109288678778824396e+04 0.000000000000000000e+00
-1.054248682189133035e+02 -1.053887428964744402e+02 3.292612369399738198e-02 6.245763601916383777e+04 0.000000000000000000e+00
-1.081265974838905919e+02 -1.081054035985805655e+02 2.460261658903074855e-02 6.168375851581900497e+04 0.000000000000000000e+00
-1.016929947880775842e+02 -1.017639805232661843e+02 5.644665607495641391e-02 6.082402427478189929e+04 0.000000000000000000e+00
-1.080165981347795991e+02 -1.080231910435377074e+02 1.104417558540540280e-02 1.049904587479269867e+04 0.000000000000000000e+00
-1.054128175365006399e+02 -1.054109657130555036e+02 1.094617827012055351e-02 1.035178315538798233e+04 0.000000000000000000e+00
-9.422290914999297229e+01 1.623151920538524538e+07 1.673818999439461308e+01 1.020410016342162999e+04 0.000000000000000000e+00
-1.022974899094414809e+02 -1.022160047138295482e+02 3.261526083330514719e-02 5.869772640632939874e+04 0.000000000000000000e+00
-1.041407324962699619e+02 -1.041648559081347258e+02 3.174530904941886417e-02 1.112719172850586983e+04 0.000000000000000000e+00
-1.025511193110721564e+02 -1.025363166959048442e+02 2.464198772046514302e-02 5.809510324873247737e+04 0.000000000000000000e+00
-1.040636285901343570e+02 -1.041149826623520056e+02 4.192730665898351805e-02 5.732710825515936449e+04 0.000000000000000000e+00
-1.007794842859003950e+02 -1.007487262504792369e+02 3.468123775299791767e-02 1.074291393506740860e+04 0.000000000000000000e+00
-1.005872035544455230e+02 -1.005743520316143815e+02 3.585862190847405317e-02 1.064690310876287549e+04 0.000000000000000000e+00
-1.080852947689117656e+02 -1.080595540285401910e+02 2.117193955760639235e-02 5.548380489220644085e+04 0.000000000000000000e+00
-9.863660960638470954e+01 2.920462426592064717e+19 1.018922128836501599e+02 1.038202304632708365e+04 0.000000000000000000e+00
-9.966356543308747007e+01 -9.966559843168903399e+01 5.159403940884134399e-02 5.484274698463566165e+04 0.000000000000000000e+00
-1.052995439021550652e+02 -1.053011412851584652e+02 9.009893206328747212e-03 1.024889486058572766e+04 0.000000000000000000e+00
-1.080902919993720985e+02 -1.080639165849900252e+02 1.778626830210663229e-02 5.346543898600596731e+04 0.000000000000000000e+00
-1.081166183576509354e+02 -1.081026965679841254e+02 2.316455767641474248e-02 5.287689097584485717e+04 0.000000000000000000e+00
-1.043940163237961087e+02 -1.044400637534282623e+02 2.507571746586626654e-02 9.870671289350664665e+03 0.000000000000000000e+00
-1.105864050378694969e+02 1.868535405929016876e+10 3.721678369569677614e+01 5.203050044224556768e+04 0.000000000000000000e+00
-1.079947089143933567e+02 -1.079982765826193827e+02 9.435117480151409761e-03 9.905652518798257006e+03 0.000000000000000000e+00
-1.080156159742340378e+02 -1.080234616774478411e+02 9.414562421021699726e-03 9.787246551395859569e+03 0.000000000000000000e+00
-1.016045449781717025e+02 -1.016196480988502486e+02 3.057740442421696611e-02 9.676997973795780126e+03 0.000000000000000000e+00
-1.018967422632613022e+02 -1.018626123982761982e+02 2.160345575839423340e-02 9.578399572099777288e+03 0.000000000000000000e+00
-1.052178570032433242e+02 -1.052203516207517424e+02 1.189835672071432211e-02 9.560847702543402193e+03 0.000000000000000000e+00
-9.716492200811738655e+01 -9.716082705059147884e+01 2.174031128753093484e-02 9.451734806440470493e+03 0.000000000000000000e+00
-9.993569919291634562e+01 -9.993078700376885593e+01 1.540399039070195972e-02 9.345813712933239003e+03 0.000000000000000000e+00
-9.935290248030534599e+01 4.658094316462955520e+18 9.613558063782939200e+01 9.242049864572598381e+03 0.000000000000000000e+00
-1.107157099527673552e+02 -1.107274722507416413e+02 1.302753426168512876e-02 9.242049864572598381e+03 0.000000000000000000e+00
-1.080596286239515251e+02 -1.080598331149416396e+02 8.590251851112486181e-03 9.152221268699318898e+03 0.000000000000000000e+00
-1.026255256021287465e+02 -1.026297559487713897e+02 1.386572012721039825e-02 9.051733800504145620e+03 0.000000000000000000e+00
-1.053337526977361591e+02 -1.053301056223490235e+02 1.402171285999638008e-02 8.954025577959999282e+03 0.000000000000000000e+00
-1.053404355149454545e+02 -1.053483297824730158e+02 1.076515696561078199e-02 8.859424995090266748e+03 0.000000000000000000e+00
-1.069159489343669804e+02 -1.069396284076212993e+02 4.139032963388421943e-02 4.573669635485003528e+04 0.000000000000000000e+00
-1.079991986012614689e+02 -1.079833145634721205e+02 1.369463606715359653e-02 4.530284413418732584e+04 0.000000000000000000e+00
-1.053396835633187010e+02 -1.053363561716864467e+02 7.561065480806500143e-03 8.594255762577677160e+03 0.000000000000000000e+00
-1.041855758567591295e+02 -1.042028188743908572e+02 1.396368518842448260e-02 8.507156459670633922e+03 0.000000000000000000e+00
-1.052978878618218204e+02 -1.053037630146742032e+02 1.120138186697755556e-02 8.439471684475865914e+03 0.000000000000000000e+00
-1.026138609828645087e+02 -1.025956228353204978e+02 2.303044803354879419e-02 4.373598792533755477e+04 0.000000000000000000e+00
-1.053309837418158281e+02 -1.053353601448777823e+02 9.616395247691169462e-03 8.284636060064452977e+03 0.000000000000000000e+00
-1.053604899014737128e+02 -1.053396638118201594e+02 1.170405699543532532e-02 4.289955779333499959e+04 0.000000000000000000e+00
-1.052582760504267583e+02 -1.052572309984877990e+02 1.307069356507829447e-02 8.124940926512556871e+03 0.000000000000000000e+00
-1.080641340299012256e+02 -1.080453664350468301e+02 1.861244284091427906e-02 4.216366218572016078e+04 0.000000000000000000e+00
-1.053506837170220649e+02 -1.053300366847089293e+02 1.749796899733791974e-02 4.178826482547669002e+04 0.000000000000000000e+00
-9.693716532113687379e+01 -9.690864915103836097e+01 4.356133939937272687e-02 1.599388380249394459e+03 0.000000000000000000e+00
-1.080528035806194538e+02 -1.080550328585796507e+02 7.128036024746995172e-03 7.823530604974986090e+03 0.000000000000000000e+00
-9.728800988905067015e+01 -9.724672324417079494e+01 2.816119082742347610e-02 1.576277440663237712e+03 0.000000000000000000e+00
-1.080569443732972843e+02 -1.080543955772630795e+02 4.608794179982039080e-03 1.575707556875025830e+03 0.000000000000000000e+00
-1.017980461571118127e+02 -1.017983955570945369e+02 1.576112270326546910e-02 7.609869628954686959e+03 0.000000000000000000e+00
-1.053338309011802210e+02 -1.053130544681713587e+02 1.312624233351974458e-02 4.003351626228889654e+04 0.000000000000000000e+00
-1.041873955363486459e+02 -1.041662766987785886e+02 2.931962230598049446e-02 3.971026981690690445e+04 0.000000000000000000e+00
-1.025507498962625306e+02 -1.025508275568154062e+02 7.946652835520562688e-03 7.408371196451729702e+03 0.000000000000000000e+00
-1.000052182546726272e+02 -1.000049424837631165e+02 1.804590341458281455e-02 7.342817033629058642e+03 0.000000000000000000e+00
-1.025419300781316565e+02 -1.025247237023845912e+02 1.687435730004499881e-02 3.870811440099071478e+04 0.000000000000000000e+00
-1.080497113084090728e+02 -1.080539222449420294e+02 5.413734957589714895e-03 7.215438915872367033e+03 0.000000000000000000e+00
-1.053831572018847424e+02 -1.053836972802797050e+02 8.833762000901567227e-03 7.154662524605008912e+03 0.000000000000000000e+00
-1.080517476183606931e+02 -1.080547848607949959e+02 6.077536730282783600e-03 7.093599082870836355e+03 0.000000000000000000e+00
-1.054030262977468908e+02 -1.054064499921840365e+02 7.343032392825514509e-03 7.034187299966559294e+03 0.000000000000000000e+00
-1.134526713689364783e+02 -1.134369301553836351e+02 2.385747808812640341e-02 3.711175465681510104e+04 0.000000000000000000e+00
-1.008594315436683644e+02 2.347186977638011267e+23 1.918802761832298813e+02 3.681804038815257809e+04 0.000000000000000000e+00
-1.036653010143971585e+02 -1.036772376492269387e+02 1.539959672134253582e-02 6.939791523529201186e+03 0.000000000000000000e+00
-1.042765733665646906e+02 -1.042575601486781522e+02 1.852667064474269876e-02 6.891038737306925213e+03 0.000000000000000000e+00
-1.052688592965216543e+02 -1.052529098861563170e+02 1.959663479110032233e-02 3.629113733807499375e+04 0.000000000000000000e+00
-9.982383426247056946e+01 -9.982277333449708578e+01 1.261892275892869363e-02 1.404563539645543642e+03 0.000000000000000000e+00
-1.079992863778502965e+02 -1.080017579197491955e+02 6.651744322563050288e-03 6.753108546256087720e+03 0.000000000000000000e+00
-9.880709400375182838e+01 -9.882812227406964212e+01 1.944366582953099831e-02 6.699493631091848329e+03 0.000000000000000000e+00
-1.025135353687773829e+02 -1.024982538105168004e+02 1.933434042908256656e-02 3.525264837599374005e+04 0.000000000000000000e+00
-1.016779917956691719e+02 -1.016921845598599532e+02 1.480174183347222200e-02 6.615941425189711481e+03 0.000000000000000000e+00
-1.025592116553769984e+02 -1.025471385772257378e+02 2.128859818358678699e-02 3.490380478875827976e+04 0.000000000000000000e+00
-1.081012265255320273e+02 -1.080916743363698203e+02 1.427527936809665568e-02 3.464325142552979378e+04 0.000000000000000000e+00
-1.052850583536503848e+02 -1.052850597906413554e+02 5.169240379227633964e-03 1.413957779926190597e+03 0.000000000000000000e+00
-1.026030719258553603e+02 -1.026051598773405829e+02 7.402407239829193568e-03 6.425762170565689303e+03 0.000000000000000000e+00
-9.914255473701734900e+01 -9.912384872360004806e+01 1.746071190446585319e-02 6.377332906530317814e+03 0.000000000000000000e+00
-1.079695990841243827e+02 -1.079545272985602651e+02 1.554546523097647716e-02 3.366345884902108810e+04 0.000000000000000000e+00
-1.107165985116327533e+02 -1.107240229233744202e+02 7.090114228213839111e-03 6.301502139658688066e+03 0.000000000000000000e+00
-1.080793606776201869e+02 -1.080794104396710793e+02 6.173667663862506504e-03 6.258498998963315898e+03 0.000000000000000000e+00
-1.031762030882904071e+02 -1.031801312987680461e+02 1.505229474378296829e-02 6.212514364546746947e+03 0.000000000000000000e+00
-1.005556763736353787e+02 -1.006033367606719082e+02 1.731134063129993045e-02 6.168971085691304324e+03 0.000000000000000000e+00
-9.980674139808489542e+01 -9.979981376994740572e+01 1.507739933377801218e-02 3.295179448137809959e+04 0.000000000000000000e+00
-1.006095490787109554e+02 -1.005905328074316429e+02 1.481628125293431124e-02 6.193444746347164255e+03 0.000000000000000000e+00
-1.018138792689755263e+02 -1.017659397511295367e+02 1.998018887751330797e-02 3.248744349996008532e+04 0.000000000000000000e+00
-1.080438760104085105e+02 -1.080488238613194198e+02 6.499987539748170243e-03 6.143573350596816454e+03 0.000000000000000000e+00
-1.052991339751717987e+02 -1.053014785007903527e+02 6.424971610133624854e-03 6.101882110675849617e+03 0.000000000000000000e+00
-1.079116119821969022e+02 -1.079199728166500734e+02 8.344740247652662063e-03 6.059542981944939129e+03 0.000000000000000000e+00
-1.080300724967460440e+02 -1.080277923861958698e+02 6.721600967628074338e-03 6.022115568994648129e+03 0.000000000000000000e+00
-1.107230745328299832e+02 -1.107076278677761820e+02 1.244751301712867381e-02 3.151713400930956414e+04 0.000000000000000000e+00
-1.080200848853735067e+02 -1.080252399303847710e+02 6.158696053691446216e-03 5.942898658264199184e+03 0.000000000000000000e+00
-1.056246188841017783e+02 -1.055813067079814118e+02 1.385044910501104058e-02 5.904040980877361108e+03 0.000000000000000000e+00
-1.080205276996801871e+02 -1.080221316116790859e+02 5.171520673639606533e-03 5.961150671862518720e+03 0.000000000000000000e+00
-1.080018099439839858e+02 -1.079846878373941479e+02 9.385636418172041417e-03 3.075464949658446858e+04 0.000000000000000000e+00
-1.080686493492755602e+02 -1.080712445346558468e+02 5.100639943812956302e-03 5.881904461420985172e+03 0.000000000000000000e+00
-1.016900893194206361e+02 5.517951760161343488e+18 7.644273172838222763e+01 5.843491234097414235e+03 0.000000000000000000e+00
-1.017602643824129842e+02 -1.017693253629826557e+02 1.123824675091501975e-02 5.843491234097414235e+03 0.000000000000000000e+00
-1.106874629424454639e+02 -1.106976523719367691e+02 6.408546526889499252e-03 5.808756856657999379e+03 0.000000000000000000e+00
-1.026596643360702075e+02 -1.026637833271135065e+02 6.390226036773771247e-03 5.776701493507920532e+03 0.000000000000000000e+00
-1.018722305758903985e+02 -1.018650718318790638e+02 1.048840291042634452e-02 5.740319409100498888e+03 0.000000000000000000e+00
-1.107632334874176081e+02 -1.107717703606889046e+02 6.455530195519532978e-03 5.706297197530875565e+03 0.000000000000000000e+00
-1.080204331795026604e+02 -1.080073732415942516e+02 9.972179463290995263e-03 2.948229884222875626e+04 0.000000000000000000e+00
-1.053631862400173702e+02 -1.053598992112641071e+02 3.982551081474247461e-03 5.638554674866039932e+03 0.000000000000000000e+00
-1.080948192267010768e+02 -1.080985751060437252e+02 6.697224932485445516e-03 5.603457190276978508e+03 0.000000000000000000e+00
-1.053170021216886596e+02 -1.053031935722332975e+02 1.622802314346874150e-02 2.894891970275604763e+04 0.000000000000000000e+00
-1.107721461689203579e+02 -1.107768745403889596e+02 5.873869755670317432e-03 5.534506041948683560e+03 0.000000000000000000e+00
-1.019907888581282123e+02 7.002302460260909056e+19 7.417185560851162052e+01 5.501464164409896512e+03 0.000000000000000000e+00
-1.018657303354110581e+02 -1.018732912957568431e+02 1.293852660145239364e-02 5.501464164409896512e+03 0.000000000000000000e+00
-9.486019631903195659e+01 -9.491057950615379468e+01 1.645677903200430670e-02 5.470256318032045783e+03 0.000000000000000000e+00
-1.027165755248228436e+02 -1.027038109599461393e+02 2.638053935248728388e-02 2.867479803163069300e+04 0.000000000000000000e+00
-1.080509366271954406e+02 -1.080537515433905327e+02 4.639244391868128925e-03 5.500631626257320022e+03 0.000000000000000000e+00
-1.080571277502321408e+02 -1.080432877911998304e+02 7.440969908818866052e-03 2.833522555874226600e+04 0.000000000000000000e+00
-1.025194675524025172e+02 -1.025201918044000422e+02 7.146676258250908749e-03 5.434921715599176423e+03 0.000000000000000000e+00
-1.014549278433808723e+02 -1.014632384106862730e+02 1.034401982629245230e-02 5.402394680629215145e+03 0.000000000000000000e+00
-1.026734094006636155e+02 -1.026628594164437942e+02 8.057009204269553054e-03 5.373416781927553529e+03 0.000000000000000000e+00
-1.107176023896038259e+02 -1.107234915469765610e+02 5.178654822623396034e-03 5.346805206961665135e+03 0.000000000000000000e+00
-1.053032461514047782e+02 -1.053006827046265101e+02 5.085361192824976520e-03 5.317139194308435435e+03 0.000000000000000000e+00
-1.080085270053630069e+02 -1.080070145723779262e+02 4.080887299994884025e-03 1.154954979556371200e+03 0.000000000000000000e+00
-1.027794851309474211e+02 -1.028170141027853930e+02 2.684985812507209579e-02 2.734468561828139718e+04 0.000000000000000000e+00
-1.036794493674926656e+02 -1.036754523844119689e+02 9.795724641905874386e-03 5.444277074030541371e+03 0.000000000000000000e+00
-1.053235120899637280e+02 -1.053258771309441642e+02 5.792922836351044671e-03 5.413969458624016625e+03 0.000000000000000000e+00
-1.068152228053007065e+02 -1.068597545097563142e+02 1.731180676903903981e-02 2.694377769002944115e+04 0.000000000000000000e+00
-1.051852114269683085e+02 -1.051928352526308856e+02 7.642395587675546859e-03 5.371913519696247931e+03 0.000000000000000000e+00
-9.880404437916614313e+01 -9.880353981826910115e+01 1.282636850046263953e-02 5.345092470890831464e+03 0.000000000000000000e+00
-9.996186658576964135e+01 -9.995144269052457275e+01 1.176017966960524533e-02 2.663127543068811065e+04 0.000000000000000000e+00
-9.986228651287450475e+01 -9.984267956842630554e+01 1.721178895631024497e-02 2.648877103035824257e+04 0.000000000000000000e+00
-1.025596902770111143e+02 -1.025576628448959156e+02 9.359658454969074434e-03 5.258058818792061174e+03 0.000000000000000000e+00
-1.107174701564439800e+02 -1.107230990578725596e+02 4.852637584504432625e-03 5.229057093088434158e+03 0.000000000000000000e+00
-1.107710114797924490e+02 -1.107759204486911244e+02 5.510538196545689167e-03 5.201835861658135400e+03 0.000000000000000000e+00
-1.107286312037163611e+02 -1.107127242576111570e+02 8.930600116233691418e-03 2.592987803897846970e+04 0.000000000000000000e+00
-1.027347711900807070e+02 -1.027507567155069523e+02 1.457977886343324835e-02 5.146572091992762580e+03 0.000000000000000000e+00
-1.080778791521818221e+02 -1.080764096424200460e+02 4.459547278528807127e-03 5.129417258610948920e+03 0.000000000000000000e+00
-1.054730656890080667e+02 -1.054659521219905400e+02 1.739976040090433773e-02 2.557063859010935266e+04 0.000000000000000000e+00
-9.611692851287250505e+01 -9.613090618426167566e+01 1.473937547316824317e-02 5.077304408347702520e+03 0.000000000000000000e+00
-1.081727747962965793e+02 -1.081740720054012996e+02 9.369110941646996427e-03 5.056260547785355811e+03 0.000000000000000000e+00
-1.013828543839284464e+02 -1.014108030418294675e+02 8.134246731274026934e-03 5.029790299197486092e+03 0.000000000000000000e+00
-1.080477365940450483e+02 -1.080498566535797522e+02 3.133224978470954859e-03 5.038010154026884265e+03 0.000000000000000000e+00
-1.043761924785002293e+02 -1.044044771304008776e+02 9.003080439656970663e-03 5.011838032001787724e+03 0.000000000000000000e+00
-1.024787045255099400e+02 -1.024800190471105452e+02 5.119472503485667132e-03 1.080387077425761845e+03 0.000000000000000000e+00
-1.079763001524576680e+02 -1.079774474706577934e+02 4.786546879417904847e-03 4.994651156760950471e+03 0.000000000000000000e+00
-1.107713538756854064e+02 -1.107759647267083380e+02 5.069054107657885132e-03 4.968961708694812842e+03 0.000000000000000000e+00
-1.080771274876127137e+02 -1.080765587354314761e+02 4.033222046154583129e-03 4.944489205971505726e+03 0.000000000000000000e+00
-1.010046080126992933e+02 -1.010138828487065012e+02 1.168516619576991968e-02 4.919274024381169511e+03 0.000000000000000000e+00
-1.079575869160038764e+02 -1.079656227628206437e+02 6.663612922714746804e-03 4.898046687745545569e+03 0.000000000000000000e+00
-1.053819034842883013e+02 -1.053873229592675358e+02 5.309646029184707065e-03 1.047915013578395019e+03 0.000000000000000000e+00
-1.024493648158334764e+02 -1.023475387537341845e+02 1.033316057563120338e-02 4.852025272755182414e+03 0.000000000000000000e+00
-1.053171542719522762e+02 -1.052988796627577557e+02 9.502676357024042106e-03 2.439380018632441715e+04 0.000000000000000000e+00
-1.080292942110510523e+02 -1.080310048583346401e+02 5.459989991388453263e-03 5.235645995255485104e+03 0.000000000000000000e+00
-1.107196072543563758e+02 -1.107237139543343289e+02 4.925588645098817088e-03 5.209853220403759224e+03 0.000000000000000000e+00
-1.023602333815477436e+02 4.393507874058129311e+09 2.020858255741620724e+01 2.405269834632181664e+04 0.000000000000000000e+00
-1.031976658961473845e+02 -1.031912566541379874e+02 1.300040035932804004e-02 5.184958527571925515e+03 0.000000000000000000e+00
-1.107149944371968786e+02 -1.107210906475140462e+02 5.162632189651688783e-03 5.159947491933687161e+03 0.000000000000000000e+00
-1.053364626243188269e+02 -1.053210163669119055e+02 5.641552984926540698e-03 2.383078084736796154e+04 0.000000000000000000e+00
-1.027568055664440152e+02 -1.027609145192708127e+02 7.678766221360259180e-03 5.112676784171162581e+03 0.000000000000000000e+00
-9.577963371665472891e+01 -9.578026260893956589e+01 1.317605374525510943e-02 1.173878785982889895e+03 0.000000000000000000e+00
-1.053653626041744360e+02 -1.053622152599713075e+02 4.422170537178214678e-03 5.067605410481015497e+03 0.000000000000000000e+00
-1.080514542756471883e+02 -1.080521524682695969e+02 4.265665360873309615e-03 5.043772088913222433e+03 0.000000000000000000e+00
-1.053084930410296636e+02 -1.053083179849187019e+02 4.900777484609556735e-03 5.019778099332505917e+03 0.000000000000000000e+00
-1.107786419957869413e+02 -1.107659950886261271e+02 8.273844334502573894e-03 2.318569897556039359e+04 0.000000000000000000e+00
-1.053507313201260160e+02 -1.053514341392657485e+02 3.371578790608310231e-03 4.972440722743478545e+03 0.000000000000000000e+00
-1.018123042095783859e+02 -1.018177611089172956e+02 6.751130817085793275e-03 4.949119374795613112e+03 0.000000000000000000e+00
-1.027242561397169283e+02 2.060086652632640820e+24 7.019244380639726444e+01 4.926979167514236906e+03 0.000000000000000000e+00
-1.052803048490849704e+02 -1.052798574591789844e+02 3.887787843416529512e-03 4.926979167514236906e+03 0.000000000000000000e+00
-1.053144499917136585e+02 -1.053113097349164349e+02 4.804613525511932694e-03 4.904089866142259780e+03 0.000000000000000000e+00
-1.052263395567594699e+02 -1.052137496395426837e+02 1.252413593487337017e-02 2.267091393028927632e+04 0.000000000000000000e+00
-1.026482884605187849e+02 -1.026465162650530516e+02 4.869823795192960644e-03 4.859294413795574656e+03 0.000000000000000000e+00
-1.053357964761989649e+02 -1.053330350950047176e+02 2.910861598346462051e-03 1.119075789478919432e+03 0.000000000000000000e+00
-1.027249293407151640e+02 -1.027268221181605696e+02 6.381342505597278371e-03 4.815005190521885197e+03 0.000000000000000000e+00
-1.080214615567069245e+02 -1.080225682377301979e+02 2.487043734921986961e-03 1.109383110531503689e+03 0.000000000000000000e+00
-1.081229996240783464e+02 -1.081254532582608050e+02 5.303455290997990783e-03 4.771782357724358008e+03 0.000000000000000000e+00
-1.042610248107379363e+02 -1.042790845732960037e+02 9.953178611491407882e-03 4.750686756894757309e+03 0.000000000000000000e+00
-1.026575322274147055e+02 -1.026373647710687464e+02 7.000417197931996412e-03 4.741548767966723972e+03 0.000000000000000000e+00
-9.831522136491494734e+01 -9.832067876559045772e+01 1.571354596041398335e-02 2.196394805667775654e+04 0.000000000000000000e+00
-1.025252217767362595e+02 -1.025256350053447250e+02 5.802492289429871802e-03 4.714814318276461563e+03 0.000000000000000000e+00
-1.080534082261146125e+02 -1.080542879326464316e+02 2.900870267525002422e-03 4.693959254139573204e+03 0.000000000000000000e+00
-1.080759168110482449e+02 -1.080766651923928805e+02 3.630517707540685968e-03 4.673312274316806906e+03 0.000000000000000000e+00
-1.107787532168468942e+02 -1.107672814070360516e+02 7.460715888772575209e-03 2.158716135059444059e+04 0.000000000000000000e+00
-1.052882074241241526e+02 -1.052857055292446944e+02 3.576029534255655441e-03 4.632559642221275681e+03 0.000000000000000000e+00
-1.053315452231971818e+02 -1.053295418497418581e+02 1.972471770046929813e-03 1.074257500202401161e+03 0.000000000000000000e+00
-1.080185447243609644e+02 -1.080215921982239564e+02 4.347250658935120429e-03 4.592769882875961230e+03 0.000000000000000000e+00
-1.040640574650481938e+02 -1.040776346975217592e+02 1.021982149123661782e-02 4.573362334678085972e+03 0.000000000000000000e+00
-9.704874441386307637e+01 -9.706075722414459506e+01 1.208543525967691566e-02 4.560734130834648568e+03 0.000000000000000000e+00
-1.032336407113596408e+02 -1.032144011318069943e+02 8.184185296232299178e-03 4.545679962272986813e+03 0.000000000000000000e+00
-9.989614020235013925e+01 -9.989190804152779890e+01 1.223641041159434679e-02 2.103788223214542450e+04 0.000000000000000000e+00
-1.081168631650777456e+02 -1.081204246454576037e+02 5.217482316502531497e-03 4.521340723501773027e+03 0.000000000000000000e+00
-1.080069081873944157e+02 -1.080061586616695024e+02 2.356340844708336869e-03 1.049375648553476822e+03 0.000000000000000000e+00
-1.054067188427036541e+02 -1.054059526947724947e+02 2.767667420790213568e-03 1.044987108505081551e+03 0.000000000000000000e+00
-1.080748885943265236e+02 -1.080765259696210308e+02 3.556480031439210494e-03 4.465356513038854246e+03 0.000000000000000000e+00
-1.107734029791467094e+02 -1.107766679581635003e+02 4.030689542303365902e-03 4.446894206828624192e+03 0.000000000000000000e+00
-1.080800011396155611e+02 -1.080790752313627650e+02 3.911191807397346523e-03 4.428864376441843888e+03 0.000000000000000000e+00
-1.053400408632258376e+02 -1.053380031068810183e+02 3.305165327329890289e-03 4.410589376202091444e+03 0.000000000000000000e+00
-9.994506734504675194e+01 -9.994553547701519847e+01 8.221346235650133991e-03 4.392632521818455643e+03 0.000000000000000000e+00
-1.054064351102821888e+02 -1.054051772400433009e+02 3.231199693445344252e-03 1.022711005407305379e+03 0.000000000000000000e+00
-1.053947995344220914e+02 -1.053973451330181774e+02 4.300649129123277313e-03 4.356771043438012384e+03 0.000000000000000000e+00
-1.030396078371180550e+02 1.282234402530521250e+15 6.587409018100275659e+01 4.339395757174884238e+03 0.000000000000000000e+00
-1.052959125594617404e+02 -1.052770241707107033e+02 8.131564617818295634e-03 2.012037418158453147e+04 0.000000000000000000e+00
-9.985258579480270669e+01 -9.985779989407731705e+01 6.278709056828623777e-03 4.323344472062317436e+03 0.000000000000000000e+00
-1.068427770421386924e+02 -1.068327829777149702e+02 8.273758270706249932e-03 1.007605690073019105e+03 0.000000000000000000e+00
-1.107240557935331395e+02 -1.107270899285468460e+02 4.191796499655906297e-03 4.289946743464662177e+03 0.000000000000000000e+00
-1.053638547831362757e+02 -1.053618736717913436e+02 3.322079801133351416e-03 4.273133006890055185e+03 0.000000000000000000e+00
-1.041240268704765413e+02 -1.041360100733252239e+02 8.054772122328173606e-03 4.256252412191696749e+03 0.000000000000000000e+00
-1.080648553353962882e+02 -1.080496684057737440e+02 7.230400991596413161e-03 1.977302457358241736e+04 0.000000000000000000e+00
-9.877838563228642954e+01 -9.880211567824694896e+01 9.750240941737566697e-03 4.227474085875923265e+03 0.000000000000000000e+00
-1.080851908918560014e+02 -1.080718389513495481e+02 8.967592167346551471e-03 1.963509421577399917e+04 0.000000000000000000e+00
-1.079851391249241317e+02 -1.079840234111580912e+02 4.280710276713858495e-03 4.211819479495491578e+03 0.000000000000000000e+00
-1.053612513781060329e+02 -1.053606905691680282e+02 3.082722495261428202e-03 4.195425084608141333e+03 0.000000000000000000e+00
-1.107723358465932364e+02 -1.107760562591756610e+02 3.951846437727920061e-03 4.179111135969115821e+03 0.000000000000000000e+00
-1.107183416924719666e+02 -1.107232827731186688e+02 3.437859964624374876e-03 4.163417823201732972e+03 0.000000000000000000e+00
-1.053297376106893211e+02 -1.053283567193923744e+02 3.243040822960686128e-03 4.148208613691689607e+03 0.000000000000000000e+00
-1.079972313186374606e+02 -1.079982204676164343e+02 1.839327853451488276e-03 9.656607737592941021e+02 0.000000000000000000e+00
-1.053775668356897910e+02 -1.053788244069245366e+02 4.134756416779619345e-03 4.116853423277827460e+03 0.000000000000000000e+00
-1.081228132881579000e+02 -1.081247659685275835e+02 4.207922512081221401e-03 4.101234369641402736e+03 0.000000000000000000e+00
-9.997368603151205946e+01 -9.998221122141208639e+01 8.545365116215839982e-03 4.085852960784724928e+03 0.000000000000000000e+00
-1.080588495301335996e+02 -1.080454090351307599e+02 5.807477080270063291e-03 1.890420370064320741e+04 0.000000000000000000e+00
-1.079599329412638014e+02 -1.079662553086725438e+02 5.032694550072913317e-03 4.057966770950058162e+03 0.000000000000000000e+00
-1.054081611965328449e+02 -1.054088856369636176e+02 3.757481865904158287e-03 4.044303367835696918e+03 0.000000000000000000e+00
-1.053738560926301915e+02 -1.053749529564704943e+02 3.643780445261282815e-03 4.029199661775488494e+03 0.000000000000000000e+00
-1.000032392673875421e+02 -1.000028258285889109e+02 7.237460446622961951e-03 4.014233581286468507e+03 0.000000000000000000e+00
-1.080809940921572263e+02 -1.080799835387899037e+02 2.921584731224308607e-03 3.999293718123391500e+03 0.000000000000000000e+00
-1.080223356363284921e+02 -1.080233839737387598e+02 3.387792207397893711e-03 3.984510704125715620e+03 0.000000000000000000e+00
-1.053364290485498032e+02 -1.053340704580280942e+02 3.286576339247491464e-03 3.969851124834223810e+03 0.000000000000000000e+00
-1.107716503290477732e+02 -1.107749423883191184e+02 3.717226282168404651e-03 3.955477839611580293e+03 0.000000000000000000e+00
-1.033535782960351384e+02 1.873579781183847006e+21 6.278019898147721278e+01 3.941353384153872867e+03 0.000000000000000000e+00
-9.911141095400294887e+01 -9.912611327321781118e+01 1.518785721732783707e-02 3.941353384153872867e+03 0.000000000000000000e+00
-1.107445512751923502e+02 -1.107499174210074386e+02 4.635406058974484919e-03 3.931879639064876301e+03 0.000000000000000000e+00
-1.043109076969159332e+02 -1.043051617213145619e+02 8.227367026677610828e-03 3.918534028096053589e+03 0.000000000000000000e+00
-1.054714291052134030e+02 -1.054733770871139598e+02 5.885844704075843085e-03 3.905184089098031109e+03 0.000000000000000000e+00
-1.051967171667153593e+02 -1.051849423606466729e+02 1.022932224786481104e-02 1.806190840430674143e+04 0.000000000000000000e+00
-1.053345630391241343e+02 -1.053329517723440034e+02 2.227419149882029978e-03 9.145123975426242851e+02 0.000000000000000000e+00
-1.019004265616310079e+02 -1.019006839950882579e+02 7.172261176136455335e-03 9.113648142590492398e+02 0.000000000000000000e+00
-1.019015003952845575e+02 -1.018740448432906334e+02 1.050938876174334173e-02 1.787835037129170087e+04 0.000000000000000000e+00
-1.027034857974341122e+02 -1.027062830269246660e+02 4.201067421532516527e-03 3.842211606212822062e+03 0.000000000000000000e+00
-1.025571044806925300e+02 -1.025549974562351423e+02 3.788297718810507142e-03 3.828911186303210343e+03 0.000000000000000000e+00
-1.052782073314049711e+02 -1.052773014666759508e+02 3.002093027483241326e-03 3.815578465802861501e+03 0.000000000000000000e+00
-1.014358818738156458e+02 -1.014448804331822487e+02 5.172026991865467070e-03 3.802188035732241588e+03 0.000000000000000000e+00
-9.990261182257063410e+01 -9.990158642494469632e+01 4.636979256538234506e-03 3.791090367456855802e+03 0.000000000000000000e+00
-1.052537580234421171e+02 -1.052532687218171361e+02 3.300595749565920969e-03 3.777896619420304887e+03 0.000000000000000000e+00
-1.107720510756872159e+02 -1.107750060081377086e+02 3.501787952487863016e-03 3.764741914754494246e+03 0.000000000000000000e+00
-1.080172772578012257e+02 -1.080189956956888864e+02 3.330620586575691079e-03 3.751947579668007165e+03 0.000000000000000000e+00
-1.131332624356090122e+02 1.203005751345365715e+10 2.007044216417823534e+01 1.738442549465650154e+04 0.000000000000000000e+00
-1.052164505524996088e+02 -1.052215175324717933e+02 5.665541256099311529e-03 3.739062404602179413e+03 0.000000000000000000e+00
-1.107727174294890631e+02 -1.107761333323555419e+02 3.487729276302313670e-03 3.727281736917469516e+03 0.000000000000000000e+00
-1.025364794444867300e+02 -1.025252547820728353e+02 5.438712888468107305e-03 3.714855286747435002e+03 0.000000000000000000e+00
-1.034381140142880895e+02 1.066977999436834400e+17 2.955734572808087890e+01 8.736366864893009279e+02 0.000000000000000000e+00
-1.034381140142880895e+02 4.910051788314816461e+23 6.087526485832997736e+01 3.705797871571824999e+03 0.000000000000000000e+00
-1.053884961801753661e+02 -1.053866001729717397e+02 3.383280620260720618e-03 3.705797871571824999e+03 0.000000000000000000e+00
-1.081229170577345258e+02 -1.081243749935961489e+02 3.344895128141820145e-03 3.693269029202755064e+03 0.000000000000000000e+00
-1.053334883174460543e+02 -1.053319115785964328e+02 2.889363797798093474e-03 3.680815365950059004e+03 0.000000000000000000e+00
-9.426217335615075399e+01 -9.426628963509672587e+01 2.145096096499573418e-02 1.704001948099456422e+04 0.000000000000000000e+00
-1.025320663816688977e+02 -1.025330814762188396e+02 4.178443992463768721e-03 3.663524380730332723e+03 0.000000000000000000e+00
-9.626212655418470376e+01 -9.626392368223477547e+01 1.044549192623140874e-02 3.651205278057386295e+03 0.000000000000000000e+00
-1.079879670244566512e+02 -1.079682743163267986e+02 8.038584300057671078e-03 1.690363584257143521e+04 0.000000000000000000e+00
-1.025828429206101617e+02 -1.025667515491705473e+02 1.007705279644036112e-02 1.685945418871331276e+04 0.000000000000000000e+00
-1.080071492647379756e+02 -1.079922660106070111e+02 4.488810754218031975e-03 1.681139402926148250e+04 0.000000000000000000e+00
-1.034364211481293694e+02 3.487670483677878419e+21 6.003327549835105970e+01 3.603994167060917789e+03 0.000000000000000000e+00
-9.991333410611659360e+01 -9.991509726417197612e+01 4.010119693389369716e-03 3.603994167060917789e+03 0.000000000000000000e+00
-9.989404638662121272e+01 -9.989676686317804410e+01 4.148643235608175800e-03 8.509324086277224524e+02 0.000000000000000000e+00
-1.080548168435867780e+02 -1.080546188439236204e+02 2.717986987753084113e-03 3.580379637562088192e+03 0.000000000000000000e+00
-1.053355118878291279e+02 -1.053338654535235435e+02 2.335301128207349815e-03 3.568608639605245116e+03 0.000000000000000000e+00
-1.018833316183302600e+02 -1.019009634288507016e+02 1.534089372137711384e-02 1.655193374578142539e+04 0.000000000000000000e+00
-9.983633448145683076e+01 -9.983586057258024482e+01 4.830924671542245752e-03 3.552647780616639920e+03 0.000000000000000000e+00
-1.079967916634074783e+02 -1.079981205853371478e+02 1.682743588475410978e-03 8.654638405136448682e+02 0.000000000000000000e+00
-1.053170815764642043e+02 -1.053158211378955116e+02 3.476033180388691732e-03 3.529964041806131718e+03 0.000000000000000000e+00
-1.025658488881515495e+02 -1.025662974943687118e+02 2.949692106176422975e-03 3.518592780386524282e+03 0.000000000000000000e+00
-9.929872634425514377e+01 -9.927436395763395183e+01 8.813412271003205622e-03 3.507239502615515448e+03 0.000000000000000000e+00
-1.079656865547307802e+02 -1.079699216176963432e+02 4.702748267352967540e-03 3.511074458097014940e+03 0.000000000000000000e+00
-1.054042106347335448e+02 -1.054054257769223000e+02 3.106631791026953464e-03 3.500430293237130627e+03 0.000000000000000000e+00
-1.034435459699138136e+02 1.029447554370579831e+22 5.907047089458643541e+01 3.489320531708183353e+03 0.000000000000000000e+00
-1.052862018497539083e+02 -1.052849277796978384e+02 2.788023907108163040e-03 3.489320531708183353e+03 0.000000000000000000e+00
-9.979076587816666688e+01 -9.978796377844467713e+01 6.057554373127484355e-03 8.553135833192347945e+02 0.000000000000000000e+00
-1.034377866036170133e+02 6.205850887375366400e+17 5.888846500146351559e+01 3.467851310228593320e+03 0.000000000000000000e+00
-1.052967023456146904e+02 -1.052932646190872674e+02 3.874476989700110455e-03 3.467851310228593320e+03 0.000000000000000000e+00
-9.472573113482512497e+01 -9.466457854998002119e+01 1.417706491669511702e-02 3.457188680497503356e+03 0.000000000000000000e+00
-1.053455387829393999e+02 -1.053428599436615656e+02 3.107843441463797266e-03 3.524909970088030605e+03 0.000000000000000000e+00
-9.976880712478161684e+01 -9.977244696657685097e+01 4.390939516279096684e-03 3.514024864118457117e+03 0.000000000000000000e+00
-9.913597241488427869e+01 -9.914297137938341109e+01 7.586131191815044181e-03 3.503325114000236681e+03 0.000000000000000000e+00
-9.976273640567873713e+01 -9.975711753518477565e+01 6.114323722687647206e-03 3.493538530621025529e+03 0.000000000000000000e+00
-1.024491396521044635e+02 -1.024488792997703541e+02 6.090773889703566743e-03 3.483440305124814586e+03 0.000000000000000000e+00
-1.080793726129700332e+02 -1.080798866674997214e+02 3.599928271863661426e-03 3.472602497296472848e+03 0.000000000000000000e+00
-1.080729878343806689e+02 -1.080747242341723222e+02 2.312082274115550163e-03 3.461872828604249207e+03 0.000000000000000000e+00
-1.019267414086126422e+02 -1.019061703080716654e+02 8.391469828129279052e-03 3.451290186910898683e+03 0.000000000000000000e+00
-1.080554707669726042e+02 -1.080553765846294993e+02 1.998133412089723917e-03 3.450295141232701553e+03 0.000000000000000000e+00
-1.080002079347629547e+02 -1.080010307451094036e+02 2.385054136474439122e-03 3.439715142828555145e+03 0.000000000000000000e+00
-1.025221783183761488e+02 -1.025195241957610079e+02 3.976404026397342868e-03 3.429212821378744138e+03 0.000000000000000000e+00
-9.993805118454842784e+01 -9.994136422342668880e+01 4.161374054318079350e-03 3.418938903457962169e+03 0.000000000000000000e+00
-1.026342433276513333e+02 -1.026345961909789963e+02 2.166668801148363428e-03 8.279152053908535436e+02 0.000000000000000000e+00
-1.080302313008489818e+02 -1.080301868859056782e+02 2.979444696244775304e-03 3.398534028901782222e+03 0.000000000000000000e+00
-1.052971155601240696e+02 -1.052937672237173530e+02 3.534022356573018886e-03 3.388269930926894176e+03 0.000000000000000000e+00
-1.052317910867433568e+02 -1.052361357000553568e+02 5.179451156861172335e-03 3.378335633318365126e+03 0.000000000000000000e+00
-1.060534962233363245e+02 7.789241179950236320e+09 1.757509553649892808e+01 1.525001596470772529e+04 0.000000000000000000e+00
-1.081018006715461439e+02 -1.080999449725725867e+02 4.423237783900220779e-03 3.369001266079268134e+03 0.000000000000000000e+00
-1.080559392704178236e+02 -1.080560058918491535e+02 2.109650497957831460e-03 3.358975945982484063e+03 0.000000000000000000e+00
-1.034723988425628676e+02 3.432942534449775104e+18 5.787012528271875311e+01 3.348951400237564030e+03 0.000000000000000000e+00
-1.034723988370493828e+02 2.000618935724245938e+14 2.852762377128149041e+01 8.138253180357846759e+02 0.000000000000000000e+00
-1.052577745742215001e+02 -1.052562032680700810e+02 3.726841510334112911e-03 3.348951400237564030e+03 0.000000000000000000e+00
-9.420785370809876724e+01 -9.418512906587747580e+01 1.779019671447753040e-02 3.339051706887870296e+03 0.000000000000000000e+00
-1.025505669983179047e+02 -1.025495065068310794e+02 2.636348086366047724e-03 8.094532639234795397e+02 0.000000000000000000e+00
-1.081176345550138080e+02 -1.081196098590499872e+02 3.594346086083981522e-03 3.326373983047130878e+03 0.000000000000000000e+00
-1.080062547947902232e+02 -1.080063967909882052e+02 1.619192605175366183e-03 8.047987580189047776e+02 0.000000000000000000e+00
-1.052148091593696506e+02 -1.052176385219206907e+02 4.409522889002786238e-03 3.306958617904218045e+03 0.000000000000000000e+00
-1.043772141174721355e+02 -1.044030752389309100e+02 6.979857520761769546e-03 3.297528995433469845e+03 0.000000000000000000e+00
-1.080586657895468079e+02 -1.080571725354806887e+02 2.767367739378937160e-03 3.303741073077958390e+03 0.000000000000000000e+00
-1.081033011015077960e+02 -1.081027912309061065e+02 1.833349364658616414e-03 8.011906834175578069e+02 0.000000000000000000e+00
-9.169623383747125445e+01 -9.168489143076176617e+01 1.430743455229337505e-02 7.988649800775230005e+02 0.000000000000000000e+00
-1.034748870313080431e+02 3.090584119761866880e+17 5.724451180460953736e+01 3.276934131748080745e+03 0.000000000000000000e+00
-9.991675765328085390e+01 -9.992388559299128303e+01 6.066679183315372599e-03 3.276934131748080745e+03 0.000000000000000000e+00
-1.052956656632163828e+02 -1.052977705742925139e+02 3.319213691963650119e-03 3.268764305119645087e+03 0.000000000000000000e+00
-1.024292245718921350e+02 -1.024322122961944359e+02 5.230754925952422162e-03 7.942480291830827355e+02 0.000000000000000000e+00
-1.041525402175698360e+02 -1.041455253656620386e+02 4.398753354326665269e-03 7.920810584263962255e+02 0.000000000000000000e+00
-1.053537997649621900e+02 -1.053535947936163524e+02 2.203008470862106907e-03 3.241824582930803899e+03 0.000000000000000000e+00
-9.841004176135352566e+01 -9.841029304594043481e+01 7.671882388228838494e-03 3.232565134663609570e+03 0.000000000000000000e+00
-9.993473590017653407e+01 -9.994038904776577681e+01 4.247611490357921030e-03 3.223352335733597556e+03 0.000000000000000000e+00
-1.053983757222501936e+02 -1.053982069949588833e+02 3.186898144471434890e-03 3.214996164794418746e+03 0.000000000000000000e+00
-1.079774913127435667e+02 -1.079776082442978122e+02 2.871712023121639375e-03 3.205888645746496422e+03 0.000000000000000000e+00
-9.992736275864238848e+01 -9.993122133424374454e+01 4.297323427394208160e-03 3.196834157851590589e+03 0.000000000000000000e+00
-1.052742293521272217e+02 -1.052742490368428321e+02 3.065813806620598572e-03 3.188190567717529575e+03 0.000000000000000000e+00
-1.053448936818138435e+02 -1.053425249957784615e+02 2.654707223227463497e-03 3.179235667100615501e+03 0.000000000000000000e+00
-1.080179956491927129e+02 -1.080189740881585294e+02 2.748504378141396805e-03 3.170460163248944355e+03 0.000000000000000000e+00
-1.052552789903580504e+02 -1.052556634779375884e+02 3.492949357197372342e-03 3.161630212089694396e+03 0.000000000000000000e+00
-1.080537471701228185e+02 -1.080537450279338145e+02 1.712345789213133964e-03 3.152826784228799625e+03 0.000000000000000000e+00
-1.079784257459890426e+02 -1.079793153288596699e+02 3.204270761117124569e-03 3.144071170693688146e+03 0.000000000000000000e+00
-1.080204149694510960e+02 -1.080235197201963189e+02 3.120002397767404276e-03 3.135384200939346101e+03 0.000000000000000000e+00
-9.985792333194260095e+01 -9.985873709849477109e+01 4.364527265157805425e-03 3.126972909078354405e+03 0.000000000000000000e+00
-1.079903916567846807e+02 -1.079939498390872927e+02 2.726069570276471680e-03 3.118381222501163847e+03 0.000000000000000000e+00
-1.106600786116860320e+02 -1.106678536078668174e+02 4.112597566684557740e-03 3.110134796642772471e+03 0.000000000000000000e+00
-1.041174505665863705e+02 -1.041269742047496010e+02 5.399099737379778850e-03 3.103312695565403828e+03 0.000000000000000000e+00
-9.987259586199562023e+01 -9.987511910687690886e+01 5.658007641471838808e-03 3.096876020006555336e+03 0.000000000000000000e+00
-9.973182600844174317e+01 -9.973691237943090471e+01 5.073433251502538002e-03 3.088453162169563711e+03 0.000000000000000000e+00
-1.080382351693048406e+02 -1.080412729908071867e+02 3.504870334520224662e-03 3.080787221230161776e+03 0.000000000000000000e+00
-1.053377954656384787e+02 -1.053354362014322589e+02 3.059723709529029150e-03 3.072666374438856110e+03 0.000000000000000000e+00
-1.052504839950814812e+02 -1.052510324007156157e+02 2.519667791568207423e-03 3.064499017426898718e+03 0.000000000000000000e+00
-1.081043307014569450e+02 -1.081047935813939347e+02 2.865968154993843268e-03 3.056246388943171951e+03 0.000000000000000000e+00
-1.026641477549954402e+02 -1.026637645739032649e+02 2.929612357944025389e-03 3.048041223007699500e+03 0.000000000000000000e+00
-1.103759428457575495e+02 1.077462201768701744e+10 1.756492452940089777e+01 1.378235252568655233e+04 0.000000000000000000e+00
-1.080263142542149808e+02 -1.080138146263921755e+02 5.207733076621403646e-03 1.378235252568655233e+04 0.000000000000000000e+00
-1.043908103101598925e+02 -1.044120261042165794e+02 6.785662962246309139e-03 3.031794297368317530e+03 0.000000000000000000e+00
-1.079968517316890910e+02 -1.079983578685863961e+02 2.237474392796618729e-03 3.033658056700825910e+03 0.000000000000000000e+00
-1.014380979926999231e+02 -1.014377601366199144e+02 4.968246490765135075e-03 3.025631673456070985e+03 0.000000000000000000e+00
-1.080712812986822087e+02 -1.080718637161589584e+02 2.235865468490953138e-03 3.017618988571519367e+03 0.000000000000000000e+00
-1.000675934931358313e+02 -1.000596912720585152e+02 5.266371915971356649e-03 3.009647713698017469e+03 0.000000000000000000e+00
-1.053642808617368587e+02 -1.053626989899852191e+02 2.551166226384344541e-03 3.003102541043309884e+03 0.000000000000000000e+00
-1.016727929813391000e+02 -1.016688766689944430e+02 7.682237696045289728e-03 2.995245721607140695e+03 0.000000000000000000e+00
-9.055330086331041173e+01 -9.053922029633561408e+01 1.248796398845622088e-02 2.987594167849217683e+03 0.000000000000000000e+00
-1.079866607068141917e+02 -1.079847636342591954e+02 2.088916946730889988e-03 7.466673331082608911e+02 0.000000000000000000e+00
-1.053585182792974564e+02 -1.053577018497860536e+02 2.194995774791324780e-03 2.975879858005109327e+03 0.000000000000000000e+00
-1.052846688617495943e+02 -1.052838486338413020e+02 2.314516140160242322e-03 7.428916075376328081e+02 0.000000000000000000e+00
-9.979183322711720905e+01 -9.979567810012193263e+01 4.189270023924902137e-03 2.960442731695121438e+03 0.000000000000000000e+00
-9.981178720319647368e+01 -9.981936557021815304e+01 3.971714616370418567e-03 2.953056886625786319e+03 0.000000000000000000e+00
-1.052756431334943699e+02 -1.052750170585491531e+02 2.521462823897176967e-03 2.946663040265891141e+03 0.000000000000000000e+00
-1.051977222324367887e+02 -1.052015147918804558e+02 5.887981509787081937e-03 2.939085298750669608e+03 0.000000000000000000e+00
-1.025066133677381259e+02 -1.025070143444791313e+02 3.713518602689273775e-03 7.341566357664072484e+02 0.000000000000000000e+00
-1.053021533810626096e+02 -1.053019967720268113e+02 2.173890296378726186e-03 2.925255607562423847e+03 0.000000000000000000e+00
-1.107279794447315737e+02 -1.107139758510336094e+02 5.079688775714805496e-03 1.323553484743093213e+04 0.000000000000000000e+00
-1.080309724640144111e+02 -1.080301661200917351e+02 1.471836862911414653e-03 7.286407178473939439e+02 0.000000000000000000e+00
-1.079678940003801415e+02 -1.079712871821444082e+02 3.042148105512268354e-03 2.902981433648660641e+03 0.000000000000000000e+00
-9.814442020742629325e+01 -9.812398962746866005e+01 6.762055735568056440e-03 2.895883166990916379e+03 0.000000000000000000e+00
-1.079745383424763929e+02 -1.079621585171845055e+02 6.640367399857283887e-03 1.310682817339626672e+04 0.000000000000000000e+00
-1.106560248253125138e+02 -1.106649021394096337e+02 3.650274104504732352e-03 2.890801669446106644e+03 0.000000000000000000e+00
-9.990052854294214058e+01 -9.990411743667119993e+01 3.851360264777189610e-03 2.885458050857220769e+03 0.000000000000000000e+00
-1.080074690218784781e+02 -1.079943611985774226e+02 3.258134157467200941e-03 1.301508757993853578e+04 0.000000000000000000e+00
-1.079077600083803077e+02 -1.079126591590425193e+02 4.016946243868292285e-03 2.871627676773933217e+03 0.000000000000000000e+00
