-9.904749944697189790e+01 -9.903768237579370748e+01 1.624465268368551485e-01 1.697112637265138328e+05 0.000000000000000000e+00
-1.053139420153413681e+02 -1.053619450493669376e+02 1.333559975482115911e-01 2.487894700054577334e+04 0.000000000000000000e+00
-9.167170779808408554e+01 -9.161018555821783593e+01 4.533351179094591288e-01 1.556318493052879639e+05 0.000000000000000000e+00
-1.024877489501729713e+02 -1.025450318699369632e+02 1.866095783049087908e-01 1.495423214140572527e+05 0.000000000000000000e+00
-1.243803995280175911e+02 7.896088721473858692e+06 1.129594173853949428e+02 2.231916670279476239e+04 0.000000000000000000e+00
-9.983026087442917174e+01 -9.971518087236540850e+01 2.635022069145082080e-01 1.909692433095953447e+03 0.000000000000000000e+00
-1.079453916841311383e+02 -1.079900669642392614e+02 7.690095993574305733e-02 1.390896790547997225e+05 0.000000000000000000e+00
-9.916209172602336253e+01 -9.914233835389715921e+01 1.336735781775994503e-01 1.346604506888869801e+05 0.000000000000000000e+00
-1.026070375691232073e+02 -1.025109424487627194e+02 1.137922536193511219e-01 1.300711787555943592e+05 0.000000000000000000e+00
-1.050931518364756698e+02 -1.051613567108793319e+02 1.236839616332513492e-01 1.272738777753464819e+05 0.000000000000000000e+00
-9.082551832368955047e+01 4.320432635291666406e+13 1.393730240621447933e+02 2.045346789691205777e+04 0.000000000000000000e+00
-1.052026951837133879e+02 -1.051975315864079050e+02 4.292452258075817734e-02 2.045346789691205777e+04 0.000000000000000000e+00
-1.026228134446102445e+02 -1.026409520221147176e+02 7.616578948983887543e-02 1.201497255702489056e+05 0.000000000000000000e+00
-1.078976990779549396e+02 -1.079118254004469435e+02 3.859436073672604939e-02 1.921724037929438055e+04 0.000000000000000000e+00
-1.079282350122051639e+02 -1.079980481567209409e+02 6.954691027980101914e-02 1.138408312716806249e+05 0.000000000000000000e+00
-1.079616228864567660e+02 -1.079840201053230970e+02 2.532767615040673256e-02 1.841197242476099200e+04 0.000000000000000000e+00
-1.088005467646503774e+02 1.186472966033353996e+10 5.031382880417308456e+01 1.088109761340522964e+05 0.000000000000000000e+00
-1.053608747595203994e+02 -1.053219061577225801e+02 4.752418874620197714e-02 1.088109761340522964e+05 0.000000000000000000e+00
-9.847770598193706348e+01 -9.848666658433592147e+01 1.073109952190135219e-01 1.062142588297591865e+05 0.000000000000000000e+00
-1.138853915823320193e+02 8.339053351589899976e+05 3.070383311071202570e+01 2.225498598781527562e+03 0.000000000000000000e+00
-9.710688122317792192e+01 -9.701731906622899260e+01 9.795541388266831850e-02 1.034260752344849607e+05 0.000000000000000000e+00
-1.324923044133361429e+02 4.116770959651555121e+07 8.277738671809973425e+01 1.675119231684615806e+04 0.000000000000000000e+00
-1.025746213140123757e+02 -1.025731721355302426e+02 6.298379486641542124e-02 1.018371516519070428e+05 0.000000000000000000e+00
-1.051453180121324777e+02 -1.052108491724106614e+02 5.209064314316012162e-02 9.929125445448094979e+04 0.000000000000000000e+00
-1.079650102130390934e+02 -1.079901028950003905e+02 3.550411174288009564e-02 9.769430258343133028e+04 0.000000000000000000e+00
-9.988113629554291606e+01 -9.989302741598562818e+01 6.659955840037472263e-02 9.550602760641941859e+04 0.000000000000000000e+00
-1.052365622490521702e+02 -1.052933280512337006e+02 6.604947973417422957e-02 9.330418386010733957e+04 0.000000000000000000e+00
-1.052691330860239418e+02 -1.052791474950668658e+02 3.976584841418456112e-02 9.167319234139760374e+04 0.000000000000000000e+00
-9.997422031774128470e+01 -9.993488837936072855e+01 6.766497263395336581e-02 8.965538973118207650e+04 0.000000000000000000e+00
-1.053427245144043667e+02 -1.053094025707521695e+02 4.982693829766771804e-02 8.792888853033770283e+04 0.000000000000000000e+00
-1.080819622629590810e+02 -1.080400145704074504e+02 4.655869856720280808e-02 8.624907986585597973e+04 0.000000000000000000e+00
-9.331050290202513509e+01 -9.331891624287204934e+01 7.560290629806780405e-02 8.473332932217838243e+04 0.000000000000000000e+00
-1.024572482620029206e+02 -1.024549886781090464e+02 2.076803228159056908e-02 1.770013044379594476e+03 0.000000000000000000e+00
-1.026446765392152685e+02 -1.026211096548217228e+02 2.057648115490378835e-02 1.733709700554795518e+03 0.000000000000000000e+00
-1.025636754752533619e+02 -1.025655954379745225e+02 1.307174781565832201e-02 1.306405530039615405e+04 0.000000000000000000e+00
-1.054390417944096896e+02 -1.053686400528299600e+02 4.080795398843631988e-02 7.829053823072301748e+04 0.000000000000000000e+00
-1.054377180567631171e+02 -1.053984589378583223e+02 4.758135911336704160e-02 7.757067796956002712e+04 0.000000000000000000e+00
-9.683809593484400580e+01 -9.688529818759060674e+01 6.262895809293982097e-02 1.238514789689868667e+04 0.000000000000000000e+00
-9.894483002366692403e+01 -9.893525219058011544e+01 4.265166583575490111e-02 1.227021951077058839e+04 0.000000000000000000e+00
-1.053565021665404231e+02 -1.053579392584603340e+02 3.272589405938631374e-02 7.374575916530178802e+04 0.000000000000000000e+00
-9.606312338945653551e+01 7.522220146138517500e+14 3.976063912391181532e+01 1.580908423541947059e+03 0.000000000000000000e+00
-1.106663058175455205e+02 -1.107195456701928720e+02 3.815854281689170374e-02 7.245239192613282648e+04 0.000000000000000000e+00
-9.656665146489628171e+01 -9.657462342552597079e+01 5.234971125638309547e-02 7.162876007013986236e+04 0.000000000000000000e+00
-9.721976920247681164e+01 -9.714148801318738435e+01 4.862099194773600308e-02 7.042052458565279085e+04 0.000000000000000000e+00
-1.106789579171483382e+02 -1.107230656604633907e+02 3.472174842139445772e-02 7.002060767444943485e+04 0.000000000000000000e+00
-9.984628490579224547e+01 -9.981796077775283038e+01 2.930783130861849828e-02 6.915779192715956015e+04 0.000000000000000000e+00
-1.052714483655362159e+02 -1.052792722819644666e+02 2.176155706520518582e-02 6.816286180349998176e+04 0.000000000000000000e+00
-9.719704113263885858e+01 -9.714624173791936812e+01 3.277873384541583196e-02 6.708993419669858122e+04 0.000000000000000000e+00
-1.023345659362259426e+02 -1.023668835931887031e+02 4.521554591423703612e-02 6.639441640199196991e+04 0.000000000000000000e+00
-1.054153458436032480e+02 -1.054007949265608914e+02 3.538233477224079354e-02 6.549893361441281013e+04 0.000000000000000000e+00
-1.025584080278092500e+02 -1.025464076364325052e+02 2.090761724418557094e-02 6.453383855096222396e+04 0.000000000000000000e+00
-9.724000430730676214e+01 -9.724958350162626175e+01 2.503038366977396526e-02 1.038099762740341612e+04 0.000000000000000000e+00
-1.026338082744900078e+02 -1.025840279850570482e+02 3.940645410660709863e-02 6.272301158177124307e+04 0.000000000000000000e+00
-9.714707142621584524e+01 4.267239808405327200e+16 3.688877867056093862e+01 1.360781991805631606e+03 0.000000000000000000e+00
-9.707484496497447424e+01 -9.707181946880783130e+01 1.817152918132826367e-02 1.012622465103670220e+04 0.000000000000000000e+00
-1.066084532806384715e+02 -1.066678570732716338e+02 7.745810016543615284e-02 6.121811017258120410e+04 0.000000000000000000e+00
-1.052601974399538989e+02 -1.052559892127680001e+02 1.521702400087529723e-02 6.062041589217150613e+04 0.000000000000000000e+00
-9.630674862821830118e+01 -9.632491603706147032e+01 5.147783758490947353e-02 5.978082523714566196e+04 0.000000000000000000e+00
-1.017211323914618504e+02 -1.017168083917386667e+02 3.174682385477475138e-02 9.880809422137648653e+03 0.000000000000000000e+00
-1.052677191085975608e+02 -1.052839184489523205e+02 2.035884338017232911e-02 5.819726047122541058e+04 0.000000000000000000e+00
-1.321606462932122099e+02 1.812848916793837771e+07 6.903153093873233104e+01 9.623536134243397100e+03 0.000000000000000000e+00
-1.079599737553016325e+02 -1.079729987700880258e+02 2.246704446334924637e-02 5.745337777156598895e+04 0.000000000000000000e+00
-1.052839928302571906e+02 -1.052860214728601562e+02 4.870969314231614854e-03 1.378258871109371967e+03 0.000000000000000000e+00
-9.777569165288839770e+01 1.312490342561786406e+14 3.687829437910947661e+01 1.360008596312257623e+03 0.000000000000000000e+00
-1.051788135877463191e+02 -1.052017060425779817e+02 2.417742802501531355e-02 5.598741320949093642e+04 0.000000000000000000e+00
-9.787089696573016795e+01 5.883804544394397440e+17 9.623101411981015474e+01 9.260408078527101679e+03 0.000000000000000000e+00
-1.025367472112703524e+02 -1.025288959121077141e+02 1.603718070068971269e-02 5.532987373315227887e+04 0.000000000000000000e+00
-1.018685511205772514e+02 -1.018417398517540136e+02 5.568861443996122457e-02 5.463757855090351222e+04 0.000000000000000000e+00
-1.052430928480827390e+02 -1.052627587628932417e+02 2.533839004229281044e-02 5.400960450626853708e+04 0.000000000000000000e+00
-1.080538292234734996e+02 -1.080512541978743286e+02 1.757075367432086449e-02 5.338409480631222686e+04 0.000000000000000000e+00
-1.053497127608810331e+02 -1.053403466951300089e+02 1.444441967282096215e-02 8.990552685265587570e+03 0.000000000000000000e+00
-1.268779579911039264e+02 1.754620526837211847e+08 5.167259870849098746e+01 8.889931555661351013e+03 0.000000000000000000e+00
-1.079849856890701858e+02 -1.079981876564561531e+02 1.473982756295712758e-02 5.209833225252001284e+04 0.000000000000000000e+00
-9.839229936194330151e+01 1.075725681296019625e+15 3.545967835127880363e+01 1.257388788776150705e+03 0.000000000000000000e+00
-9.448310315823779604e+01 -9.454738152851665234e+01 3.271783042171449996e-02 5.149845516640045389e+04 0.000000000000000000e+00
-1.080944714104931137e+02 -1.081000141946283009e+02 1.526226918584282742e-02 8.726073464087177854e+03 0.000000000000000000e+00
-1.079889382637394277e+02 -1.080053263771154661e+02 1.729977448909194096e-02 5.070731910594634974e+04 0.000000000000000000e+00
-1.053405935561004299e+02 -1.053413405082946923e+02 8.687359620809806740e-03 8.542562843061448802e+03 0.000000000000000000e+00
-1.024780241118742055e+02 -1.024857811516980775e+02 1.471135085037846187e-02 8.445541715333789398e+03 0.000000000000000000e+00
-9.869025831644368907e+01 3.911325321346467430e+19 3.463545984857651661e+01 1.199615078922355906e+03 0.000000000000000000e+00
-1.041126777540002166e+02 -1.041091705450780580e+02 4.566918763099363926e-02 4.919033299759415240e+04 0.000000000000000000e+00
-9.983864782071218258e+01 -9.987792250019353446e+01 2.768726965843909885e-02 4.864529857214902586e+04 0.000000000000000000e+00
-1.098857565411208412e+02 4.790594009491375732e+11 5.864301204762313802e+01 4.825018706809057767e+04 0.000000000000000000e+00
-9.876285805723522060e+01 4.244764222177401600e+17 9.049056969893763380e+01 8.188543204438289649e+03 0.000000000000000000e+00
-9.876285805723911437e+01 8.904204304062736384e+18 3.444811738034697868e+01 1.186672791050163596e+03 0.000000000000000000e+00
-1.107604152501635468e+02 -1.107741559715618962e+02 1.329789743133995804e-02 8.188543204438289649e+03 0.000000000000000000e+00
-9.889341564326434764e+01 9.183782067327886336e+18 9.009771957572242229e+01 8.117599072745515514e+03 0.000000000000000000e+00
-1.079822540896258261e+02 -1.080201201882969144e+02 2.052859617882489551e-02 4.776329129880638357e+04 0.000000000000000000e+00
-9.984021407975419038e+01 -9.983743042965474501e+01 6.332243265669184121e-03 1.163511223954396428e+03 0.000000000000000000e+00
-9.900055095146619522e+01 1.908522302640340480e+17 8.921416792043375210e+01 7.959167757735350278e+03 0.000000000000000000e+00
-9.900055095724702880e+01 1.238159067324578240e+17 8.921416792043375210e+01 7.959167757735350278e+03 0.000000000000000000e+00
-9.900055095530069593e+01 7.875301561871175680e+17 8.921416792043375210e+01 7.959167757735350278e+03 0.000000000000000000e+00
-9.900055095530076699e+01 4.535418278112397000e+15 3.394193564048368472e+01 1.152054995022736421e+03 0.000000000000000000e+00
-9.900055095118295867e+01 1.711052541871856000e+17 8.921416792043375210e+01 7.959167757735350278e+03 0.000000000000000000e+00
-1.281694360202960183e+02 6.500165054460475594e+07 5.924658311543965539e+01 7.959167757735350278e+03 0.000000000000000000e+00
-1.025532238147566915e+02 -1.025468935154090673e+02 8.657997496579012894e-03 7.959167757735350278e+03 0.000000000000000000e+00
-9.903788087293440867e+01 1.842082781215110720e+17 8.876542672291419933e+01 7.879300981301049433e+03 0.000000000000000000e+00
-1.053305806050890112e+02 -1.053307050998146366e+02 6.829907786142720878e-03 7.879300981301049433e+03 0.000000000000000000e+00
-1.052241563011805994e+02 -1.052274177027533142e+02 1.117122855670555151e-02 7.797166572921404622e+03 0.000000000000000000e+00
-1.025664495717695957e+02 -1.025746004084312659e+02 2.330730357427009819e-02 4.547240015103806218e+04 0.000000000000000000e+00
-1.026888969536200023e+02 -1.027319012268140455e+02 3.701687673989683541e-02 4.501453099244558689e+04 0.000000000000000000e+00
-1.106897047404180228e+02 -1.106940688323549580e+02 1.735213070615737596e-02 4.469951009627206076e+04 0.000000000000000000e+00
-1.271695089995959762e+02 5.539408252249648571e+08 4.319012117247013549e+01 7.494403478697384344e+03 0.000000000000000000e+00
-1.027648130988531676e+02 -1.027578709186335715e+02 2.584061666068885113e-02 4.425471633321524860e+04 0.000000000000000000e+00
-9.989994775930547632e+01 -9.989693150514490583e+01 6.937958079344630838e-03 7.420358916022755693e+03 0.000000000000000000e+00
-1.107676759068366721e+02 -1.107737195296378303e+02 1.764403541825760105e-02 4.339300236415840482e+04 0.000000000000000000e+00
-1.080510451878120506e+02 -1.080555807731277014e+02 1.387069538603761046e-02 4.297563677520308556e+04 0.000000000000000000e+00
-9.958309114721522803e+01 1.367703068746909531e+14 3.235986767497160344e+01 1.047161035941672026e+03 0.000000000000000000e+00
-9.958309114547886054e+01 3.257128549966111048e+20 2.063113494226019213e+02 4.256437290057494101e+04 0.000000000000000000e+00
-9.958309114164828202e+01 1.020361535138953125e+14 3.235986767497160344e+01 1.047161035941672026e+03 0.000000000000000000e+00
-1.080569844604401766e+02 -1.080681479670314218e+02 1.432146393138586556e-02 4.256437290057494101e+04 0.000000000000000000e+00
-9.606416010254821458e+01 -9.606305656251394964e+01 3.961966529429247069e-02 4.217058879485906073e+04 0.000000000000000000e+00
-1.081341379102375981e+02 -1.081266055161284640e+02 1.830739288344648136e-02 4.177289847343803558e+04 0.000000000000000000e+00
-1.265681190801686711e+02 1.318891875321464688e+08 5.199145888223184642e+01 7.071277337783599251e+03 0.000000000000000000e+00
-9.970933915038804685e+01 1.662120239287575680e+17 8.409088736470556569e+01 7.071277337783599251e+03 0.000000000000000000e+00
-1.053228923987615957e+02 -1.053064494218817941e+02 1.524486551485948471e-02 4.138683202347801125e+04 0.000000000000000000e+00
-1.017722485014071907e+02 -1.017653734861301871e+02 3.539231452300113656e-02 4.102754974849696009e+04 0.000000000000000000e+00
-1.080333567370045671e+02 -1.080310832925438689e+02 9.203916978697919068e-03 6.944682673907539538e+03 0.000000000000000000e+00
-1.079382344959689419e+02 -1.079449150915697118e+02 8.044321743834613805e-03 6.881716007827573776e+03 0.000000000000000000e+00
-9.992745143381631578e+01 1.492137937198071094e+13 3.147671958169480533e+01 9.907838756246492267e+02 0.000000000000000000e+00
-1.024862756798858641e+02 -1.025002182093992786e+02 1.470483974794842101e-02 3.997431656614237727e+04 0.000000000000000000e+00
-1.079449832054210958e+02 1.059374445004631195e+11 5.001423355274035742e+01 6.764548366973975135e+03 0.000000000000000000e+00
-9.995042257908565375e+01 4.194326374296808325e+20 8.224687451188631826e+01 6.764548366973975135e+03 0.000000000000000000e+00
-1.053314304513747004e+02 -1.053113230146711317e+02 1.906515618432172779e-02 3.963319369537995226e+04 0.000000000000000000e+00
-1.081198799645462856e+02 -1.081250632632900022e+02 9.345730255940211742e-03 6.705523761165142787e+03 0.000000000000000000e+00
-1.163645797075732844e+02 1.378800668890694809e+10 3.802200889134281425e+01 6.649242151893634400e+03 0.000000000000000000e+00
-1.026910710617012228e+02 -1.026764211503330699e+02 1.452183401682180346e-02 3.897947805781784700e+04 0.000000000000000000e+00
-1.000918272661635200e+02 4.068555488405365600e+16 8.118841759135393943e+01 6.591559150988069632e+03 0.000000000000000000e+00
-1.000918272720511908e+02 2.193001445438006283e+22 1.966186614466813865e+02 3.865889802908471756e+04 0.000000000000000000e+00
-1.003085476069656892e+02 -1.002891312245383517e+02 3.396861989593030762e-02 6.591559150988069632e+03 0.000000000000000000e+00
-1.052113708028674921e+02 -1.052349652390893908e+02 1.708258097917474821e-02 3.863028364015473198e+04 0.000000000000000000e+00
-9.992959191816544262e+01 -9.990858312841399425e+01 9.212927064302852201e-03 6.495527054339153437e+03 0.000000000000000000e+00
-1.080520199901458085e+02 -1.080538286360535949e+02 5.224091569667660417e-03 6.474106157793647981e+03 0.000000000000000000e+00
-1.002020726429746418e+02 1.408653317975533312e+18 8.012436989341249216e+01 6.419914650816385802e+03 0.000000000000000000e+00
-1.025488052873934492e+02 -1.025539446572409190e+02 9.168010817236667970e-03 6.419914650816385802e+03 0.000000000000000000e+00
-1.080875618233301623e+02 -1.080883363538306838e+02 1.068787202865540374e-02 6.368401248850782395e+03 0.000000000000000000e+00
-1.002866853282442747e+02 1.923692670335194400e+16 7.947209015676369859e+01 6.315813113884778431e+03 0.000000000000000000e+00
-1.107068884317331907e+02 -1.107207340432350691e+02 1.382309345640989236e-02 3.715650272077119007e+04 0.000000000000000000e+00
-1.003722103242115509e+02 4.988094622554769531e+13 3.020363736950647748e+01 9.122597103486482411e+02 0.000000000000000000e+00
-1.003722103243302399e+02 1.794976282591079084e+24 7.918865493341854744e+01 6.270843070164032724e+03 0.000000000000000000e+00
-9.657214578034052010e+01 -9.650211893255433893e+01 3.123279048054134269e-02 3.686784246328204608e+04 0.000000000000000000e+00
-1.003407462555568657e+02 1.582875879986058800e+16 7.936248656480464092e+01 6.298404273748882588e+03 0.000000000000000000e+00
-1.003407461844034572e+02 1.025333906810882880e+17 7.936248656480513830e+01 6.298404273748882588e+03 0.000000000000000000e+00
-1.307281568121048849e+02 8.635382839021061361e+07 4.907831979200694406e+01 6.298404273748882588e+03 0.000000000000000000e+00
-1.003407461666735259e+02 1.509866966017571226e+19 7.936248656480518093e+01 6.298404273748882588e+03 0.000000000000000000e+00
-1.024603717182996121e+02 -1.024577688972128158e+02 1.861362346471348572e-02 3.688204143124691473e+04 0.000000000000000000e+00
-1.079967868038997949e+02 -1.080201754670794969e+02 1.369743955612032563e-02 3.658517177476712095e+04 0.000000000000000000e+00
-1.093484625312716503e+02 4.258421027889696503e+10 4.267289422164076740e+01 6.199296245479933532e+03 0.000000000000000000e+00
-1.004191177765064538e+02 8.797631921733696000e+15 7.873560976762632890e+01 6.199296245479933532e+03 0.000000000000000000e+00
-9.807928364122329867e+01 -9.805929746973765759e+01 1.880230982597366415e-02 6.199296245479933532e+03 0.000000000000000000e+00
-1.135062854490511342e+02 2.180928625037416458e+10 3.895628495010870296e+01 6.167852838390181205e+03 0.000000000000000000e+00
-1.107690480326960056e+02 -1.107685311851207075e+02 1.397391855698412906e-02 3.604600127241977316e+04 0.000000000000000000e+00
-1.053329840219663680e+02 -1.053333589507602994e+02 6.737350389813170047e-03 6.125157264326398035e+03 0.000000000000000000e+00
-1.026574229510568728e+02 -1.026585346743608511e+02 2.201575513199417397e-02 3.548598504525586031e+04 0.000000000000000000e+00
-1.005365073285296518e+02 2.307028639575206720e+17 7.765415999584864437e+01 6.030168564660859374e+03 0.000000000000000000e+00
-1.053338151459021219e+02 -1.053307117869754421e+02 5.536871906998129013e-03 6.030168564660859374e+03 0.000000000000000000e+00
-9.714502705652616044e+01 -9.714375713856553318e+01 9.650474173807660136e-03 5.984575328897291001e+03 0.000000000000000000e+00
-1.005472054509210551e+02 3.214037172001227932e+22 2.949693235992082663e+01 8.700690186457443360e+02 0.000000000000000000e+00
-9.996376443109157606e+01 -9.996455382877692841e+01 1.992143278847303967e-02 3.468025234239527344e+04 0.000000000000000000e+00
-1.053297331987759833e+02 -1.053277594757120994e+02 5.375805106740364804e-03 5.896136619959527707e+03 0.000000000000000000e+00
-1.053096791912388710e+02 -1.053041368333870764e+02 6.675288287643650793e-03 5.852063873898595375e+03 0.000000000000000000e+00
-1.006140325687204040e+02 3.263404598464237571e+25 1.841741650979221561e+02 3.392012308951668820e+04 0.000000000000000000e+00
-1.006140327482571308e+02 7.011163808138239200e+16 7.622662372662691155e+01 5.810498164761019325e+03 0.000000000000000000e+00
-1.006140325687204040e+02 1.280903161452677825e+22 1.841741650979221561e+02 3.392012308951668820e+04 0.000000000000000000e+00
-1.197722075558097004e+02 2.834251819563021660e+08 4.520471346477786057e+01 5.810498164761019325e+03 0.000000000000000000e+00
-1.006140325685624362e+02 2.128060258822008438e+14 2.916294106236516370e+01 8.504771314069841992e+02 0.000000000000000000e+00
-1.014475768594759302e+02 -1.014444262624466120e+02 2.755019106173981630e-02 3.392012308951668820e+04 0.000000000000000000e+00
-9.711603078163354041e+01 -9.709561244320975959e+01 1.552858915060124217e-02 3.366967883263074327e+04 0.000000000000000000e+00
-1.005942676604620374e+02 1.113721609372206875e+14 2.895513094992013237e+01 8.383996083270227473e+02 0.000000000000000000e+00
-1.434461437438371263e+02 1.365867251336613484e+07 5.095950147559601362e+01 5.729749614620862303e+03 0.000000000000000000e+00
-1.005942676641271873e+02 1.606435213368557500e+14 2.895513094992013237e+01 8.383996083270227473e+02 0.000000000000000000e+00
-9.999252520544582978e+01 -9.997149128505266447e+01 1.941584300091740364e-02 3.345064931116173830e+04 0.000000000000000000e+00
-1.005897218554689232e+02 3.255006314073691136e+18 7.541948151678660395e+01 5.688098192260917131e+03 0.000000000000000000e+00
-1.053160440763401482e+02 -1.053098452761554853e+02 1.458350979727565493e-02 3.323514603115566570e+04 0.000000000000000000e+00
-1.026537328600144861e+02 -1.026621031163288649e+02 5.774488132357274810e-03 5.648879141034773966e+03 0.000000000000000000e+00
-1.006385887956239316e+02 2.834222334420882500e+14 2.868830059182061731e+01 8.230185908466551155e+02 0.000000000000000000e+00
-1.006385887956239316e+02 2.168810304708011008e+18 7.492073911117932994e+01 5.613117148965396154e+03 0.000000000000000000e+00
-1.052799430701816021e+02 -1.052811783708132225e+02 4.450908589974850171e-03 5.613117148965396154e+03 0.000000000000000000e+00
-1.019074588132344417e+02 -1.018667599802481050e+02 3.107930474737088944e-02 3.256999790442115045e+04 0.000000000000000000e+00
-1.042712189489641474e+02 -1.042711715460329742e+02 1.503075381842199770e-02 5.596049296477030111e+03 0.000000000000000000e+00
-1.007055137499212663e+02 4.430352140780029500e+15 2.858285475967678479e+01 8.169795862127778037e+02 0.000000000000000000e+00
-1.054198498310636580e+02 -1.054278077054110554e+02 1.458947749007517489e-02 3.220371418888648986e+04 0.000000000000000000e+00
-1.053321914848098118e+02 -1.053385835712843885e+02 1.423722799142356811e-02 3.198270486231578616e+04 0.000000000000000000e+00
-1.053349227431552890e+02 -1.053323757921738348e+02 4.813082205690939752e-03 5.479585875402127385e+03 0.000000000000000000e+00
-1.053456292103010270e+02 -1.053491261759155719e+02 1.020758222976314751e-02 3.154832223204820548e+04 0.000000000000000000e+00
-9.714419191197217174e+01 -9.715059403293635398e+01 1.129199132663512642e-02 7.947021825438208680e+02 0.000000000000000000e+00
-1.052139584936764720e+02 -1.052124518590780013e+02 9.377442892458448878e-03 5.375838399822918291e+03 0.000000000000000000e+00
-1.053570807151718753e+02 -1.053586449010778949e+02 2.969162654297761387e-03 7.857616010831883386e+02 0.000000000000000000e+00
-1.053536815279383205e+02 -1.053590297647565706e+02 4.799428745405368187e-03 5.303699408233333088e+03 0.000000000000000000e+00
-1.008980771016195916e+02 3.363544012105035547e+13 2.784273678086242754e+01 7.752179914483893981e+02 0.000000000000000000e+00
-1.052836233925880265e+02 -1.052840309881750613e+02 3.172233661342113448e-03 7.752179914483893981e+02 0.000000000000000000e+00
-1.009271231607922488e+02 5.446159950084180000e+14 2.774923143655169255e+01 7.700198453193086152e+02 0.000000000000000000e+00
-1.017990101464597643e+02 -1.018015816573219894e+02 2.170733723592836034e-02 3.036251106892485404e+04 0.000000000000000000e+00
-1.036600180894393617e+02 -1.036758567341327790e+02 2.322934569570484983e-02 3.016322441788950164e+04 0.000000000000000000e+00
-1.009508041522813642e+02 1.847933867056417920e+17 7.254967972111785457e+01 5.263456027636779254e+03 0.000000000000000000e+00
-9.999318648930479014e+01 -9.999103595265158617e+01 5.612645880866098252e-03 8.100300978261466298e+02 0.000000000000000000e+00
-1.018888138576915026e+02 -1.018743616528095117e+02 1.010426823790993092e-02 8.048398971370990012e+02 0.000000000000000000e+00
-1.009505705219648775e+02 2.244200625227089355e+12 2.834225170775711433e+01 8.032832318658610120e+02 0.000000000000000000e+00
-1.095084528354632170e+02 3.156785009483932495e+10 3.755284057115569141e+01 5.196681368816934992e+03 0.000000000000000000e+00
-9.990326290699111667e+01 -9.990898768251696538e+01 5.716205886033187168e-03 5.196681368816934992e+03 0.000000000000000000e+00
-1.053340188059400617e+02 -1.053360384343690157e+02 5.934097034319941143e-03 7.981943915657421940e+02 0.000000000000000000e+00
-1.009718691681110272e+02 2.194549659310715904e+18 7.164072733874748167e+01 5.132393813624761606e+03 0.000000000000000000e+00
-1.009718691681110272e+02 3.546241932625928704e+18 2.816974705371395871e+01 7.935346490702262372e+02 0.000000000000000000e+00
-1.080683063012648404e+02 -1.080694933946209773e+02 5.639869587429505692e-03 5.132393813624761606e+03 0.000000000000000000e+00
-1.080205056028946302e+02 -1.080188814909810162e+02 3.484455626111741897e-03 7.884476541050586320e+02 0.000000000000000000e+00
-1.026037460910651191e+02 -1.026028823253149085e+02 2.952720694021744412e-03 7.835551877318933975e+02 0.000000000000000000e+00
-1.166761129747717405e+02 4.773030544641871452e+09 2.847937533168689228e+01 5.036722737938677710e+03 0.000000000000000000e+00
-1.010704669787771763e+02 1.855241072540848500e+15 2.790534778740006772e+01 7.787084351357538026e+02 0.000000000000000000e+00
-1.080579507814943554e+02 -1.080576973573402597e+02 2.830209519062580007e-03 7.787084351357538026e+02 0.000000000000000000e+00
-9.984563554909939853e+01 -9.984511608484618250e+01 1.410322390620755845e-02 2.854532651186791190e+04 0.000000000000000000e+00
-1.011060341354291694e+02 1.616850497036882188e+14 2.773377086265453428e+01 7.691620462622255445e+02 0.000000000000000000e+00
-9.934038561573454729e+01 -9.932638862410831848e+01 1.170172741336546890e-02 4.975524559926529037e+03 0.000000000000000000e+00
-1.010951160587498521e+02 1.168473454627041250e+14 2.767609543952299589e+01 7.659662587775854945e+02 0.000000000000000000e+00
-1.010951160654640404e+02 9.028414328766242560e+17 7.039430715066721689e+01 4.955358479222477399e+03 0.000000000000000000e+00
-1.010951160633474899e+02 2.795321752217016074e+20 1.680973393596118228e+02 2.825671549978050098e+04 0.000000000000000000e+00
-1.080409131637989333e+02 -1.080318380321826339e+02 9.766038491537509802e-03 2.825671549978050098e+04 0.000000000000000000e+00
-1.053180113248997287e+02 -1.053169344502904750e+02 5.220853939459713274e-03 4.925245078572241255e+03 0.000000000000000000e+00
-9.991219591131205391e+01 -9.991270881682027039e+01 4.874429546884538091e-03 7.566995989794913839e+02 0.000000000000000000e+00
-1.079384302536932836e+02 -1.079384340861650315e+02 7.043233825012446686e-03 4.865934349773695430e+03 0.000000000000000000e+00
-1.011958313354701602e+02 1.184367120653888906e+14 2.734713150146617267e+01 7.478656013584835591e+02 0.000000000000000000e+00
-1.053182503924606692e+02 -1.053070538481485272e+02 1.177875760354824691e-02 2.760585010923687150e+04 0.000000000000000000e+00
-1.012203028986142499e+02 1.479748238374051250e+14 2.727109540978580782e+01 7.437126448496405828e+02 0.000000000000000000e+00
-1.107670879863652829e+02 -1.107763667052108190e+02 5.964729778377731405e-03 4.809625500010675751e+03 0.000000000000000000e+00
-1.053375371970837477e+02 -1.053352335571551208e+02 7.070407273768612721e-03 2.728866341772369560e+04 0.000000000000000000e+00
-1.013007205147305285e+02 2.115709864160027520e+17 6.897833129314963685e+01 4.758010187987506470e+03 0.000000000000000000e+00
-1.005766130858404637e+02 -1.006029653047816055e+02 1.729650044704015774e-02 4.758010187987506470e+03 0.000000000000000000e+00
-9.999544925860674027e+01 -9.999211568367456948e+01 1.609047738993018423e-02 2.698249811858037720e+04 0.000000000000000000e+00
-1.027271233414554672e+02 -1.027269497144184953e+02 6.916248617740435034e-03 4.726141847605415933e+03 0.000000000000000000e+00
-1.052936134232577814e+02 -1.053046528470819396e+02 8.433905919948235866e-03 2.667498239784325415e+04 0.000000000000000000e+00
-9.977306157597433867e+01 -9.977775571392523091e+01 7.767671764055389567e-03 4.672809119066560925e+03 0.000000000000000000e+00
-9.658206788928474396e+01 -9.655212863536638679e+01 1.272521201324355693e-02 4.647164620509714041e+03 0.000000000000000000e+00
-1.025636761026602954e+02 -1.025622801779635438e+02 4.398946999348789418e-03 7.176393656388602267e+02 0.000000000000000000e+00
-1.149238183988958610e+02 9.103925213305940628e+09 2.992810939310088258e+01 4.631661902730261318e+03 0.000000000000000000e+00
-1.027158262448496373e+02 -1.027211174142259438e+02 7.054715480482995002e-03 4.631661902730261318e+03 0.000000000000000000e+00
-1.052885711743069805e+02 -1.052840748686691796e+02 1.177611617168415788e-02 2.602957105810437861e+04 0.000000000000000000e+00
-1.080607950509656234e+02 -1.080560172993486248e+02 9.440000416655113663e-03 2.588511744014214491e+04 0.000000000000000000e+00
-1.026184408352099524e+02 -1.026147457823487343e+02 1.212648100174912487e-02 2.574243775317711334e+04 0.000000000000000000e+00
-1.013663938762896066e+02 4.663206144422101120e+17 2.648359380783758255e+01 7.013807409785331402e+02 0.000000000000000000e+00
-9.711398842699267675e+01 -9.709000666922183598e+01 1.591055731073832621e-02 2.560106268200440900e+04 0.000000000000000000e+00
-1.013428972432837440e+02 8.244159651613871309e+19 6.717708417229815154e+01 4.512760637892029990e+03 0.000000000000000000e+00
-1.027246151423667584e+02 -1.027236531968310231e+02 7.144615954985568916e-03 4.512760637892029990e+03 0.000000000000000000e+00
-1.079924202370027615e+02 -1.079944378538531424e+02 8.970634051709435244e-03 2.535332710310968469e+04 0.000000000000000000e+00
-1.027208418866943589e+02 -1.027111306278238061e+02 6.533146012180329754e-03 4.463925398845784912e+03 0.000000000000000000e+00
-1.052077040858431474e+02 -1.052076932048479989e+02 3.753196350712815869e-03 6.894355461814466253e+02 0.000000000000000000e+00
-1.107588041152799860e+02 -1.107497011481985538e+02 1.080115105158517726e-02 2.495708967437401952e+04 0.000000000000000000e+00
-1.025558473052249298e+02 -1.025537608236382567e+02 4.819540217224247032e-03 4.399551067857445560e+03 0.000000000000000000e+00
-1.014699344111079569e+02 6.348671655680099487e+10 2.604944102065217493e+01 6.785733774884362219e+02 0.000000000000000000e+00
-1.080440587601250115e+02 -1.080332407119866787e+02 9.266012846178367512e-03 2.469647008058930078e+04 0.000000000000000000e+00
-1.015046609176441450e+02 2.206304309483704297e+13 2.597928414438878519e+01 6.749232046548905828e+02 0.000000000000000000e+00
-1.025705573332256932e+02 -1.025729339576196395e+02 3.678642560102339705e-03 4.353414785038280570e+03 0.000000000000000000e+00
-1.025116381300444459e+02 -1.025133691425242972e+02 5.333131730070482870e-03 4.330771993470463713e+03 0.000000000000000000e+00
-1.080787357431547662e+02 -1.080801503811168516e+02 2.296209688975237549e-03 6.678560708224764539e+02 0.000000000000000000e+00
-1.107634470461178466e+02 -1.107713622769332460e+02 5.298741943645650376e-03 4.286302002144900143e+03 0.000000000000000000e+00
-1.015975063713630675e+02 1.934785377240888672e+13 2.572446966616747943e+01 6.617483396055707772e+02 0.000000000000000000e+00
-1.026377996462640425e+02 -1.026352026560447399e+02 9.167150988260465427e-03 2.407977346133549872e+04 0.000000000000000000e+00
-1.041781249764304818e+02 -1.041412655370683638e+02 9.681701110132437046e-03 6.583270835695115011e+02 0.000000000000000000e+00
-1.025852348153235027e+02 -1.025874850126553639e+02 3.357248380149777719e-03 4.223674633367047136e+03 0.000000000000000000e+00
-1.080723609091694613e+02 -1.080739693297830826e+02 4.454592380729234004e-03 4.202235607727005117e+03 0.000000000000000000e+00
-1.024987033805571457e+02 -1.024896495949603263e+02 7.232780620970321456e-03 4.181015416050879139e+03 0.000000000000000000e+00
-1.034581849795729909e+02 -1.034308392630797755e+02 7.835748689617207108e-03 6.813798327161272255e+02 0.000000000000000000e+00
-1.014379340533758693e+02 -1.014394420030568966e+02 6.030693287422964066e-03 6.988759746751350121e+02 0.000000000000000000e+00
-1.016655829249983185e+02 5.774502900580783000e+15 2.636742890283530372e+01 6.952413069460744737e+02 0.000000000000000000e+00
-1.057200328635852316e+02 -1.053910574896374897e+02 2.714878252747018883e-02 4.200647516589523548e+03 0.000000000000000000e+00
-1.080440875627316188e+02 -1.080420977878430193e+02 6.426066590462154240e-03 6.125443065081736677e+03 0.000000000000000000e+00
-1.052650726491572897e+02 -1.052531970161987545e+02 9.310329207493979464e-03 2.471781885305886681e+04 0.000000000000000000e+00
-1.095854305311428618e+02 5.966061085591195107e+09 2.144811021043588894e+01 2.460285360850806683e+04 0.000000000000000000e+00
-1.018039789108503612e+02 -1.017893260438592904e+02 1.753235170365410878e-02 2.460285360850806683e+04 0.000000000000000000e+00
-1.080185525122667656e+02 -1.080225711639154156e+02 4.777834417909916642e-03 6.042572265129362677e+03 0.000000000000000000e+00
-1.053386637435101818e+02 -1.053272903261858886e+02 8.031943473344684351e-03 2.439711510525384074e+04 0.000000000000000000e+00
-1.054103770470642587e+02 -1.054040301454604531e+02 7.639020306876198770e-03 2.428492485636036872e+04 0.000000000000000000e+00
-9.713222432869453371e+01 -9.709841971259503168e+01 1.308113590062242107e-02 2.416954286228357523e+04 0.000000000000000000e+00
-1.053368791714380563e+02 -1.053313780461680693e+02 7.944710409598251810e-03 2.410448828864477400e+04 0.000000000000000000e+00
-1.107573717329920555e+02 -1.107489476737850964e+02 9.929081691961777131e-03 2.399066146514353386e+04 0.000000000000000000e+00
-1.052636740458291769e+02 -1.052537949907674459e+02 7.257434730843710310e-03 2.387937812875998134e+04 0.000000000000000000e+00
-1.053567402970554525e+02 -1.053566232240229112e+02 6.170481787521968006e-03 2.377082264943471091e+04 0.000000000000000000e+00
-1.053359242464144359e+02 -1.053174836248644084e+02 9.064789006979720801e-03 2.365869761170190759e+04 0.000000000000000000e+00
-1.106454863618775022e+02 -1.106610796288999978e+02 1.116465770601495974e-02 2.356313078322896399e+04 0.000000000000000000e+00
-9.878782951804134882e+01 -9.886501799507307453e+01 1.397599187575889433e-02 5.782371880744079135e+03 0.000000000000000000e+00
-1.052332942087378171e+02 -1.052522511627646793e+02 1.018066138953785393e-02 2.359705822419000833e+04 0.000000000000000000e+00
-1.053345974005225969e+02 -1.053325388200755413e+02 2.859222657959138800e-03 5.929631000587691233e+03 0.000000000000000000e+00
-1.080796240933870820e+02 -1.080971143978226650e+02 1.151143323917235006e-02 2.339544181338989802e+04 0.000000000000000000e+00
-1.016254877194962631e+02 -1.016605601862320896e+02 2.310446874003874856e-02 2.330155456341634635e+04 0.000000000000000000e+00
-9.989134753425996394e+01 -9.986614298134162482e+01 9.745480297973226763e-03 5.851780361774430276e+03 0.000000000000000000e+00
-1.025378733095229080e+02 -1.025252847462761423e+02 8.171248555690813556e-03 2.313833265840454624e+04 0.000000000000000000e+00
-9.986266205043648370e+01 -9.986097909607772749e+01 1.276115080405044316e-02 2.304083277734900184e+04 0.000000000000000000e+00
-9.693055681083174591e+01 -9.692442490153868562e+01 1.860852300760685099e-02 1.404595805234831687e+03 0.000000000000000000e+00
-9.966764688110350789e+01 -9.967716016601973195e+01 1.016377356384593963e-02 5.780917811683291802e+03 0.000000000000000000e+00
-1.054041635191138795e+02 -1.053941060268093253e+02 9.183678650694518039e-03 2.274031178560407352e+04 0.000000000000000000e+00
-1.014818445274094501e+02 -1.014597579593924195e+02 1.142966960981175832e-02 5.734298469239539372e+03 0.000000000000000000e+00
-1.080547997119216603e+02 -1.080522799137414296e+02 5.744010267670862820e-03 2.254350381266976910e+04 0.000000000000000000e+00
-1.053530352560422472e+02 -1.053556952677896135e+02 5.344275776109198503e-03 2.244445073448464609e+04 0.000000000000000000e+00
-1.080200713466858105e+02 -1.080276743486604971e+02 5.056392580743496526e-03 5.677786654607794844e+03 0.000000000000000000e+00
-9.983103492598174000e+01 -9.982910438721698654e+01 5.494911518003766510e-03 5.655260873444666686e+03 0.000000000000000000e+00
-9.977924999423645147e+01 -9.978041848157916149e+01 6.839556843810097424e-03 5.630850574910024989e+03 0.000000000000000000e+00
-1.052929415052736886e+02 -1.053037308768970775e+02 6.316648814836812835e-03 2.207368273163235426e+04 0.000000000000000000e+00
-1.026521210318421566e+02 -1.026542935149800826e+02 4.573684301885163304e-03 5.582398032228667944e+03 0.000000000000000000e+00
-1.053377297001386950e+02 -1.053358684771157670e+02 2.257420201243534857e-03 1.354473474287170120e+03 0.000000000000000000e+00
-1.080021414851978960e+02 -1.080060290603138071e+02 3.733303884302534292e-03 5.535084692560534677e+03 0.000000000000000000e+00
-1.066505665091832071e+02 5.585935233769150734e+09 1.994010755684357150e+01 2.171289066986247417e+04 0.000000000000000000e+00
-1.107172302266049684e+02 -1.107268046955739749e+02 5.510612952911051951e-03 5.512121924014264550e+03 0.000000000000000000e+00
-1.054095313297279688e+02 -1.054037234422309552e+02 6.934407949454455232e-03 2.162997605065979224e+04 0.000000000000000000e+00
-9.915473220027200796e+01 -9.914363099820067760e+01 1.053486322420242073e-02 1.332172380522773665e+03 0.000000000000000000e+00
-1.026193900824966079e+02 -1.026180628451733128e+02 3.432327341462284437e-03 5.454036960792884202e+03 0.000000000000000000e+00
-1.080065854261378888e+02 -1.080191081823193144e+02 6.624360247572117465e-03 2.137932178247904812e+04 0.000000000000000000e+00
-1.080691535714005909e+02 -1.080732262108461441e+02 6.637623660472886933e-03 2.129665978668686148e+04 0.000000000000000000e+00
-9.998833376834839726e+01 -9.996132895285764164e+01 1.156245899358823714e-02 2.120901061017339816e+04 0.000000000000000000e+00
-1.080540480480527208e+02 -1.080526003617170545e+02 5.520624084664220964e-03 2.115002585895168522e+04 0.000000000000000000e+00
-1.052253223796815007e+02 -1.052316515891549642e+02 5.153511063679057196e-03 1.305472859109204819e+03 0.000000000000000000e+00
-1.080700188048076456e+02 -1.080733638708495477e+02 6.409127282274873320e-03 2.099119191311273971e+04 0.000000000000000000e+00
-1.018428114519418983e+02 -1.018384590935557981e+02 1.114190141264265015e-02 5.326735641350122023e+03 0.000000000000000000e+00
-1.026387114395506757e+02 -1.026413031194146726e+02 2.563626708210085901e-03 1.291919955918995129e+03 0.000000000000000000e+00
-1.025553198093341365e+02 -1.025568821808524547e+02 3.819525632571340191e-03 5.285134041064854500e+03 0.000000000000000000e+00
-9.931895863367232380e+01 -9.931502856056739859e+01 7.752323376181658073e-03 5.263862258819151975e+03 0.000000000000000000e+00
-9.172096897149452843e+01 -9.172137346425886051e+01 1.603336912307276249e-02 2.057699370733832620e+04 0.000000000000000000e+00
-1.014178965881389018e+02 -1.014254153503874960e+02 1.002008745621265490e-02 5.327521382639080002e+03 0.000000000000000000e+00
-1.054178082923022401e+02 -1.054095162368769678e+02 6.491576914970108129e-03 2.041329367852219366e+04 0.000000000000000000e+00
-1.062430309746901855e+02 -1.062105482947699500e+02 1.261440519061803392e-02 1.265312989542850346e+03 0.000000000000000000e+00
-1.047089507873203189e+02 1.952684214253491402e+09 1.635827436580035510e+01 2.026879268565149687e+04 0.000000000000000000e+00
-1.021572977901467425e+02 1.371830641379807360e+17 7.273061806411341479e+01 5.289742803987940533e+03 0.000000000000000000e+00
-9.976532257828843342e+01 -9.976548388235889320e+01 1.838964410194510873e-02 2.026879268565149687e+04 0.000000000000000000e+00
-1.041619648036762698e+02 -1.041694637169133557e+02 1.413750341453940372e-02 2.018899297388765626e+04 0.000000000000000000e+00
-9.701123170452450495e+01 -9.701307771016105619e+01 7.997709280903151849e-03 5.249275009521040374e+03 0.000000000000000000e+00
-1.046149974054805227e+02 1.935383617141408920e+09 1.624031669283463586e+01 2.003345625197509071e+04 0.000000000000000000e+00
-1.052767045236340948e+02 -1.052746785950729134e+02 6.035481339629312179e-03 2.003345625197509071e+04 0.000000000000000000e+00
-9.729127431511648183e+01 -9.726057047828830093e+01 1.157569263061001413e-02 1.995568762359638276e+04 0.000000000000000000e+00
-1.080243393433181325e+02 -1.080261048926818006e+02 4.022093888857697537e-03 5.192944463889417420e+03 0.000000000000000000e+00
-1.107114569670073791e+02 -1.107207236680501836e+02 7.884132201745362029e-03 1.984766464988562075e+04 0.000000000000000000e+00
-1.080567962380455356e+02 -1.080536840176071536e+02 5.361601927508004989e-03 1.977472023350241943e+04 0.000000000000000000e+00
-1.052569898671090272e+02 -1.052555106974009220e+02 5.334075725172461764e-03 5.134919315587259916e+03 0.000000000000000000e+00
-1.025654341574610271e+02 -1.025652670146603214e+02 4.780990503673193150e-03 5.115375718987338587e+03 0.000000000000000000e+00
-1.027056570157953246e+02 -1.027033996182672126e+02 7.506787996424423882e-03 1.955197757240365536e+04 0.000000000000000000e+00
-1.023292645753888763e+02 -1.023329717493211461e+02 1.351630706367947313e-02 1.947813461982223816e+04 0.000000000000000000e+00
-1.000586525716165625e+02 -1.000520982279369093e+02 1.163468062887976044e-02 1.940522069698894484e+04 0.000000000000000000e+00
-1.025283006014815896e+02 -1.025060688535410662e+02 8.256266009845449061e-03 1.933380165100941304e+04 0.000000000000000000e+00
-1.079893749340001108e+02 -1.079901626588346915e+02 7.327241187076366513e-03 1.927945856618131802e+04 0.000000000000000000e+00
-1.080445693005678862e+02 -1.080510543620130477e+02 3.417872462149934825e-03 5.005114728277408176e+03 0.000000000000000000e+00
-1.014229302133700941e+02 -1.014589910155433756e+02 1.160719689451515310e-02 1.913615265504966374e+04 0.000000000000000000e+00
-1.022555394564809177e+02 1.079538823242027656e+14 3.483075390161772589e+01 1.213181417355058556e+03 0.000000000000000000e+00
-1.029604496434152026e+02 -1.029961998793478983e+02 1.470931029032744065e-02 1.213181417355058556e+03 0.000000000000000000e+00
-1.026128472986563480e+02 -1.026102218214253412e+02 4.139406617985901156e-03 5.073469181545710853e+03 0.000000000000000000e+00
-1.016445874962567615e+02 -1.016515281748391857e+02 1.090155800724006835e-02 1.221412156248328301e+03 0.000000000000000000e+00
-9.705219217448973268e+01 -9.704439599298061125e+01 1.123682153536236829e-02 1.896217290873837192e+04 0.000000000000000000e+00
-1.106519120266156193e+02 -1.106612892262661205e+02 8.621378533878005027e-03 1.889506972637219224e+04 0.000000000000000000e+00
-9.985004864169684424e+01 -9.985378458048111838e+01 5.876077588605342801e-03 5.001156258532394531e+03 0.000000000000000000e+00
-1.075496003018443076e+02 2.052750145005638123e+09 1.585876265401354246e+01 1.876145622397480474e+04 0.000000000000000000e+00
-1.079931614221777778e+02 -1.079976192271410582e+02 5.388840179501880150e-03 1.876145622397480474e+04 0.000000000000000000e+00
-1.080718943924644577e+02 -1.080761774646048110e+02 5.855811406599435373e-03 1.869443095212116532e+04 0.000000000000000000e+00
-1.080196205363509989e+02 -1.080214803698977732e+02 4.061899039072395384e-03 4.947992798520868746e+03 0.000000000000000000e+00
-1.026286163547775203e+02 -1.026316474088890374e+02 2.450108188848075953e-03 1.195965493792441066e+03 0.000000000000000000e+00
-1.053285242008508078e+02 -1.053278875948585807e+02 3.855617126693816881e-03 4.912976545445889315e+03 0.000000000000000000e+00
-1.055876879493125671e+02 -1.055758210075259456e+02 1.932891515504765387e-02 1.843757567871279025e+04 0.000000000000000000e+00
-1.025543752399863564e+02 -1.025432776088806719e+02 6.349907158007287063e-03 1.837588336825895385e+04 0.000000000000000000e+00
-1.053277488142113043e+02 -1.053107792441024486e+02 7.607413365232547700e-03 1.831532275059084714e+04 0.000000000000000000e+00
-9.936346177193432538e+01 -9.936062682058246764e+01 1.107872940010116991e-02 1.826074219928461389e+04 0.000000000000000000e+00
-1.053360881462507734e+02 -1.053290155373864820e+02 4.676713159756033800e-03 1.819701891551104927e+04 0.000000000000000000e+00
-1.079703043250934655e+02 -1.079615033633647982e+02 7.286667938330903573e-03 1.813517584873024680e+04 0.000000000000000000e+00
-1.080126123892931673e+02 -1.080199403121287816e+02 6.744057874857236484e-03 1.807457831322888524e+04 0.000000000000000000e+00
-1.026180344508562285e+02 -1.026114380076488288e+02 7.370820777444260161e-03 1.801364947971494621e+04 0.000000000000000000e+00
-9.865876236776630037e+01 -9.864711240532025727e+01 1.197231447939950226e-02 1.155834769097250273e+03 0.000000000000000000e+00
-1.010579920225985262e+02 -1.010626895026693290e+02 7.515936416093956136e-03 4.783761450336012786e+03 0.000000000000000000e+00
-1.025430734217583080e+02 -1.025367615834033330e+02 5.925184969216639244e-03 1.793719425216072705e+04 0.000000000000000000e+00
-1.013550687705027400e+02 -1.013860651093329750e+02 1.788197078817493901e-02 1.787718311851503313e+04 0.000000000000000000e+00
-1.052658348798650962e+02 -1.052634440755368956e+02 7.519247309294594880e-03 1.784385471807773865e+04 0.000000000000000000e+00
-1.053794254776445598e+02 -1.053568224515339153e+02 8.194813347301110190e-03 1.778337624635012980e+04 0.000000000000000000e+00
-1.079984161942914938e+02 -1.080040681910948734e+02 5.510449640679510042e-03 1.773980174204829746e+04 0.000000000000000000e+00
-1.019139055862958969e+02 -1.019032328259276028e+02 1.257798755464832781e-02 1.768094107540459663e+04 0.000000000000000000e+00
-9.985327317475825737e+01 -9.985747252440729937e+01 4.196432691280979448e-03 1.145797219537118508e+03 0.000000000000000000e+00
-1.054093459218350119e+02 -1.054105536475171618e+02 4.353345090932111451e-03 4.696940331194484315e+03 0.000000000000000000e+00
-1.080246073591182352e+02 -1.080232005771877226e+02 2.520143548495046119e-03 1.139241655133253516e+03 0.000000000000000000e+00
-1.026845775066850734e+02 -1.026859099801920507e+02 4.079648925293909156e-03 4.665749417532088046e+03 0.000000000000000000e+00
-1.080515476518118447e+02 -1.080541357868029451e+02 2.865166588380542358e-03 4.650326178002655070e+03 0.000000000000000000e+00
-1.080678251136515371e+02 -1.080730566578342859e+02 4.620151489898667932e-03 1.734419562789614429e+04 0.000000000000000000e+00
-1.026088637652568138e+02 -1.026102260000735669e+02 2.118829410321807806e-03 1.124423558054063051e+03 0.000000000000000000e+00
-1.053480230590938334e+02 -1.053431258200967875e+02 6.572840872005420061e-03 1.723108870367916461e+04 0.000000000000000000e+00
-1.036760136333176376e+02 -1.036868594631017828e+02 1.620021041371573142e-02 1.717536182825715150e+04 0.000000000000000000e+00
-1.080679121990709035e+02 -1.080730520000172561e+02 4.555388755342134818e-03 1.712236405176156040e+04 0.000000000000000000e+00
-9.916645612683761613e+01 -9.917531472147859972e+01 1.442905272167314609e-02 1.706746965148406889e+04 0.000000000000000000e+00
-1.080066921074533326e+02 -1.080148135335665529e+02 5.415281211396352767e-03 1.701406463421160515e+04 0.000000000000000000e+00
-1.052720131957193388e+02 -1.052715268794396763e+02 5.954153963999633814e-03 1.696110412887134225e+04 0.000000000000000000e+00
-1.026229777014413145e+02 -1.026191332675237646e+02 3.523539601837120516e-03 4.524022896001134541e+03 0.000000000000000000e+00
-1.107117024851078355e+02 -1.107151856919418549e+02 6.295950610302384828e-03 1.685213702076662958e+04 0.000000000000000000e+00
-1.026126022162695506e+02 -1.026114837265610760e+02 2.618364952167385930e-03 1.093618815344732866e+03 0.000000000000000000e+00
-1.052022526359448591e+02 -1.051974049002116516e+02 5.853335513661172933e-03 1.674531801969946537e+04 0.000000000000000000e+00
-1.107117001401810796e+02 -1.107151937870901151e+02 6.169266283047419343e-03 1.669274466779253999e+04 0.000000000000000000e+00
-1.107487847435018296e+02 -1.107512715433207831e+02 3.345762783387075650e-03 1.083557623106729125e+03 0.000000000000000000e+00
-1.080771292764781180e+02 -1.080798964903896149e+02 3.368615577695772013e-03 4.448462329145155309e+03 0.000000000000000000e+00
-1.053108811374191305e+02 -1.053108734541121265e+02 3.433815278663157437e-03 4.434684948851385343e+03 0.000000000000000000e+00
-1.079800043616531724e+02 -1.079839542488832365e+02 3.541022239489490311e-03 4.420736977174460662e+03 0.000000000000000000e+00
-1.054028851312367436e+02 -1.054023789085872238e+02 3.514231536509149212e-03 4.407382518025014178e+03 0.000000000000000000e+00
-1.091922840410523321e+02 4.429794161590020180e+09 1.670168512759720869e+01 1.638445614356231090e+04 0.000000000000000000e+00
-1.026575203332729842e+02 1.557384250948447846e+19 6.628426729151554753e+01 4.393604090373078179e+03 0.000000000000000000e+00
-9.704665553939121025e+01 -9.705896093948386749e+01 7.311855865597019326e-03 4.393604090373078179e+03 0.000000000000000000e+00
-1.053084059009401727e+02 -1.053093167187910666e+02 3.231997215798133177e-03 4.384110872531640780e+03 0.000000000000000000e+00
-1.052922977675913074e+02 -1.052987266832865316e+02 5.184464756205525889e-03 1.628876198493386801e+04 0.000000000000000000e+00
-1.025151992115609403e+02 -1.025186879105651627e+02 4.387242312848171379e-03 1.057660821877405624e+03 0.000000000000000000e+00
-1.052580964368906251e+02 -1.052568541121152492e+02 2.778718901289769713e-03 4.344000765274741752e+03 0.000000000000000000e+00
-1.026641509309404654e+02 3.479174263444776320e+17 6.580788841330824823e+01 4.330678177418430096e+03 0.000000000000000000e+00
-9.985066741663700896e+01 -9.984534071218625684e+01 5.602342642451033083e-03 1.614270806862884456e+04 0.000000000000000000e+00
-1.026181558002319605e+02 -1.026101042731103519e+02 3.902922375674511973e-03 1.609411159092375783e+04 0.000000000000000000e+00
-1.080584398407674200e+02 -1.080559404676696857e+02 5.327580627973022703e-03 1.604697054375473999e+04 0.000000000000000000e+00
