5.000000000000000000e+00
2.000000000000000111e-01
5.000000000000000000e-01
6.218794033276958677e-01
4.770726810729629674e-01
4.678621905035548201e-01
4.398655074341311644e-01
4.227809933278267596e-01
3.828761850649360921e-01
3.777369499829510979e-01
3.713049090265718166e-01
3.549748905952493372e-01
3.511782774619115477e-01
2.184823748814075095e-01
9.278635022942854915e-02
8.294874434688623288e-02
8.236800265245994290e-02
5.860858521979501329e-02
2.725102981842834893e-02
2.593503208709527913e-02
1.973960039034294150e-02
1.201257984294605737e-02
2.335502029535722109e-03
