5.000000000000000000e+00
1.400000000000000133e-01
5.999999999999999778e-01
6.123893991042056451e-01
4.607623515592291774e-01
4.690974536972250530e-01
4.364120514355361857e-01
4.270240430281597166e-01
3.923645919455555631e-01
3.764571882411398840e-01
3.707568379991220131e-01
3.557327430003581759e-01
3.547811848014611469e-01
2.374293314251590681e-01
8.331500733390020952e-02
7.648841628576352747e-02
8.416404721331613437e-02
6.437938553819089194e-02
2.571105859792276876e-02
2.223208197128321434e-02
2.056937901452833561e-02
1.137143650445721771e-02
2.099824137923663944e-03
