5.000000000000000000e+00
1.000000000000000194e-01
1.000000000000000000e+00
5.509541218507467697e-01
4.185771533224224017e-01
5.058496632345647059e-01
4.582706481813187405e-01
4.596626925769243810e-01
4.299035438904943440e-01
4.092454995500792725e-01
3.900724015790478783e-01
3.828339124152274064e-01
3.777218378709593649e-01
1.561578018774361087e-01
7.199378188045413296e-02
9.843476637497507176e-02
8.680999806558935272e-02
7.032272856700752528e-02
4.044560074710296105e-02
1.510764854101381838e-02
2.175377501363753852e-02
1.195069004109759053e-02
2.698203001269320299e-03
