5.000000000000000000e+00
1.200000000000000233e-01
4.000000000000000222e-01
6.639038880764411843e-01
4.986318478927432851e-01
4.609129552524121043e-01
4.410743187871355997e-01
4.258486408255685585e-01
3.781667459873238601e-01
3.782917600682949577e-01
3.695089238606940607e-01
3.523707139450295012e-01
3.487947691118355453e-01
2.043578272876344082e-01
1.181441195272917161e-01
7.410148062853311179e-02
7.068817335840560379e-02
4.791773474813994932e-02
2.751333506590099287e-02
2.962269542513422740e-02
1.627147181356993627e-02
1.183717350870005201e-02
2.791388620088941681e-03
