7.000000000000000000e+00
1.000000000000000056e-01
4.000000000000000222e-01
7.286978207941029462e-01
6.306589704888488912e-01
5.452993564884575095e-01
4.731132586350848546e-01
4.559144098519815058e-01
3.982643807940235980e-01
3.814966338282520519e-01
3.818794987681637942e-01
3.582755020478319841e-01
3.457204635758380773e-01
2.236863336691135573e-01
1.438687410398286903e-01
1.335366826130300888e-01
8.266201075059330383e-02
5.790311821110632334e-02
3.680627720048277457e-02
2.231130528300812391e-02
2.416162381767257908e-02
1.066854419547593781e-02
2.569613525662358799e-03
