0.000000000000000000e+00 0.000000000000000000e+00 0.000000000000000000e+00 0.000000000000000000e+00 0.000000000000000000e+00
-1.052780881438590512e+02 -1.053361809425156821e+02 1.770291042462875386e-01 1.042417447106223553e+05 0.000000000000000000e+00
-9.614410215341221999e+01 -9.605116713858591027e+01 9.728269738883464635e-02 1.525665875103296457e+04 0.000000000000000000e+00
-9.922949371484476444e+01 -9.919848363440515016e+01 7.928572127869931707e-02 9.901389529572799802e+04 0.000000000000000000e+00
-9.983099908425367630e+01 -9.992095058857543677e+01 5.184778289882409352e-02 1.499046006508379105e+04 0.000000000000000000e+00
-1.053171418751278310e+02 -1.053701038648235908e+02 9.958186565068004314e-02 9.431556315153444302e+04 0.000000000000000000e+00
-9.612934276385048804e+01 -9.619716857214666561e+01 1.217587659704860714e-01 9.217565686543365882e+04 0.000000000000000000e+00
-1.053603517952480217e+02 -1.052989299060301960e+02 5.665295883005330713e-02 1.490637541131675243e+04 0.000000000000000000e+00
-1.080021655538049146e+02 -1.080685477887578685e+02 7.402034903597735915e-02 8.793661083840065112e+04 0.000000000000000000e+00
-1.066014394224797002e+02 -1.066645595978097987e+02 9.662351435471668026e-02 8.643965213755387231e+04 0.000000000000000000e+00
-1.053534824232267511e+02 -1.052969173323321428e+02 5.490171472163587335e-02 1.412269296918004147e+04 0.000000000000000000e+00
-9.993120196944433076e+01 -9.992767941365033835e+01 3.303220633872276657e-02 1.404273500576233891e+04 0.000000000000000000e+00
-9.911852847635073260e+01 -9.910373192537299758e+01 3.506244784982826684e-02 1.371706762300226546e+04 0.000000000000000000e+00
-1.080362196858076089e+02 -1.079961089441353010e+02 3.156313852964635902e-02 1.343872607047076963e+04 0.000000000000000000e+00
-9.441324612645991010e+01 -9.424390005794889191e+01 7.257930710696218479e-02 1.334632018221798899e+04 0.000000000000000000e+00
-1.080068451055045244e+02 -1.079811889934643006e+02 3.054670525127529609e-02 1.421828828122369669e+04 0.000000000000000000e+00
-9.833236897343692817e+01 -9.834712147511008595e+01 6.604190057759397325e-02 7.889604393463066663e+04 0.000000000000000000e+00
-1.025562895554167397e+02 -1.024768032599315291e+02 4.748509614937473922e-02 7.728089859095092106e+04 0.000000000000000000e+00
-1.053895100219808398e+02 -1.054029466453742998e+02 2.623520801825715565e-02 1.362345597355147584e+04 0.000000000000000000e+00
-1.053879275912990181e+02 -1.053763450683235590e+02 4.516581397838582285e-02 7.563466311162024795e+04 0.000000000000000000e+00
-1.025111620182320991e+02 -1.025194431343311123e+02 2.282755755915465146e-02 1.312882377892005752e+04 0.000000000000000000e+00
-1.042748533393328358e+02 -1.042568911338734239e+02 2.971874919673869742e-02 1.288039487965704029e+04 0.000000000000000000e+00
-1.107239842365151077e+02 -1.107203731837317235e+02 2.745325754052079306e-02 1.266602529562753261e+04 0.000000000000000000e+00
-1.080356059029557656e+02 -1.080297480473292353e+02 2.346483636010523663e-02 1.243152294060370514e+04 0.000000000000000000e+00
-1.107764961036850480e+02 -1.107745502020768669e+02 2.247314422293640937e-02 1.220987120262067765e+04 0.000000000000000000e+00
-1.019242218051231248e+02 -1.019306660465434362e+02 2.522304257127319649e-02 1.199102106833008111e+04 0.000000000000000000e+00
-9.716904094640629808e+01 -9.718951882014887644e+01 2.954876213689771464e-02 1.178496073506125504e+04 0.000000000000000000e+00
-1.045296194858175625e+02 -1.045119239062482421e+02 2.284220921015625919e-02 1.162514159227303935e+04 0.000000000000000000e+00
-9.687720375238099280e+01 -9.686160188167093565e+01 5.910849421843817481e-02 1.146095784939955047e+04 0.000000000000000000e+00
-1.052967152604067707e+02 -1.052894541913259161e+02 1.551462394421342095e-02 1.127110595758682211e+04 0.000000000000000000e+00
-1.080713555745625740e+02 -1.080752789325060945e+02 1.513985678165889401e-02 1.109520232945088173e+04 0.000000000000000000e+00
-1.053910117532775814e+02 -1.054001325172285988e+02 1.567858648895391685e-02 1.091822715851486464e+04 0.000000000000000000e+00
-1.053874172892832064e+02 -1.053702049703317840e+02 2.451709102997268533e-02 6.068034665055611549e+04 0.000000000000000000e+00
-9.569799421765212344e+01 -9.568329460238433626e+01 5.217746674187490746e-02 5.977238575957762077e+04 0.000000000000000000e+00
-1.079102670851510766e+02 -1.079139605609370136e+02 2.308417059538725100e-02 1.042544495876322981e+04 0.000000000000000000e+00
-1.079649201881480280e+02 -1.079687163783779340e+02 2.400293239825967637e-02 5.798528506662302243e+04 0.000000000000000000e+00
-1.024735963947259307e+02 -1.024716484960277256e+02 1.670089184367092028e-02 1.011466786520991263e+04 0.000000000000000000e+00
-1.053223167141753720e+02 -1.053256464099732455e+02 1.658220526005112216e-02 5.633043239807655482e+04 0.000000000000000000e+00
-1.080099167930873421e+02 -1.079959984150966363e+02 2.834280585585880266e-02 5.551533416334477079e+04 0.000000000000000000e+00
-1.107140129494782741e+02 -1.107173381756893065e+02 1.443763427744918122e-02 9.681543143779565071e+03 0.000000000000000000e+00
-1.052916543914301002e+02 -1.052842923173052583e+02 1.063267959385026315e-02 9.545924150406921399e+03 0.000000000000000000e+00
-1.025994114842975051e+02 -1.026085376638426965e+02 2.369659005679374333e-02 9.420823545502433262e+03 0.000000000000000000e+00
-1.081006641690453023e+02 -1.080996946594497246e+02 1.879413743038938628e-02 9.300919929101655725e+03 0.000000000000000000e+00
-9.993635191495442882e+01 -9.976251941211047836e+01 5.280683304493347802e-02 9.174652976450062852e+03 0.000000000000000000e+00
-1.053688475066057748e+02 -1.053628004033056271e+02 2.483922224582455970e-02 5.151734283617437177e+04 0.000000000000000000e+00
-1.052313207781347302e+02 -1.052176126566337757e+02 1.403838200632899318e-02 9.893517098786462157e+03 0.000000000000000000e+00
-9.983091619453196586e+01 -9.989506070781871472e+01 6.707790017499352941e-02 5.027592261517294537e+04 0.000000000000000000e+00
-1.025701594936301717e+02 -1.025552932203728744e+02 1.211296836840054444e-02 9.743281622748487280e+03 0.000000000000000000e+00
-1.078843792282715413e+02 -1.078826975133330706e+02 2.043189061335530174e-02 9.647080870517187577e+03 0.000000000000000000e+00
-1.016106803032848092e+02 -1.016043881063387175e+02 1.965382364456396205e-02 9.525940129928663737e+03 0.000000000000000000e+00
-1.019621474043103433e+02 -1.019573438787999180e+02 1.915212192734546889e-02 9.412251599194654773e+03 0.000000000000000000e+00
-9.720234541939289841e+01 -9.720377863615432545e+01 3.031128360438726382e-02 4.764533891250126908e+04 0.000000000000000000e+00
-1.053417483970103632e+02 -1.053412592259271747e+02 1.156288433186979103e-02 9.212189031732930744e+03 0.000000000000000000e+00
-9.973629558676445583e+01 -9.970821607288428368e+01 3.538544756606733926e-02 4.651206145056860260e+04 0.000000000000000000e+00
-1.052569322843618096e+02 -1.052531089994707969e+02 8.034870833440248619e-03 8.995104095330509153e+03 0.000000000000000000e+00
-9.699733325306497989e+01 -9.700705396316325846e+01 1.520132211773601340e-02 1.477296011660692102e+03 0.000000000000000000e+00
-1.052779282984357963e+02 -1.052812641175978143e+02 7.410928256523695301e-03 8.791729078878172004e+03 0.000000000000000000e+00
-1.052986748139817337e+02 -1.052975922650648357e+02 7.886793816154352016e-03 8.692313846959377770e+03 0.000000000000000000e+00
-1.053664213526623428e+02 -1.053633385107575009e+02 2.042312033450533262e-02 4.399181921914793202e+04 0.000000000000000000e+00
-1.025480125987374578e+02 -1.025395755556212976e+02 1.101275339277979146e-02 8.499041399377678317e+03 0.000000000000000000e+00
-1.107743164438803802e+02 -1.107764848858893885e+02 1.192563094920165781e-02 8.413417884531083473e+03 0.000000000000000000e+00
-1.014025725484482194e+02 -1.014006246994271976e+02 2.050467293211208006e-02 8.322292820210253922e+03 0.000000000000000000e+00
-1.081065631979519424e+02 -1.081017745656312883e+02 1.026740288394245582e-02 8.233192815344287737e+03 0.000000000000000000e+00
-9.721249897806181650e+01 -9.722454126148927855e+01 1.284169983035644662e-02 8.147150677847566840e+03 0.000000000000000000e+00
-1.080125177165345320e+02 -1.080270665945144373e+02 1.395791159855278366e-02 4.133337134076678194e+04 0.000000000000000000e+00
-9.995599502089005739e+01 -9.996318458809389540e+01 3.031764672200169819e-02 4.092359677976928651e+04 0.000000000000000000e+00
-9.702718879388801554e+01 -9.702468457965211712e+01 1.772149077455884014e-02 7.914534140320456572e+03 0.000000000000000000e+00
-1.052928231570919593e+02 -1.053074578007316831e+02 1.708389482889752578e-02 4.009217555065006309e+04 0.000000000000000000e+00
-1.053175617297728053e+02 -1.053312831961302294e+02 1.352087197181400108e-02 3.970623857010609208e+04 0.000000000000000000e+00
-1.080523020979619133e+02 -1.080552324131162862e+02 6.806100261850042341e-03 7.677433118183764236e+03 0.000000000000000000e+00
-1.041267427932927774e+02 -1.041910458187043105e+02 2.893200473125999775e-02 3.896245221197872888e+04 0.000000000000000000e+00
-1.079990972962226721e+02 -1.080023084598361152e+02 6.916685941188245069e-03 7.653770787778694284e+03 0.000000000000000000e+00
-9.435434408833606312e+01 -9.434622673056776421e+01 1.546992533639342422e-02 7.580033441388898609e+03 0.000000000000000000e+00
-9.925707482248081703e+01 -9.925980777146943979e+01 1.737036112333121760e-02 7.512107124933059822e+03 0.000000000000000000e+00
-9.991170405304401925e+01 -9.991455095602194092e+01 1.209817128162377423e-02 7.441027919522360207e+03 0.000000000000000000e+00
-9.706227113079860658e+01 -9.706701962257029948e+01 1.300842919255092850e-02 7.371525210052473994e+03 0.000000000000000000e+00
-1.026613102018782513e+02 -1.026856988470772194e+02 1.773404852117833538e-02 3.712404108988507505e+04 0.000000000000000000e+00
-1.052699909486617571e+02 -1.052691874021935661e+02 9.016861651010944084e-03 7.246726188508949235e+03 0.000000000000000000e+00
-1.107758622606562113e+02 -1.107748127481964815e+02 9.294790152959205021e-03 7.180276832744412786e+03 0.000000000000000000e+00
-1.052925022811172369e+02 -1.052835523997116098e+02 1.208511419121936943e-02 3.616017023988656729e+04 0.000000000000000000e+00
-1.054093564468114721e+02 -1.053928637060754596e+02 1.509561453890745884e-02 3.584126823660033551e+04 0.000000000000000000e+00
-1.080336773831619581e+02 -1.080563458338764207e+02 1.544268052179823339e-02 3.554335013387299114e+04 0.000000000000000000e+00
-1.081052496042578071e+02 -1.081012085342991895e+02 9.223872182798315694e-03 6.933503545976626810e+03 0.000000000000000000e+00
-9.859026093781760380e+01 -9.860932064832958588e+01 2.344643682925366332e-02 6.873563985799145485e+03 0.000000000000000000e+00
-1.069114237173490380e+02 -1.069134311588503721e+02 1.580251688812949265e-02 6.835599999861484321e+03 0.000000000000000000e+00
-1.106933009817490614e+02 -1.106975029236935342e+02 8.002436779683928456e-03 6.776962368322411749e+03 0.000000000000000000e+00
-9.987217810382499295e+01 -9.988164559289927524e+01 9.248119438719349869e-03 6.720340581833783290e+03 0.000000000000000000e+00
-9.915054941630336316e+01 -9.915183439139258326e+01 1.478553424411119949e-02 6.670282480743074302e+03 0.000000000000000000e+00
-9.857978687450784605e+01 -9.861595324748900282e+01 1.735469555992723636e-02 6.614134627180342250e+03 0.000000000000000000e+00
-9.987548340755957099e+01 -9.989299330394970866e+01 9.300352475682789610e-03 6.631236283262353027e+03 0.000000000000000000e+00
-1.025293963973918210e+02 -1.025245256474126307e+02 6.984312290771034319e-03 6.597639368719998856e+03 0.000000000000000000e+00
-1.052506070928521780e+02 -1.052486479286998531e+02 7.061918394645799908e-03 6.545569932384210006e+03 0.000000000000000000e+00
-1.053139012696332770e+02 -1.053121899421557544e+02 6.239750185904832831e-03 6.492735471887554013e+03 0.000000000000000000e+00
-1.080615464005894637e+02 -1.080489185910219874e+02 1.250573391900156386e-02 3.271145203268578189e+04 0.000000000000000000e+00
-1.016706215900405965e+02 -1.017249219100158371e+02 2.632808482681348386e-02 3.246165892530441124e+04 0.000000000000000000e+00
-9.975857289607186829e+01 -9.975589526241566318e+01 9.428606561980946987e-03 6.400913391963297727e+03 0.000000000000000000e+00
-9.713082878352004457e+01 -9.713587496969512358e+01 7.976974186868534059e-03 6.350942939616523290e+03 0.000000000000000000e+00
-1.016325434141600681e+02 -1.016325633494523260e+02 1.501878788692868720e-02 6.303154109407681972e+03 0.000000000000000000e+00
-9.700322980600425637e+01 -9.698032227751787104e+01 2.611657009503121421e-02 3.165956565867846803e+04 0.000000000000000000e+00
-1.052590671975684558e+02 -1.052590826081283382e+02 7.371689417107672032e-03 6.206190848590451424e+03 0.000000000000000000e+00
-1.079414227196059528e+02 -1.079446854626258130e+02 7.774732896290925503e-03 6.158753096851738519e+03 0.000000000000000000e+00
-1.026162824593752418e+02 -1.026112595296989696e+02 3.395501499220350376e-03 1.108855525670424868e+03 0.000000000000000000e+00
-1.052474966745287901e+02 -1.052454866536018301e+02 5.905349120251667840e-03 6.066659620324939169e+03 0.000000000000000000e+00
-1.080826262534887690e+02 -1.080810278334391938e+02 8.022048823765622061e-03 6.021678748019879094e+03 0.000000000000000000e+00
-1.106945158463144026e+02 -1.106973051990640045e+02 6.766497456287754765e-03 5.977135717291086621e+03 0.000000000000000000e+00
-9.921327820220027149e+01 -9.917210213270340091e+01 1.889937095759206681e-02 3.010637511183617971e+04 0.000000000000000000e+00
-1.080551495964091941e+02 -1.080557787119492019e+02 5.076307484875071038e-03 5.953672057071279596e+03 0.000000000000000000e+00
-1.052292534060612326e+02 -1.052227031770277677e+02 7.945888780632896775e-03 5.910480412178412735e+03 0.000000000000000000e+00
-1.053242318957189099e+02 -1.053297431698910316e+02 6.807501530693476667e-03 5.870806990354335539e+03 0.000000000000000000e+00
-1.044212073599377817e+02 -1.044283173235363478e+02 1.604128845280436769e-02 5.830487041288069122e+03 0.000000000000000000e+00
-1.005950231902275220e+02 -1.006011064691120112e+02 1.741170572758439852e-02 5.792170671715810386e+03 0.000000000000000000e+00
-1.107740374336046614e+02 -1.107746140241511910e+02 6.870541651468701876e-03 5.752594581237013699e+03 0.000000000000000000e+00
-9.655537277673622043e+01 -9.652299110749622457e+01 1.553332977008180411e-02 5.712327685663050943e+03 0.000000000000000000e+00
-9.704276914316363900e+01 -9.704065238800427551e+01 1.024944282677225232e-02 5.726517915444138453e+03 0.000000000000000000e+00
-1.079769462010458199e+02 -1.079764957181274667e+02 5.301287699129622263e-03 5.687146634928019921e+03 0.000000000000000000e+00
-1.025465130887654652e+02 -1.025438194922026724e+02 5.840127746234723832e-03 5.648150530302557854e+03 0.000000000000000000e+00
-1.024751386867588252e+02 -1.024689345788224699e+02 7.125208976077494934e-03 5.610322764493398608e+03 0.000000000000000000e+00
-1.025465997859638065e+02 -1.025475052300525505e+02 6.274404257419483218e-03 5.574629268855410373e+03 0.000000000000000000e+00
-9.985768605672608089e+01 -9.986635631805773983e+01 6.846535803883954142e-03 5.537176813684639455e+03 0.000000000000000000e+00
-9.993416745606836571e+01 -9.994154797998844231e+01 9.262580824363765911e-03 5.504047937030488356e+03 0.000000000000000000e+00
-1.080188256790627150e+02 -1.080217036954988288e+02 6.408765816773179767e-03 5.472026695445568294e+03 0.000000000000000000e+00
-1.041777785410810822e+02 -1.041964192480768361e+02 1.588421235456016420e-02 5.436420490914067159e+03 0.000000000000000000e+00
-1.024792090610490050e+02 -1.024768040601532704e+02 4.868385120291354382e-03 5.415765189642111181e+03 0.000000000000000000e+00
-1.053635901705793998e+02 -1.053639380950606039e+02 5.034938294187240627e-03 5.381027840502705658e+03 0.000000000000000000e+00
-1.079431831982467997e+02 -1.079449197849995983e+02 7.568756303182692761e-03 5.346288234099342844e+03 0.000000000000000000e+00
-1.080289990592624321e+02 -1.080208480039902099e+02 1.085692357786991434e-02 2.679524560116845169e+04 0.000000000000000000e+00
-9.907744245120539972e+01 -9.908064404677675441e+01 1.096821333692164085e-02 5.278312040753738074e+03 0.000000000000000000e+00
-1.080537503890062538e+02 -1.080530524727532082e+02 4.135045228163079963e-03 5.245430911439309057e+03 0.000000000000000000e+00
-1.052880386677435922e+02 -1.052849311671305088e+02 4.379984044655919548e-03 5.212424674223937473e+03 0.000000000000000000e+00
-1.052654524101694307e+02 -1.052666144510527175e+02 5.313386632186213772e-03 5.180526751894876725e+03 0.000000000000000000e+00
-1.053573577956357923e+02 -1.053586105323544615e+02 4.503585077685807493e-03 5.148332490975784822e+03 0.000000000000000000e+00
-9.912351559280168090e+01 -9.912578600398241235e+01 1.706303070044675255e-02 2.583677821220937767e+04 0.000000000000000000e+00
-9.995846410614048239e+01 -9.996754601488773062e+01 8.316370032699039669e-03 5.085204243399843108e+03 0.000000000000000000e+00
-1.081061005851762502e+02 -1.081016902812983176e+02 5.504810322154707163e-03 5.059542865302334576e+03 0.000000000000000000e+00
-1.080737678172341987e+02 -1.080762072309501463e+02 5.408413924011021279e-03 5.029742067782693994e+03 0.000000000000000000e+00
-1.054294091746335482e+02 -1.054279367827211757e+02 6.988917301852264410e-03 4.999781610766717677e+03 0.000000000000000000e+00
-1.052205113191738235e+02 -1.052208272324789959e+02 5.373513108284926065e-03 4.969755859579619027e+03 0.000000000000000000e+00
-1.017604686728689387e+02 -1.017686802826313937e+02 1.267806073617681190e-02 4.940138169715628464e+03 0.000000000000000000e+00
-1.009582317759192591e+02 -1.009334867079173534e+02 1.265175897424280008e-02 4.913664283958753913e+03 0.000000000000000000e+00
-1.081302087118891961e+02 -1.081278328599219662e+02 6.302411211197521228e-03 4.913246475704101613e+03 0.000000000000000000e+00
-1.106607570677770269e+02 -1.106681734496287817e+02 8.422988918723060478e-03 4.884582084564925026e+03 0.000000000000000000e+00
-1.053408579969876655e+02 -1.053377834615721156e+02 4.190552534327750614e-03 4.859189074237836394e+03 0.000000000000000000e+00
-1.069098555968515285e+02 -1.069135305183926192e+02 1.053917102272076099e-02 4.831653697399116027e+03 0.000000000000000000e+00
-1.107208978633501602e+02 -1.107240104923371575e+02 6.284118078507682989e-03 4.804627907240570494e+03 0.000000000000000000e+00
-1.052322051618681940e+02 -1.052305808578528001e+02 5.517708623177639340e-03 4.777686323804355197e+03 0.000000000000000000e+00
-1.052607948686089117e+02 -1.052636238599145173e+02 8.083721658831571205e-03 2.385991269122944504e+04 0.000000000000000000e+00
-1.025848532631976582e+02 -1.025848499657052315e+02 4.870893620950601105e-03 4.723952124814051786e+03 0.000000000000000000e+00
-1.081084977143322590e+02 -1.081068936805710621e+02 5.328228934698263190e-03 4.697398695999073425e+03 0.000000000000000000e+00
-1.053559195450654471e+02 -1.053546339085478820e+02 4.242272623482480111e-03 4.671204943332155381e+03 0.000000000000000000e+00
-1.052575471389634174e+02 -1.052569535863787706e+02 3.687285708661008996e-03 4.645308734329863910e+03 0.000000000000000000e+00
-1.107755181901848545e+02 -1.107764397575832191e+02 5.203817228308981434e-03 4.619666082865262069e+03 0.000000000000000000e+00
-1.026602687618465097e+02 -1.026605051523631715e+02 7.533179429110975142e-03 4.594297673791040324e+03 0.000000000000000000e+00
-1.052837344541243283e+02 -1.052795768408224149e+02 2.294872491885675304e-03 8.816615306743589144e+02 0.000000000000000000e+00
-1.027171161048830896e+02 -1.027201697113930408e+02 6.943332449602854055e-03 4.544588423119825165e+03 0.000000000000000000e+00
-1.080322652050105035e+02 -1.080298810653764860e+02 4.010161773047804523e-03 4.520865681848413260e+03 0.000000000000000000e+00
-1.018354023690306462e+02 -1.018332609027479805e+02 7.921688129756394511e-03 4.496843079240521547e+03 0.000000000000000000e+00
-1.052847572060943833e+02 -1.052879689179466283e+02 4.934193071130186722e-03 4.473101027376254933e+03 0.000000000000000000e+00
-1.107228556580442813e+02 -1.107274104969864368e+02 5.582639476044697936e-03 4.449670306478654311e+03 0.000000000000000000e+00
-9.992172136801542592e+01 -9.992252206698100281e+01 4.460650455221244412e-03 4.427185001484458553e+03 0.000000000000000000e+00
-1.053275497048087885e+02 -1.053261049869969810e+02 3.760276498688967621e-03 4.403908740136076631e+03 0.000000000000000000e+00
-1.081017178568969683e+02 -1.080996698327341790e+02 7.004680076670643032e-03 4.380944926798745655e+03 0.000000000000000000e+00
-1.080544124814477556e+02 -1.080514907675174783e+02 4.642156441416819476e-03 4.358190302428712130e+03 0.000000000000000000e+00
-1.107744364269112083e+02 -1.107747020265177724e+02 4.735673241745330490e-03 4.336019563675875361e+03 0.000000000000000000e+00
-1.054717816978174056e+02 -1.054708864047264996e+02 8.386791319881473084e-03 4.313632671599492824e+03 0.000000000000000000e+00
-1.081011095805062752e+02 -1.080975587394454180e+02 4.712810319235567237e-03 4.291410228009086495e+03 0.000000000000000000e+00
-1.053091417660649967e+02 -1.053118122089764626e+02 4.607748119442517561e-03 4.270035175242810510e+03 0.000000000000000000e+00
-9.724708033734296464e+01 -9.725241377612130123e+01 6.755484590945203330e-03 4.248641073588159998e+03 0.000000000000000000e+00
-1.053347605499590287e+02 -1.053331395593042004e+02 2.486543975910174200e-03 4.228677461973781647e+03 0.000000000000000000e+00
-1.025439371368206025e+02 -1.025434244037910219e+02 5.042422653372731316e-03 4.207594317857649003e+03 0.000000000000000000e+00
-9.985491205225447686e+01 -9.985723215671680464e+01 6.049695141841809030e-03 4.186566693537411993e+03 0.000000000000000000e+00
-1.053100509926953663e+02 -1.053107719141093668e+02 4.540514394156071332e-03 4.165888533089525481e+03 0.000000000000000000e+00
-1.079981473634889397e+02 -1.079987944779213223e+02 3.236888676657171966e-03 4.145249061820997667e+03 0.000000000000000000e+00
-1.107755037414326438e+02 -1.107764485879233689e+02 4.433638704388348159e-03 4.124810599219034884e+03 0.000000000000000000e+00
-1.054280973870819764e+02 -1.054316409608392462e+02 5.320415981567201864e-03 4.104610230040139868e+03 0.000000000000000000e+00
-1.053960143124752875e+02 -1.053957621963575804e+02 8.932563573201698914e-03 2.053122958355800438e+04 0.000000000000000000e+00
-1.054087829050514387e+02 -1.054103147545281161e+02 4.484384156455389556e-03 4.065665595329506687e+03 0.000000000000000000e+00
-1.053350414887349871e+02 -1.053333863875792815e+02 2.373171956092517965e-03 4.046162642550912096e+03 0.000000000000000000e+00
-1.053450474342483432e+02 -1.053442516478654483e+02 3.946057024999165275e-03 4.026875215563206893e+03 0.000000000000000000e+00
-1.053095981769748590e+02 -1.053094111131718194e+02 3.556845392557765259e-03 4.007616069489155961e+03 0.000000000000000000e+00
-1.080489399780870912e+02 -1.080469855101645322e+02 4.548479716166503942e-03 3.988523748513192459e+03 0.000000000000000000e+00
-9.992870369488720428e+01 -9.993230524852124574e+01 4.856610729802579400e-03 3.969766079530324987e+03 0.000000000000000000e+00
-1.041495672774872929e+02 -1.041658821268181754e+02 1.040314981629172214e-02 3.951773406962108311e+03 0.000000000000000000e+00
-1.035486814152974944e+02 -1.035095789724112905e+02 9.912094817174168376e-03 3.942185824849445908e+03 0.000000000000000000e+00
-1.052941577931245973e+02 -1.052958659739064302e+02 4.968814719805880915e-03 3.982623953137128865e+03 0.000000000000000000e+00
-1.052590646988543170e+02 -1.052595192523285590e+02 4.235727145238335142e-03 3.964225594285259376e+03 0.000000000000000000e+00
-1.045712838460422063e+02 -1.045781393247197997e+02 7.517902696200703776e-03 3.945856628844305760e+03 0.000000000000000000e+00
-1.081206199675535089e+02 -1.081219321477225748e+02 7.114386720031650076e-03 1.957133328028890173e+04 0.000000000000000000e+00
-1.053413459016367000e+02 -1.053413541894015708e+02 3.920334632053847773e-03 3.911590763009358398e+03 0.000000000000000000e+00
-1.080760125083039327e+02 -1.080759426204057547e+02 3.145126091487275045e-03 3.893713710159163384e+03 0.000000000000000000e+00
-1.053857289720804005e+02 -1.053865808712589427e+02 3.659391927478186819e-03 3.875990845093727330e+03 0.000000000000000000e+00
-1.052764987013201505e+02 -1.052789383696449335e+02 3.354009716652292007e-03 3.858464004282425776e+03 0.000000000000000000e+00
-1.053478880613561444e+02 -1.053462249720422221e+02 4.449719934051713996e-03 3.841232903571552015e+03 0.000000000000000000e+00
-1.013396099228252609e+02 -1.013632482029369726e+02 1.007063890227700986e-02 3.824086757300134650e+03 0.000000000000000000e+00
-1.080686170406157913e+02 -1.080674280670853591e+02 4.274457646556304759e-03 3.827849230446719503e+03 0.000000000000000000e+00
-1.079905844514608191e+02 -1.079901115603856425e+02 4.354526340901779084e-03 3.810872706854768694e+03 0.000000000000000000e+00
-9.986756064975199365e+01 -9.988043946657582239e+01 5.380313981129131347e-03 3.793994603509074295e+03 0.000000000000000000e+00
-1.054291937770971543e+02 -1.054281358353669162e+02 4.523306951906455944e-03 3.783651235035337322e+03 0.000000000000000000e+00
-1.053293779541554187e+02 -1.053285179338215301e+02 4.560786525540539739e-03 3.767034764310349146e+03 0.000000000000000000e+00
-1.053380092599599038e+02 -1.053366561427028074e+02 2.909696380799832883e-03 3.750602728833651781e+03 0.000000000000000000e+00
-1.026381267209969508e+02 -1.026405695663184474e+02 2.627182690162412071e-03 3.734394087412958470e+03 0.000000000000000000e+00
-1.054351561819718057e+02 -1.054315830226739052e+02 5.048167753933407997e-03 3.718444435174006230e+03 0.000000000000000000e+00
-1.052524415322918827e+02 -1.052524374634110416e+02 1.805235646741433280e-03 7.581347344878585091e+02 0.000000000000000000e+00
-1.080720468218407859e+02 -1.080713584881232379e+02 3.179211224683732486e-03 3.687071759302167266e+03 0.000000000000000000e+00
-1.025054876032089197e+02 -1.025033744694344620e+02 3.547743664191774400e-03 3.671317798110922013e+03 0.000000000000000000e+00
-1.080212232803045680e+02 -1.080232495752580917e+02 3.974649548618955190e-03 3.655933308796672009e+03 0.000000000000000000e+00
-9.913863546677242766e+01 -9.912905750500995339e+01 8.937690024186923168e-03 3.640573857412148755e+03 0.000000000000000000e+00
-1.026160888730243528e+02 -1.026159776772244783e+02 2.729448160403007053e-03 3.629082983781823259e+03 0.000000000000000000e+00
-1.025186357539236326e+02 -1.025207223560089602e+02 3.894587702950870825e-03 3.613833835908317724e+03 0.000000000000000000e+00
-1.080239930203110958e+02 -1.080237334773404427e+02 3.792759635233553406e-03 3.598844112824922377e+03 0.000000000000000000e+00
-1.026979327241496378e+02 -1.026995374904190186e+02 4.694959490630751589e-03 3.583833395495451896e+03 0.000000000000000000e+00
-1.014409894984210325e+02 -1.014689112970149978e+02 7.400032336622529294e-03 3.569132440665927334e+03 0.000000000000000000e+00
-1.052825641595765092e+02 -1.052819710917291474e+02 3.051179612858438261e-03 3.578906105445543744e+03 0.000000000000000000e+00
-1.026018828066722506e+02 -1.026006377165609393e+02 3.511806456868779049e-03 3.564192521220137678e+03 0.000000000000000000e+00
-9.986229657124275150e+01 -9.986200293641637415e+01 5.075234536435341975e-03 3.549659787449677424e+03 0.000000000000000000e+00
-1.080797495013847538e+02 -1.080798801035597876e+02 3.027537214688514212e-03 3.535168926642139468e+03 0.000000000000000000e+00
-1.022925300495007264e+02 -1.022642527020345398e+02 1.617429328876912945e-02 3.520780521562871854e+03 0.000000000000000000e+00
-1.034318592309260367e+02 -1.034313339216461856e+02 9.105203524272076354e-03 3.521774857239232006e+03 0.000000000000000000e+00
-1.107752304189871921e+02 -1.107766604553860503e+02 3.793283386374948253e-03 3.507501694077474440e+03 0.000000000000000000e+00
-1.080553346990785570e+02 -1.080543568450957679e+02 2.544294070204199121e-03 3.493489627189838757e+03 0.000000000000000000e+00
-1.017163124485704628e+02 -1.017429663469654457e+02 9.136180965877618160e-03 3.479545856541382364e+03 0.000000000000000000e+00
-1.079974802780038772e+02 -1.079985419262570616e+02 3.095042904501055757e-03 3.488381303589078470e+03 0.000000000000000000e+00
-1.053148059774433278e+02 -1.053143013364577598e+02 3.055839678104585802e-03 3.474541030643959857e+03 0.000000000000000000e+00
-1.025979167298836643e+02 -1.025968837011442076e+02 3.968825873037310457e-03 3.460816253241833692e+03 0.000000000000000000e+00
-1.026629917703907466e+02 -1.026639143847183107e+02 3.662657145188279086e-03 3.447225054307516530e+03 0.000000000000000000e+00
-1.025664781698550314e+02 -1.025642764541757828e+02 2.624909454662486402e-03 3.433755442847122140e+03 0.000000000000000000e+00
-1.053431274898570678e+02 -1.053431960298098886e+02 3.077505475539801024e-03 3.420605896405526437e+03 0.000000000000000000e+00
-9.929694950931032338e+01 -9.931070365713581793e+01 8.705904260884753457e-03 3.407286357321691412e+03 0.000000000000000000e+00
-1.053305218981755189e+02 -1.053292462004134222e+02 2.004469893191869467e-03 3.400221400112173797e+03 0.000000000000000000e+00
-1.018513478289351610e+02 -1.018457069971436511e+02 7.492989206671720782e-03 3.387177192034416294e+03 0.000000000000000000e+00
-9.751234969289576782e+01 -9.747755926238940560e+01 2.462509918607081599e-02 1.657351397383221411e+04 0.000000000000000000e+00
-1.025440693883718950e+02 -1.025418531702953828e+02 3.067907875120815149e-03 3.383762909911687075e+03 0.000000000000000000e+00
-1.079846150211326545e+02 -1.079835743931601542e+02 3.831842087931152611e-03 3.371108418087569135e+03 0.000000000000000000e+00
-1.053187383860461068e+02 -1.053158526813001572e+02 4.493491870923592424e-03 3.358316016001909247e+03 0.000000000000000000e+00
-1.041744939398487872e+02 -1.041971048723147959e+02 8.140615367064686289e-03 3.345820745767323388e+03 0.000000000000000000e+00
-9.441139448628102571e+01 -9.441456130164269211e+01 1.026159946935850491e-02 3.348846870673574358e+03 0.000000000000000000e+00
-1.054238997474888890e+02 -1.054223597853707304e+02 4.142649797638842113e-03 3.336619709111146221e+03 0.000000000000000000e+00
-1.053350005909711200e+02 -1.053336020130385577e+02 3.136232866612260334e-03 3.324149357196578421e+03 0.000000000000000000e+00
-1.080754865973832466e+02 -1.080741192417193446e+02 2.946223709829614342e-03 3.311816485162367371e+03 0.000000000000000000e+00
-1.015721183977839672e+02 -1.015897292945970065e+02 6.576848591993475664e-03 3.299564093391251845e+03 0.000000000000000000e+00
-1.107202416785146113e+02 -1.107235693913323047e+02 3.585748646022385907e-03 3.298101701485448302e+03 0.000000000000000000e+00
-1.054235176266807628e+02 -1.054275894556988078e+02 6.830332897135085561e-03 1.603351692247022402e+04 0.000000000000000000e+00
-1.024891192817760128e+02 -1.024857765384276433e+02 4.134605716018846175e-03 3.274241132735548490e+03 0.000000000000000000e+00
-1.041564647422058414e+02 -1.041755531329126541e+02 6.969809257633389002e-03 3.262628737613197245e+03 0.000000000000000000e+00
-1.025385563737026615e+02 -1.025367837839803542e+02 3.283109297119631616e-03 3.261514512594129883e+03 0.000000000000000000e+00
-9.718657361300566322e+01 -9.718921636548819265e+01 5.324648396517099938e-03 3.249816026434127252e+03 0.000000000000000000e+00
-1.080015691110899496e+02 -1.080013234768895245e+02 2.488229985364119514e-03 3.238271061582774109e+03 0.000000000000000000e+00
-1.053996189099835590e+02 -1.053999365977109903e+02 3.421998720374377218e-03 3.226572122347597997e+03 0.000000000000000000e+00
-1.026585275636043093e+02 -1.026597929283607726e+02 3.122612759337413564e-03 3.214963865536924004e+03 0.000000000000000000e+00
-1.081244876457976858e+02 -1.081233721364921792e+02 3.281493726199380921e-03 3.203503952285286687e+03 0.000000000000000000e+00
-1.027104414173743550e+02 -1.027108330461762051e+02 4.856450972457793981e-03 3.192073640578104005e+03 0.000000000000000000e+00
-1.054046078832557072e+02 -1.054031531830492412e+02 3.634067539746164369e-03 3.180734649712315331e+03 0.000000000000000000e+00
-1.080789677576521655e+02 -1.080782100735755904e+02 3.231432446460155532e-03 3.169496051833518322e+03 0.000000000000000000e+00
-1.052857286264187593e+02 -1.052852363291978151e+02 2.568258349714096136e-03 3.158301566887674653e+03 0.000000000000000000e+00
-1.026803178118238407e+02 -1.026841606991983014e+02 3.237550402947272400e-03 3.147189351205357525e+03 0.000000000000000000e+00
-1.080971615036136910e+02 -1.080954987661820184e+02 4.682896922667814307e-03 3.136681469108491001e+03 0.000000000000000000e+00
-9.985271762171160503e+01 -9.985482379210186821e+01 3.154584576160618121e-03 3.125778938454369836e+03 0.000000000000000000e+00
-1.053400571530575291e+02 -1.053412331915744460e+02 3.457777402856682895e-03 3.114999889239025379e+03 0.000000000000000000e+00
-1.024934570890216747e+02 -1.024785792140469880e+02 6.594343916783286345e-03 1.519516147511535200e+04 0.000000000000000000e+00
-1.025990015892358116e+02 -1.026006334310405919e+02 3.137540524275947169e-03 3.094620886652195622e+03 0.000000000000000000e+00
-1.031873712660889879e+02 -1.031849562025877418e+02 8.779244020479248789e-03 3.084022160891233852e+03 0.000000000000000000e+00
-1.035474101738193298e+02 -1.035362695819744232e+02 7.604919443971386479e-03 3.073282012652531193e+03 0.000000000000000000e+00
-1.080290791381992506e+02 -1.080208505811454813e+02 5.357333559128021373e-03 1.499585720576461608e+04 0.000000000000000000e+00
-1.030298308924885617e+02 -1.029952333801809630e+02 1.439027307695526711e-02 3.056381382285202562e+03 0.000000000000000000e+00
-9.722121174588444603e+01 -9.723022366965808772e+01 4.641027537068553518e-03 3.070399267616092402e+03 0.000000000000000000e+00
-1.107141901433916473e+02 -1.107184345033044934e+02 3.727666493609959036e-03 3.062697763032879720e+03 0.000000000000000000e+00
-1.052834090991149907e+02 -1.052725944493068084e+02 5.449086571277170221e-03 1.480012986552070652e+04 0.000000000000000000e+00
-9.714706727778251150e+01 -9.714508766001404183e+01 3.881445332125851421e-03 3.043237359073129028e+03 0.000000000000000000e+00
-9.984610434126967959e+01 -9.984358798505556365e+01 6.741029884335782499e-03 3.033204140080625166e+03 0.000000000000000000e+00
-1.016995469451305638e+02 -1.017238201439283500e+02 5.806309836981265494e-03 3.022991897764979967e+03 0.000000000000000000e+00
-1.015646068089580325e+02 -1.015653018006599808e+02 5.828154946495775306e-03 3.029465899295807048e+03 0.000000000000000000e+00
-1.053550668706286757e+02 -1.053554529214759583e+02 2.757114844430659257e-03 3.019422985932805659e+03 0.000000000000000000e+00
-1.080125644232647915e+02 -1.080131860231354750e+02 3.445910988542128309e-03 3.009416782432384025e+03 0.000000000000000000e+00
-1.080291875596620201e+02 -1.080214220116506567e+02 5.522728193927723891e-03 1.453465864762684760e+04 0.000000000000000000e+00
-1.107199256791208626e+02 -1.107235110536627758e+02 3.165135218531591604e-03 2.989706073358850972e+03 0.000000000000000000e+00
-1.054025321950716858e+02 -1.054010092945949992e+02 2.498264510767250150e-03 2.980317882502311022e+03 0.000000000000000000e+00
-1.107762102279512675e+02 -1.107737234886719904e+02 5.783382990730547187e-03 1.439408540239496142e+04 0.000000000000000000e+00
-9.965675030661807909e+01 -9.956436697788721801e+01 8.177652742804098276e-03 2.960955354874712611e+03 0.000000000000000000e+00
-1.080759558185072535e+02 -1.080756430403376385e+02 2.212190905941927108e-03 3.179851171596096719e+03 0.000000000000000000e+00
-9.984972079821970681e+01 -9.985073584453904516e+01 2.631774673532181336e-03 3.169555782697706945e+03 0.000000000000000000e+00
-1.080642985085613361e+02 -1.080585226766653477e+02 2.544356294328594705e-03 7.335148547289960561e+02 0.000000000000000000e+00
-1.080543083322689455e+02 -1.080534207890203362e+02 1.865720754629965686e-03 3.149437389061242811e+03 0.000000000000000000e+00
-9.929788077539804192e+01 -9.928445086043370793e+01 6.443031711892092256e-03 3.139366404662820514e+03 0.000000000000000000e+00
-1.026526320367602807e+02 -1.026558848093364702e+02 3.094572408040826249e-03 3.134352566182083592e+03 0.000000000000000000e+00
-1.025591769561416129e+02 -1.025560435267788506e+02 2.737613604788532475e-03 3.124679592717327523e+03 0.000000000000000000e+00
-1.079990085586239701e+02 -1.079987519434021408e+02 2.342921651399308604e-03 3.115147781747313275e+03 0.000000000000000000e+00
-1.052867612191216864e+02 -1.052849940618012283e+02 2.899774408969275040e-03 3.105283074071018291e+03 0.000000000000000000e+00
-1.019202873446234605e+02 -1.019220694432050749e+02 8.294665791053170562e-03 3.095598133111621792e+03 0.000000000000000000e+00
-1.080557681788681208e+02 -1.080536539341878068e+02 3.072696212829303421e-03 3.085974105131212582e+03 0.000000000000000000e+00
-1.025973563959919517e+02 -1.025937590878865251e+02 5.131839878491970160e-03 3.076423084809699048e+03 0.000000000000000000e+00
-1.018200916888927452e+02 -1.018290065615768896e+02 5.097176220760320751e-03 3.067099896949343474e+03 0.000000000000000000e+00
-1.081247910428272974e+02 -1.081226575233053069e+02 2.984210663580543106e-03 3.059538403101526455e+03 0.000000000000000000e+00
-1.026341086160087031e+02 -1.026374579258895494e+02 2.800692367222035357e-03 3.050132135133958855e+03 0.000000000000000000e+00
-1.042770666483650928e+02 -1.042843846276680182e+02 6.284558513008294683e-03 3.040973737892948520e+03 0.000000000000000000e+00
-9.991223897282824851e+01 -9.991674140875255716e+01 3.235567987921442526e-03 3.032872712920402591e+03 0.000000000000000000e+00
-1.053146732799221894e+02 -1.053131612908180017e+02 1.629846514184973144e-03 7.102645522457502238e+02 0.000000000000000000e+00
-1.081109755708157252e+02 -1.081078870644854106e+02 2.888221185005640859e-03 3.014951576941059557e+03 0.000000000000000000e+00
-1.018877900918515707e+02 -1.019408938795479855e+02 1.602104496332213551e-02 3.005970365915810817e+03 0.000000000000000000e+00
-1.053656147675520458e+02 -1.053642663493189531e+02 2.463475503571077325e-03 3.044068651793729259e+03 0.000000000000000000e+00
-1.107747207113030896e+02 -1.107758762298992536e+02 3.136929240911717764e-03 3.034865280009689286e+03 0.000000000000000000e+00
-1.053175272449173860e+02 -1.053156931149296156e+02 3.722712350865719274e-03 3.025705791677195975e+03 0.000000000000000000e+00
-1.052613679920043239e+02 -1.052607964908197715e+02 2.263946778175477369e-03 3.016619085244907637e+03 0.000000000000000000e+00
-9.648376936035317897e+01 -9.651572948977573674e+01 7.870452541110730879e-03 3.007548935964685370e+03 0.000000000000000000e+00
-9.993622892113408795e+01 -9.993952879163315117e+01 4.477669044963665697e-03 3.022796716627796286e+03 0.000000000000000000e+00
-1.052689825521537728e+02 -1.052680420313028549e+02 3.183394431551640757e-03 3.014232445076322620e+03 0.000000000000000000e+00
-1.053646970791510142e+02 -1.053640786891064636e+02 2.414686787199273738e-03 3.005256860673620395e+03 0.000000000000000000e+00
-1.107725618201532711e+02 -1.107747769429436886e+02 3.040064689098396274e-03 2.996317301053110441e+03 0.000000000000000000e+00
-1.027235244124919404e+02 -1.027228510885278610e+02 4.377231757841941635e-03 2.987570369965268128e+03 0.000000000000000000e+00
-1.044733257259074861e+02 -1.044705163051675640e+02 9.902476497527209001e-03 2.978721251330353880e+03 0.000000000000000000e+00
-9.985563760615346496e+01 -9.985432142733515093e+01 3.149018440352258953e-03 2.970023202424752071e+03 0.000000000000000000e+00
-1.014144446271529034e+02 -1.014327861864189231e+02 7.333764224340524017e-03 2.961352666714265524e+03 0.000000000000000000e+00
-1.014301760028244388e+02 -1.014538554470001372e+02 5.873011555323259629e-03 2.961006928421316388e+03 0.000000000000000000e+00
-1.079840994069229083e+02 -1.079843294881208919e+02 2.860318879959385888e-03 2.966204134156786040e+03 0.000000000000000000e+00
-9.708776927131151524e+01 -9.709263178857867160e+01 4.584325803940802156e-03 2.957549873275615937e+03 0.000000000000000000e+00
-1.080831582595933327e+02 -1.080795264356468550e+02 3.754521927114397219e-03 2.949419981892205669e+03 0.000000000000000000e+00
-9.975565231147712097e+01 -9.975567787605666581e+01 4.009933279045150081e-03 2.941184551920937338e+03 0.000000000000000000e+00
-1.054318349040558047e+02 -1.054309033847344637e+02 3.361661873696793462e-03 2.932687233456877038e+03 0.000000000000000000e+00
-1.053800967442965941e+02 -1.053767177075037154e+02 5.189316532010273750e-03 1.322042846395428205e+04 0.000000000000000000e+00
-1.054098318101857927e+02 -1.054079901581354335e+02 2.264809840759457720e-03 2.916183681253626219e+03 0.000000000000000000e+00
-1.080996846124053121e+02 -1.080995356858848453e+02 3.941982773289074392e-03 2.907899160745589143e+03 0.000000000000000000e+00
-1.079944101581838964e+02 -1.079954682194718600e+02 2.532855067628959379e-03 2.899582779546613438e+03 0.000000000000000000e+00
-9.539687687276150996e+01 -9.546237110672949200e+01 1.152877506687348917e-02 2.891340127364681393e+03 0.000000000000000000e+00
-1.026895074857982451e+02 -1.026907890817735591e+02 2.672789008072939086e-03 2.969029003998180087e+03 0.000000000000000000e+00
-1.019828307165019510e+02 -1.019707521232549823e+02 6.086595083550421989e-03 2.960678427242990438e+03 0.000000000000000000e+00
-1.052828947117676819e+02 -1.052814979273642990e+02 2.282088964690352165e-03 2.956159030204123155e+03 0.000000000000000000e+00
-1.081051000753541445e+02 -1.081045640850153546e+02 5.217695138287340405e-03 1.309627391096296924e+04 0.000000000000000000e+00
-1.053771674058258156e+02 -1.053788281391436925e+02 3.177754531374769355e-03 2.940287458690864241e+03 0.000000000000000000e+00
-1.054091690266699430e+02 -1.054065025575237513e+02 2.390141659448490746e-03 2.932131321977359676e+03 0.000000000000000000e+00
-1.056232822809113401e+02 -1.055915837480619217e+02 9.375537602120318642e-03 2.924108845660239240e+03 0.000000000000000000e+00
-1.081205236083244614e+02 -1.081184457548251743e+02 3.108990840421431076e-03 2.937305329710224214e+03 0.000000000000000000e+00
-1.080750936432021803e+02 -1.080755590462323710e+02 1.954797088380449098e-03 2.929230654142745152e+03 0.000000000000000000e+00
-1.052950447794864459e+02 -1.052939115453600891e+02 3.404315181136961972e-03 2.921111304999394179e+03 0.000000000000000000e+00
-1.053616315137218180e+02 -1.053615825269737769e+02 2.471407237091271213e-03 2.913055206374594036e+03 0.000000000000000000e+00
-1.080208281052264141e+02 -1.080229946306658491e+02 2.619411840282154062e-03 2.905026692562301832e+03 0.000000000000000000e+00
-1.052866167488185027e+02 -1.052848706904985789e+02 2.116784390332250923e-03 2.897142732419077220e+03 0.000000000000000000e+00
-1.054079878977381810e+02 -1.054044185243794800e+02 1.770869200478288269e-03 7.441897925143269958e+02 0.000000000000000000e+00
-1.080552386299370511e+02 -1.080534643404485280e+02 2.789290564397356800e-03 2.881552383630854365e+03 0.000000000000000000e+00
-1.107744195398154687e+02 -1.107762735931994484e+02 2.742629713057530456e-03 2.873774296864961798e+03 0.000000000000000000e+00
-1.079840914891692591e+02 -1.079833239546800741e+02 2.994207877373374505e-03 2.866061286876423310e+03 0.000000000000000000e+00
-1.079885519869588677e+02 -1.079898822512804628e+02 2.994189795751426089e-03 2.858302078245890243e+03 0.000000000000000000e+00
-1.025119109781829962e+02 -1.025082923543451869e+02 2.433002424618188782e-03 2.850621896817092875e+03 0.000000000000000000e+00
-1.107740829784052750e+02 -1.107756189098567461e+02 2.807039302779036107e-03 2.843341944799223711e+03 0.000000000000000000e+00
-1.080707912953666181e+02 -1.080710973441539551e+02 2.071339023768820412e-03 2.835760913968314071e+03 0.000000000000000000e+00
-1.107153940027626930e+02 -1.107210658670564669e+02 2.969155923721906922e-03 2.828152473542445932e+03 0.000000000000000000e+00
-1.025261514966841361e+02 -1.025242517052525244e+02 3.342400307070753085e-03 2.821424917619346616e+03 0.000000000000000000e+00
-1.081103831614292119e+02 -1.081068387898339438e+02 2.780412170365414385e-03 2.813979777391826246e+03 0.000000000000000000e+00
-1.080599969051907578e+02 -1.080581647272126702e+02 2.198904580812118242e-03 2.806787825784993856e+03 0.000000000000000000e+00
-1.080601101629790861e+02 -1.080584205422795208e+02 2.557719455802915775e-03 2.799428618798753632e+03 0.000000000000000000e+00
-1.025736348827650630e+02 -1.025725717458966955e+02 2.510706625316435920e-03 2.792080538358453850e+03 0.000000000000000000e+00
-1.026346731841111648e+02 -1.026361240789260592e+02 1.913374348768970756e-03 2.784746924729565762e+03 0.000000000000000000e+00
-1.052345838231639448e+02 -1.052332096743349013e+02 2.953819332555372452e-03 2.777451220338817166e+03 0.000000000000000000e+00
-1.052635623570768075e+02 -1.052535886482361747e+02 5.775675282948347124e-03 1.221281069994607424e+04 0.000000000000000000e+00
-1.081057976887475576e+02 -1.081030281155149879e+02 2.570367507166044022e-03 2.763424995173458683e+03 0.000000000000000000e+00
-1.053805354972466546e+02 -1.053791145099657740e+02 1.967637949583841191e-03 7.103478646014365268e+02 0.000000000000000000e+00
-1.053546580585821033e+02 -1.053542534141339644e+02 2.094074756601479841e-03 2.749423796906446569e+03 0.000000000000000000e+00
-1.053771946817383736e+02 -1.053789166313975159e+02 2.949684844727424454e-03 2.742285403491411671e+03 0.000000000000000000e+00
-1.107744845701241161e+02 -1.107763215311283460e+02 2.553695899710368197e-03 2.735261286163737623e+03 0.000000000000000000e+00
-1.080578785503200123e+02 -1.080570446159472340e+02 2.378896398786213822e-03 2.728282762469882528e+03 0.000000000000000000e+00
-1.106606468710067617e+02 -1.106681040628558321e+02 3.951201851983552824e-03 2.721264001891690441e+03 0.000000000000000000e+00
-1.026135015335104157e+02 -1.026105921809375872e+02 3.055105729366618984e-03 1.196664247350578989e+04 0.000000000000000000e+00
-1.053051737233848257e+02 -1.053039603675823059e+02 2.183406298879171994e-03 2.709024171692596155e+03 0.000000000000000000e+00
-1.081058257359420054e+02 -1.081031800698903567e+02 2.488774074472489394e-03 2.702141538381265491e+03 0.000000000000000000e+00
-1.053038401607878143e+02 -1.053013022988372427e+02 2.138149109553249064e-03 2.695393887049588557e+03 0.000000000000000000e+00
-1.053615220073207723e+02 -1.053598487627008780e+02 1.726550566736009991e-03 2.688722247816392610e+03 0.000000000000000000e+00
-1.080570771135774208e+02 -1.080540016995902164e+02 3.344381264955887095e-03 1.181605464984873652e+04 0.000000000000000000e+00
-1.107184781044034878e+02 -1.107232949761860397e+02 2.519607430358624268e-03 2.675535708757628072e+03 0.000000000000000000e+00
-1.052823932888884002e+02 -1.052824949302583377e+02 2.157012315248780024e-03 2.669361378592791880e+03 0.000000000000000000e+00
-1.025622966529315505e+02 -1.025614203266871556e+02 2.304212668838962006e-03 2.662633339160896867e+03 0.000000000000000000e+00
-9.747584326446816760e+01 -9.757402018877738215e+01 1.182792405325764663e-02 2.655982537737973871e+03 0.000000000000000000e+00
-9.925724126333696518e+01 -9.924442834083046705e+01 6.129700477878299511e-03 2.813025384397696598e+03 0.000000000000000000e+00
-1.053501677190681107e+02 -1.053491682397905436e+02 1.785715727064487177e-03 2.809379153951890657e+03 0.000000000000000000e+00
-1.026077722094815101e+02 -1.026092634929411815e+02 2.126921854350368162e-03 2.802406805775884095e+03 0.000000000000000000e+00
-1.025324542499181462e+02 -1.025309939893398337e+02 3.095933097598780551e-03 2.795463892205402317e+03 0.000000000000000000e+00
-1.026012673741783630e+02 -1.026040157586083552e+02 2.756635793959581141e-03 2.788595572404901304e+03 0.000000000000000000e+00
-1.054089221090679018e+02 -1.054079795137834878e+02 2.312025915617467800e-03 2.781879191943189653e+03 0.000000000000000000e+00
-1.054752773342575409e+02 -1.054761295065633391e+02 4.121475223499426743e-03 2.775022960299819260e+03 0.000000000000000000e+00
-1.026256162123847986e+02 -1.026241246365269291e+02 2.728301055536132367e-03 2.768238210665561382e+03 0.000000000000000000e+00
-1.107735113437688454e+02 -1.107759183714966724e+02 2.592988642651008428e-03 2.761490384015199197e+03 0.000000000000000000e+00
-1.052502013462093231e+02 -1.052514420073981967e+02 4.005190614333769238e-03 2.754864834990547479e+03 0.000000000000000000e+00
-1.053057666892872959e+02 -1.053071463537786485e+02 2.501016909731459004e-03 2.748150302628855115e+03 0.000000000000000000e+00
-1.053024872190946724e+02 -1.053017134315905139e+02 2.129755442981046045e-03 2.741475153001147191e+03 0.000000000000000000e+00
-9.991880236482164435e+01 -9.992247052225913251e+01 2.248170937490224196e-03 2.734826290811063245e+03 0.000000000000000000e+00
-1.107739146889600761e+02 -1.107765827276755317e+02 2.445562777504775489e-03 2.728487443817726216e+03 0.000000000000000000e+00
-1.053352035453449105e+02 -1.053355965125819722e+02 1.760834997038831021e-03 2.722057260171152848e+03 0.000000000000000000e+00
-1.107736172222376325e+02 -1.107759260474146572e+02 2.516438892212778666e-03 2.715478279236946946e+03 0.000000000000000000e+00
-1.080532821532982837e+02 -1.080521475659629829e+02 2.365558740314836154e-03 2.709063963369259000e+03 0.000000000000000000e+00
-1.079208409535165316e+02 -1.079232881293875437e+02 2.987653445753211956e-03 2.702580423570596395e+03 0.000000000000000000e+00
-9.867719969810164571e+01 -9.870753236269142405e+01 5.081480365519919218e-03 2.696259079474705686e+03 0.000000000000000000e+00
-9.984431678410182087e+01 -9.984472358349573540e+01 2.351306347562084204e-03 2.708336172851515585e+03 0.000000000000000000e+00
-1.080572691795870810e+02 -1.080573282991056914e+02 2.267837660617199377e-03 2.701869554932869505e+03 0.000000000000000000e+00
-1.026737913472507557e+02 -1.026783009310147321e+02 2.782770673796470823e-03 2.695430964094073261e+03 0.000000000000000000e+00
-1.081028710077936523e+02 -1.080937968545225090e+02 5.764971570242520549e-03 1.117119173594855965e+04 0.000000000000000000e+00
-1.107152615923822623e+02 -1.107213134502314773e+02 2.696296176137038918e-03 2.683238868310579619e+03 0.000000000000000000e+00
-1.026192039157421192e+02 -1.026192371287599343e+02 2.694972827180927392e-03 2.677737991697921188e+03 0.000000000000000000e+00
-1.081100213100717582e+02 -1.081078004058627897e+02 2.268932951766001495e-03 2.671422277768587264e+03 0.000000000000000000e+00
-9.987922400538364798e+01 -9.988555380944112017e+01 3.014576869403373660e-03 2.665231822466578706e+03 0.000000000000000000e+00
-9.694054361714469792e+01 -9.693636295409619663e+01 7.968823786926692090e-03 2.659795394458095416e+03 0.000000000000000000e+00
-1.052621786738847760e+02 -1.052609409368125881e+02 1.984437900278000506e-03 2.653736211155215187e+03 0.000000000000000000e+00
-1.026134495086829759e+02 -1.026133285528372738e+02 1.674605605098925193e-03 2.647578027692664818e+03 0.000000000000000000e+00
-1.045391228113177249e+02 -1.045434410331463511e+02 4.695595603710508124e-03 2.641408552464062268e+03 0.000000000000000000e+00
-1.025338996039960620e+02 -1.025298393827123391e+02 2.750455164778902936e-03 2.635576238331050263e+03 0.000000000000000000e+00
