0.000000000000000000e+00 0.000000000000000000e+00 0.000000000000000000e+00 0.000000000000000000e+00 0.000000000000000000e+00
-1.030449506799149049e+02 -1.024902679538096493e+02 1.906226635950536430e-01 4.277931264357249165e+04 0.000000000000000000e+00
-1.026043058661669534e+02 -1.024885433199915070e+02 1.038406369093910486e-01 1.921192321664736955e+05 0.000000000000000000e+00
-9.645105805623340700e+01 -9.640709642979723526e+01 1.297753363624124801e-01 1.894855585283678083e+05 0.000000000000000000e+00
-1.054110802061876484e+02 -1.051614431123501561e+02 1.131419325014170196e-01 1.851083140522362373e+05 0.000000000000000000e+00
-1.052421340799956937e+02 -1.053228661388326657e+02 1.485460749776235378e-01 1.894446108436328941e+05 0.000000000000000000e+00
-9.218651177717372036e+01 -9.146099833777199706e+01 2.894235178835052880e-01 4.606325557966093038e+04 0.000000000000000000e+00
-1.082440523097803862e+02 -1.080655027570245892e+02 1.025694304257908640e-01 1.723995724318866394e+02 0.000000000000000000e+00
-9.976079622160321492e+01 -9.977836656789790482e+01 9.415976568724769569e-02 1.960045075755021535e+05 0.000000000000000000e+00
-1.070272849546335721e+02 -1.068978866589426246e+02 1.326901872357691692e-01 5.694212199461529963e+03 0.000000000000000000e+00
-1.080766817065323693e+02 -1.080232337056197878e+02 6.002845052317681146e-02 1.925909940065069532e+05 0.000000000000000000e+00
-1.019611831912500719e+02 -1.018057656120600143e+02 8.605810056186646850e-02 1.890674990011888149e+05 0.000000000000000000e+00
-1.041906318444049191e+02 -1.041053455564417902e+02 7.219793265471678712e-02 1.887489692584735458e+05 0.000000000000000000e+00
-1.079915070924624558e+02 -1.079739297914567970e+02 3.953564576498449362e-02 4.761813737261671486e+04 0.000000000000000000e+00
-1.054961490802094630e+02 -1.053975662832274054e+02 7.971357394785762163e-02 4.673930421581638075e+04 0.000000000000000000e+00
-1.024129587940429502e+02 -1.024491470260042263e+02 9.384277508403394974e-02 1.790869783717121172e+05 0.000000000000000000e+00
-1.053656988706714657e+02 -1.052946444692569514e+02 5.678107705024439816e-02 4.585410211666452233e+04 0.000000000000000000e+00
-1.052955169752723776e+02 -1.053171165465058294e+02 6.803545530263180319e-02 1.729971615401521558e+05 0.000000000000000000e+00
-1.083033254361123028e+02 -1.081503701034779965e+02 7.838504327215907452e-02 1.699189399538039579e+05 0.000000000000000000e+00
-1.080614354761521554e+02 -1.080765959919084196e+02 3.495640845089775101e-02 4.446005143323646917e+04 0.000000000000000000e+00
-9.971306780789755919e+01 -9.975465775884835296e+01 6.177202914751180746e-02 4.371381038246294338e+04 0.000000000000000000e+00
-1.053329309876903324e+02 -1.053203653508780206e+02 2.441471967420978662e-02 4.314376650759153563e+04 0.000000000000000000e+00
-1.051558377108202365e+02 -1.051905396290902956e+02 6.714497920169533451e-02 4.243942347563954536e+04 0.000000000000000000e+00
-1.081619196380050596e+02 -1.081060710336501387e+02 5.552516445087014169e-02 1.590496817475357384e+05 0.000000000000000000e+00
-1.013042159148734243e+02 -1.012575486452576286e+02 7.700933028183250262e-02 1.568608219027588784e+05 0.000000000000000000e+00
-9.712489982391635124e+01 -9.711964277421849090e+01 5.057954387674391122e-02 1.545897993064319598e+05 0.000000000000000000e+00
-9.712680981701909388e+01 -9.717381356073126142e+01 5.427144275196664480e-02 1.521407687076923612e+05 0.000000000000000000e+00
-1.011836819668195631e+02 -1.010150490229650870e+02 5.555966022688786643e-02 1.500510300882719457e+05 0.000000000000000000e+00
-9.989854812146448637e+01 -9.987239159469936567e+01 5.210875923410517724e-02 1.513876281784942548e+05 0.000000000000000000e+00
-1.080764664472653322e+02 -1.080531345355346673e+02 3.842914685470798924e-02 1.491844087038553262e+05 0.000000000000000000e+00
-1.025369292840474174e+02 -1.024891629166552889e+02 7.948278482594733907e-02 1.470291963001707627e+05 0.000000000000000000e+00
-9.418257763595710230e+01 -9.419626187548335849e+01 9.448270700719683945e-02 4.186793457987474540e+04 0.000000000000000000e+00
-1.080600336319867836e+02 -1.080397203858071009e+02 3.085279973538131854e-02 1.434644322615278361e+05 0.000000000000000000e+00
-1.041749671512718578e+02 -1.041400008378994784e+02 3.527168663889540534e-02 4.069192187327321881e+04 0.000000000000000000e+00
-1.106919626734852784e+02 -1.107188808464499203e+02 2.688524509597798109e-02 4.026497362190191052e+04 0.000000000000000000e+00
-1.080632239423339200e+02 -1.080381609280702975e+02 2.875565481295349821e-02 3.979201250443214667e+04 0.000000000000000000e+00
-1.026960493109941126e+02 -1.026871124440616114e+02 3.918969402747306957e-02 3.931840305300700129e+04 0.000000000000000000e+00
-1.080516792214228587e+02 -1.080526500210081196e+02 1.656010554941581350e-02 5.400938931975545529e+03 0.000000000000000000e+00
-1.014194721817573850e+02 -1.014388058570594495e+02 2.744828046118322207e-02 3.827761429606498859e+04 0.000000000000000000e+00
-9.988700246618635958e+01 -9.986996964804423271e+01 4.698001975304290367e-02 1.304860677357862005e+05 0.000000000000000000e+00
-1.027246414329803343e+02 -1.027679246742451653e+02 5.029976494916316154e-02 1.288244653075642273e+05 0.000000000000000000e+00
-1.079606128025503438e+02 -1.079653894782928489e+02 2.664011182857491805e-02 3.687162212632525188e+04 0.000000000000000000e+00
-1.041489329498801197e+02 -1.041394996148825669e+02 3.618478306737323708e-02 1.257674110951774055e+05 0.000000000000000000e+00
-1.053258339560876209e+02 -1.053219626383291683e+02 1.967229605654686672e-02 3.603882087243274145e+04 0.000000000000000000e+00
-1.018656428742405211e+02 -1.018188719756114011e+02 3.426135930303449151e-02 3.559621285653956875e+04 0.000000000000000000e+00
-1.079754550536385551e+02 -1.079926281645205819e+02 1.627387679880490726e-02 3.536790707915067469e+04 0.000000000000000000e+00
-1.053241718394969695e+02 -1.053324748074431625e+02 1.865660278480462883e-02 3.497332504671008792e+04 0.000000000000000000e+00
-1.106541483520489919e+02 -1.106508535469502590e+02 3.833731907703332581e-02 1.192242423794720526e+05 0.000000000000000000e+00
-9.896631000052727245e+01 -9.891901531456460361e+01 5.455271806144480762e-02 1.178224160935812542e+05 0.000000000000000000e+00
-1.106954757834453318e+02 -1.106894267127260463e+02 2.233621533717594990e-02 3.385024714799338108e+04 0.000000000000000000e+00
-1.014412771069799533e+02 -1.014205939329772832e+02 3.407428531011648387e-02 3.346410002585898474e+04 0.000000000000000000e+00
-1.054027742984144851e+02 -1.054064943399002061e+02 2.021762850222802096e-02 3.312393405513891048e+04 0.000000000000000000e+00
-1.052629307591999748e+02 -1.052327662268486677e+02 3.717917679973987977e-02 1.127787574037045997e+05 0.000000000000000000e+00
-1.012615714500754081e+02 -1.011943778903698927e+02 4.507226126311120878e-02 3.241227718811803061e+04 0.000000000000000000e+00
-1.026748444776612530e+02 -1.026324708766884157e+02 4.403889840066773503e-02 1.109094412756803795e+05 0.000000000000000000e+00
-1.079496869172364484e+02 -1.079544501896636035e+02 2.111029842096969963e-02 3.201067654933758604e+04 0.000000000000000000e+00
-1.053063637985386549e+02 -1.053148024530406417e+02 2.577171395452294844e-02 3.166894547700533076e+04 0.000000000000000000e+00
-1.054886957862300250e+02 -1.054798601785858665e+02 2.017376362615039623e-02 4.585859827117558780e+03 0.000000000000000000e+00
-1.026150334478721220e+02 -1.026307998248436775e+02 1.606047685391239974e-02 3.102421244367349209e+04 0.000000000000000000e+00
-1.054070622686926981e+02 -1.053999204037324660e+02 1.409558783982835586e-02 3.072315641183530170e+04 0.000000000000000000e+00
-1.053458944621918079e+02 -1.053502089924346450e+02 2.972157005546769218e-02 1.043923485766352387e+05 0.000000000000000000e+00
-9.998962948639008630e+01 -9.998614629241059504e+01 3.036243610500227036e-02 3.010130958847962393e+04 0.000000000000000000e+00
-1.026141097287699466e+02 -1.026100349632982898e+02 1.834265524406656495e-02 2.979857674654771108e+04 0.000000000000000000e+00
-1.080528426939170430e+02 -1.080629516415202289e+02 1.538400747258740660e-02 2.950214903665561360e+04 0.000000000000000000e+00
-1.054174763635137992e+02 -1.053867097442086447e+02 2.262123300812704518e-02 1.003143377776406560e+05 0.000000000000000000e+00
-9.702923124148928480e+01 -9.706403484180326302e+01 4.549207227999324532e-02 9.942064355759687896e+04 0.000000000000000000e+00
-1.026343221781792749e+02 -1.026409936578010189e+02 1.248087883761051994e-02 4.239327772474188350e+03 0.000000000000000000e+00
-9.714557523990242771e+01 -9.712645521699370477e+01 2.638743540693345296e-02 2.844818593590835371e+04 0.000000000000000000e+00
-9.428556748139905608e+01 -9.429907860349331372e+01 5.616576254883785119e-02 4.173867245361537243e+03 0.000000000000000000e+00
-9.996389788562976264e+01 -9.997330567927153311e+01 2.994917163795458859e-02 9.614978673596034059e+04 0.000000000000000000e+00
-9.845572970138472613e+01 -9.845793488961420792e+01 3.861456522627185889e-02 2.790988707926419374e+04 0.000000000000000000e+00
-1.053326256409960848e+02 -1.053468471945560765e+02 1.260763651759295827e-02 2.765142781755679971e+04 0.000000000000000000e+00
-1.033822715959525880e+02 -1.032170684688537676e+02 5.158468215640808763e-02 9.351480676664541534e+04 0.000000000000000000e+00
-1.025888113427616020e+02 -1.025838372442419768e+02 2.445639960592163598e-02 9.460098015009693336e+04 0.000000000000000000e+00
-1.019009788160709036e+02 -1.018626479795456845e+02 3.761037240603991999e-02 9.375115218224759155e+04 0.000000000000000000e+00
-9.598681334962550693e+01 -9.594210569938255162e+01 3.244476652040917397e-02 2.726002212850004435e+04 0.000000000000000000e+00
-1.052685252529115161e+02 -1.053051010647455286e+02 1.796282545804986017e-02 2.715823643957431341e+04 0.000000000000000000e+00
-1.054057646643370987e+02 -1.054071049756202569e+02 1.263914007066006817e-02 2.702341317418394101e+04 0.000000000000000000e+00
-9.969509053188988901e+01 -9.970450159341297081e+01 2.831006553984074040e-02 2.678857364737440730e+04 0.000000000000000000e+00
-1.107156756942514590e+02 -1.107116404457101027e+02 2.646760333609167459e-02 9.005722752487228718e+04 0.000000000000000000e+00
-1.079153063586864079e+02 -1.079259014869692663e+02 2.650843552767102526e-02 8.928832002313637349e+04 0.000000000000000000e+00
-1.080714711249753321e+02 -1.080623458950495319e+02 1.861428059716532107e-02 8.854059395735061844e+04 0.000000000000000000e+00
-1.080545179148735002e+02 -1.080528435800174805e+02 1.320641137450250663e-02 2.592498685049440246e+04 0.000000000000000000e+00
-1.080538933022792492e+02 -1.080447561468645006e+02 2.057317686807025661e-02 8.707469921336049447e+04 0.000000000000000000e+00
-9.711726787617855905e+01 -9.707339961506637849e+01 5.341179169270940386e-02 8.636149516462779138e+04 0.000000000000000000e+00
-9.722106717535808684e+01 -9.721737449135365239e+01 2.402802889533921585e-02 2.537968420543204047e+04 0.000000000000000000e+00
-1.053179980269717788e+02 -1.053138386264045039e+02 1.812862140386312104e-02 8.536416933891522058e+04 0.000000000000000000e+00
-1.032814159177932254e+02 -1.031441566123749709e+02 3.515178952151194053e-02 8.467710264831519453e+04 0.000000000000000000e+00
-9.722696221852628184e+01 -9.722221040841640161e+01 3.058176010690455762e-02 8.531444318254804239e+04 0.000000000000000000e+00
-1.065728776881817481e+02 -1.066649436246462983e+02 3.673994827051626361e-02 3.710430927557358700e+03 0.000000000000000000e+00
-1.080596205000330485e+02 -1.080590531570575905e+02 1.812049175908459625e-02 8.430533882583033119e+04 0.000000000000000000e+00
-1.052649965592000711e+02 -1.052691674116007619e+02 1.652554497470046582e-02 8.364673147966573015e+04 0.000000000000000000e+00
-1.015445711674113056e+02 -1.015514597141497575e+02 2.550536625069325589e-02 2.472233277609656943e+04 0.000000000000000000e+00
-1.080737342737790527e+02 -1.080744095333849799e+02 1.176515943610646070e-02 2.453487650929735901e+04 0.000000000000000000e+00
-1.024818130026671810e+02 -1.025025060381214530e+02 1.999105353502382901e-02 2.434759128669230631e+04 0.000000000000000000e+00
-1.053391412710004289e+02 -1.053458152826058836e+02 9.751695924456462231e-03 2.419212217694151332e+04 0.000000000000000000e+00
-1.053452427815218186e+02 -1.053529433333094119e+02 1.024329556215661761e-02 2.401317684819512215e+04 0.000000000000000000e+00
-1.080447796159683378e+02 -1.080370599206499094e+02 1.137173068338368474e-02 2.383783988017891897e+04 0.000000000000000000e+00
-1.025382149049688678e+02 -1.025383479059917420e+02 2.340532608368188841e-02 7.974433567574206972e+04 0.000000000000000000e+00
-1.079443804312873709e+02 -1.079497231013868941e+02 2.360261588237139163e-02 7.915799088740992011e+04 0.000000000000000000e+00
-9.991087317572200277e+01 -9.992749298922831258e+01 2.092810719803383721e-02 2.338788454336754512e+04 0.000000000000000000e+00
-1.053206888025973882e+02 -1.053146512422363514e+02 1.575328599770952492e-02 7.808456827137284563e+04 0.000000000000000000e+00
-1.067892378373871622e+02 -1.067930440111045414e+02 2.991701239180504304e-02 7.752550643724852125e+04 0.000000000000000000e+00
-1.051807062507398598e+02 -1.051827252558770596e+02 2.693215590464567710e-02 7.697291366736486088e+04 0.000000000000000000e+00
-9.922803677554179558e+01 -9.925426474283456457e+01 1.866464130934369567e-02 3.572310990981136911e+03 0.000000000000000000e+00
-1.013717183327057541e+02 -1.013869999361519376e+02 2.768937667366161426e-02 7.600554954200306383e+04 0.000000000000000000e+00
-1.080760180696673416e+02 -1.080784654384738417e+02 8.951147060960848792e-03 3.549769824030393920e+03 0.000000000000000000e+00
-1.025232153549680589e+02 -1.025428105373905368e+02 2.233301016555701290e-02 7.501885568597416568e+04 0.000000000000000000e+00
-1.080672391597740756e+02 -1.080768116466307731e+02 7.846654177666391797e-03 3.501086421884231640e+03 0.000000000000000000e+00
-1.080900437366951792e+02 -1.080823738643990595e+02 1.869514911652686920e-02 2.213274479595349840e+04 0.000000000000000000e+00
-1.080760317460313615e+02 -1.080751566722046988e+02 8.507782105995894545e-03 3.458782031904953328e+03 0.000000000000000000e+00
-1.081081528455004275e+02 -1.081021510722275849e+02 1.349422690742183191e-02 2.183902172313910705e+04 0.000000000000000000e+00
-1.080752940978698433e+02 -1.080559887763752869e+02 1.535670413236756883e-02 7.270660459166257351e+04 0.000000000000000000e+00
-1.080704391649287146e+02 -1.080686286824887219e+02 9.424008044360061842e-03 2.155402090422403126e+04 0.000000000000000000e+00
-1.107618131154142986e+02 -1.107691668424278220e+02 1.562506241330722037e-02 2.141146637781375102e+04 0.000000000000000000e+00
-1.052354569602468075e+02 -1.052446662908356672e+02 1.093846273417154250e-02 3.348434326112067993e+03 0.000000000000000000e+00
-1.016834270744990079e+02 -1.016802034626392839e+02 2.928723954415642441e-02 2.124028295279133454e+04 0.000000000000000000e+00
-1.080089982873855803e+02 -1.079965433056716506e+02 1.807485897814192083e-02 7.075284164308756590e+04 0.000000000000000000e+00
-1.053476261488610106e+02 -1.053563286651240105e+02 1.262093236358775850e-02 2.096784755823543310e+04 0.000000000000000000e+00
-1.054531426440488104e+02 -1.054556344835006456e+02 2.299868986336575313e-02 2.083760996236408391e+04 0.000000000000000000e+00
-1.052815662960098848e+02 -1.052907508305869300e+02 1.878912446778806256e-02 6.950804193785876851e+04 0.000000000000000000e+00
-1.080060249129395373e+02 -1.080167985027564583e+02 9.225352084934829167e-03 2.059523529785502615e+04 0.000000000000000000e+00
-9.725566173055570118e+01 -9.724990576453438962e+01 2.990219744607635829e-02 6.865523621284676483e+04 0.000000000000000000e+00
-9.976990798698753338e+01 -9.975844973315845721e+01 1.377988753912224446e-02 2.034445216366499517e+04 0.000000000000000000e+00
-9.612384452667633639e+01 -9.616380538185570970e+01 2.581285154918985109e-02 2.022573966365338856e+04 0.000000000000000000e+00
-1.053621498607667490e+02 -1.053738524197412261e+02 1.364478745037599021e-02 2.016826167630335112e+04 0.000000000000000000e+00
-1.079890629518994132e+02 -1.079802763284908877e+02 1.390381503714530238e-02 6.702141437773342477e+04 0.000000000000000000e+00
-1.052606686557737419e+02 -1.052418223212444985e+02 2.255393652776483196e-02 6.661737532168696634e+04 0.000000000000000000e+00
-1.080332913146815912e+02 -1.080183958694085220e+02 1.435905622655630869e-02 1.980982439780809000e+04 0.000000000000000000e+00
-1.080660889798228510e+02 -1.080697650444074469e+02 7.413744850205517857e-03 1.970242812240679268e+04 0.000000000000000000e+00
-1.080720475257155613e+02 -1.080666630289894670e+02 1.319943237023853133e-02 6.546138594550269045e+04 0.000000000000000000e+00
-1.080605030390246384e+02 -1.080457859304231789e+02 1.063062870402460038e-02 1.947051210269877993e+04 0.000000000000000000e+00
-1.016109926554037912e+02 -1.016156976231429638e+02 2.215536163994624025e-02 1.936744339230831974e+04 0.000000000000000000e+00
-9.715631266250737497e+01 -9.714931959393292971e+01 2.028239686104439318e-02 3.114817528290816426e+03 0.000000000000000000e+00
-1.080056638681609797e+02 -1.079977596135707074e+02 1.555825697826183386e-02 6.427931063743889536e+04 0.000000000000000000e+00
-7.153327418600282783e+01 -7.033982398181680651e+01 3.741905832755129668e-01 3.079128913909895346e+03 0.000000000000000000e+00
-1.025915381188082591e+02 -1.025857936820871146e+02 1.051843964573130445e-02 2.023306340943265968e+04 0.000000000000000000e+00
-1.053281117734580903e+02 -1.053087832678957625e+02 1.177142712850915568e-02 6.321087684739464748e+04 0.000000000000000000e+00
-1.053465205494512276e+02 -1.053442850967292088e+02 1.037457782119838301e-02 6.287082144947171037e+04 0.000000000000000000e+00
-1.107844667637244527e+02 -1.107638382161792521e+02 1.506667516635849975e-02 6.251388271653008997e+04 0.000000000000000000e+00
-1.018632367402551893e+02 -1.018108913509105946e+02 2.511478813945730582e-02 6.218295477162134921e+04 0.000000000000000000e+00
-9.726673972398113222e+01 -9.727160569132129808e+01 1.646186533601395885e-02 1.968698818466815646e+04 0.000000000000000000e+00
-1.079939277469382262e+02 -1.079988822753296915e+02 1.054360928584661787e-02 1.957860924030629758e+04 0.000000000000000000e+00
-1.054068715411058861e+02 -1.053812447438933475e+02 1.598111901899127926e-02 6.133816489907991490e+04 0.000000000000000000e+00
-9.431859179819458916e+01 -9.427526215752929772e+01 3.126873915568924994e-02 6.103390505812212359e+04 0.000000000000000000e+00
-1.080758624625771489e+02 -1.080746407717300315e+02 8.620951609357654574e-03 1.932362339512287508e+04 0.000000000000000000e+00
-9.982409118103716139e+01 -9.982662517287739945e+01 1.182945983039150432e-02 3.077481035034014440e+03 0.000000000000000000e+00
-1.107841758783918351e+02 -1.107645984401225974e+02 1.423581527446168143e-02 6.020655360602269502e+04 0.000000000000000000e+00
-1.080504646434560385e+02 -1.080604869380017590e+02 9.756770984634774435e-03 1.904800364263026859e+04 0.000000000000000000e+00
-9.967915730996111279e+01 -9.969837263148433237e+01 2.966249048958020940e-02 5.957919030982662662e+04 0.000000000000000000e+00
-1.079713822734814386e+02 -1.079629245580088366e+02 1.529769476035158435e-02 5.927822866264500772e+04 0.000000000000000000e+00
-1.107134494921981229e+02 -1.107114672901484766e+02 1.397577598414080982e-02 5.896637231954790332e+04 0.000000000000000000e+00
-1.041393470331582733e+02 -1.041811932354525823e+02 1.466061025593914761e-02 2.986979694522675800e+03 0.000000000000000000e+00
-1.079838970938882028e+02 -1.079873022502700053e+02 1.158240736063893134e-02 5.871942695174044638e+04 0.000000000000000000e+00
-9.967500274168870078e+01 -9.968932830723194627e+01 1.633696295187047481e-02 1.861103562416968998e+04 0.000000000000000000e+00
-1.026475429887480999e+02 -1.026520058721748825e+02 8.615783851228912132e-03 1.852475325865981358e+04 0.000000000000000000e+00
-1.053359577599796069e+02 -1.053271685723202324e+02 1.361862181808421411e-02 5.782346311677660560e+04 0.000000000000000000e+00
-9.990955273776238243e+01 -9.990375477511992131e+01 8.120066495263764464e-03 1.833463479899805316e+04 0.000000000000000000e+00
-1.025398912802479572e+02 -1.025336289049771068e+02 1.100917937127881760e-02 1.824258602186925054e+04 0.000000000000000000e+00
-1.079674506061031991e+02 -1.079558365461487028e+02 1.299139583334719267e-02 5.694320833388225583e+04 0.000000000000000000e+00
-1.080694108153881530e+02 -1.080567090722302908e+02 1.088820532453908460e-02 5.666088736854775198e+04 0.000000000000000000e+00
-1.053450555392687420e+02 -1.053429552977093380e+02 1.107319863262412780e-02 5.638249676863306377e+04 0.000000000000000000e+00
-1.019349306827210313e+02 -1.018958899530986599e+02 1.908318690158652270e-02 1.789489972892823062e+04 0.000000000000000000e+00
-1.080656849528449612e+02 -1.080718287419764181e+02 7.876010862487330816e-03 1.787005170562073545e+04 0.000000000000000000e+00
-9.983101609649823160e+01 -9.982804704571881871e+01 9.286135348836661862e-03 1.778294059271829610e+04 0.000000000000000000e+00
-1.052837828850519344e+02 -1.052852562770771243e+02 1.064899713541425132e-02 1.769541793159885492e+04 0.000000000000000000e+00
-1.025636163464689048e+02 -1.025486271143267061e+02 1.558226102343268464e-02 5.504279906735826080e+04 0.000000000000000000e+00
-1.052630745938867989e+02 -1.052719684685232266e+02 9.177920498074500916e-03 1.756997422591719078e+04 0.000000000000000000e+00
-1.054033611056710527e+02 -1.053872486070932837e+02 1.409335355088696048e-02 5.451919113045194536e+04 0.000000000000000000e+00
-1.025599248990887986e+02 -1.025658181240739424e+02 1.062514480525282926e-02 1.741372329029548564e+04 0.000000000000000000e+00
-9.704208987202859760e+01 -9.704500495216127831e+01 2.029901392603157204e-02 5.400984382379477756e+04 0.000000000000000000e+00
-1.053090552149088381e+02 -1.053038063860164897e+02 8.705604726775771976e-03 1.724855210849843206e+04 0.000000000000000000e+00
-1.026110498526432480e+02 -1.026075808697418523e+02 1.189241445220070616e-02 1.716731119147668505e+04 0.000000000000000000e+00
-1.080625937601810591e+02 -1.080719192360338496e+02 7.719321296982892613e-03 1.708612457276138957e+04 0.000000000000000000e+00
-1.026183686803689028e+02 -1.026044756829087419e+02 9.283111568292794907e-03 1.700905135997072284e+04 0.000000000000000000e+00
-1.053937847653687072e+02 -1.053955428251915833e+02 7.496083026819655611e-03 1.693804522816094322e+04 0.000000000000000000e+00
-1.053982465168079159e+02 -1.053977562314921670e+02 7.191719759877731981e-03 1.685864339569791628e+04 0.000000000000000000e+00
-1.025273990957216483e+02 -1.025170718142404667e+02 1.165328254564508038e-02 5.229848812997539062e+04 0.000000000000000000e+00
-1.080094462460251634e+02 -1.080142658332477481e+02 1.277627124763760884e-02 5.206016823847876367e+04 0.000000000000000000e+00
-1.053652680590160173e+02 -1.053686653856494075e+02 1.564677627734585227e-02 5.182026589731378044e+04 0.000000000000000000e+00
-1.052325043305609285e+02 -1.052391524074674578e+02 2.131320275097408137e-02 5.158196901509563759e+04 0.000000000000000000e+00
-9.444598805064389069e+01 -9.442542021279061260e+01 2.107011722636264323e-02 5.134734940595415537e+04 0.000000000000000000e+00
-9.709043954291512080e+01 -9.709286760157411322e+01 1.587874140013217222e-02 5.113102531007034122e+04 0.000000000000000000e+00
-9.994258933198408101e+01 -9.993204946767180274e+01 1.032982918980530733e-02 1.633683250949753165e+04 0.000000000000000000e+00
-1.045639084639916661e+02 -1.045619743593914848e+02 1.590014872357877612e-02 1.626788719883588055e+04 0.000000000000000000e+00
-9.985149861275661465e+01 -9.984521892634552387e+01 2.300463862264779183e-02 5.045989458603379171e+04 0.000000000000000000e+00
-1.025855894484814996e+02 -1.025931963362418031e+02 6.059744298828643842e-03 2.653918162651998045e+03 0.000000000000000000e+00
-1.014133463670778639e+02 -1.013157326504528015e+02 2.307199636983825117e-02 1.607900665170992033e+04 0.000000000000000000e+00
-1.107767003514792634e+02 -1.107715341564500733e+02 8.930231172649412408e-03 1.633139356426583436e+04 0.000000000000000000e+00
-1.013794458850915561e+02 -1.013862405416398360e+02 2.457612787088697681e-02 4.967618979258149920e+04 0.000000000000000000e+00
-1.079831605162831494e+02 -1.079822179942596136e+02 8.644031322067865369e-03 4.945900414807582274e+04 0.000000000000000000e+00
-1.054106243264536573e+02 -1.053985137334136084e+02 9.869225642770110274e-03 4.924212394862779183e+04 0.000000000000000000e+00
-9.983681760947941086e+01 -9.983939791204484493e+01 1.060051956316155480e-02 1.606435076187748746e+04 0.000000000000000000e+00
-1.017313351308151823e+02 -1.017250444105961549e+02 1.428398233303258130e-02 1.599485187881397542e+04 0.000000000000000000e+00
-1.040586829378669478e+02 -1.040463114580108339e+02 2.789393296826245608e-02 4.864891762997308251e+04 0.000000000000000000e+00
-1.107767340826600702e+02 -1.107606109178241240e+02 1.152831944750327790e-02 4.844480575339806819e+04 0.000000000000000000e+00
-1.027049619991304610e+02 -1.027041329745865283e+02 1.789052466335180197e-02 4.824728837127887527e+04 0.000000000000000000e+00
-9.997519165949690034e+01 -9.997652466367766522e+01 1.240907545297170039e-02 1.573053843752718967e+04 0.000000000000000000e+00
-1.018620329300776177e+02 -1.018466371860654789e+02 1.387731370642794268e-02 1.566379039252290204e+04 0.000000000000000000e+00
-1.080673096591313254e+02 -1.080607660408043955e+02 9.978284594963041099e-03 4.763586730389612785e+04 0.000000000000000000e+00
-1.025931931878261167e+02 -1.025741867148341555e+02 1.418298795079863533e-02 4.743660583808404772e+04 0.000000000000000000e+00
-9.996577601604536767e+01 -9.992685419962036519e+01 1.128899498928960868e-02 4.725230779318414716e+04 0.000000000000000000e+00
-1.079936546685037513e+02 -1.079895002409070912e+02 9.111557587010982520e-03 4.711698730778208119e+04 0.000000000000000000e+00
-9.701957314120954834e+01 -9.701120510144751563e+01 1.222037271077105677e-02 1.536987588399623746e+04 0.000000000000000000e+00
-9.999702810302180467e+01 -9.996312086237055894e+01 1.554631581454382107e-02 4.672899381094202545e+04 0.000000000000000000e+00
-1.026304003505327813e+02 -1.026455777983683078e+02 9.876284474633428845e-03 1.524546079859881866e+04 0.000000000000000000e+00
-1.052757058644858432e+02 -1.052660268001775563e+02 1.094718821470889482e-02 4.639024483735126705e+04 0.000000000000000000e+00
-1.080452614153067117e+02 -1.080492875379087678e+02 4.730908858325561482e-03 2.615786314838965154e+03 0.000000000000000000e+00
-9.989952605250879003e+01 -9.987799778418472840e+01 1.780532418658383256e-02 4.602334363517617021e+04 0.000000000000000000e+00
-9.997446215209585318e+01 -9.994247921295506387e+01 1.179748965290206009e-02 4.585451099295841414e+04 0.000000000000000000e+00
-1.025944497444847912e+02 -1.025919064359050168e+02 1.123311675141477201e-02 4.570931905217349413e+04 0.000000000000000000e+00
-1.019015031170080050e+02 -1.018645054787855031e+02 1.911826454329916547e-02 4.552528506629547337e+04 0.000000000000000000e+00
-9.981190083936431279e+01 -9.981353502912322995e+01 8.963652354201797137e-03 4.539391425428351067e+04 0.000000000000000000e+00
-9.981020010278035670e+01 -9.981213840630418588e+01 1.129396994338946990e-02 4.521241238532396528e+04 0.000000000000000000e+00
-9.974866644427831375e+01 -9.974042588794399933e+01 2.010958780919451169e-02 4.503237903961788834e+04 0.000000000000000000e+00
-1.045701071349157587e+02 -1.045400732673676174e+02 2.211211456432075895e-02 4.485594114863246068e+04 0.000000000000000000e+00
-1.107268108147122376e+02 -1.107274383308887451e+02 6.725826607078504507e-03 2.544703950017241368e+03 0.000000000000000000e+00
-1.080450157643999347e+02 -1.080504373318383102e+02 6.049529043197417535e-03 1.460940850168118232e+04 0.000000000000000000e+00
-9.968801998109326234e+01 -9.970606923350801765e+01 1.350909371121198667e-02 2.525486841032822213e+03 0.000000000000000000e+00
-9.977340094623869504e+01 -9.979007937270348805e+01 1.869469779153488942e-02 4.424716839032224379e+04 0.000000000000000000e+00
-1.025376840177688109e+02 -1.025491997101595842e+02 1.151583361711034509e-02 4.408511915473146655e+04 0.000000000000000000e+00
-1.080685501168622977e+02 -1.080669930762308297e+02 1.018860570349900720e-02 4.391923407755056542e+04 0.000000000000000000e+00
-9.720511312144837746e+01 -9.717806447563766881e+01 1.274532948259523603e-02 1.441960366563568095e+04 0.000000000000000000e+00
-1.053276319482766041e+02 -1.053116626243446774e+02 9.405847332352506793e-03 4.358396490054338938e+04 0.000000000000000000e+00
-1.106976247080942954e+02 -1.106863726873637006e+02 1.066351547840773545e-02 4.342659365154811530e+04 0.000000000000000000e+00
-1.025440348507567307e+02 -1.025528132090910987e+02 1.206675014502691171e-02 4.326534092125161987e+04 0.000000000000000000e+00
-1.080688481342397438e+02 -1.080631098182925314e+02 8.175563631249323920e-03 4.310349613117434637e+04 0.000000000000000000e+00
-9.425711439790487134e+01 -9.421110868873287814e+01 3.801822162824512047e-02 4.294139791070664069e+04 0.000000000000000000e+00
-9.982808541494948429e+01 -9.982177046091152306e+01 1.125160112027639124e-02 4.283595133979463571e+04 0.000000000000000000e+00
-1.026896229022067359e+02 -1.026816168088785730e+02 1.431394576431308484e-02 4.267642280361934536e+04 0.000000000000000000e+00
-1.052921024789654183e+02 -1.052937162982758679e+02 7.057369745214832520e-03 1.402550297993065396e+04 0.000000000000000000e+00
-1.051869236873369999e+02 -1.051971387468038870e+02 1.037082173301347859e-02 4.236464153987721511e+04 0.000000000000000000e+00
-1.052109091164344505e+02 -1.052276760142009380e+02 1.068513948498390868e-02 1.392150809203820791e+04 0.000000000000000000e+00
-1.018535155921307762e+02 -1.018241887310433356e+02 1.683088711851400687e-02 4.205466153354043490e+04 0.000000000000000000e+00
-1.080645638560458792e+02 -1.080542913902330753e+02 6.134173832705807662e-03 1.383666074552844111e+04 0.000000000000000000e+00
-1.053624811995239980e+02 -1.053719934043397473e+02 6.777411646912605628e-03 1.378967462648034962e+04 0.000000000000000000e+00
-1.107152215161125639e+02 -1.107211006993925366e+02 8.285548885414974196e-03 1.374227981602564978e+04 0.000000000000000000e+00
-1.106953577728135372e+02 -1.106813654085024012e+02 1.063904849963085396e-02 4.148311956601251586e+04 0.000000000000000000e+00
-1.052666243618048298e+02 -1.052800719715922924e+02 1.256688794710018181e-02 4.133902381836792483e+04 0.000000000000000000e+00
-1.052588845310378360e+02 -1.052658412195260809e+02 9.994014049638160618e-03 4.119549448082170420e+04 0.000000000000000000e+00
-1.053367856253859998e+02 -1.053226569981368641e+02 8.480550300824349699e-03 4.104844544059865439e+04 0.000000000000000000e+00
-1.023933863017162480e+02 -1.024064831925649059e+02 1.206468986583554386e-02 4.090783804374117608e+04 0.000000000000000000e+00
-1.053771810170560315e+02 -1.053747022823325921e+02 6.857020544129176741e-03 1.347550104173907130e+04 0.000000000000000000e+00
-9.985574661351019188e+01 -9.985229449045503713e+01 1.039245507969882229e-02 1.342761455235124777e+04 0.000000000000000000e+00
-1.053394299969896224e+02 -1.053401091550554156e+02 7.027970694198611493e-03 4.050424642231443431e+04 0.000000000000000000e+00
-1.052348751173985448e+02 -1.052259718600421650e+02 1.148503309157704148e-02 4.036062716786662349e+04 0.000000000000000000e+00
-1.031820201245661792e+02 -1.031843716514320022e+02 2.382598098542931461e-02 4.022075062509121199e+04 0.000000000000000000e+00
-1.079726361117544258e+02 -1.079645265456201315e+02 9.253761455657731269e-03 4.007934319045233133e+04 0.000000000000000000e+00
-1.107415899517530704e+02 -1.107494719247394812e+02 8.517330935367115399e-03 1.319847586165703615e+04 0.000000000000000000e+00
-1.079757505899888201e+02 -1.079732304448492215e+02 9.012115136555878814e-03 3.980745269775819906e+04 0.000000000000000000e+00
-1.026356371233206914e+02 -1.026395448081599397e+02 1.309268281334287180e-02 3.966896981242645415e+04 0.000000000000000000e+00
-1.025821086046052102e+02 -1.025935571251480809e+02 1.611243008932683116e-02 2.265594307378141366e+03 0.000000000000000000e+00
-1.053478645597337078e+02 -1.053467917372784086e+02 5.902509358967973629e-03 3.944112185490557022e+04 0.000000000000000000e+00
-9.984009651701484245e+01 -9.981492836931261081e+01 8.903269863850303903e-03 1.297932132254152566e+04 0.000000000000000000e+00
-9.987897782446013650e+01 -9.987024387529172031e+01 1.017231164228847573e-02 3.917875689944680926e+04 0.000000000000000000e+00
-1.052818441999267520e+02 -1.052847117843933233e+02 1.001233014924284015e-02 3.904723594055441936e+04 0.000000000000000000e+00
-1.025931694443210205e+02 -1.026008634198337290e+02 5.896453216819625039e-03 1.286883738324852129e+04 0.000000000000000000e+00
-9.995654736802111984e+01 -9.994637329416795524e+01 9.105731112323541682e-03 3.878346974195980874e+04 0.000000000000000000e+00
-1.053906427634646690e+02 -1.053789458663494116e+02 6.519917274975833843e-03 1.278554999448401395e+04 0.000000000000000000e+00
-1.009262813320706016e+02 -1.009084372689121807e+02 1.362743705426109307e-02 1.274691848469945944e+04 0.000000000000000000e+00
-1.005469503531760154e+02 -1.005144962037290242e+02 1.429761363920415730e-02 1.271304486576514137e+04 0.000000000000000000e+00
-1.080477154400763737e+02 -1.080427512240206056e+02 6.747858323206856052e-03 3.832902724771819339e+04 0.000000000000000000e+00
-1.052714502662796292e+02 -1.052724500982086795e+02 6.091189025933138775e-03 3.820163255517618381e+04 0.000000000000000000e+00
-1.052880760963549989e+02 -1.052919672377719991e+02 1.020467506060541811e-02 3.807432363951658044e+04 0.000000000000000000e+00
-1.079431847040218031e+02 -1.079569791957170821e+02 1.213133762996208842e-02 3.794834684017309337e+04 0.000000000000000000e+00
-1.081202525498150493e+02 -1.080973277471376406e+02 8.773100200817651392e-03 3.782884669979797036e+04 0.000000000000000000e+00
-1.012650363606175432e+02 -1.012719054306543143e+02 1.758431723266606211e-02 3.772073958683099772e+04 0.000000000000000000e+00
-1.051639911548290627e+02 -1.051699553146676465e+02 1.286031125105428254e-02 3.759804835627443390e+04 0.000000000000000000e+00
-1.081284295173793026e+02 -1.081125514879353489e+02 8.539366669404071727e-03 3.747590176588355826e+04 0.000000000000000000e+00
-1.067890584988440850e+02 -1.067921852072502986e+02 1.561157178445157605e-02 3.736123994836019119e+04 0.000000000000000000e+00
-1.107827065562800186e+02 -1.107663111355161760e+02 8.877000462924873256e-03 3.723986201767702732e+04 0.000000000000000000e+00
-1.026154549697422453e+02 -1.026215836045045791e+02 7.685670654576553032e-03 3.712716734783785796e+04 0.000000000000000000e+00
-1.025878748306077313e+02 -1.025875520445798657e+02 1.263103118740935803e-02 1.231691723006591565e+04 0.000000000000000000e+00
-1.027111009614594508e+02 -1.026829584452016348e+02 1.089584323933452496e-02 3.690276149773265934e+04 0.000000000000000000e+00
-1.054121943536547690e+02 -1.054136519522478892e+02 9.276049886410920112e-03 3.680867784668090462e+04 0.000000000000000000e+00
-1.052336456649802159e+02 -1.052427504556897304e+02 5.568869477333706144e-03 1.220726320151035543e+04 0.000000000000000000e+00
-1.018563460248582970e+02 -1.018305983474131295e+02 1.560153271157414812e-02 3.657450031885968929e+04 0.000000000000000000e+00
-1.026294507107570979e+02 -1.026433488727576702e+02 9.061616377436236547e-03 3.647776980989232834e+04 0.000000000000000000e+00
-1.079875672840632745e+02 -1.079866950791523124e+02 6.397582111792988677e-03 3.636779289033828536e+04 0.000000000000000000e+00
-1.026235946543208968e+02 -1.026321942670429905e+02 8.617912960378828688e-03 3.625272804009120591e+04 0.000000000000000000e+00
-1.017636511696398003e+02 -1.017742233468246553e+02 1.888418341089084448e-02 3.614056407482904615e+04 0.000000000000000000e+00
-1.079916647521761348e+02 -1.079896333604716858e+02 7.628203761503043849e-03 3.603017447897732927e+04 0.000000000000000000e+00
-1.024948018520877326e+02 -1.025030548101843237e+02 6.040404325300291997e-03 2.114702312212571542e+03 0.000000000000000000e+00
-1.054707230389130217e+02 -1.054736089230628551e+02 9.188798454156741485e-03 1.196637203464340382e+04 0.000000000000000000e+00
-1.107156434049877163e+02 -1.107136019995444229e+02 8.541143673706388592e-03 3.573698361742426641e+04 0.000000000000000000e+00
-9.694677849111693035e+01 -9.694040672868938202e+01 1.182485145033976108e-02 1.189263512140792045e+04 0.000000000000000000e+00
-9.991984139778385554e+01 -9.989139824930252587e+01 1.402684906490344122e-02 3.551581662221628358e+04 0.000000000000000000e+00
-1.052667888159349445e+02 -1.052617764354652223e+02 9.800424855112819383e-03 3.542987574254222272e+04 0.000000000000000000e+00
-1.053355933281960120e+02 -1.053228570991392843e+02 6.512677438976960387e-03 3.532159789734206424e+04 0.000000000000000000e+00
-1.026267509914696632e+02 -1.026343331513639754e+02 1.036620414171182149e-02 3.521816268312648026e+04 0.000000000000000000e+00
-1.053217135904275779e+02 -1.053233066272018448e+02 7.928243093407678910e-03 3.511212654859868780e+04 0.000000000000000000e+00
-1.026072483605943830e+02 -1.026025828616366482e+02 6.672595810076341859e-03 3.500513598888438719e+04 0.000000000000000000e+00
-1.080219462311621044e+02 -1.080255605751931967e+02 5.460914478766959110e-03 1.165004519124683793e+04 0.000000000000000000e+00
-1.025160860033412433e+02 -1.025221720122558082e+02 1.243887139338511159e-02 3.479522733860262088e+04 0.000000000000000000e+00
-1.024852054320351016e+02 -1.024883566512093722e+02 1.186707846947593521e-02 3.469114247684211296e+04 0.000000000000000000e+00
-9.708750134841814372e+01 -9.707716680608966442e+01 7.988266326230173894e-03 1.154578022025174141e+04 0.000000000000000000e+00
-1.053415448055138768e+02 -1.053370203630683619e+02 7.450735439892689979e-03 3.448506950883350510e+04 0.000000000000000000e+00
-9.430285327687793995e+01 -9.428800885081278693e+01 1.217573856624291212e-02 3.438244607448660099e+04 0.000000000000000000e+00
-9.658116717966609599e+01 -9.652982195079536609e+01 2.062435383938215558e-02 3.428579303049411828e+04 0.000000000000000000e+00
-1.107159008927511366e+02 -1.107191033115249894e+02 6.232852345861216933e-03 1.143643153224903290e+04 0.000000000000000000e+00
-1.024519899103092513e+02 -1.024575948344854481e+02 1.215421598589963049e-02 3.415646731591888238e+04 0.000000000000000000e+00
-1.080478878152383118e+02 -1.080385066538159009e+02 5.853674211057697911e-03 3.405624690540856682e+04 0.000000000000000000e+00
-1.053469580867310071e+02 -1.053494082599161743e+02 4.262763589508199343e-03 1.133849981965633560e+04 0.000000000000000000e+00
-9.649915830610351009e+01 -9.650645123387380409e+01 1.984974553953413809e-02 3.386704443476935558e+04 0.000000000000000000e+00
-1.079245048972402969e+02 -1.079325829922825051e+02 7.901932077631229970e-03 3.376901907703746110e+04 0.000000000000000000e+00
-1.107735997045428462e+02 -1.107752383443731503e+02 6.072076097414631952e-03 1.124517958014233955e+04 0.000000000000000000e+00
-9.921263589729167620e+01 -9.918301517379363474e+01 1.594443840235691343e-02 3.357403530017322919e+04 0.000000000000000000e+00
-1.032291981409016870e+02 -1.031125126573004991e+02 1.850059409882092235e-02 3.350012854694792622e+04 0.000000000000000000e+00
-1.053247676216399924e+02 -1.053262529895625192e+02 9.408524257563057394e-03 3.376008240852096787e+04 0.000000000000000000e+00
-1.052852420694927815e+02 -1.052876354487029147e+02 5.676524955911200522e-03 3.366256907886849513e+04 0.000000000000000000e+00
-1.080629610595381251e+02 -1.080579390307396750e+02 6.708022798417479816e-03 3.356571469429353601e+04 0.000000000000000000e+00
-9.925989149527909206e+01 -9.924470369934707037e+01 1.701874008231604382e-02 3.346995708422096504e+04 0.000000000000000000e+00
-1.053257294568364841e+02 -1.053216735048164878e+02 5.930665618277328535e-03 3.338008353136518417e+04 0.000000000000000000e+00
-1.052047245383191267e+02 -1.052247841265240709e+02 8.936424630221999690e-03 3.328519316733672895e+04 0.000000000000000000e+00
-1.107634241115885345e+02 -1.107433287399174588e+02 8.917290204790279812e-03 3.320159432963706058e+04 0.000000000000000000e+00
-1.080627082022274266e+02 -1.080580416341377514e+02 6.597229775452065001e-03 3.311817451840147987e+04 0.000000000000000000e+00
-1.025609968112014485e+02 -1.025698246857693618e+02 7.611938142719681076e-03 3.302494723942306882e+04 0.000000000000000000e+00
-1.026325191785254134e+02 -1.026391688086916503e+02 8.133979862494216187e-03 3.293372271368770453e+04 0.000000000000000000e+00
-1.053094056319165617e+02 -1.053208582646059881e+02 5.073043100878900022e-03 1.096234051626332985e+04 0.000000000000000000e+00
-9.720478558068374753e+01 -9.717675035500666070e+01 1.510466433654684797e-02 3.274989259976000903e+04 0.000000000000000000e+00
-1.053168450460987913e+02 -1.053006779664975454e+02 6.894246024931692703e-03 3.267838378512622512e+04 0.000000000000000000e+00
-1.015516782383335794e+02 -1.017127925333805365e+02 1.867201127830941595e-02 3.259443473958093091e+04 0.000000000000000000e+00
-9.431173494971515936e+01 -9.432623602938741669e+01 1.589185750917415305e-02 3.315763123736972921e+04 0.000000000000000000e+00
-1.134428206889630246e+02 -1.134389569815293015e+02 1.301759839782146502e-02 3.307119930373175885e+04 0.000000000000000000e+00
-1.079777695811012421e+02 -1.079680049506874724e+02 8.568482967392427110e-03 3.297987977051384223e+04 0.000000000000000000e+00
-9.993365181678333897e+01 -9.991822147433157397e+01 1.062295005839685412e-02 3.289128715566464962e+04 0.000000000000000000e+00
-9.994934262010065140e+01 -9.993455377063847322e+01 8.796847250498006018e-03 1.107679853326253942e+04 0.000000000000000000e+00
-1.027071351556335799e+02 -1.027096455595542182e+02 1.152456072019328488e-02 3.271799783719010520e+04 0.000000000000000000e+00
-1.052417417663271380e+02 -1.052366203744537216e+02 6.750236675765020934e-03 3.262854762380350803e+04 0.000000000000000000e+00
-1.053182315556043562e+02 -1.053236804505838080e+02 3.650987928982965709e-03 1.099368944797592303e+04 0.000000000000000000e+00
-9.443425193763394532e+01 -9.441882714638134644e+01 1.141982198420610911e-02 3.245215034641004604e+04 0.000000000000000000e+00
-1.079834929863340562e+02 -1.079819140194407368e+02 6.015160051720409504e-03 3.237024813644701499e+04 0.000000000000000000e+00
-1.052542559926800578e+02 -1.052578292901942518e+02 5.413330609358951370e-03 1.091422524089222134e+04 0.000000000000000000e+00
-1.026491072235623392e+02 -1.026419670952800232e+02 7.246868954723940590e-03 1.088497100440516624e+04 0.000000000000000000e+00
-9.994660749663002264e+01 -9.995210760530200389e+01 6.276611811779938925e-03 1.085707541913014211e+04 0.000000000000000000e+00
-1.025878044684839523e+02 -1.025891602318013440e+02 1.056073031155428839e-02 1.082858441151382613e+04 0.000000000000000000e+00
-1.080667814696545292e+02 -1.080653197262042937e+02 5.064472706421905765e-03 1.864743636239952366e+03 0.000000000000000000e+00
-1.080440744388332490e+02 -1.080256685354941482e+02 7.583867471579191707e-03 3.187853578913915044e+04 0.000000000000000000e+00
-1.081300262308485287e+02 -1.081156471354925515e+02 8.411589667039639368e-03 3.180233622895010194e+04 0.000000000000000000e+00
-1.052615364496390526e+02 -1.052671569885170300e+02 4.355099668223468175e-03 3.172294402214361253e+04 0.000000000000000000e+00
-1.080886049601563030e+02 -1.080862084364990636e+02 7.891120765293605996e-03 1.069054648759159136e+04 0.000000000000000000e+00
-1.024676369818453168e+02 -1.024745660193115668e+02 5.658549342845502553e-03 1.066240506216804170e+04 0.000000000000000000e+00
-1.054117951516988825e+02 -1.054108190569383794e+02 4.915401820805217863e-03 1.063535718062425440e+04 0.000000000000000000e+00
-1.016549076746667311e+02 -1.017409676769057683e+02 1.596445459947724854e-02 1.060739073076468958e+04 0.000000000000000000e+00
-1.054692878109924976e+02 -1.054710090429894080e+02 8.290649536361474961e-03 1.073311725095943075e+04 0.000000000000000000e+00
-1.000344398554929626e+02 -1.000171056236568603e+02 1.229690688522055812e-02 3.197810695992224282e+04 0.000000000000000000e+00
-1.080388336579297004e+02 -1.080320750271511088e+02 7.187287265670637935e-03 3.190208884251506606e+04 0.000000000000000000e+00
-1.053431201473127743e+02 -1.053461304944296160e+02 7.837452537625343510e-03 3.182020325463785048e+04 0.000000000000000000e+00
-1.053033453415377494e+02 -1.053104818978767412e+02 5.242577514990029788e-03 1.062299892108072891e+04 0.000000000000000000e+00
-1.052862030857927493e+02 -1.052996126714672300e+02 6.508991463985690576e-03 3.166833728525901097e+04 0.000000000000000000e+00
-1.014300317730994720e+02 -1.014459152677279690e+02 6.568085475076024943e-03 1.799894869863810300e+03 0.000000000000000000e+00
-1.053244270567048488e+02 -1.053278902189871076e+02 5.578548296344413432e-03 1.062606787694518243e+04 0.000000000000000000e+00
-1.080502212209547537e+02 -1.080554319541948871e+02 5.277224694186339986e-03 1.059898780823752531e+04 0.000000000000000000e+00
-1.053409408558907074e+02 -1.053324401427085917e+02 6.921464633326675393e-03 3.171495428386765343e+04 0.000000000000000000e+00
-1.079818115538637642e+02 -1.079925803119421772e+02 4.815017798377022040e-03 1.054650152123983571e+04 0.000000000000000000e+00
-1.080091707090795552e+02 -1.080218774263185537e+02 4.872590435742093010e-03 1.052244133081488690e+04 0.000000000000000000e+00
-1.013762228080852736e+02 -1.014004036869145438e+02 1.398803407999262699e-02 3.148408569892567539e+04 0.000000000000000000e+00
-1.052652079469494026e+02 -1.052767279824306570e+02 3.676089916793095873e-03 1.049941674447241166e+04 0.000000000000000000e+00
-1.025934763895597541e+02 -1.025831271792195167e+02 7.224021255366216629e-03 3.134164847233399996e+04 0.000000000000000000e+00
-1.080702138424555159e+02 -1.080697981739642017e+02 7.389653625572896803e-03 3.126527486876481998e+04 0.000000000000000000e+00
-1.107807625853684641e+02 -1.107655263001582284e+02 8.915936584587677918e-03 3.118652456652498950e+04 0.000000000000000000e+00
-1.079956203571410782e+02 -1.080001748481670489e+02 4.176793225317648912e-03 1.040569742318363569e+04 0.000000000000000000e+00
-8.914425536565147468e+01 -8.909235726197540828e+01 2.183695889744167312e-02 3.103692332454098505e+04 0.000000000000000000e+00
-1.106999506796136501e+02 -1.106886245090189647e+02 7.143476632471886661e-03 3.101665537260539713e+04 0.000000000000000000e+00
-1.052998852831262155e+02 -1.053161264456453239e+02 9.003453316151542249e-03 3.094235504614758611e+04 0.000000000000000000e+00
-1.079930982211853916e+02 -1.079982720818547506e+02 4.251867092898529467e-03 1.030339831047039661e+04 0.000000000000000000e+00
-1.040859174016577100e+02 -1.040797678138298465e+02 1.164936890228840567e-02 3.080043617830130461e+04 0.000000000000000000e+00
-9.629428827525441648e+01 -9.621636933306447759e+01 2.087709661803433328e-02 3.072512181554898052e+04 0.000000000000000000e+00
-1.106889814080056027e+02 -1.106957387664672865e+02 5.294931297684220273e-03 1.023058708965818187e+04 0.000000000000000000e+00
-1.107152403706532198e+02 -1.107099851495091087e+02 7.261243436547439381e-03 3.070388253841871847e+04 0.000000000000000000e+00
-1.052549779684194391e+02 -1.052524547709024318e+02 6.035557660557460714e-03 3.062906516706037655e+04 0.000000000000000000e+00
-1.027382481970364978e+02 -1.027038487972355085e+02 9.454397780230624701e-03 3.055416697441801080e+04 0.000000000000000000e+00
-1.025318225814464341e+02 -1.025406274427542854e+02 4.974158638238479653e-03 1.013401648846210628e+04 0.000000000000000000e+00
-1.008081695950835268e+02 -1.007976294038636667e+02 1.422669171727556497e-02 1.011095220462038378e+04 0.000000000000000000e+00
-1.052651600492315112e+02 -1.052734065908509535e+02 8.248590694935128628e-03 3.037390473935559930e+04 0.000000000000000000e+00
-1.107180319850666024e+02 -1.107185736470443800e+02 3.620322873232612992e-03 1.700181038235550432e+03 0.000000000000000000e+00
-1.052780191228914646e+02 -1.052902302517939290e+02 7.071651666186478356e-03 3.023224147425646152e+04 0.000000000000000000e+00
-1.053238263686353235e+02 -1.053251672172804518e+02 6.506907623852226964e-03 3.016273197503975098e+04 0.000000000000000000e+00
-1.051944557346650981e+02 -1.051992267704962103e+02 6.842202599639699359e-03 3.009008544981791420e+04 0.000000000000000000e+00
-1.107153528154725848e+02 -1.107100813564746460e+02 7.056421437745432138e-03 3.001828652144610169e+04 0.000000000000000000e+00
-1.080538147257936714e+02 -1.080526526704100689e+02 4.701167104694435432e-03 9.953451219932339882e+03 0.000000000000000000e+00
-1.081136182045464551e+02 -1.080948998457614039e+02 7.201132227797897578e-03 2.987612839084983352e+04 0.000000000000000000e+00
-1.081059104629123482e+02 -1.081071880202444930e+02 5.202297979592427832e-03 9.906028180852779769e+03 0.000000000000000000e+00
-1.053416423851375043e+02 -1.053519888906795785e+02 6.960153691284524588e-03 2.974229396226092285e+04 0.000000000000000000e+00
-1.107181484570024423e+02 -1.107228642378354380e+02 5.720056522657584151e-03 9.859275053419150936e+03 0.000000000000000000e+00
-9.920861271030429407e+01 -9.918182360045665291e+01 1.043999643771720449e-02 9.836421540275907319e+03 0.000000000000000000e+00
-1.052804884602283266e+02 -1.052845790691346934e+02 4.326875025451443028e-03 9.829331447386915897e+03 0.000000000000000000e+00
-1.080125331715058650e+02 -1.080210744414957844e+02 4.823437946058248965e-03 9.806486492495785569e+03 0.000000000000000000e+00
-1.017088730224548243e+02 -1.017293448095996808e+02 1.014013536150304602e-02 1.653200728341619424e+03 0.000000000000000000e+00
-1.079629207241889333e+02 -1.079729655211711901e+02 4.504563274219807942e-03 9.779450084250034706e+03 0.000000000000000000e+00
-1.000945852914273644e+02 -1.003188117859208717e+02 2.132646177112026975e-02 2.929439714812380771e+04 0.000000000000000000e+00
-1.026112598076719991e+02 -1.025811607904529552e+02 7.244021155255405547e-03 3.024441219711415033e+04 0.000000000000000000e+00
-1.107219812258092730e+02 -1.107184218492011780e+02 7.141597284606047459e-03 3.019478442704167901e+04 0.000000000000000000e+00
-1.107599617510822867e+02 -1.107410407422325562e+02 7.733440440893904130e-03 3.012481858393118091e+04 0.000000000000000000e+00
-9.715827715128135367e+01 -9.715339244577282329e+01 9.545987021739556905e-03 3.006295550819152777e+04 0.000000000000000000e+00
-1.026550752452585442e+02 -1.026492460066354653e+02 7.426284306636422861e-03 2.999395006848913181e+04 0.000000000000000000e+00
-1.026939055118054398e+02 -1.026944031878389296e+02 4.896096871285142080e-03 1.011751764225790066e+04 0.000000000000000000e+00
-1.051991974285197244e+02 -1.052132014814497296e+02 7.372472514723769389e-03 1.009421179379364185e+04 0.000000000000000000e+00
-1.032289840446372580e+02 -1.032160227116513340e+02 1.288927675811698918e-02 1.007574379615767066e+04 0.000000000000000000e+00
-1.053340633436573910e+02 -1.053185940706149211e+02 7.434582842874122403e-03 2.974746511268303948e+04 0.000000000000000000e+00
