0.000000000000000000e+00 0.000000000000000000e+00 0.000000000000000000e+00 0.000000000000000000e+00 0.000000000000000000e+00
-9.678748345350858528e+01 -9.703641150175567986e+01 3.658879646459104462e-01 1.467073298421603104e+05 0.000000000000000000e+00
-1.053816168188423887e+02 -1.052621167237991671e+02 9.257375852405712313e-02 1.438750648174975067e+05 0.000000000000000000e+00
-1.027738325440526808e+02 -1.026688862142986096e+02 1.278720926108248834e-01 1.421724999980732391e+05 0.000000000000000000e+00
-9.616018177471069350e+01 -9.612565753700768312e+01 1.637050460188383405e-01 1.394991326367740985e+05 0.000000000000000000e+00
-9.984538549727047041e+01 -9.986606944250104334e+01 7.092880119217055690e-02 1.356177703551469604e+05 0.000000000000000000e+00
-1.026590990933387388e+02 -1.025054112884278084e+02 5.845159745087485925e-02 1.319322917771502398e+05 0.000000000000000000e+00
-1.025418468994903236e+02 -1.024670478339876354e+02 3.792749493550705286e-02 2.674989649003683735e+04 0.000000000000000000e+00
-9.980087712526372457e+01 -9.970359826795353797e+01 7.612057944916698904e-02 1.306631690272233973e+05 0.000000000000000000e+00
-9.114474536638381608e+01 -9.091452462458119044e+01 1.115826730437239483e-01 2.762121260119287035e+04 0.000000000000000000e+00
-9.460601647602156561e+01 -9.445320250364370906e+01 7.764813269817592845e-02 2.927469979667719599e+04 0.000000000000000000e+00
-9.746459101013071802e+01 -9.729175915843808298e+01 8.528943482020900912e-02 1.263766522152162215e+05 0.000000000000000000e+00
-1.025534862241053986e+02 -1.024757712281113413e+02 4.533540785191283312e-02 1.279269661127509753e+05 0.000000000000000000e+00
-1.051495775115098184e+02 -1.052051461954558960e+02 5.995947778732882427e-02 1.261467893124475668e+05 0.000000000000000000e+00
-9.980540800072330399e+01 -9.978832462005041748e+01 4.410990602407267869e-02 1.238365610081378982e+05 0.000000000000000000e+00
-1.053963422765044982e+02 -1.053306236530976747e+02 6.575039443945968065e-02 1.211478727716465364e+05 0.000000000000000000e+00
-1.079959393140616584e+02 -1.079809323166919484e+02 6.854107001706621904e-02 1.191841875929999223e+05 0.000000000000000000e+00
-9.998256445302858708e+01 -9.997074547361768282e+01 6.053981815244015297e-02 2.764514414700953057e+04 0.000000000000000000e+00
-1.080580814208258147e+02 -1.080367968285647038e+02 5.990718841930688099e-02 1.143495473177110107e+05 0.000000000000000000e+00
-1.024830654676621435e+02 -1.024456591524417348e+02 5.161082581156292703e-02 1.120814506357626960e+05 0.000000000000000000e+00
-1.025162985132489268e+02 -1.024678646697859108e+02 3.842355528510520146e-02 1.100731406747961737e+05 0.000000000000000000e+00
-1.053343724000850301e+02 -1.053370078196560797e+02 2.329120354872860413e-02 2.624493912798794554e+04 0.000000000000000000e+00
-1.052670913774809236e+02 -1.052423060208757590e+02 3.485690451902449805e-02 1.062511111676709406e+05 0.000000000000000000e+00
-1.053556845316884818e+02 -1.053477096972245732e+02 1.374060073148369865e-02 2.605184743734990207e+03 0.000000000000000000e+00
-9.716308240148042330e+01 -9.708590383411414848e+01 4.141757270991223983e-02 1.024243813228545332e+05 0.000000000000000000e+00
-1.080054776779628583e+02 -1.079759832462589344e+02 4.514277360116949328e-02 1.014905024014665250e+05 0.000000000000000000e+00
-1.080034399359661563e+02 -1.080039252410683872e+02 3.594878802010147839e-02 2.419739175859293391e+04 0.000000000000000000e+00
-1.024464810310904568e+02 -1.024801098291744097e+02 4.146093568800150730e-02 9.871790624573708919e+04 0.000000000000000000e+00
-9.998720233080419462e+01 -9.998042578333145514e+01 3.167555406424589493e-02 2.347797498967395950e+04 0.000000000000000000e+00
-9.989267214326822852e+01 -9.987132577128122080e+01 1.678788486080852807e-02 2.434703129320863354e+03 0.000000000000000000e+00
-1.080437067854258544e+02 -1.080359365132281084e+02 3.808470369351747709e-02 9.396007303960209538e+04 0.000000000000000000e+00
-9.723597410003488051e+01 -9.715931128842429132e+01 3.978058388251730360e-02 9.242768274505560112e+04 0.000000000000000000e+00
-1.040291234073041409e+02 -1.041226208397591648e+02 6.019099795801138852e-02 9.176070821092625556e+04 0.000000000000000000e+00
-9.980861400538114481e+01 -9.980232879252756106e+01 3.986948355168148245e-02 9.130899958965394762e+04 0.000000000000000000e+00
-1.027511879920243416e+02 -1.027077935178717354e+02 4.401506434099811127e-02 8.988864031068654731e+04 0.000000000000000000e+00
-1.026686031465065128e+02 -1.026536700870547349e+02 1.393033690474302158e-02 2.356039889369783396e+03 0.000000000000000000e+00
-1.079984061862552664e+02 -1.079727905778810566e+02 3.046467863832159201e-02 8.782121076097576588e+04 0.000000000000000000e+00
-1.107507189820751705e+02 -1.107546417408231463e+02 4.190360952993128080e-02 8.659595065497807809e+04 0.000000000000000000e+00
-1.041738626716126248e+02 -1.041426125739447457e+02 4.147930321092223316e-02 2.393946831289405054e+03 0.000000000000000000e+00
-1.053584189525089840e+02 -1.053857593132285331e+02 1.972285864557804178e-02 2.016032292497104208e+04 0.000000000000000000e+00
-1.080921163044899487e+02 -1.080552925249782987e+02 2.931874730812019519e-02 8.362733701192263106e+04 0.000000000000000000e+00
-1.053342704577228375e+02 -1.052826022600966951e+02 2.453086774292584024e-02 8.261942236404310097e+04 0.000000000000000000e+00
-1.107044879291490531e+02 -1.107030703002374565e+02 2.252902649172040112e-02 1.946958680090266716e+04 0.000000000000000000e+00
-1.019269422577691842e+02 -1.018662834272659410e+02 6.577228451705492696e-02 1.920334005405366042e+04 0.000000000000000000e+00
-1.080419731073662462e+02 -1.080632025944010763e+02 2.555182640271453157e-02 1.909407396485283971e+04 0.000000000000000000e+00
-1.000126571418787051e+02 -9.997210401729084595e+01 3.723553815044888110e-02 7.894315677153274009e+04 0.000000000000000000e+00
-1.052762476614407348e+02 -1.052776540023955079e+02 2.327045863405435497e-02 7.809240432442430756e+04 0.000000000000000000e+00
-1.026055797592487409e+02 -1.026027199419875160e+02 1.527109997331191002e-02 1.840400182985694482e+04 0.000000000000000000e+00
-1.026996206468142390e+02 -1.027072666790905515e+02 1.838687374672871855e-02 1.817001423291788524e+04 0.000000000000000000e+00
-9.174134072609473378e+01 -9.160563582950294403e+01 5.722419233937121874e-02 7.517385365393046231e+04 0.000000000000000000e+00
-9.985494361059808455e+01 -9.983011908731198503e+01 3.462662636870186134e-02 7.578916514252647175e+04 0.000000000000000000e+00
-9.990552230841323933e+01 -9.988381535773665121e+01 3.221675159956296358e-02 7.492130340203449305e+04 0.000000000000000000e+00
-1.080035952340301861e+02 -1.080040680976247387e+02 2.253403661401033944e-02 7.406040065748030611e+04 0.000000000000000000e+00
-9.719562221832227067e+01 -9.712288356460773286e+01 2.706733394606545065e-02 1.712236153257404658e+04 0.000000000000000000e+00
-1.080595523487672978e+02 -1.080620777300450754e+02 1.496270519236888794e-02 1.735420313248295497e+04 0.000000000000000000e+00
-9.613704904023971665e+01 -9.615297736470002121e+01 4.325419219501171891e-02 1.715115403807054827e+04 0.000000000000000000e+00
-9.994944447463110748e+01 -1.000319668618598570e+02 9.104441969391639800e-02 7.152389940398810722e+04 0.000000000000000000e+00
-1.080114914181969397e+02 -1.079755017380573037e+02 2.288946757392684717e-02 7.106406569428510556e+04 0.000000000000000000e+00
-1.053009861840454420e+02 -1.052921283675231479e+02 1.188262355364855943e-02 1.692860042601315945e+04 0.000000000000000000e+00
-1.053473049894999463e+02 -1.053499103861503556e+02 1.135778650154922395e-02 1.674715122495936885e+04 0.000000000000000000e+00
-1.080834759793615376e+02 -1.081097516215293126e+02 1.805607418191047808e-02 1.656183495817694711e+04 0.000000000000000000e+00
-1.053991993298843539e+02 -1.054017249799139933e+02 1.276812361752416303e-02 2.244186410728575993e+03 0.000000000000000000e+00
-1.026177219002905758e+02 -1.026059682995974924e+02 1.205846782741284116e-02 2.220132601830313888e+03 0.000000000000000000e+00
-1.025843707162943588e+02 -1.025675921028905151e+02 2.409150267704952830e-02 6.717946674591775809e+04 0.000000000000000000e+00
-1.052490103141555835e+02 -1.052535364261245263e+02 1.260187617649305251e-02 1.606446512524019818e+04 0.000000000000000000e+00
-1.080095939178863347e+02 -1.079723602478010775e+02 1.803775350274041886e-02 6.579913597055360151e+04 0.000000000000000000e+00
-1.053453524865181947e+02 -1.053287146143549933e+02 1.553779678930287608e-02 6.525039741125857836e+04 0.000000000000000000e+00
-1.032565173822353017e+02 -1.032095724161195278e+02 3.237490523159824996e-02 2.125394791242858446e+03 0.000000000000000000e+00
-1.080473948376264843e+02 -1.079958967735730511e+02 2.646738287438734835e-02 6.419130537470947456e+04 0.000000000000000000e+00
-1.026422907353485243e+02 -1.026156885841343467e+02 2.750612549957437425e-02 6.378013950856714655e+04 0.000000000000000000e+00
-1.053200437061054373e+02 -1.052798170749924793e+02 1.627988010393812204e-02 6.320855424556155049e+04 0.000000000000000000e+00
-1.027021709331370118e+02 -1.026810721647619431e+02 2.042829129944390837e-02 6.273683057345324778e+04 0.000000000000000000e+00
-1.025593533251791882e+02 -1.025699770738638250e+02 1.244345873939251695e-02 1.490891962815364604e+04 0.000000000000000000e+00
-1.106798174983125023e+02 -1.106751995612972621e+02 1.773429553207626561e-02 1.477240096593769340e+04 0.000000000000000000e+00
-1.025427677672189333e+02 -1.025328177836052816e+02 3.313313569367292571e-02 6.100091141973623598e+04 0.000000000000000000e+00
-9.982398863210732998e+01 -9.982727076507502773e+01 9.908546216074140198e-03 2.005438867671149183e+03 0.000000000000000000e+00
-1.051969613451026078e+02 -1.051955436965514394e+02 2.242471829654000756e-02 5.992541923354903702e+04 0.000000000000000000e+00
-1.026371139916547861e+02 -1.026387565708451461e+02 8.490252330771259556e-03 1.969238637703340373e+03 0.000000000000000000e+00
-9.714028911474709105e+01 -9.708962996423441894e+01 2.993653687385168516e-02 5.882212036009073927e+04 0.000000000000000000e+00
-9.997191228148908237e+01 -9.992062077223479832e+01 2.555318755122570201e-02 5.848630121909170703e+04 0.000000000000000000e+00
-1.080346719518178702e+02 -1.079916601042384201e+02 1.895843314655957720e-02 5.817035767201612180e+04 0.000000000000000000e+00
-1.025436590497591567e+02 -1.025219101472433323e+02 1.950927889865883280e-02 5.780101010571285588e+04 0.000000000000000000e+00
-1.053245813722635091e+02 -1.053125672758358036e+02 1.887895872202729683e-02 5.732500868185183936e+04 0.000000000000000000e+00
-9.720609734353075737e+01 -9.717770241847611601e+01 2.214351967815430047e-02 1.358185094367255078e+04 0.000000000000000000e+00
-9.987327119628895389e+01 -9.984498777272229120e+01 2.677038940921309951e-02 5.633219877571696998e+04 0.000000000000000000e+00
-9.727829629826008784e+01 -9.730294780655952991e+01 1.903240250129115130e-02 1.338690850696021516e+04 0.000000000000000000e+00
-1.025023770097752021e+02 -1.024998812840266851e+02 2.126314497692464653e-02 5.564664474259471172e+04 0.000000000000000000e+00
-9.992508419954748433e+01 -9.992263278520384517e+01 1.042387883808107776e-02 1.320804433494951081e+04 0.000000000000000000e+00
-9.993222831749037027e+01 -9.987785473433297057e+01 2.752410962505407246e-02 5.470481923388735595e+04 0.000000000000000000e+00
-1.079839535773255079e+02 -1.079888067972472072e+02 9.375702516917423443e-03 1.302856232241221915e+04 0.000000000000000000e+00
-1.081018033653374601e+02 -1.080938533990520369e+02 2.076733867810195977e-02 5.401149785669384437e+04 0.000000000000000000e+00
-1.052299914654415431e+02 -1.052213733988011199e+02 1.385504332141636145e-02 1.281646258192354253e+04 0.000000000000000000e+00
-9.451187983489957389e+01 -9.443861059535913682e+01 3.817944493424211411e-02 5.313401298481758568e+04 0.000000000000000000e+00
-1.048855704957876043e+02 -1.048466974015323245e+02 3.289129711089898433e-02 1.771089092050113550e+03 0.000000000000000000e+00
-1.040942878315962190e+02 -1.040910868103606504e+02 2.050297861977291164e-02 1.269858811948090988e+04 0.000000000000000000e+00
-9.979306398854039628e+01 -9.977963776022073716e+01 2.298227489602917145e-02 5.269497908299970732e+04 0.000000000000000000e+00
-1.080757981592831101e+02 -1.080765828472715810e+02 1.134597837586550327e-02 1.904614565289700749e+03 0.000000000000000000e+00
-1.107237157282879565e+02 -1.107239475241461975e+02 1.557228588437457872e-02 1.889515779298661982e+03 0.000000000000000000e+00
-1.081043296181353242e+02 -1.081015391984522296e+02 1.742900466353661595e-02 5.159322916401689872e+04 0.000000000000000000e+00
-1.052834178523605857e+02 -1.052863890680809362e+02 1.416612507338635592e-02 5.119384370799952740e+04 0.000000000000000000e+00
-1.052939214554404828e+02 -1.053070666944422840e+02 9.318486650613352212e-03 1.233270181702939954e+04 0.000000000000000000e+00
-1.080395821628669921e+02 -1.080469838767228907e+02 7.517512604987619529e-03 1.224980701074500394e+04 0.000000000000000000e+00
-1.080636680553872679e+02 -1.080582573788225460e+02 8.218913886875546526e-03 1.825244349067374515e+03 0.000000000000000000e+00
-1.025635584096747976e+02 -1.025495915272666991e+02 1.813929398253750006e-02 4.980278478454837750e+04 0.000000000000000000e+00
-1.016721969108422883e+02 -1.016798618021254157e+02 3.198916988852894966e-02 1.204155333591106682e+04 0.000000000000000000e+00
-1.052770189615300183e+02 -1.052316234696708079e+02 1.843930470872781266e-02 4.909014973605181149e+04 0.000000000000000000e+00
-1.053902292488536006e+02 -1.053616034162580064e+02 1.549479181746670452e-02 4.887045877349338116e+04 0.000000000000000000e+00
-1.018369076155643569e+02 -1.018241745115996508e+02 2.385189034335660763e-02 1.761555843289572749e+03 0.000000000000000000e+00
-1.017103017134289047e+02 -1.017034624622817915e+02 1.943579684246635880e-02 1.750203956947648521e+03 0.000000000000000000e+00
-1.106866222829445263e+02 -1.106916910798777138e+02 1.024170884907864808e-02 1.738256209199990053e+03 0.000000000000000000e+00
-1.052899849699178247e+02 -1.052838827384865255e+02 5.138875322840760415e-03 1.726842322035063944e+03 0.000000000000000000e+00
-9.994097560015396198e+01 -9.995149901236264611e+01 7.541185399039013366e-03 1.717589156787789761e+03 0.000000000000000000e+00
-1.080073615494929697e+02 -1.079788093266673599e+02 1.380589643907268078e-02 4.705599775200520526e+04 0.000000000000000000e+00
-1.054743935678697540e+02 -1.054729755867058998e+02 1.228796317750903769e-02 1.701569924971951650e+03 0.000000000000000000e+00
-1.053044961045335128e+02 -1.052784791383317469e+02 1.699510062037075039e-02 4.656150453886286414e+04 0.000000000000000000e+00
-9.724210866258864883e+01 -9.720537199893604452e+01 1.553828224855401813e-02 4.628487574679065438e+04 0.000000000000000000e+00
-1.025708632905020039e+02 -1.025747169183886882e+02 8.168978752661070972e-03 1.124328672354613445e+04 0.000000000000000000e+00
-1.052106793519403709e+02 -1.052161059423244751e+02 9.902793230870990740e-03 1.116755698374083840e+04 0.000000000000000000e+00
-1.023281296983975324e+02 -1.023090744596699295e+02 3.168955249997759682e-02 4.545408388407373423e+04 0.000000000000000000e+00
-1.053108556498965953e+02 -1.052856569829368709e+02 1.056841610861373321e-02 4.516834891291498934e+04 0.000000000000000000e+00
-1.019864653868541353e+02 -1.019701441858170909e+02 1.561987979508261577e-02 1.650365791461567142e+03 0.000000000000000000e+00
-1.053084618153537377e+02 -1.053229971914178265e+02 7.006166638712095669e-03 1.102630107579743890e+04 0.000000000000000000e+00
-1.025532386146122121e+02 -1.025676441151022402e+02 1.269657181297374239e-02 4.434471026283023093e+04 0.000000000000000000e+00
-9.444231245616751380e+01 -9.444087196138632123e+01 2.420289707913094931e-02 4.406740276619845827e+04 0.000000000000000000e+00
-9.982414497860808922e+01 -9.981752656739769236e+01 1.842425370864354123e-02 4.378129670123040705e+04 0.000000000000000000e+00
-1.025813315852229977e+02 -1.025568622194143558e+02 1.159588311761997059e-02 1.076648474806208833e+04 0.000000000000000000e+00
-1.000432819944066409e+02 -1.001908542360286845e+02 3.562404168228813089e-02 4.335610895911212720e+04 0.000000000000000000e+00
-1.025172063349839107e+02 -1.025352904148819277e+02 1.009163765212914461e-02 1.114653615101825380e+04 0.000000000000000000e+00
-1.053010406902398017e+02 -1.052916057800085383e+02 6.991568034378108955e-03 1.666800129840103409e+03 0.000000000000000000e+00
-1.025978361504659944e+02 -1.025921699419454711e+02 1.308568860103070074e-02 4.362241924608852423e+04 0.000000000000000000e+00
-9.725354287546917931e+01 -9.716179070901509363e+01 2.358827652533717484e-02 4.335179787531551119e+04 0.000000000000000000e+00
-1.009079676014303857e+02 -1.008521768889094545e+02 2.459743438129595103e-02 1.098853331742495902e+04 0.000000000000000000e+00
-1.026158078897280319e+02 -1.026254398668269943e+02 6.579681021764971320e-03 1.103946941237487408e+04 0.000000000000000000e+00
-1.018759927748777585e+02 -1.018473130235688302e+02 1.788951523868009472e-02 1.097658862586649775e+04 0.000000000000000000e+00
-1.053333474573992419e+02 -1.053453894734665397e+02 6.054562951264039206e-03 1.094667915570192963e+04 0.000000000000000000e+00
-1.054033445360223737e+02 -1.053882876711937939e+02 1.477082568190912770e-02 4.263188719396972738e+04 0.000000000000000000e+00
-1.026175939548848390e+02 -1.026204700110816503e+02 5.883127827830940230e-03 1.605461597751834461e+03 0.000000000000000000e+00
-1.025106776577980554e+02 -1.025203994778887449e+02 6.814342513302441492e-03 1.076754552719129788e+04 0.000000000000000000e+00
-9.434217397565258523e+01 -9.435818513279653530e+01 1.264234710119603589e-02 1.588357224969936169e+03 0.000000000000000000e+00
-1.052888920859930693e+02 -1.052836830399139245e+02 7.379459304563505163e-03 1.069149269850479322e+04 0.000000000000000000e+00
-9.725919393830920967e+01 -9.722395292309553838e+01 1.468841702651703038e-02 4.151095971374099463e+04 0.000000000000000000e+00
-9.175662141542274242e+01 -9.173740393800784432e+01 2.118448705028859805e-02 4.133754509826076537e+04 0.000000000000000000e+00
-1.080772835228676030e+02 -1.080579983622996991e+02 1.120342441679734492e-02 4.111525772934136330e+04 0.000000000000000000e+00
-1.053334594942306950e+02 -1.053501179782361703e+02 7.502977360569211725e-03 1.045859215420701366e+04 0.000000000000000000e+00
-1.052377842796718284e+02 -1.052444722908091421e+02 6.291283320032098857e-03 1.041314013715349574e+04 0.000000000000000000e+00
-1.052853880860965603e+02 -1.052803527386563047e+02 8.013750418722907082e-03 1.035614916815210745e+04 0.000000000000000000e+00
-1.080502361535953639e+02 -1.080471562275625814e+02 6.866188768893856202e-03 1.528032942725080829e+03 0.000000000000000000e+00
-1.027160708476972957e+02 -1.027032968832356801e+02 2.136927818191309073e-02 4.002812274640628311e+04 0.000000000000000000e+00
-9.594159166487079915e+01 -9.596305680344207190e+01 1.410523656323928871e-02 1.512817672088655854e+03 0.000000000000000000e+00
-1.079916955331044903e+02 -1.079943527880790697e+02 7.418282317415507941e-03 1.034055508859984184e+04 0.000000000000000000e+00
-9.880750915015923397e+01 -9.886910901926754036e+01 2.994842964770353874e-02 3.990081417854053143e+04 0.000000000000000000e+00
-1.052561876565772536e+02 -1.052564178048260146e+02 7.009315981582657507e-03 1.030137732660965958e+04 0.000000000000000000e+00
-1.025870627260488135e+02 -1.025955832433267574e+02 4.817078326871901753e-03 1.488283887582010948e+03 0.000000000000000000e+00
-1.081056035314180690e+02 -1.080767409258331071e+02 1.540771441162580406e-02 3.944259546244476223e+04 0.000000000000000000e+00
-1.051721312222279039e+02 -1.051757708953156367e+02 9.305290148478568765e-03 1.015048184063399640e+04 0.000000000000000000e+00
-9.978687721309358949e+01 -9.978096533526269241e+01 1.602988152537605099e-02 3.906209234944688797e+04 0.000000000000000000e+00
-1.026048234073320060e+02 -1.026117647590624529e+02 3.713603292383611896e-03 1.464565660852040082e+03 0.000000000000000000e+00
-1.080622617411068802e+02 -1.080650066195002523e+02 6.473292920401219064e-03 1.458635183284582126e+03 0.000000000000000000e+00
-1.018481192264174240e+02 -1.017987720393420119e+02 1.627393436019229991e-02 9.981335496321815299e+03 0.000000000000000000e+00
-1.053540856545255906e+02 -1.053547651860248777e+02 6.604254710361868660e-03 1.002941344154807484e+04 0.000000000000000000e+00
-1.052344616408748124e+02 -1.052514141325752206e+02 8.960154540732616357e-03 9.976670367238939434e+03 0.000000000000000000e+00
-9.983174651437747116e+01 -9.983056390762740762e+01 8.858989729178597117e-03 1.443588189565454741e+03 0.000000000000000000e+00
-9.728814530548372375e+01 -9.726388103163566257e+01 2.151485051973806018e-02 3.792288880918974610e+04 0.000000000000000000e+00
-1.052076582453070586e+02 -1.051895558072245223e+02 1.367678398713963010e-02 3.775331481634493684e+04 0.000000000000000000e+00
-1.052578114303451571e+02 -1.052395938509638427e+02 1.026032501455211368e-02 3.757471575236435456e+04 0.000000000000000000e+00
-1.040557946078137377e+02 -1.040769312083132832e+02 1.349043404314885855e-02 9.749314447950868271e+03 0.000000000000000000e+00
-1.079874874880116664e+02 -1.079475634271676370e+02 1.646463213555887650e-02 3.728463690870439314e+04 0.000000000000000000e+00
-1.053939278162925604e+02 -1.053976984635082061e+02 6.578812565276915408e-03 9.671277854658315846e+03 0.000000000000000000e+00
-1.032902453842654040e+02 -1.033148436641333632e+02 3.202572834902357723e-02 3.699751661935175798e+04 0.000000000000000000e+00
-1.052194405294892192e+02 -1.052108276097801678e+02 8.776182437617447915e-03 9.613699394069031769e+03 0.000000000000000000e+00
-1.013507132777561850e+02 -1.013740937406641933e+02 1.538983636929102533e-02 3.665227810106912511e+04 0.000000000000000000e+00
-9.983335362538655033e+01 -9.983057208568503427e+01 1.137511220677875530e-02 3.649505287250647234e+04 0.000000000000000000e+00
-9.988133202660046095e+01 -9.985825422848385813e+01 1.122074019681760550e-02 3.631481908178681624e+04 0.000000000000000000e+00
-1.052665239640586066e+02 -1.052793277244010426e+02 5.572270806793117384e-03 9.439387206316379888e+03 0.000000000000000000e+00
-1.053445416414048736e+02 -1.053521024520135683e+02 4.941554884255567985e-03 9.400475575262780694e+03 0.000000000000000000e+00
-1.052620363856829613e+02 -1.052617960822593943e+02 3.200537830806008451e-03 1.380166851755406014e+03 0.000000000000000000e+00
-9.704245243065460613e+01 -9.705667936464959666e+01 1.134456469753634782e-02 1.373452752721341540e+03 0.000000000000000000e+00
-1.107817933001792596e+02 -1.107768031211454485e+02 7.097224269661341935e-03 1.372598969952257221e+03 0.000000000000000000e+00
-1.080631153736398744e+02 -1.080597584869053094e+02 4.189421362050351101e-03 1.367085085424540921e+03 0.000000000000000000e+00
-1.019026236373460392e+02 -1.018893959072998285e+02 1.870982157439549792e-02 1.361219211145680674e+03 0.000000000000000000e+00
-9.985220915158788557e+01 -9.986311485555893341e+01 1.341118271558123208e-02 3.513138397661346971e+04 0.000000000000000000e+00
-1.053120245522365650e+02 -1.053165843104737149e+02 6.529535116716933367e-03 9.141419207015855136e+03 0.000000000000000000e+00
-9.606318028148831445e+01 -9.606694659848731987e+01 2.533682654676757892e-02 3.481258496474139247e+04 0.000000000000000000e+00
-1.081066975066729583e+02 -1.081046684455565128e+02 4.878760158723381007e-03 1.336534483084679323e+03 0.000000000000000000e+00
-1.107154582635840399e+02 -1.107179713257203559e+02 8.257847958092014162e-03 9.032375352170787664e+03 0.000000000000000000e+00
-1.026851729981761423e+02 -1.026506720340314160e+02 1.229191807268352130e-02 3.441404000476819056e+04 0.000000000000000000e+00
-1.053063240011437927e+02 -1.053072766632737540e+02 4.428107906546911894e-03 1.319045010225030410e+03 0.000000000000000000e+00
-1.025954009703464038e+02 -1.025928901197025880e+02 7.799416353560960878e-03 3.417325504243554315e+04 0.000000000000000000e+00
-1.107648460969671333e+02 -1.107741634977450502e+02 7.938793459007841696e-03 8.873284414677855239e+03 0.000000000000000000e+00
-1.107300678825537688e+02 -1.107276753624328052e+02 5.398736338772272721e-03 1.301616660302570608e+03 0.000000000000000000e+00
-1.080576122987067862e+02 -1.080559176944695992e+02 2.947271427077893455e-03 1.295809710967830824e+03 0.000000000000000000e+00
-1.026277003087925550e+02 -1.026317911221592567e+02 2.959100846561376220e-03 1.290167710607036952e+03 0.000000000000000000e+00
-9.898457455896841850e+01 -9.907129922676357126e+01 2.258418932106279892e-02 1.284820414497076627e+03 0.000000000000000000e+00
-1.080638742533343617e+02 -1.080666160748026954e+02 4.967706558534917653e-03 1.347124834947939462e+03 0.000000000000000000e+00
-1.080774308528430367e+02 -1.080790275778431635e+02 5.994822284338286768e-03 1.341408302182514717e+03 0.000000000000000000e+00
-9.975065185665067702e+01 -9.975615670898206133e+01 1.425101395865792722e-02 3.312021938802477234e+04 0.000000000000000000e+00
-1.025117093645176851e+02 -1.025261620691845792e+02 5.794908594834405346e-03 8.590629559786078971e+03 0.000000000000000000e+00
-1.052519931863651834e+02 -1.052539238648328848e+02 5.463048123968841999e-03 1.326199877765403016e+03 0.000000000000000000e+00
-1.002731820305746595e+02 -1.003555318645676948e+02 1.455722577773260404e-02 1.320603194688270150e+03 0.000000000000000000e+00
-1.053833974006192307e+02 -1.053748896849426302e+02 1.287809910107015274e-02 3.345124905637316260e+04 0.000000000000000000e+00
-1.081263017899720751e+02 -1.081242098040394239e+02 4.525986429577952275e-03 1.415660205577234365e+03 0.000000000000000000e+00
-1.080303458800493388e+02 -1.080281020122037461e+02 6.001592329074299098e-03 8.915953892794635976e+03 0.000000000000000000e+00
-9.989405664233578364e+01 -9.990882001916979505e+01 1.867706142474394315e-02 3.307687265852753626e+04 0.000000000000000000e+00
-1.107107681782257487e+02 -1.107223575014616017e+02 7.659720413601849888e-03 8.846599282546279937e+03 0.000000000000000000e+00
-9.186934041781705673e+01 -9.180825733491684559e+01 2.201483516910205177e-02 3.280289361355989240e+04 0.000000000000000000e+00
-1.080585504053971420e+02 -1.080563603041272529e+02 2.781511675695241912e-03 1.395488777654568594e+03 0.000000000000000000e+00
-1.052443812076771792e+02 -1.052474596002705312e+02 4.999889680336384867e-03 8.763722080746540087e+03 0.000000000000000000e+00
-9.974681397486322965e+01 -9.976559750789405712e+01 8.522797820813830458e-03 8.727164696283549347e+03 0.000000000000000000e+00
-1.107122173018534284e+02 -1.107165468420365642e+02 7.416395463251105116e-03 8.704530733835836145e+03 0.000000000000000000e+00
-1.080672520023369003e+02 -1.080752886869387766e+02 5.937357136710860392e-03 8.668990571680198627e+03 0.000000000000000000e+00
-1.014321633126661339e+02 -1.014599990541982351e+02 1.167201233393755713e-02 8.635463482542336351e+03 0.000000000000000000e+00
-1.053297455391952866e+02 -1.053326865161635340e+02 5.371691357025308242e-03 1.368192293563312887e+03 0.000000000000000000e+00
-1.080015216181788560e+02 -1.079799852227870076e+02 7.928255959558932683e-03 3.203021468675573124e+04 0.000000000000000000e+00
-1.053143414388186301e+02 -1.053215206839954305e+02 6.937281533279034650e-03 8.556517167787857034e+03 0.000000000000000000e+00
-1.080784235604033796e+02 -1.080633446780545341e+02 1.114050801303222669e-02 3.179461622419655032e+04 0.000000000000000000e+00
-1.026125841563762009e+02 -1.026053410510535286e+02 1.056092925896250784e-02 3.167356023216186804e+04 0.000000000000000000e+00
-1.052522107077318481e+02 -1.052532826500724639e+02 4.181465148492653598e-03 8.454436248510895894e+03 0.000000000000000000e+00
-1.054041612380601833e+02 -1.054118597651818590e+02 5.810809861670072213e-03 8.420257292562142538e+03 0.000000000000000000e+00
-9.701187505531582644e+01 -9.702117179894371191e+01 7.823419580143800914e-03 1.330345640318155574e+03 0.000000000000000000e+00
-1.025062682729617478e+02 -1.025118033079115776e+02 6.496602074481822378e-03 1.326654796678225011e+03 0.000000000000000000e+00
-1.026241641285694328e+02 -1.026318839111464598e+02 4.410599524679021007e-03 8.326440672482718583e+03 0.000000000000000000e+00
-1.019868372857959997e+02 -1.019589875992253809e+02 1.721707180419932218e-02 3.098071600100844807e+04 0.000000000000000000e+00
-1.080766179217010148e+02 -1.080794302743508126e+02 6.357945241309393737e-03 8.286740592122210728e+03 0.000000000000000000e+00
-1.052814276097089845e+02 -1.052823213294327900e+02 2.069057494036728641e-03 1.307945483111886915e+03 0.000000000000000000e+00
-1.020070418893604938e+02 -1.019797701988748173e+02 1.196849209311813024e-02 8.222229246361246624e+03 0.000000000000000000e+00
-1.080513313669456892e+02 -1.080505760431761502e+02 5.903375386819338481e-03 8.214033468726262072e+03 0.000000000000000000e+00
-1.080987543841615803e+02 -1.080986575894105357e+02 3.926731882057957201e-03 1.293026764185342472e+03 0.000000000000000000e+00
-1.080452842994350817e+02 -1.080461835447440819e+02 3.378457738797353664e-03 1.287975030370642799e+03 0.000000000000000000e+00
-9.981035128915614507e+01 -9.981553030119462733e+01 4.601447730814059271e-03 1.282973608455083195e+03 0.000000000000000000e+00
-9.988796694597785120e+01 -9.987496793574327114e+01 1.159223902321851636e-02 3.021960990422193208e+04 0.000000000000000000e+00
-1.054847574496656790e+02 -1.054815850919783315e+02 6.189584840285870977e-03 1.274242616501875091e+03 0.000000000000000000e+00
-1.080054188622426921e+02 -1.079838324060483643e+02 8.269572711295818460e-03 3.004505808748068011e+04 0.000000000000000000e+00
-9.994408252670498882e+01 -9.994531911382644296e+01 7.133069616770141598e-03 8.016906810684606171e+03 0.000000000000000000e+00
-1.080195785841462737e+02 -1.080217030293401734e+02 3.702694057193131605e-03 1.260562684520776202e+03 0.000000000000000000e+00
-1.106568759538998705e+02 -1.106649044223118921e+02 5.917525748686653340e-03 1.255961594709450083e+03 0.000000000000000000e+00
-1.031301068295175156e+02 -1.031431090474608396e+02 1.825213619885762001e-02 7.928858138378632248e+03 0.000000000000000000e+00
-1.044921928458817320e+02 -1.044760737169713849e+02 1.201811180108668282e-02 7.905348791852071372e+03 0.000000000000000000e+00
-9.977160768878586339e+01 -9.978123721385247791e+01 5.486259462924921761e-03 1.257756296458036786e+03 0.000000000000000000e+00
-1.107779483559173315e+02 -1.107770367781862433e+02 3.926437659188763106e-03 1.256171589850528107e+03 0.000000000000000000e+00
-1.080027901531292684e+02 -1.079863465261105802e+02 6.960472632971522085e-03 2.929071815651680299e+04 0.000000000000000000e+00
-9.693073839682172377e+01 -9.692086852316136003e+01 2.123644244685482518e-02 2.919206945329325026e+04 0.000000000000000000e+00
-1.054055695708583187e+02 -1.054124007009934587e+02 5.201812405085093176e-03 7.791003993022891336e+03 0.000000000000000000e+00
-1.080259784399881084e+02 -1.080267878019543275e+02 4.105364829187289379e-03 1.238122966538265473e+03 0.000000000000000000e+00
-1.080177241132912940e+02 -1.080219613708914608e+02 4.845488017885546568e-03 7.736079210661750949e+03 0.000000000000000000e+00
-1.080878077284507413e+02 -1.080873367917036916e+02 7.815950520112718847e-03 7.708487766910407117e+03 0.000000000000000000e+00
-1.052785389073269329e+02 -1.052789418428986181e+02 1.958776428613975221e-03 1.224685478806060701e+03 0.000000000000000000e+00
-1.015174823929949923e+02 -1.014897086793102119e+02 1.976432494079304394e-02 2.860636824618306127e+04 0.000000000000000000e+00
-1.053833459999383564e+02 -1.053642397804697168e+02 8.302193733120218425e-03 2.852712678239134038e+04 0.000000000000000000e+00
-1.107299341913774953e+02 -1.107084183570107427e+02 8.474818646975110920e-03 2.843736021259373592e+04 0.000000000000000000e+00
-1.053793874008725453e+02 -1.053878934137315468e+02 4.767383278060057655e-03 7.589224043119882481e+03 0.000000000000000000e+00
-1.041763538118177621e+02 -1.040835039565223354e+02 3.137726964964838300e-02 7.564574559396445693e+03 0.000000000000000000e+00
-9.990829719644811746e+01 -9.991105706831046973e+01 8.602911729325091184e-03 2.846684524342534496e+04 0.000000000000000000e+00
-1.052541767104557806e+02 -1.052583277083894586e+02 3.401410324519249691e-03 1.200555197481411142e+03 0.000000000000000000e+00
-9.712907993327272038e+01 -9.712984562060850635e+01 6.458175025372162731e-03 1.196918881028369015e+03 0.000000000000000000e+00
-1.107220794077865520e+02 -1.107244506726562889e+02 3.928294323790960767e-03 1.192727454724736390e+03 0.000000000000000000e+00
-1.080707821637135595e+02 -1.080725867915993206e+02 3.112119738312477124e-03 1.188747550381672681e+03 0.000000000000000000e+00
-1.026557209451036812e+02 -1.026574464604995853e+02 4.083530872579350934e-03 1.184639997749341092e+03 0.000000000000000000e+00
-1.053617706312140285e+02 -1.053611570875914083e+02 3.860488567117959392e-03 1.180677158949506520e+03 0.000000000000000000e+00
-1.079914352856314395e+02 -1.079939853533062148e+02 4.081163648442308160e-03 7.497508987974737465e+03 0.000000000000000000e+00
-1.024566482907410716e+02 -1.024555085513410120e+02 7.465566044990577972e-03 7.471806259873084855e+03 0.000000000000000000e+00
-1.026424077636809358e+02 -1.026450592583957047e+02 8.042408615579576051e-03 2.769690164140760680e+04 0.000000000000000000e+00
-1.080056458476611425e+02 -1.079865223926447300e+02 5.756520936092233455e-03 2.760190929087622135e+04 0.000000000000000000e+00
-1.002262263520561163e+02 -1.002826357310748477e+02 2.512621812048313613e-02 1.161136728679046882e+03 0.000000000000000000e+00
-1.017685016520546526e+02 -1.017642113815716698e+02 1.004424646945934439e-02 1.178452243269398878e+03 0.000000000000000000e+00
-1.080017971729892992e+02 -1.079995878113423942e+02 4.263699131154629826e-03 7.543339706966995436e+03 0.000000000000000000e+00
-1.022764336434864987e+02 -1.022322727748780125e+02 1.690047176376617902e-02 7.517974161682200247e+03 0.000000000000000000e+00
-1.025949690088600903e+02 -1.026025493600205039e+02 4.985983566770527467e-03 7.541825418666194309e+03 0.000000000000000000e+00
-1.025832471860222341e+02 -1.025895442830708646e+02 2.975857421382462065e-03 1.197851890456461433e+03 0.000000000000000000e+00
-1.026357100626189975e+02 -1.026287216376806271e+02 7.618412010593667190e-03 2.828226387798316136e+04 0.000000000000000000e+00
-1.079918980413868326e+02 -1.079949793088604082e+02 4.457260083485828708e-03 7.470170393864475045e+03 0.000000000000000000e+00
-1.025599554787664545e+02 -1.025596138715360723e+02 4.377246147733541114e-03 7.445581544713073527e+03 0.000000000000000000e+00
-1.052816485283003374e+02 -1.052842552600207995e+02 2.347288025593763112e-03 1.183442617064905107e+03 0.000000000000000000e+00
-9.985439683549726908e+01 -9.984047729744199273e+01 7.888244357697410739e-03 2.791706844354097848e+04 0.000000000000000000e+00
-1.080156985299467038e+02 -1.080211794971882995e+02 4.186370662272891931e-03 7.373471232975968633e+03 0.000000000000000000e+00
-1.107677932109261860e+02 -1.107752424753564071e+02 5.382423901558225539e-03 7.350161091628680879e+03 0.000000000000000000e+00
-1.053531109269313077e+02 -1.053386128247712037e+02 6.134602525097579417e-03 2.765106091889018353e+04 0.000000000000000000e+00
-1.079855636494164060e+02 -1.079821544957058705e+02 4.789117040532764498e-03 7.304563778724883377e+03 0.000000000000000000e+00
-1.081042825089181321e+02 -1.081013968098204572e+02 5.267882986474205914e-03 1.161071886216050643e+03 0.000000000000000000e+00
-9.984531303073485731e+01 -9.985162206447519395e+01 5.656390525753105837e-03 7.262648197793849249e+03 0.000000000000000000e+00
-9.728749169709335831e+01 -9.727466130883121309e+01 1.581860130900076059e-02 2.734185798214532770e+04 0.000000000000000000e+00
-1.041351279382058408e+02 -1.041830969425961939e+02 1.231161122010029918e-02 1.150213533635170961e+03 0.000000000000000000e+00
-9.998681983128147976e+01 -9.998717376527318379e+01 1.030358930564404321e-02 7.268267944959223314e+03 0.000000000000000000e+00
-1.026319496250270049e+02 -1.026375890726501581e+02 4.876379483418449498e-03 7.244965654819670817e+03 0.000000000000000000e+00
-1.053083555217861118e+02 -1.053110530991038587e+02 4.553443779246611582e-03 7.222718336124595226e+03 0.000000000000000000e+00
-1.001389982139018713e+02 -1.001814631921441787e+02 1.924800113054460360e-02 1.176126510800503638e+03 0.000000000000000000e+00
-1.052181944544989847e+02 -1.052153025603918763e+02 7.136636662876154162e-03 7.197243103851200431e+03 0.000000000000000000e+00
-1.042056152642872888e+02 -1.041861076776929735e+02 8.636111144700390693e-03 1.186147516978645172e+03 0.000000000000000000e+00
-1.054202420059231571e+02 -1.054109377586826355e+02 8.746105478232870517e-03 2.703906559413760988e+04 0.000000000000000000e+00
-1.031817379161483927e+02 -1.031803982290332726e+02 1.316889880429303501e-02 7.137791279365068476e+03 0.000000000000000000e+00
-1.025502855392504671e+02 -1.025459492560311361e+02 9.747760055800960485e-03 2.689104189906447937e+04 0.000000000000000000e+00
-1.107167000377616972e+02 -1.107170009291445467e+02 3.676287108317267353e-03 1.178933428384980743e+03 0.000000000000000000e+00
-1.053106194511723146e+02 -1.052975138002982476e+02 7.032274648577467591e-03 2.672671352044708328e+04 0.000000000000000000e+00
-1.107275641992777082e+02 -1.107018344119104256e+02 8.144390973816247742e-03 2.664901210217867265e+04 0.000000000000000000e+00
-1.080486034420054864e+02 -1.080514345984148292e+02 2.216253195366322138e-03 1.168364290459998529e+03 0.000000000000000000e+00
-1.080509883491931902e+02 -1.080393706660848636e+02 6.384946715778450251e-03 2.651063453658665458e+04 0.000000000000000000e+00
-1.107295208251780707e+02 -1.107076509081900042e+02 8.138520794281801571e-03 2.643315206435537766e+04 0.000000000000000000e+00
-1.107763277480030268e+02 -1.107608475645642585e+02 8.063605832755720015e-03 2.636615282714778368e+04 0.000000000000000000e+00
-1.007696270810873358e+02 -1.007418199658842326e+02 1.842677612497698944e-02 6.949018221325144623e+03 0.000000000000000000e+00
-1.107232058827306389e+02 -1.107237456367209205e+02 2.761206703942175808e-03 1.166771221398762009e+03 0.000000000000000000e+00
-1.107728388744641563e+02 -1.107591848329051771e+02 8.106545555557745364e-03 2.613698806255093223e+04 0.000000000000000000e+00
-1.053186872717147935e+02 -1.053228611182446883e+02 3.502334254780724472e-03 6.904575521527477576e+03 0.000000000000000000e+00
-1.026462269361537665e+02 -1.026539812614154954e+02 4.635560680109005946e-03 6.884180816301653977e+03 0.000000000000000000e+00
-1.079858609867471415e+02 -1.079815875426138803e+02 5.062795133756348154e-03 6.865105879592995734e+03 0.000000000000000000e+00
-9.717657335608448932e+01 -9.718463812086814357e+01 8.209645390383952385e-03 6.844983310431060090e+03 0.000000000000000000e+00
-1.013685504635250965e+02 -1.013951140909545927e+02 6.876219624043651210e-03 1.148657571801003996e+03 0.000000000000000000e+00
-1.107717763698317697e+02 -1.107720794648662661e+02 3.019550192615741251e-03 1.160853300898188536e+03 0.000000000000000000e+00
-1.026184807833569721e+02 -1.026232577643274197e+02 3.828712861787559457e-03 6.822875821587230348e+03 0.000000000000000000e+00
-1.026314001803461906e+02 -1.026088057302474397e+02 9.119131613827300559e-03 6.803237177678953230e+03 0.000000000000000000e+00
-1.026049065461929786e+02 -1.026105861385286744e+02 5.018151028392342505e-03 6.796870071060007831e+03 0.000000000000000000e+00
-9.719315866436583917e+01 -9.718259861405439892e+01 7.118580479695778111e-03 6.777583062714897096e+03 0.000000000000000000e+00
-1.042675914326074462e+02 -1.042540775478985751e+02 1.149082399849586482e-02 1.144490111964633570e+03 0.000000000000000000e+00
-1.014936592191926081e+02 -1.014987100049973208e+02 5.917244926153283728e-03 1.144057432500347886e+03 0.000000000000000000e+00
-1.026971079295470730e+02 -1.027047302438707277e+02 5.096210355310226009e-03 6.743399631688785121e+03 0.000000000000000000e+00
-1.107134953916161066e+02 -1.107225441072707497e+02 4.835706062406984473e-03 6.725503066554106226e+03 0.000000000000000000e+00
-1.025645250974290406e+02 -1.025682938944911768e+02 3.584980999085470802e-03 6.708340130464550384e+03 0.000000000000000000e+00
-1.080491406304338824e+02 -1.080481057066826622e+02 2.767325396672056913e-03 1.131907307435621306e+03 0.000000000000000000e+00
-1.025948200328177791e+02 -1.026045122162526155e+02 4.630930513282320408e-03 6.670079739642850654e+03 0.000000000000000000e+00
-1.054051195458941947e+02 -1.054084151208340501e+02 3.040741477018661567e-03 1.125959727171620671e+03 0.000000000000000000e+00
-1.013376525715656271e+02 -1.013551661929035248e+02 1.168592004204161393e-02 6.636257195310147836e+03 0.000000000000000000e+00
-1.031813951950034749e+02 -1.031901955982737746e+02 1.278566757004615667e-02 6.625043952373382126e+03 0.000000000000000000e+00
-1.080031710777801237e+02 -1.080024786268031676e+02 1.880110266233425004e-03 1.117312111086328514e+03 0.000000000000000000e+00
-9.822054961954088981e+01 -9.828592844069025602e+01 1.287886897303819854e-02 2.489098107658837762e+04 0.000000000000000000e+00
-1.107104132827757894e+02 -1.107151762290603330e+02 4.953693659867513394e-03 6.629990162077613604e+03 0.000000000000000000e+00
-1.026307707124945665e+02 -1.026227247970090559e+02 5.854644430877584474e-03 2.486361512648903226e+04 0.000000000000000000e+00
-1.053992619494817404e+02 -1.054066488413073159e+02 4.187779816538885098e-03 6.593611130315995979e+03 0.000000000000000000e+00
-9.706433771901106411e+01 -9.708087817682437048e+01 9.934020219871258356e-03 6.576615814059073273e+03 0.000000000000000000e+00
-1.052869436686382869e+02 -1.052857489176618770e+02 2.828428212754694523e-03 1.108807910052920761e+03 0.000000000000000000e+00
-9.938316599807093610e+01 -9.934794430586289593e+01 1.029871528643214879e-02 6.546941060322147678e+03 0.000000000000000000e+00
-1.017511222781871965e+02 -1.018235892972910079e+02 1.248360635225519849e-02 6.558570543644856116e+03 0.000000000000000000e+00
-1.052520899022737666e+02 -1.052517209737922741e+02 3.604645702484556707e-03 6.657062057465999715e+03 0.000000000000000000e+00
-1.034261382491507959e+02 -1.034057520138616297e+02 7.051516290523643198e-03 1.127403315009072003e+03 0.000000000000000000e+00
-1.024750269394545512e+02 -1.024670303683120807e+02 8.832425278558436385e-03 6.624504743569919810e+03 0.000000000000000000e+00
-1.015677868268129060e+02 -1.015603210543104638e+02 6.208341879540182039e-03 1.132145756113463904e+03 0.000000000000000000e+00
-1.053003707980284389e+02 -1.053030469077272215e+02 3.629183321595706897e-03 6.592006847931834272e+03 0.000000000000000000e+00
-1.035517357931445446e+02 -1.035225772157176038e+02 9.359576042709764204e-03 6.574079268146380855e+03 0.000000000000000000e+00
-1.026088562832316455e+02 -1.026131626163219863e+02 5.001362704776672434e-03 1.154074751637661620e+03 0.000000000000000000e+00
-1.041660468618050572e+02 -1.041507512278387964e+02 7.615932565298850002e-03 1.151595911031755577e+03 0.000000000000000000e+00
-1.080262508939883759e+02 -1.079977967335699987e+02 7.287132266036975420e-03 2.462368503364210119e+04 0.000000000000000000e+00
-1.020552234185087741e+02 -1.020087148418429166e+02 8.629518480330821209e-03 1.149175067519384356e+03 0.000000000000000000e+00
-1.024426365159096264e+02 -1.024238253188222529e+02 1.112006794367350476e-02 2.454616987136836178e+04 0.000000000000000000e+00
-9.979099064190518220e+01 -9.979224094553438817e+01 9.582193894327449904e-03 2.448858960140692943e+04 0.000000000000000000e+00
-1.053488781080308740e+02 -1.053495294540815905e+02 2.435213563601843888e-03 1.178001076889482647e+03 0.000000000000000000e+00
-1.107112915508792668e+02 -1.107153969381999019e+02 4.759942388087900003e-03 6.564247434171705208e+03 0.000000000000000000e+00
-1.068334095667679406e+02 -1.068291513472712495e+02 7.872693674030381908e-03 6.547134244976351511e+03 0.000000000000000000e+00
-1.080041516620999147e+02 -1.079829798435832657e+02 5.595003187402950232e-03 2.425795782783248069e+04 0.000000000000000000e+00
-1.053965994662385981e+02 -1.054032518644111036e+02 3.730234461410499459e-03 6.513980344219302424e+03 0.000000000000000000e+00
-1.052487008153205892e+02 -1.052511639339696217e+02 2.747099604607553067e-03 1.162720300813271251e+03 0.000000000000000000e+00
-1.079958030927552244e+02 -1.079959188586226446e+02 2.232792240847221010e-03 1.159846710878054409e+03 0.000000000000000000e+00
-1.052993559786997793e+02 -1.052831489672548884e+02 6.473453114207799140e-03 2.402571747053212675e+04 0.000000000000000000e+00
-9.986741701851715902e+01 -9.986731177236855217e+01 5.976958300152133280e-03 6.446942846021432160e+03 0.000000000000000000e+00
-9.180917545869927210e+01 -9.176750151226185892e+01 1.634583070807140229e-02 1.150997317070309236e+03 0.000000000000000000e+00
-1.080834684951963851e+02 -1.080809324052817857e+02 2.466612681517888102e-03 1.160703071378904724e+03 0.000000000000000000e+00
-9.724098712630943453e+01 -9.724870708299792454e+01 8.656999062308653320e-03 6.435485755172913741e+03 0.000000000000000000e+00
-1.080643647881792049e+02 -1.080695344972205589e+02 3.891703210848097925e-03 6.420256882934366331e+03 0.000000000000000000e+00
-1.054383348545524086e+02 -1.054373249610551682e+02 4.097907368224044597e-03 1.158022008795252304e+03 0.000000000000000000e+00
-9.975408403698905602e+01 -9.975662549706594007e+01 8.181206170209277123e-03 2.367623769872787670e+04 0.000000000000000000e+00
-1.053071129706554103e+02 -1.053056248124081833e+02 4.352876063840721219e-03 6.372207339657573357e+03 0.000000000000000000e+00
-1.025503934124638192e+02 -1.025371617080882345e+02 5.968315319547700011e-03 2.355468054973646940e+04 0.000000000000000000e+00
-1.025218785643988610e+02 -1.025274388949801079e+02 3.730576507273280877e-03 6.339823170013970412e+03 0.000000000000000000e+00
-1.052877473878221650e+02 -1.052765077762730499e+02 5.674489484837950612e-03 2.344618308983983661e+04 0.000000000000000000e+00
-9.988318315772987432e+01 -9.988692546488714186e+01 3.094869051442340931e-03 1.140478404784086706e+03 0.000000000000000000e+00
-1.088594474430538384e+02 -1.088602365423460014e+02 1.011469036324951463e-02 1.137870895782967864e+03 0.000000000000000000e+00
-1.053094827557768980e+02 -1.053132970741515919e+02 3.987013361854786775e-03 6.288196276258373473e+03 0.000000000000000000e+00
-1.025593632510211535e+02 -1.025621845670489591e+02 4.759582561447634093e-03 6.272576396421586651e+03 0.000000000000000000e+00
-1.080573852405244679e+02 -1.080566985423175623e+02 3.906483974016823450e-03 6.256805044994771379e+03 0.000000000000000000e+00
-1.106635759217550685e+02 -1.106648809704594356e+02 4.173075652283671569e-03 1.126556436044306565e+03 0.000000000000000000e+00
-1.026145481916719291e+02 -1.026176442503529103e+02 1.968915101435559506e-03 1.123765771493609691e+03 0.000000000000000000e+00
-9.874513671554854000e+01 -9.874445340190236209e+01 1.071950541008198816e-02 6.214031014623378724e+03 0.000000000000000000e+00
-9.820474112424275859e+01 -9.819655219863520301e+01 5.222314951189226812e-03 1.118385637586729217e+03 0.000000000000000000e+00
-1.080308181932865494e+02 -1.080093970171305102e+02 6.920698500961042048e-03 2.296688425798224125e+04 0.000000000000000000e+00
-1.106637281695444841e+02 -1.106648671801318358e+02 3.848095616492178215e-03 1.114646274338140984e+03 0.000000000000000000e+00
-1.068088427355462500e+02 -1.068180034905637683e+02 6.359944331882159095e-03 1.111904634173782370e+03 0.000000000000000000e+00
-1.018366355352700339e+02 -1.018287511202102422e+02 9.611794629693240152e-03 6.142322884853146206e+03 0.000000000000000000e+00
-9.712564884326980064e+01 -9.712736636871123608e+01 5.475694573118368436e-03 1.108150383840941231e+03 0.000000000000000000e+00
-1.024999772409231298e+02 -1.025023949763976816e+02 3.279379951919011299e-03 1.105523323191162717e+03 0.000000000000000000e+00
-9.919638466366325247e+01 -9.918454507146847732e+01 5.975630809015267976e-03 1.102859923080200360e+03 0.000000000000000000e+00
-1.015880236128428322e+02 -1.015808709660759916e+02 8.337885396688150819e-03 1.103219474829884803e+03 0.000000000000000000e+00
-1.080693960848209230e+02 -1.080742389349298804e+02 3.146236493352021733e-03 6.094433847366353802e+03 0.000000000000000000e+00
-1.080177107493832693e+02 -1.080223710399709773e+02 3.601074558425297438e-03 6.080051178720932512e+03 0.000000000000000000e+00
-1.080428490315604364e+02 -1.080456311868376531e+02 3.377310060803583643e-03 6.065681627499914612e+03 0.000000000000000000e+00
-1.025788234462695669e+02 -1.025895337281967414e+02 4.482478919757260614e-03 6.051081263326540466e+03 0.000000000000000000e+00
-1.079734421626383352e+02 -1.079769697404626783e+02 3.883779414413449701e-03 6.038920764489269459e+03 0.000000000000000000e+00
-1.026929829359236948e+02 -1.027038531276532183e+02 1.041154180730506293e-02 6.024597129949882401e+03 0.000000000000000000e+00
-9.979644894231161345e+01 -9.979991329318424675e+01 5.183004734812445870e-03 1.086798492329645114e+03 0.000000000000000000e+00
-1.080230504263777220e+02 -1.080240412249465436e+02 2.234086052040663590e-03 1.084467476071837154e+03 0.000000000000000000e+00
-1.025088527923404058e+02 -1.025098635598912722e+02 2.896983447339357507e-03 1.081866831353213001e+03 0.000000000000000000e+00
-1.053764577829633851e+02 -1.053762499493244462e+02 5.782247551507004035e-03 5.971395760501520272e+03 0.000000000000000000e+00
-1.107227512722073612e+02 -1.107266592658467346e+02 4.214665832900975871e-03 5.957082040261814655e+03 0.000000000000000000e+00
-9.723287924939296545e+01 -9.720317881669333815e+01 6.714982411967411122e-03 5.943210632166335017e+03 0.000000000000000000e+00
-1.080829136868244262e+02 -1.080808940672609708e+02 2.124078298391945865e-03 1.073191092428846787e+03 0.000000000000000000e+00
-1.080774264869026666e+02 -1.080794014054450543e+02 5.033516087854388726e-03 5.936423510414714656e+03 0.000000000000000000e+00
-1.018603958503305194e+02 -1.018507750189481555e+02 8.615949570346054590e-03 5.922435244189406149e+03 0.000000000000000000e+00
-1.026386494151504110e+02 -1.026449475774632560e+02 4.196353204802009441e-03 5.910271729189885264e+03 0.000000000000000000e+00
-1.016546174834662821e+02 -1.016763242275853258e+02 6.456712874510334675e-03 1.064625019002118052e+03 0.000000000000000000e+00
-1.080515103404832900e+02 -1.080543140902386341e+02 2.917609245743592837e-03 5.899311636487689611e+03 0.000000000000000000e+00
-1.080020378574455435e+02 -1.080031533126550300e+02 1.837021638470963478e-03 1.067612700901257540e+03 0.000000000000000000e+00
-9.997008842652820704e+01 -9.998001216094654353e+01 1.004929580254226330e-02 1.065118278114521218e+03 0.000000000000000000e+00
-1.080019941421647331e+02 -1.080016235006587806e+02 2.632815135823127640e-03 5.868301602514962724e+03 0.000000000000000000e+00
-1.053046747875160492e+02 -1.053088625057953323e+02 3.313646302002181895e-03 5.854604343104931104e+03 0.000000000000000000e+00
-1.081164777430520445e+02 -1.081239224803206014e+02 4.111511231300814424e-03 5.841329794252815191e+03 0.000000000000000000e+00
