0.000000000000000000e+00 0.000000000000000000e+00 0.000000000000000000e+00 0.000000000000000000e+00 0.000000000000000000e+00
-1.081506511185273354e+02 -1.081194420925484110e+02 1.078690255034122913e-01 1.347447575683022442e+05 0.000000000000000000e+00
-9.999774659868538151e+01 -9.970102780012186372e+01 1.766065836658383958e-01 1.309668635421043582e+05 0.000000000000000000e+00
-1.030718233034249067e+02 -1.031224424131731467e+02 1.275022303041662419e-01 1.346813466010600387e+05 0.000000000000000000e+00
-1.027915991129363107e+02 -1.027252567785709800e+02 9.069036968027534285e-02 1.312479857805967331e+05 0.000000000000000000e+00
-1.027901327370855427e+02 -1.026273525697638433e+02 1.202459443962313052e-01 1.284975365158891364e+05 0.000000000000000000e+00
-1.038486011541228464e+02 -1.038966845492759603e+02 1.051658685293850731e-01 1.284432178971751709e+05 0.000000000000000000e+00
-9.712855585562245153e+01 -9.700698415284030318e+01 7.838231637687817499e-02 1.254329375548834651e+05 0.000000000000000000e+00
-1.080544902981062023e+02 -1.080412525199041056e+02 4.624483711778462625e-02 1.247722547788623779e+05 0.000000000000000000e+00
-1.025460854883076820e+02 -1.025337659942945692e+02 6.940983738708741968e-02 1.217633600445518387e+05 0.000000000000000000e+00
-1.053662654050703225e+02 -1.054217249684909348e+02 7.060831926704945471e-02 2.587187285531507223e+04 0.000000000000000000e+00
-1.052671804940904394e+02 -1.052208149164166286e+02 6.802588869019661477e-02 1.161627439324755687e+05 0.000000000000000000e+00
-1.052655037414078691e+02 -1.053068184143774602e+02 6.520711023729357236e-02 1.138563890322143707e+05 0.000000000000000000e+00
-1.026611766976592008e+02 -1.025874676837750030e+02 5.866848127627019571e-02 1.115874100352389069e+05 0.000000000000000000e+00
-1.069212128097529444e+02 -1.068631994498570350e+02 1.009278882274669553e-01 2.489088808904272446e+04 0.000000000000000000e+00
-1.053548063146867122e+02 -1.053456583973491831e+02 5.155997649350593098e-02 1.077431877983237791e+05 0.000000000000000000e+00
-1.053469566217868305e+02 -1.053562197339642950e+02 2.267387606455726137e-02 2.399937699686704946e+04 0.000000000000000000e+00
-1.079804801388796278e+02 -1.079980149143720070e+02 4.257093066141351412e-02 1.033604846175301209e+05 0.000000000000000000e+00
-8.573657800109386073e+01 -8.567777376446682069e+01 1.180040520042293650e-01 1.013457470255360822e+05 0.000000000000000000e+00
-9.725788279773176725e+01 -9.724490386002547382e+01 3.568347154641892532e-02 2.329440447212295476e+04 0.000000000000000000e+00
-1.040296551875004667e+02 -1.040914322617102670e+02 5.270387258188761331e-02 9.834160173207464686e+04 0.000000000000000000e+00
-9.930658863168494577e+01 -9.919708268087271108e+01 7.575087447147241249e-02 9.703597349086910253e+04 0.000000000000000000e+00
-1.025620387370616413e+02 -1.025194227655761523e+02 4.377503050716092386e-02 9.665236019415380724e+04 0.000000000000000000e+00
-1.025766967046720310e+02 -1.025839975752847835e+02 4.017451963783611607e-02 2.207630370203561324e+04 0.000000000000000000e+00
-1.080577045129665805e+02 -1.080409918830489744e+02 3.024723805066457938e-02 9.346864944983307214e+04 0.000000000000000000e+00
-1.053168700024779270e+02 -1.053336408614335653e+02 2.082961301308050225e-02 2.139730351721482293e+04 0.000000000000000000e+00
-1.024993411613429828e+02 -1.024985172820181134e+02 3.698404864225730837e-02 2.106684814829131938e+04 0.000000000000000000e+00
-1.080485202456025888e+02 -1.080453155332059367e+02 3.563158844413333998e-02 8.897717101703192748e+04 0.000000000000000000e+00
-1.052869750763446604e+02 -1.053069925881180922e+02 3.865107430966030488e-02 8.749521248184643628e+04 0.000000000000000000e+00
-9.982388235223753270e+01 -9.975776807788591327e+01 7.822124423261853088e-02 8.611400629315992410e+04 0.000000000000000000e+00
-1.080690338794995995e+02 -1.080736902865069453e+02 3.348855374869025986e-02 8.513661932051613985e+04 0.000000000000000000e+00
-1.079912924334542481e+02 -1.079880992344381383e+02 2.797638392105684588e-02 8.378788028621234116e+04 0.000000000000000000e+00
-1.107032805659027304e+02 -1.107071711862154615e+02 3.985928613662086811e-02 8.247948910243855789e+04 0.000000000000000000e+00
-9.718568399206515096e+01 -9.715617424225443699e+01 3.924983359888845058e-02 8.121374879033227626e+04 0.000000000000000000e+00
-1.014136382698741556e+02 -1.014026818385470534e+02 6.086576527726143826e-02 8.010112421908619581e+04 0.000000000000000000e+00
-1.027115496212668830e+02 -1.026747892095297914e+02 3.934153348288041419e-02 7.891626453649994801e+04 0.000000000000000000e+00
-1.081066057932434461e+02 -1.080945769484093830e+02 1.711244650951718183e-02 1.850823875162073819e+04 0.000000000000000000e+00
-1.053952092205566231e+02 -1.054050717884232711e+02 2.996995900882611780e-02 7.679848026068665786e+04 0.000000000000000000e+00
-1.080951073865338969e+02 -1.080872591683129684e+02 2.631458386697588595e-02 7.571287111666909186e+04 0.000000000000000000e+00
-1.027048707564760406e+02 -1.027027950359670143e+02 3.190757354190810330e-02 7.465388958040151920e+04 0.000000000000000000e+00
-1.081282384141253630e+02 -1.081153346356279172e+02 1.825466546161704298e-02 1.755798439770085679e+04 0.000000000000000000e+00
-1.053550618539258750e+02 -1.053467919521976626e+02 3.997800804248387296e-02 7.261101727394857153e+04 0.000000000000000000e+00
-9.990548047897478057e+01 -9.985535840310868139e+01 5.277309156194964074e-02 7.163922764407013892e+04 0.000000000000000000e+00
-1.053030623051941745e+02 -1.052897078560410904e+02 1.991132869101784955e-02 7.092344616493105423e+04 0.000000000000000000e+00
-1.052546665366214995e+02 -1.052378799252593922e+02 2.340087877713492234e-02 7.001150008441522368e+04 0.000000000000000000e+00
-1.035842925211817800e+02 -1.035701965279689745e+02 5.110928958824657170e-02 6.913547282591428666e+04 0.000000000000000000e+00
-1.052637147418977719e+02 -1.052675171988727669e+02 1.124746685535666160e-02 1.651838824959858539e+04 0.000000000000000000e+00
-1.053329529274586633e+02 -1.053302523737067844e+02 7.882254451436867052e-03 1.843611604950010587e+03 0.000000000000000000e+00
-1.052418855219434874e+02 -1.052428654317999417e+02 2.202968534602567363e-02 6.657668215391524427e+04 0.000000000000000000e+00
-1.080502242706202765e+02 -1.080496796781911968e+02 2.471562270965370692e-02 6.575480022472882411e+04 0.000000000000000000e+00
-1.025499564985521204e+02 -1.025519447189871443e+02 2.471846156556418983e-02 6.495291746026391047e+04 0.000000000000000000e+00
-1.031333225661465463e+02 -1.031766226747937765e+02 4.037115032885088550e-02 1.766518200973217063e+03 0.000000000000000000e+00
-9.977856209835788093e+01 -9.979720023912776128e+01 2.457472381996376673e-02 1.539701819395169696e+04 0.000000000000000000e+00
-1.013675570633071885e+02 -1.013991240981572162e+02 1.835618013335689122e-02 1.750833000076485405e+03 0.000000000000000000e+00
-1.019548739419825836e+02 -1.018759369294326973e+02 5.033981569806116052e-02 6.251611667714501527e+04 0.000000000000000000e+00
-1.027133762264252397e+02 -1.026985827514716334e+02 2.882386867318962459e-02 6.230870657924468833e+04 0.000000000000000000e+00
-9.718913204065501077e+01 -9.713793468876173165e+01 2.699215983933575536e-02 6.162296344398774818e+04 0.000000000000000000e+00
-1.018081402586759339e+02 -1.018027988190058437e+02 2.519270392695343100e-02 1.502335255884136313e+04 0.000000000000000000e+00
-9.708767634351750075e+01 -9.703950946597571203e+01 3.697761385471035056e-02 6.063118146765025449e+04 0.000000000000000000e+00
-1.043527405977650773e+02 -1.043800257607841075e+02 3.387108116757199527e-02 6.017079778679452284e+04 0.000000000000000000e+00
-1.027732429493843824e+02 -1.027034130305221709e+02 3.575367487336036931e-02 5.958700407661918871e+04 0.000000000000000000e+00
-1.027113290289185983e+02 -1.026560869567819907e+02 2.887817446677020533e-02 5.937846029403156717e+04 0.000000000000000000e+00
-9.969363648742259443e+01 -9.967822662085170293e+01 3.534088572548559071e-02 5.903100263336594071e+04 0.000000000000000000e+00
-1.079834398945089049e+02 -1.079838725802512727e+02 2.155461056631444161e-02 5.842877728362442576e+04 0.000000000000000000e+00
-1.024833402959531128e+02 -1.024649079586200742e+02 1.790537408179720263e-02 1.731068178113394652e+03 0.000000000000000000e+00
-9.986698753246672311e+01 -9.984709106421716740e+01 2.126318860148097845e-02 5.724810357336128072e+04 0.000000000000000000e+00
-9.666731886062245849e+01 -9.664658077335744224e+01 2.157396767758790537e-02 1.702205328470065069e+03 0.000000000000000000e+00
-1.031869658703674446e+02 -1.031803748926673876e+02 2.293698075666133693e-02 1.380818997687184128e+04 0.000000000000000000e+00
-9.973361896559994477e+01 -9.974534144503093103e+01 2.528828222782816132e-02 1.367211636176870161e+04 0.000000000000000000e+00
-1.053992205797339494e+02 -1.054023169009894190e+02 1.439274587258184898e-02 1.354885012743408151e+04 0.000000000000000000e+00
-1.042791510076377222e+02 -1.043165664473314109e+02 3.473197071059043461e-02 5.459380963498150959e+04 0.000000000000000000e+00
-1.045560114163924368e+02 -1.045686162851006600e+02 1.587892666269236086e-02 1.345088638869499482e+04 0.000000000000000000e+00
-9.904666792979057277e+01 -9.905665390763515177e+01 2.806849143530194476e-02 1.333464381378186954e+04 0.000000000000000000e+00
-1.026228745911033400e+02 -1.026255777817255250e+02 5.299789305461954404e-03 1.682794400145783129e+03 0.000000000000000000e+00
-1.079566330676126711e+02 -1.079590362030657502e+02 1.993281584193215550e-02 5.266153877676294360e+04 0.000000000000000000e+00
-1.080462596871153522e+02 -1.080452966618067734e+02 9.611060473735633450e-03 1.297524854423712350e+04 0.000000000000000000e+00
-1.027034647461015311e+02 -1.026871152082789678e+02 2.241383379034861054e-02 5.170631314436601679e+04 0.000000000000000000e+00
-1.053690218558197529e+02 -1.053722516794178290e+02 1.804899485275013662e-02 5.125351639338571113e+04 0.000000000000000000e+00
-9.729076280892260797e+01 -9.726608934847976684e+01 2.212182174394107873e-02 1.262222167635071492e+04 0.000000000000000000e+00
-1.080666923963378139e+02 -1.080668940689518678e+02 2.157863957182198575e-02 5.041924741611538775e+04 0.000000000000000000e+00
-9.324937820581392600e+01 -9.326853851310170285e+01 4.081056061363631804e-02 4.996906356509561738e+04 0.000000000000000000e+00
-9.990448116928733668e+01 -9.993192136202922882e+01 3.177013037879119345e-02 4.954892266632406972e+04 0.000000000000000000e+00
-1.052417838609615757e+02 -1.052477742597668566e+02 5.775588873484393225e-03 1.609733166631523545e+03 0.000000000000000000e+00
-1.053389983894838906e+02 -1.053294386160527978e+02 1.263955134511462498e-02 1.219780474145052904e+04 0.000000000000000000e+00
-1.008968739517643058e+02 -1.009343691601957573e+02 2.126042352180840950e-02 1.209954804498333033e+04 0.000000000000000000e+00
-1.053601362792560252e+02 -1.053638912118597091e+02 5.728124910797226070e-03 1.575080821391696645e+03 0.000000000000000000e+00
-1.026278652136497413e+02 -1.026019734104663428e+02 1.694180243943906733e-02 4.779632835709916253e+04 0.000000000000000000e+00
-1.001676231247154192e+02 -1.000912295523024369e+02 3.284577669370715436e-02 4.744835135665620328e+04 0.000000000000000000e+00
-1.080585018763373881e+02 -1.080636456409054773e+02 7.146086915442559709e-03 1.631453656421539790e+03 0.000000000000000000e+00
-1.007306782789526522e+02 -1.006832496648157331e+02 3.655905967434251030e-02 4.705451297962189710e+04 0.000000000000000000e+00
-9.992761913830113940e+01 -9.991703484286965420e+01 1.372985244861806529e-02 1.194103137029276877e+04 0.000000000000000000e+00
-1.052955343531254186e+02 -1.052926549723096770e+02 1.334059501838855306e-02 1.185199307539412439e+04 0.000000000000000000e+00
-1.052776086529432433e+02 -1.052811801421668179e+02 8.942666694501466909e-03 1.175715089759883995e+04 0.000000000000000000e+00
-9.732735833122980296e+01 -9.725596764446918030e+01 3.380280276466059164e-02 4.577340416874507355e+04 0.000000000000000000e+00
-9.184027775566008245e+01 -9.175614428426698055e+01 2.734275232622381674e-02 4.572714719191518816e+04 0.000000000000000000e+00
-1.080228065991736486e+02 -1.080129159124951741e+02 1.644576626764662763e-02 4.584223662803210755e+04 0.000000000000000000e+00
-1.025964448024413684e+02 -1.025699054946565099e+02 2.453723421907757010e-02 4.549051453323243186e+04 0.000000000000000000e+00
-9.719592520785897705e+01 -9.716979241152425573e+01 2.557953663637085526e-02 4.518558434927873896e+04 0.000000000000000000e+00
-9.816297965040598683e+01 -9.815702577117886563e+01 1.441490741584357943e-02 1.530981193939077002e+03 0.000000000000000000e+00
-9.702610632436103799e+01 -9.699137504277483401e+01 2.518704553767549259e-02 4.454227956018722762e+04 0.000000000000000000e+00
-1.025585102665566382e+02 -1.025432367489213163e+02 1.429409270747206313e-02 4.428370532578258280e+04 0.000000000000000000e+00
-1.080659582620224768e+02 -1.080694703650165707e+02 1.598679805346600244e-02 4.396757145444824710e+04 0.000000000000000000e+00
-9.995947348183906911e+01 -9.993094756078629359e+01 2.675575951334616467e-02 4.364044914809849433e+04 0.000000000000000000e+00
-1.026733742872014119e+02 -1.026868865113980007e+02 1.619891143262245162e-02 4.336675130043118406e+04 0.000000000000000000e+00
-1.053710897923922971e+02 -1.053708981522722183e+02 1.075389582766617114e-02 1.078033473730820697e+04 0.000000000000000000e+00
-1.014812946086375263e+02 -1.015033622787631771e+02 1.274740124718881998e-02 1.458128613517091026e+03 0.000000000000000000e+00
-9.981975759459331243e+01 -9.982375960659267378e+01 1.140801614423430158e-02 1.063183464059172911e+04 0.000000000000000000e+00
-9.723878137202336802e+01 -9.725116683985639554e+01 1.862576953811911559e-02 1.055625239993718606e+04 0.000000000000000000e+00
-1.079611809514244669e+02 -1.079613609668345191e+02 1.035535832053438750e-02 1.049050041665112803e+04 0.000000000000000000e+00
-1.080502256593223649e+02 -1.080523947892226317e+02 3.904095345957322473e-03 1.438145041194478608e+03 0.000000000000000000e+00
-1.046104608062218944e+02 -1.045993196103168685e+02 3.807108738293986383e-02 1.428033354562095610e+03 0.000000000000000000e+00
-1.080982001517614179e+02 -1.080852717895406983e+02 9.252228002603739634e-03 1.054561614655552148e+04 0.000000000000000000e+00
-9.982487095658835585e+01 -9.982931073864568816e+01 1.203128444482326996e-02 1.048247230308213148e+04 0.000000000000000000e+00
-1.053177236233143930e+02 -1.053187878276026339e+02 1.111267360763866854e-02 4.232657183646172780e+04 0.000000000000000000e+00
-1.052354789630877008e+02 -1.052428330100697593e+02 5.200799293648576682e-03 1.391614557848704180e+03 0.000000000000000000e+00
-9.985024367188054839e+01 -9.985221529699931864e+01 8.758544761119846020e-03 1.027873288315409081e+04 0.000000000000000000e+00
-1.013039760741719135e+02 -1.013484971782092714e+02 1.855422113077312418e-02 1.020929132721954556e+04 0.000000000000000000e+00
-1.106674921276131585e+02 -1.106535157769834399e+02 1.984289123065301197e-02 4.149957954489359690e+04 0.000000000000000000e+00
-1.080680650364378437e+02 -1.080693744751193321e+02 5.608997224238298183e-03 1.358031060909088637e+03 0.000000000000000000e+00
-1.053454722693098375e+02 -1.053463217979218172e+02 1.877375474913929587e-02 4.096051637711418152e+04 0.000000000000000000e+00
-1.080742746118561826e+02 -1.080653932840951938e+02 8.387928187868905552e-03 1.004047311983702093e+04 0.000000000000000000e+00
-1.052398641821397973e+02 -1.052442130449711897e+02 5.803393695615185685e-03 1.331705921380093514e+03 0.000000000000000000e+00
-9.923463877379013809e+01 -9.916865123241137780e+01 2.705859577534786356e-02 4.016438060831854818e+04 0.000000000000000000e+00
-1.079839078191050845e+02 -1.079803801654426394e+02 8.894127109820773938e-03 9.932224915892798890e+03 0.000000000000000000e+00
-9.872356861529620176e+01 -9.874330277200944295e+01 1.466343058019697887e-02 9.869378898835087966e+03 0.000000000000000000e+00
-1.026112548250622467e+02 -1.026128385528286771e+02 1.269856702555818319e-02 3.967753069269070693e+04 0.000000000000000000e+00
-1.080203010199629290e+02 -1.080249790521918385e+02 3.649219026670223742e-03 1.295580269311616576e+03 0.000000000000000000e+00
-1.052826486188036910e+02 -1.052787518263771318e+02 9.595095466868175729e-03 9.699272036288877644e+03 0.000000000000000000e+00
-1.019400301150480175e+02 -1.018828498749831937e+02 2.436804088672626240e-02 3.893718740215934668e+04 0.000000000000000000e+00
-1.054047133201541442e+02 -1.054115264185150380e+02 1.316999309976036106e-02 3.887317297912291542e+04 0.000000000000000000e+00
-1.053925274603292479e+02 -1.053857994886462706e+02 7.955347349758707873e-03 9.604291919215824237e+03 0.000000000000000000e+00
-1.025849969490137710e+02 -1.025851686381939629e+02 1.711456596766888077e-02 3.839988176080588892e+04 0.000000000000000000e+00
-9.878139333809461675e+01 -9.880628377639081350e+01 1.266119454134014173e-02 1.259959653863504400e+03 0.000000000000000000e+00
-9.442848373399654349e+01 -9.440383034778353988e+01 2.147039279965376121e-02 3.853812078507425031e+04 0.000000000000000000e+00
-1.025807379495552993e+02 -1.025524214519346629e+02 1.420756568122126702e-02 3.833871110574692284e+04 0.000000000000000000e+00
-9.434121389355939868e+01 -9.434590949281866301e+01 2.424739917641628717e-02 3.815449530174598476e+04 0.000000000000000000e+00
-1.080434465325071329e+02 -1.080476048213311770e+02 3.018633011936059079e-03 1.252090616126306486e+03 0.000000000000000000e+00
-9.714253147002911248e+01 -9.714705523235062401e+01 1.466749645834132011e-02 3.770522350968445244e+04 0.000000000000000000e+00
-1.024786013580545188e+02 -1.024848904838790276e+02 4.948945035247872930e-03 1.238040236358926677e+03 0.000000000000000000e+00
-1.107607997940370836e+02 -1.107679672274741876e+02 5.056496487679333282e-03 1.232672181030969568e+03 0.000000000000000000e+00
-1.025453474586262104e+02 -1.025431071497107496e+02 6.060912630573108383e-03 9.273058903196104438e+03 0.000000000000000000e+00
-1.080717922237330981e+02 -1.080748424515384443e+02 3.607642386887539680e-03 1.220873445124890850e+03 0.000000000000000000e+00
-1.026003616057143546e+02 -1.025960366855657071e+02 7.091746886399687491e-03 9.169729744520349414e+03 0.000000000000000000e+00
-1.053292028467959653e+02 -1.053336575942965680e+02 3.576541010186990062e-03 1.207346315157968320e+03 0.000000000000000000e+00
-1.080200395481637656e+02 -1.080225611409054807e+02 4.488995558153695102e-03 1.201526031775463480e+03 0.000000000000000000e+00
-1.053495764765301459e+02 -1.053536089727884928e+02 2.805271749154552435e-03 1.194970692709990772e+03 0.000000000000000000e+00
-1.025481827244984743e+02 -1.025395706045940614e+02 8.993329879125488979e-03 8.977894693496396940e+03 0.000000000000000000e+00
-1.053417382589609304e+02 -1.053383022065669508e+02 4.693085651741377498e-03 8.931547077316186915e+03 0.000000000000000000e+00
-1.053019486528670541e+02 -1.052900270416233894e+02 1.146897622010266057e-02 3.545007875387392414e+04 0.000000000000000000e+00
-1.089007495589358712e+02 -1.088714734364678520e+02 1.700902424045400846e-02 1.169590353319350697e+03 0.000000000000000000e+00
-9.710880282809465314e+01 -9.709721448627742291e+01 9.993523430296502238e-03 8.788092518823958017e+03 0.000000000000000000e+00
-1.052040093145967461e+02 -1.052022769156378672e+02 1.079831885337505411e-02 8.746700603389572279e+03 0.000000000000000000e+00
-1.052217384291537172e+02 -1.052178855008323524e+02 1.370794802588006824e-02 3.474690158142990549e+04 0.000000000000000000e+00
-1.107720640478597431e+02 -1.107655617035957363e+02 1.261001755542756966e-02 3.455985950508278620e+04 0.000000000000000000e+00
-1.107489248817258556e+02 -1.107423488673808691e+02 8.247206999143214326e-03 8.614431847283305615e+03 0.000000000000000000e+00
-1.053351632167702974e+02 -1.053332264394344122e+02 6.528321954673793268e-03 8.570314107254949704e+03 0.000000000000000000e+00
-1.079932132315172311e+02 -1.079964734150101862e+02 2.747518802798923701e-03 1.145923014113026966e+03 0.000000000000000000e+00
-1.052000970234135195e+02 -1.051885530658024663e+02 1.149254715002273955e-02 3.383346801594103454e+04 0.000000000000000000e+00
-9.322949258904095871e+01 -9.321249926632006577e+01 2.497045104242722607e-02 3.366200691415409528e+04 0.000000000000000000e+00
-9.657924440345708206e+01 -9.658468094748269550e+01 1.951980240766704872e-02 1.129222881614918151e+03 0.000000000000000000e+00
-1.024539662234158044e+02 -1.024535190141074565e+02 9.559187510377637961e-03 8.383407921010317295e+03 0.000000000000000000e+00
-1.052427469932888471e+02 -1.052365140769958742e+02 9.616476215157323051e-03 3.328214597044797119e+04 0.000000000000000000e+00
-1.052926381708269190e+02 -1.052641853033080395e+02 1.460735725300065825e-02 3.311251798742770916e+04 0.000000000000000000e+00
-9.669303047864609368e+01 -9.661792304678058940e+01 2.422745121605639207e-02 3.298125799785109120e+04 0.000000000000000000e+00
-1.025667552967079246e+02 -1.025722146758935764e+02 3.370360909943860908e-03 1.107290009460611600e+03 0.000000000000000000e+00
-1.081695049431037603e+02 -1.081623604410023489e+02 1.158966593304640996e-02 8.244534312343697820e+03 0.000000000000000000e+00
-1.079615881919885396e+02 -1.079606282353093860e+02 1.476614361192834374e-02 3.273393575647211037e+04 0.000000000000000000e+00
-1.021992783146091739e+02 -1.022050172872591958e+02 1.913987591734503738e-02 3.256947168031051842e+04 0.000000000000000000e+00
-9.982966826943182070e+01 -9.983417385451195969e+01 5.959309867271313232e-03 8.330935611868575506e+03 0.000000000000000000e+00
-1.027206513584699934e+02 -1.027287513084055206e+02 7.740333127295965718e-03 1.159824759902362985e+03 0.000000000000000000e+00
-1.080168445367867207e+02 -1.080193288817320223e+02 3.178155115861762241e-03 1.156885965957974804e+03 0.000000000000000000e+00
-1.107685521963839079e+02 -1.107755377788272995e+02 4.444269745667940412e-03 1.151361533090492912e+03 0.000000000000000000e+00
-1.037417033381515949e+02 -1.037006283874021051e+02 1.155704321424855067e-02 1.147613848771100947e+03 0.000000000000000000e+00
-1.025655358141638516e+02 -1.025687007797216097e+02 5.562008806980879051e-03 1.183329772596424618e+03 0.000000000000000000e+00
-9.982970688490502198e+01 -9.982747070833622161e+01 6.678520925591503038e-03 8.145865828919215346e+03 0.000000000000000000e+00
-1.053112981861171420e+02 -1.053087312927213759e+02 6.393513491766443513e-03 8.106800128422358284e+03 0.000000000000000000e+00
-9.988419570570691519e+01 -9.989252492304389364e+01 9.367705750382739061e-03 3.134729363101534545e+04 0.000000000000000000e+00
-1.053009837336661292e+02 -1.053000567422334370e+02 4.764957315785045035e-03 8.029929779978370789e+03 0.000000000000000000e+00
-1.025919025552906874e+02 -1.025976134789774505e+02 5.612113971367151816e-03 1.156502486295012432e+03 0.000000000000000000e+00
-1.025929793542608053e+02 -1.025991435451524438e+02 3.243901894794785565e-03 1.152851337551620418e+03 0.000000000000000000e+00
-1.026316989189412539e+02 -1.026359557723481828e+02 4.750376605984687507e-03 7.937491402583117633e+03 0.000000000000000000e+00
-1.080515276495246013e+02 -1.080558720107909210e+02 2.612097050857459159e-03 1.143445305920293549e+03 0.000000000000000000e+00
-1.080530772495982603e+02 -1.080539169021070904e+02 2.753210514151500313e-03 1.138584517515978177e+03 0.000000000000000000e+00
-1.080517854271411977e+02 -1.080559470137459215e+02 2.522830289781506728e-03 1.133223537355128656e+03 0.000000000000000000e+00
-1.026403229279785734e+02 -1.026429303525487455e+02 5.260104866194654019e-03 1.128425001666691514e+03 0.000000000000000000e+00
-1.080973914769809596e+02 -1.080990475157378228e+02 9.194059416315684269e-03 3.012964529365527778e+04 0.000000000000000000e+00
-9.724738671446449700e+01 -9.725520298596926239e+01 1.088075752536180572e-02 7.755947151775091697e+03 0.000000000000000000e+00
-1.044890618231099069e+02 -1.045113466912074216e+02 1.753922024448882275e-02 7.723208526642359175e+03 0.000000000000000000e+00
-1.024810659724190174e+02 -1.024714288653184298e+02 1.215700614426562694e-02 3.008828502071974071e+04 0.000000000000000000e+00
-1.079676078048129710e+02 -1.079696343797213416e+02 5.037152343613688320e-03 7.670393518105743169e+03 0.000000000000000000e+00
-1.107494548423717049e+02 -1.107411932448576550e+02 1.097188823761110869e-02 2.982248079810574200e+04 0.000000000000000000e+00
-1.079090013697407784e+02 -1.079162388516611202e+02 6.727900681865045529e-03 7.603109372328783138e+03 0.000000000000000000e+00
-1.107185533145088812e+02 -1.107228934524464279e+02 4.103427941884484238e-03 1.114396892510188309e+03 0.000000000000000000e+00
-1.107201000329438898e+02 -1.107212048465075753e+02 4.434327880152817876e-03 1.110237366838722210e+03 0.000000000000000000e+00
-9.589571608737119846e+01 -9.589290266282608854e+01 1.717292640483471591e-02 7.507417010367250441e+03 0.000000000000000000e+00
-1.079887860223161482e+02 -1.079888327776142631e+02 4.918954801212088550e-03 7.474416087334136137e+03 0.000000000000000000e+00
-9.659355122972087315e+01 -9.655047182740710809e+01 1.184713542653176646e-02 7.441639155272862808e+03 0.000000000000000000e+00
-1.026120945207911461e+02 -1.026152562984091929e+02 3.357487047604262257e-03 1.112645289674140940e+03 0.000000000000000000e+00
-1.080513982994528703e+02 -1.080516408509845263e+02 8.879120570714233579e-03 2.892439096191166027e+04 0.000000000000000000e+00
-9.740161324285725186e+01 -9.737015247805555873e+01 1.572876385264494054e-02 7.423390822696053874e+03 0.000000000000000000e+00
-9.929943812699990247e+01 -9.923739398784208277e+01 2.029618412397772229e-02 2.877097810454547653e+04 0.000000000000000000e+00
-1.053632840765630760e+02 -1.053661641063680889e+02 1.010800245448337589e-02 2.879389847005436968e+04 0.000000000000000000e+00
-9.979479044327057125e+01 -9.979581197475856413e+01 1.379846308206379366e-02 2.867115126153906385e+04 0.000000000000000000e+00
-1.107704447676684936e+02 -1.107758989876297164e+02 3.630369039894338744e-03 1.096894181215830486e+03 0.000000000000000000e+00
-1.080485949919361985e+02 -1.080468408368165569e+02 7.134769679385651910e-03 2.842903312153853039e+04 0.000000000000000000e+00
-1.081178349562106860e+02 -1.081147667026719006e+02 9.648251848526093188e-03 2.830921036153730893e+04 0.000000000000000000e+00
-1.043040927378289666e+02 -1.042559803446126949e+02 1.535109719846665562e-02 2.819060462129216467e+04 0.000000000000000000e+00
-1.106819440033544879e+02 -1.106897746959377997e+02 4.271927198974311002e-03 1.083351167201656835e+03 0.000000000000000000e+00
-1.053054467168371673e+02 -1.053078481930752019e+02 3.344669367610643516e-03 1.081143350117746650e+03 0.000000000000000000e+00
-9.979835976240703133e+01 -9.979990900190317404e+01 1.352536212191128573e-02 2.793818538929288479e+04 0.000000000000000000e+00
-1.012729391618988757e+02 -1.013252461760437200e+02 1.596875112290303475e-02 2.782281623358600336e+04 0.000000000000000000e+00
-1.079833196391475951e+02 -1.079837757053131782e+02 3.954676039690290835e-03 1.101416885389574645e+03 0.000000000000000000e+00
-9.718790966750511018e+01 -9.719491772732277468e+01 7.923167953555344117e-03 7.235595560698976442e+03 0.000000000000000000e+00
-1.079903787088656202e+02 -1.079862605092541088e+02 6.934264481811312081e-03 2.759337843287955184e+04 0.000000000000000000e+00
-9.701236812862487113e+01 -9.699153566981738095e+01 1.450192530018897322e-02 2.748185063269285820e+04 0.000000000000000000e+00
-9.704578545542582901e+01 -9.704902000002518037e+01 4.500353228706116017e-03 1.089156743389105714e+03 0.000000000000000000e+00
-1.080715787230868017e+02 -1.080764646047894360e+02 3.244396746921218103e-03 1.085070982497375098e+03 0.000000000000000000e+00
-1.079758896957905847e+02 -1.079693064915496024e+02 7.392925534358246731e-03 2.717269396224882075e+04 0.000000000000000000e+00
-1.079972633706557161e+02 -1.079912303092871753e+02 6.589401441401737149e-03 2.706568704012752642e+04 0.000000000000000000e+00
-9.885730585799049663e+01 -9.886203278795836979e+01 1.830512862734676172e-02 2.695923765728685612e+04 0.000000000000000000e+00
-1.053313372946696092e+02 -1.053350840663336072e+02 8.050114645080371639e-03 2.685284837710065403e+04 0.000000000000000000e+00
-1.053479380705496880e+02 -1.053506475529737116e+02 5.034130977386324160e-03 6.985377196095845648e+03 0.000000000000000000e+00
-9.972299669902234598e+01 -9.972175570069897788e+01 5.405976639709653142e-03 1.060395595228047341e+03 0.000000000000000000e+00
-1.053300071201138763e+02 -1.053286642485549152e+02 5.282723766379507184e-03 6.931137140855611506e+03 0.000000000000000000e+00
-1.052758046937114926e+02 -1.052708482282985045e+02 8.634745415724592865e-03 2.644170857575349510e+04 0.000000000000000000e+00
-1.053363939283688779e+02 -1.053365397292183445e+02 2.577688863786526102e-03 1.048183609210602299e+03 0.000000000000000000e+00
-1.080448414715473717e+02 -1.080418413466100276e+02 4.271939838167889032e-03 6.856775673554596324e+03 0.000000000000000000e+00
-1.106606530169741092e+02 -1.106666520697121712e+02 5.244418904375739050e-03 1.040095723765339926e+03 0.000000000000000000e+00
-1.080446539783519455e+02 -1.080422235898623597e+02 3.371610657060025024e-03 6.809226854021195322e+03 0.000000000000000000e+00
-1.053193898402624171e+02 -1.053194285522681213e+02 4.074347606193906568e-03 6.783394692081536959e+03 0.000000000000000000e+00
-1.080575913349574790e+02 -1.080530808637677183e+02 4.775165431912292008e-03 6.757505371661890422e+03 0.000000000000000000e+00
-1.080173722026164711e+02 -1.080162848524170442e+02 5.052267920130072004e-03 6.732548678186572943e+03 0.000000000000000000e+00
-1.053325556327399681e+02 -1.053294839632583404e+02 7.915547503440071089e-03 2.565326978477226294e+04 0.000000000000000000e+00
-1.080979038529187761e+02 -1.081008276036125721e+02 3.200754389078402842e-03 1.018397530284224104e+03 0.000000000000000000e+00
-9.989585055126529767e+01 -9.989775722998146534e+01 5.427331323478771195e-03 6.657698951726765699e+03 0.000000000000000000e+00
-1.016247154906142640e+02 -1.016633366883544767e+02 1.179305355606199805e-02 6.632839329965751858e+03 0.000000000000000000e+00
-1.052769779877058909e+02 -1.052791820511937573e+02 2.524475356320642246e-03 1.023425936932432251e+03 0.000000000000000000e+00
-1.018821555221577313e+02 -1.018729332923285824e+02 7.896855742911686529e-03 1.019719390039337441e+03 0.000000000000000000e+00
-9.968760483506208914e+01 -9.968524815016492369e+01 8.497762209423628463e-03 6.611952185746764371e+03 0.000000000000000000e+00
-1.080520728791821341e+02 -1.080548063865084316e+02 1.991510037199063863e-03 1.014490635829194957e+03 0.000000000000000000e+00
-1.027575518577603049e+02 -1.027669839119021162e+02 9.251254689207448478e-03 6.564779710779350353e+03 0.000000000000000000e+00
-9.914378175144133820e+01 -9.911107043548378215e+01 9.063047774926530353e-03 6.544793035334890192e+03 0.000000000000000000e+00
-9.997049233790988865e+01 -9.996551519268201957e+01 9.495146946291138645e-03 2.486516345306880248e+04 0.000000000000000000e+00
-1.068743540171255546e+02 -1.068624013758882256e+02 1.732749691556510069e-02 2.477566501516214703e+04 0.000000000000000000e+00
-1.053782668024473423e+02 -1.053789192278696021e+02 5.611697707438531059e-03 6.510282548405038142e+03 0.000000000000000000e+00
-1.080788797868924433e+02 -1.080807521168930947e+02 9.881036377902392698e-03 2.460521864874524545e+04 0.000000000000000000e+00
-1.052778540686993409e+02 -1.052770492041172048e+02 5.020297218791813613e-03 2.451683344093733467e+04 0.000000000000000000e+00
-9.983846202789540314e+01 -9.984342671093119748e+01 4.295909648035298699e-03 6.441008553903282518e+03 0.000000000000000000e+00
-1.052966323183757140e+02 -1.052989361634468963e+02 4.284279667518507695e-03 6.418737950771529540e+03 0.000000000000000000e+00
-9.930906144689980408e+01 -9.929583998279517232e+01 8.549382735269192221e-03 9.824737284929111638e+02 0.000000000000000000e+00
-9.997178900860770057e+01 -9.997224624381200897e+01 1.582547233526596792e-02 2.423054420432374536e+04 0.000000000000000000e+00
-1.040364708460554368e+02 -1.040719163287796789e+02 8.780917376742478422e-03 6.368015649109275728e+03 0.000000000000000000e+00
-1.041737721776193837e+02 -1.042002959292695579e+02 9.070325143731900255e-03 6.384087622926846052e+03 0.000000000000000000e+00
-1.025574781135604496e+02 -1.025639274122645332e+02 3.142586905222038984e-03 9.749351338266019411e+02 0.000000000000000000e+00
-1.018559569765838546e+02 -1.018532118096293146e+02 6.066366519672766744e-03 9.730506622806888117e+02 0.000000000000000000e+00
-9.868041001617342545e+01 -9.873223493415561336e+01 1.202163681931253843e-02 2.399625239795531888e+04 0.000000000000000000e+00
-1.053789499174312994e+02 -1.053814787941876432e+02 2.260314083342851530e-03 9.668831394452912491e+02 0.000000000000000000e+00
-9.718333641135949108e+01 -9.716966534450438076e+01 9.636614882913422872e-03 2.391898912801485858e+04 0.000000000000000000e+00
-1.052800674098755280e+02 -1.052827341331234692e+02 2.437460118569564124e-03 9.608549840739221963e+02 0.000000000000000000e+00
-9.625175433925495838e+01 -9.625115044487068872e+01 1.761920165803814928e-02 2.376602694525232437e+04 0.000000000000000000e+00
-1.026001765734813489e+02 -1.026056662906806736e+02 2.262732226962171651e-03 9.567172474652107894e+02 0.000000000000000000e+00
-1.080219637841719020e+02 -1.080254685459133128e+02 2.969069784450544414e-03 9.542438620014701200e+02 0.000000000000000000e+00
-9.976043785871522118e+01 -9.976215615201438425e+01 5.084318248397728598e-03 6.215630519182173884e+03 0.000000000000000000e+00
-1.079791092713229546e+02 -1.079799990109039385e+02 4.887138082037880034e-03 6.194645431173868019e+03 0.000000000000000000e+00
-1.079326175216607879e+02 -1.079372396671279262e+02 5.565069986033473366e-03 6.173751753459831889e+03 0.000000000000000000e+00
-9.706607541646248194e+01 -9.705967937008566082e+01 1.440677727866170738e-02 2.329368832187071894e+04 0.000000000000000000e+00
-9.864900518719126410e+01 -9.867781244795841644e+01 1.136732063083451504e-02 2.321675089625210967e+04 0.000000000000000000e+00
-1.043747666564285197e+02 -1.044392619993413831e+02 1.019231279782233449e-02 6.114782744926284977e+03 0.000000000000000000e+00
-1.080071528074329166e+02 -1.080082429550003695e+02 2.965481371739797645e-03 9.451340032204799400e+02 0.000000000000000000e+00
-1.080488943003131368e+02 -1.080484918218218553e+02 4.228725837338192725e-03 6.195290701174421883e+03 0.000000000000000000e+00
-1.025809175096743218e+02 -1.025799753613537177e+02 4.967665303216651888e-03 9.389072330799577912e+02 0.000000000000000000e+00
-1.068378368855082527e+02 -1.068792188297700250e+02 1.929716964452748984e-02 2.308457417848502882e+04 0.000000000000000000e+00
-1.081228607196183873e+02 -1.081214406111702857e+02 7.210388796582030239e-03 2.305769793530181050e+04 0.000000000000000000e+00
-1.080520512920211331e+02 -1.080549114712703869e+02 1.804521660306979136e-03 9.387084850396480533e+02 0.000000000000000000e+00
-1.025210394228825663e+02 -1.025263879707300703e+02 2.183994445074357010e-03 9.357710932651260691e+02 0.000000000000000000e+00
-1.080796156168316742e+02 -1.080802383739097223e+02 3.822817721862066271e-03 9.334169515389160097e+02 0.000000000000000000e+00
-9.927592977830735776e+01 -9.925280313739806104e+01 1.031934468452972743e-02 6.069217520702403817e+03 0.000000000000000000e+00
-9.979124646070309268e+01 -9.979705460518111693e+01 6.201909072381509014e-03 6.064761661281079796e+03 0.000000000000000000e+00
-1.053379589015369362e+02 -1.053314178614962344e+02 4.262881733475640082e-03 9.246626018165126197e+02 0.000000000000000000e+00
-9.660379838151382614e+01 -9.660738137535493308e+01 1.315276523718457262e-02 6.031659655462231967e+03 0.000000000000000000e+00
-1.054129565423537116e+02 -1.054187967942833097e+02 3.785208113026695617e-03 9.251448290084297241e+02 0.000000000000000000e+00
-1.080295507036174740e+02 -1.080280692744529034e+02 2.887066178990508377e-03 9.230410250739815865e+02 0.000000000000000000e+00
-9.988686759963880490e+01 -9.988922833272518176e+01 6.100417828856338071e-03 9.201403795160282471e+02 0.000000000000000000e+00
-1.106655515356867596e+02 -1.106586373777121963e+02 9.181707939125241871e-03 2.234238979893293435e+04 0.000000000000000000e+00
-1.079907720479026096e+02 -1.079907732634823958e+02 6.602784830880994646e-03 2.227300628963102645e+04 0.000000000000000000e+00
-1.053503157520071341e+02 -1.053563894972056545e+02 7.059575790456731545e-03 2.220274890999145282e+04 0.000000000000000000e+00
-1.107440408731508796e+02 -1.107496665366172550e+02 2.964648579554468935e-03 9.086717455832176711e+02 0.000000000000000000e+00
-1.052572881063459533e+02 -1.052579193575959238e+02 5.851426541945251546e-03 2.206465990693978529e+04 0.000000000000000000e+00
-1.025707081153482534e+02 -1.025635161511157065e+02 1.674024631067760199e-02 5.868622038462990531e+03 0.000000000000000000e+00
-1.032164307596893167e+02 -1.032235874250224725e+02 9.389488950909722145e-03 5.851157147909473679e+03 0.000000000000000000e+00
-1.062604422810209002e+02 -1.062489939120347202e+02 8.351718086974969923e-03 5.834777827093227643e+03 0.000000000000000000e+00
-1.026802406343087881e+02 -1.026866084466507090e+02 3.854635998870268102e-03 5.820633632422762275e+03 0.000000000000000000e+00
-1.054044034728410537e+02 -1.054094903041493438e+02 7.612906412331051260e-03 2.173889196998285115e+04 0.000000000000000000e+00
-9.894105950110144931e+01 -9.896459830173729699e+01 1.008161461171818568e-02 5.786130578069203693e+03 0.000000000000000000e+00
-1.107204008646792914e+02 -1.107230099290923846e+02 2.959016315401715672e-03 1.048652036476274588e+03 0.000000000000000000e+00
-1.026101157098352985e+02 -1.026139998900157337e+02 2.475078813604171361e-03 1.045619752722245494e+03 0.000000000000000000e+00
-9.932338514531977580e+01 -9.931868215098407404e+01 9.020600765661050333e-03 5.749984596532780415e+03 0.000000000000000000e+00
-1.052838639691686637e+02 -1.052791590806231170e+02 6.229186529511035984e-03 2.146447708091841923e+04 0.000000000000000000e+00
-9.704909238361666723e+01 -9.704612784330608122e+01 6.258267178004143193e-03 5.715988794234657689e+03 0.000000000000000000e+00
-9.983150046418148804e+01 -9.983721412643443216e+01 6.836631670675655768e-03 2.133615660995779399e+04 0.000000000000000000e+00
-1.019483767787206858e+02 -1.019386119742875962e+02 6.896807317052247761e-03 5.683387646862650399e+03 0.000000000000000000e+00
-1.080820118618408685e+02 -1.080764875984679207e+02 4.781144640792165182e-03 5.669243897402076982e+03 0.000000000000000000e+00
-1.053051905131306540e+02 -1.053039060996835730e+02 7.933996072345598713e-03 2.114624365783280518e+04 0.000000000000000000e+00
-1.068143181209817385e+02 -1.068395471606841198e+02 7.204046600366116604e-03 5.636380018692256272e+03 0.000000000000000000e+00
-1.079981772291155409e+02 -1.079975989587278065e+02 3.362067002914137081e-03 5.636493497831569584e+03 0.000000000000000000e+00
-1.107249631932386222e+02 -1.107175731368621712e+02 6.777841700002506208e-03 2.098732596111622843e+04 0.000000000000000000e+00
-1.107772124559812141e+02 -1.107712496909210387e+02 4.672458498730233320e-03 5.603699899559245750e+03 0.000000000000000000e+00
-1.024173005155029159e+02 -1.023232232823198871e+02 1.062175112498234091e-02 1.012175013817544254e+03 0.000000000000000000e+00
-1.107128737298749854e+02 -1.107163327089290021e+02 3.390024413909163183e-03 1.129920808698697101e+03 0.000000000000000000e+00
-1.053949252209602321e+02 -1.053972560416277844e+02 3.115309863854219194e-03 1.126922559359057686e+03 0.000000000000000000e+00
-9.172142133835373556e+01 -9.169741038232800179e+01 1.252386174505613209e-02 5.669154318206300559e+03 0.000000000000000000e+00
-1.026363125730170367e+02 -1.026426034390165967e+02 4.062671948520415327e-03 5.664332863337911476e+03 0.000000000000000000e+00
-1.080744959988829663e+02 -1.080758867074601852e+02 2.408354215090075662e-03 1.121310045785005968e+03 0.000000000000000000e+00
-9.173847097125961625e+01 -9.167328353787685558e+01 1.429017349658770995e-02 2.061701854271456250e+04 0.000000000000000000e+00
-1.009714397930400054e+02 -1.009648729353988017e+02 6.059128751049373297e-03 1.119479857969541854e+03 0.000000000000000000e+00
-1.017550580465950816e+02 -1.017503589948099005e+02 5.335699319927562911e-03 1.117394393615483750e+03 0.000000000000000000e+00
-1.079733094890657554e+02 -1.079662938941494588e+02 5.499906190604685399e-03 2.055603323056081717e+04 0.000000000000000000e+00
-1.025460294952796829e+02 -1.025523659399265171e+02 3.429876114740306337e-03 5.623552338652862090e+03 0.000000000000000000e+00
-1.079737079230956169e+02 -1.079767326266722307e+02 2.831352364277872277e-03 1.108563260019598829e+03 0.000000000000000000e+00
-1.080547679542171551e+02 -1.080529937712790058e+02 2.884671122640962600e-03 5.593761377353828721e+03 0.000000000000000000e+00
-1.052488881909143004e+02 -1.052455595807880826e+02 6.697943219718274430e-03 2.032446550749462403e+04 0.000000000000000000e+00
-1.024445817967383334e+02 -1.024509222398555295e+02 3.603657677276730920e-03 1.099439711049234120e+03 0.000000000000000000e+00
-9.706670267243008254e+01 -9.706524107325633111e+01 7.425075702050881570e-03 2.021041750082046565e+04 0.000000000000000000e+00
-1.053476359826367883e+02 -1.053506284799105543e+02 2.320231509610550229e-03 1.094093758851192661e+03 0.000000000000000000e+00
-1.026328409272749695e+02 -1.026095577860675121e+02 8.256125071679245447e-03 2.010320169001431714e+04 0.000000000000000000e+00
-9.718312567143874503e+01 -9.718436098028762160e+01 6.696501994021042230e-03 1.090643954446852376e+03 0.000000000000000000e+00
-1.079973329282436509e+02 -1.079973254564334013e+02 2.702285169623017905e-03 5.490634486730793469e+03 0.000000000000000000e+00
-9.981533195540768588e+01 -9.982114625427963972e+01 5.032850073877653298e-03 5.475342837277079525e+03 0.000000000000000000e+00
-1.053122819096420812e+02 -1.053106575317508771e+02 2.802047024822721354e-03 1.081760450625524754e+03 0.000000000000000000e+00
-1.033976058935701445e+02 -1.033913406281634337e+02 7.385705229113779385e-03 1.078820820496749775e+03 0.000000000000000000e+00
-1.079934306502992172e+02 -1.079964226637335685e+02 2.403242055987387781e-03 1.076366738714516941e+03 0.000000000000000000e+00
-1.107274755344687378e+02 -1.107273816763496228e+02 3.322418831631473914e-03 1.073582250882965127e+03 0.000000000000000000e+00
-1.053773480604773169e+02 -1.053789197280013497e+02 2.939827467720481594e-03 1.070610414695536974e+03 0.000000000000000000e+00
-1.053109586411286500e+02 -1.053129074008193555e+02 3.773564626001976903e-03 5.392578322869773729e+03 0.000000000000000000e+00
-1.054222299882198968e+02 -1.054251568538698791e+02 3.596870089834662988e-03 1.064918738090324496e+03 0.000000000000000000e+00
-1.017783570815772549e+02 -1.017904561186639825e+02 7.968512001612949869e-03 5.368041725454045263e+03 0.000000000000000000e+00
-1.079919811094200099e+02 -1.079953267674213606e+02 2.757529560206764541e-03 5.356417654033568397e+03 0.000000000000000000e+00
-1.080683936734127002e+02 -1.080717935640566481e+02 2.357661788097690451e-03 1.057092517823458593e+03 0.000000000000000000e+00
-1.080522346604958415e+02 -1.080496809351229075e+02 2.782269284324442437e-03 5.328164512674251455e+03 0.000000000000000000e+00
-1.052518549701225368e+02 -1.052521571238966516e+02 4.851826885777892062e-03 5.314006219927122402e+03 0.000000000000000000e+00
-1.080755147839869466e+02 -1.080718343661115171e+02 2.873923701522488119e-03 5.299724384586783344e+03 0.000000000000000000e+00
-1.040878279952157612e+02 -1.041036205413496134e+02 7.296908186527070218e-03 5.285898563132011986e+03 0.000000000000000000e+00
-1.052906096173622927e+02 -1.052911678073649995e+02 3.858681630520278440e-03 5.277910764431984717e+03 0.000000000000000000e+00
-9.987588918725128906e+01 -9.987971877129193388e+01 2.989471186087718640e-03 1.042433789988180934e+03 0.000000000000000000e+00
-1.018964649106087990e+02 -1.019160560999358012e+02 7.880481542205948486e-03 1.039976700227921810e+03 0.000000000000000000e+00
-1.107781212598328437e+02 -1.107737673749313103e+02 4.015166782554362157e-03 5.251051126756761732e+03 0.000000000000000000e+00
-1.080589997897561574e+02 -1.080586206591234060e+02 2.491397289927753042e-03 1.042014110889793301e+03 0.000000000000000000e+00
-1.052723283333741762e+02 -1.052780617770634279e+02 4.092017869534706268e-03 5.224533641374519902e+03 0.000000000000000000e+00
-1.026146514158997860e+02 -1.026167693673395149e+02 2.141116279149425129e-03 1.036692120649758635e+03 0.000000000000000000e+00
-1.041742843079740908e+02 -1.042115562767070571e+02 8.188959192492246963e-03 5.200530606139759584e+03 0.000000000000000000e+00
-1.052982053193220793e+02 -1.052985373975359380e+02 3.768746127440279585e-03 5.218816538916598802e+03 0.000000000000000000e+00
-1.107726348388895445e+02 -1.107763784179841622e+02 2.651770184358802872e-03 1.033112470822268278e+03 0.000000000000000000e+00
-1.025323922564882224e+02 -1.025360448152904809e+02 2.422676103452445738e-03 1.030725828779027097e+03 0.000000000000000000e+00
-1.025282748430535662e+02 -1.025301614056797348e+02 2.857957423875592123e-03 5.179625030769216210e+03 0.000000000000000000e+00
-1.026513759988294936e+02 -1.026593304654419541e+02 5.723117121606728815e-03 5.166269089960291240e+03 0.000000000000000000e+00
-1.027541003384394571e+02 -1.027584202288718416e+02 5.736082266359771031e-03 1.024291140384252458e+03 0.000000000000000000e+00
-1.004873956365545524e+02 -1.005489193311076548e+02 1.295361827029248118e-02 5.148651817356956599e+03 0.000000000000000000e+00
-1.053017985957456517e+02 -1.053014123712713968e+02 2.493265854361920771e-03 1.070132611312738163e+03 0.000000000000000000e+00
-9.708455078779743985e+01 -9.707236592745927339e+01 9.347809031527059068e-03 5.201193654102975415e+03 0.000000000000000000e+00
-1.080021255945728171e+02 -1.079976757858742218e+02 4.467877277859161333e-03 1.852016103693643890e+04 0.000000000000000000e+00
-1.026611460271381020e+02 -1.026672561002958020e+02 3.796258390856739606e-03 5.177700418216840262e+03 0.000000000000000000e+00
-1.107770614641504636e+02 -1.107704981907497199e+02 5.826918712382523138e-03 1.842752285644807853e+04 0.000000000000000000e+00
-1.053113351182875590e+02 -1.053134076072655745e+02 3.556922837158960331e-03 5.153422446771836803e+03 0.000000000000000000e+00
-1.080775350301041584e+02 -1.080804445557960634e+02 2.693637910547107359e-03 1.054162097821684029e+03 0.000000000000000000e+00
-1.032707834857212674e+02 -1.032590713177929018e+02 1.437759091922360261e-02 1.828935604475054060e+04 0.000000000000000000e+00
-9.980885143364780276e+01 -9.980214370520882028e+01 8.532447213510459608e-03 1.824637654737103367e+04 0.000000000000000000e+00
-1.079210932818006654e+02 -1.079142844122975617e+02 6.052511459615934723e-03 1.820159879502977128e+04 0.000000000000000000e+00
-1.053491216050680919e+02 -1.053519376844078010e+02 2.048426012594920659e-03 1.045678711471367933e+03 0.000000000000000000e+00
-1.079903656174083579e+02 -1.079924527054519103e+02 3.022853084624966581e-03 5.078398996117357456e+03 0.000000000000000000e+00
-1.053457562135651244e+02 -1.053453983730434658e+02 3.134300697449778506e-03 5.065823258181133497e+03 0.000000000000000000e+00
-1.010330001460479821e+02 -1.009952694416048899e+02 1.160728204567450760e-02 1.802664201118506026e+04 0.000000000000000000e+00
-1.051585707889788068e+02 -1.051650553516758180e+02 3.796388605260634513e-03 1.035818787428216410e+03 0.000000000000000000e+00
-1.053835161543298540e+02 -1.053832644795405429e+02 5.502034203849974492e-03 1.797159680921118343e+04 0.000000000000000000e+00
-1.107183699324147312e+02 -1.107129546845623764e+02 5.774800093157159142e-03 1.792722645858444957e+04 0.000000000000000000e+00
-1.053350901888339024e+02 -1.053364604712746342e+02 2.372766054490482550e-03 5.005477786858631589e+03 0.000000000000000000e+00
-1.024789398705438259e+02 -1.024833072073016638e+02 3.329471900889044867e-03 4.993211401483925329e+03 0.000000000000000000e+00
-1.052437435790567264e+02 -1.052462521536408815e+02 4.042468886774748700e-03 4.981421637026369353e+03 0.000000000000000000e+00
-9.724714579844021500e+01 -9.724845369682725504e+01 7.278919267483207473e-03 1.021703790903775143e+03 0.000000000000000000e+00
-1.052735550869885941e+02 -1.052783869763831319e+02 2.920898071158258436e-03 4.967098315976187223e+03 0.000000000000000000e+00
-1.053287977623331102e+02 -1.053311103148187300e+02 5.075351051319837783e-03 1.767676057287814183e+04 0.000000000000000000e+00
-1.053009439479458962e+02 -1.053030966549977876e+02 2.440189688901551416e-03 4.943566164118095003e+03 0.000000000000000000e+00
-9.651698361638101176e+01 -9.649639012440128738e+01 8.316232470710499883e-03 4.931672282235484090e+03 0.000000000000000000e+00
-1.107216204158027324e+02 -1.107237352677885838e+02 2.854672405272369422e-03 1.010280275402824600e+03 0.000000000000000000e+00
-1.080753496731550456e+02 -1.080733939249550843e+02 3.242938024223070061e-03 4.917882867233799516e+03 0.000000000000000000e+00
-1.026682981198294726e+02 -1.026513065234607183e+02 9.345506110062094807e-03 1.747008693407697865e+04 0.000000000000000000e+00
-1.053476767786804373e+02 -1.053483446246379316e+02 5.036454234260113148e-03 1.743491474082774221e+04 0.000000000000000000e+00
-1.026052896503203016e+02 -1.026081614147395271e+02 2.244405377462067776e-03 4.883092469886139952e+03 0.000000000000000000e+00
-1.107775215146687913e+02 -1.107741726741420649e+02 3.585041362395945900e-03 4.871563451677548983e+03 0.000000000000000000e+00
-1.079987421016631686e+02 -1.080003735376129725e+02 2.526538902217425817e-03 4.860195894909036724e+03 0.000000000000000000e+00
-1.052789191381785940e+02 -1.052798638599604431e+02 1.760973027196554349e-03 9.941517066555080646e+02 0.000000000000000000e+00
-1.052810328337836552e+02 -1.052787724517597781e+02 5.469585067340202757e-03 1.723223674521125577e+04 0.000000000000000000e+00
-1.026277799110676341e+02 -1.026444803887449950e+02 1.051392877476981479e-02 4.827568223529975512e+03 0.000000000000000000e+00
-9.978039018533456783e+01 -9.971911196140030142e+01 1.064686254003794665e-02 4.821889484471966171e+03 0.000000000000000000e+00
-1.080731758574619903e+02 -1.080715721756834569e+02 4.614370660535473991e-03 1.716045650969335111e+04 0.000000000000000000e+00
-1.080316033724446072e+02 -1.080337492564288908e+02 2.172841176404325184e-03 1.028412916552324532e+03 0.000000000000000000e+00
-1.052858389997944784e+02 -1.052875011899803042e+02 2.243666992790898599e-03 1.026096410805164169e+03 0.000000000000000000e+00
-9.980764336394280178e+01 -9.980802699072650341e+01 4.124335340013830266e-03 4.851324459606292294e+03 0.000000000000000000e+00
-1.025035387497228925e+02 -1.025009143031613235e+02 6.866924204573785807e-03 1.700341014364806688e+04 0.000000000000000000e+00
-9.976048751884472665e+01 -9.973620444094125048e+01 8.939040735695642087e-03 1.696403085641055804e+04 0.000000000000000000e+00
-1.053429737214511448e+02 -1.053409051410648232e+02 2.505134263431954642e-03 1.017143540010549827e+03 0.000000000000000000e+00
