0.000000000000000000e+00 0.000000000000000000e+00 0.000000000000000000e+00 0.000000000000000000e+00 0.000000000000000000e+00
-1.083555686657490043e+02 -1.080389652764675503e+02 2.026324846455181961e-01 1.249431991937509156e+05 0.000000000000000000e+00
-1.053519077382151750e+02 -1.052579204272688855e+02 8.428091317974138741e-02 2.676595743267026774e+04 0.000000000000000000e+00
-1.081341173591763010e+02 -1.080299504836365543e+02 7.145291623976135487e-02 1.244742040786799043e+05 0.000000000000000000e+00
-1.053430015892651426e+02 -1.053609184236740077e+02 3.774082350429493193e-02 2.607211935005082705e+04 0.000000000000000000e+00
-9.468184285199370720e+01 -9.450928833461087208e+01 7.678198437950135846e-02 1.210702911549031705e+05 0.000000000000000000e+00
-1.032940744392810188e+02 -1.031743269850004481e+02 1.734136394233445899e-01 2.503969492130817525e+04 0.000000000000000000e+00
-1.081188416050267449e+02 -1.080564721335662597e+02 5.657488082449813743e-02 1.208413651627347426e+05 0.000000000000000000e+00
-9.935726436020205199e+01 -9.929877179672834586e+01 5.702626176899152494e-02 2.443745246309206414e+04 0.000000000000000000e+00
-1.054408032106662461e+02 -1.053365045524728458e+02 5.610104341670318212e-02 1.160722341517733294e+05 0.000000000000000000e+00
-1.080899933318829653e+02 -1.080823590126225469e+02 5.170741424648243184e-02 1.153778167102174630e+05 0.000000000000000000e+00
-1.080234963805024364e+02 -1.080349010683929407e+02 5.622961710397318680e-02 1.128788631586784904e+05 0.000000000000000000e+00
-1.027003305853401116e+02 -1.029652930220081402e+02 1.251438484372701943e-01 1.105005995869822655e+05 0.000000000000000000e+00
-9.988781872218028468e+01 -9.987449235757499366e+01 9.013582760450790377e-02 1.142496093978956342e+05 0.000000000000000000e+00
-1.080475277124851772e+02 -1.080677205439253612e+02 3.186345834877832989e-02 2.418805832016673230e+04 0.000000000000000000e+00
-9.994295188889849157e+01 -9.988392570581372354e+01 6.909842943020082229e-02 1.097317586661463283e+05 0.000000000000000000e+00
-9.998935354661233532e+01 -9.992866964770159655e+01 5.162815423641466811e-02 2.353332869035852855e+04 0.000000000000000000e+00
-9.997281946065443492e+01 -9.983339983869082346e+01 5.392084131254828300e-02 1.075767054921815579e+05 0.000000000000000000e+00
-1.107395477717868459e+02 -1.106908575427069366e+02 4.068163393705636482e-02 2.391499927919765832e+04 0.000000000000000000e+00
-9.705880149790746714e+01 -9.695965882309653239e+01 1.190892811602053958e-01 1.067427150316838524e+05 0.000000000000000000e+00
-1.026354740938936203e+02 -1.025938565834816814e+02 3.071683967476810523e-02 1.055879718426291220e+05 0.000000000000000000e+00
-9.702765958186138562e+01 -9.699407413142249368e+01 7.754836940538355206e-02 1.039923046870070684e+05 0.000000000000000000e+00
-1.025185327869146050e+02 -1.025051356051170472e+02 3.935128859955302344e-02 1.022963935161964328e+05 0.000000000000000000e+00
-1.053005015121388936e+02 -1.053224975957762126e+02 1.784620094785826713e-02 2.268906816360068478e+04 0.000000000000000000e+00
-9.729569461018854781e+01 -9.724774462814244202e+01 3.299994618615056940e-02 2.237448421959118059e+04 0.000000000000000000e+00
-1.053251275981065902e+02 -1.053497836484951478e+02 1.740066184468404623e-02 2.225412862231824693e+04 0.000000000000000000e+00
-1.079963139592118466e+02 -1.079645514487016840e+02 3.090948695505293942e-02 2.197974745187670123e+04 0.000000000000000000e+00
-1.031904660074069824e+02 -1.031776371104405854e+02 4.838966071566516008e-02 2.173473312048728258e+04 0.000000000000000000e+00
-9.711354300144279250e+01 -9.707870124397042844e+01 3.756409368951763722e-02 9.332470742399308074e+04 0.000000000000000000e+00
-1.026861429872480329e+02 -1.026207726803469740e+02 3.013172857471388411e-02 9.203247360495012254e+04 0.000000000000000000e+00
-1.080775369021410484e+02 -1.081009563055241500e+02 2.536708079530684834e-02 2.083521346759601147e+04 0.000000000000000000e+00
-1.052743634736589939e+02 -1.052459544579964614e+02 2.507842343694528103e-02 2.058761543172660095e+04 0.000000000000000000e+00
-1.080604139771289312e+02 -1.080740932875692977e+02 1.974369921704878864e-02 2.037407629751213972e+04 0.000000000000000000e+00
-9.986141906975979055e+01 -9.982877434220756641e+01 2.689182850553974852e-02 2.009984904535974783e+04 0.000000000000000000e+00
-9.974311617057401236e+01 -9.970600142340232708e+01 5.617178717139553745e-02 8.647857135176873999e+04 0.000000000000000000e+00
-9.910477113177944375e+01 -9.907889374330136434e+01 4.519089220218286407e-02 1.977973716692493326e+04 0.000000000000000000e+00
-1.052147039536162936e+02 -1.052016353371555368e+02 2.245748756407756411e-02 1.954491400212828739e+04 0.000000000000000000e+00
-1.107937236370297143e+02 -1.107604744821769884e+02 3.185078594843038929e-02 8.302458708502133959e+04 0.000000000000000000e+00
-9.159459441665929091e+01 -9.160009978688387378e+01 4.948223855136880261e-02 8.201599282471269544e+04 0.000000000000000000e+00
-9.847033569394420738e+01 -9.862665405731662815e+01 4.356674369768492872e-02 8.091061419355448743e+04 0.000000000000000000e+00
-1.053403140387933377e+02 -1.053590675565844208e+02 1.745706765482727199e-02 1.861214679248793618e+04 0.000000000000000000e+00
-1.024843744853833556e+02 -1.024897891371048502e+02 1.992774463945805666e-02 2.406363458144147444e+03 0.000000000000000000e+00
-1.053596428409892809e+02 -1.053544967339352922e+02 1.284422753864547170e-02 1.819690508773037436e+04 0.000000000000000000e+00
-1.053473909320237425e+02 -1.053600829296996295e+02 3.483462494781317670e-02 7.950164760127772752e+04 0.000000000000000000e+00
-1.080620400362369082e+02 -1.080685329059375874e+02 1.446967211706626406e-02 1.776826369174491992e+04 0.000000000000000000e+00
-9.997132160150704294e+01 -9.997537698036326503e+01 2.217087861362277909e-02 1.755159903284609391e+04 0.000000000000000000e+00
-1.027120642257937817e+02 -1.026877038550823471e+02 3.775474118976313714e-02 7.659040975750738289e+04 0.000000000000000000e+00
-1.026277747394123452e+02 -1.026357179966058766e+02 9.353590350088503494e-03 2.242202045903514318e+03 0.000000000000000000e+00
-9.979402566870517433e+01 -9.979289418696086500e+01 3.735672253004709842e-02 7.485620095962133200e+04 0.000000000000000000e+00
-1.080421382337573561e+02 -1.080354413926277459e+02 2.540254820987928805e-02 7.396526369915342366e+04 0.000000000000000000e+00
-1.053539623492180795e+02 -1.052626176702229657e+02 2.503185796922625245e-02 7.309947411625714449e+04 0.000000000000000000e+00
-1.053003871897664254e+02 -1.052867678736482446e+02 1.524858431427494540e-02 1.656823189156666922e+04 0.000000000000000000e+00
-1.080461949102054291e+02 -1.080472172386872245e+02 1.021921758921408643e-02 2.180418197501348914e+03 0.000000000000000000e+00
-9.169010377228332231e+01 -9.153769718018118340e+01 5.928979905317293547e-02 7.153729388101218501e+04 0.000000000000000000e+00
-1.053507964723710160e+02 -1.053575379603481963e+02 9.313582417845819514e-03 1.608212638407594022e+04 0.000000000000000000e+00
-1.081175871676158096e+02 -1.080839564218422026e+02 3.429535980591416622e-02 7.167324655679661373e+04 0.000000000000000000e+00
-1.052735208551272450e+02 -1.052628295351573513e+02 1.375480083185135101e-02 1.573624417048942450e+04 0.000000000000000000e+00
-1.026512734182381479e+02 -1.026432584884454116e+02 1.255527966424685449e-02 1.557823876209698756e+04 0.000000000000000000e+00
-1.053538865175386690e+02 -1.053376979103788074e+02 2.120490005455867577e-02 6.951753887882997515e+04 0.000000000000000000e+00
-1.031876087760766580e+02 -1.031773106001725751e+02 2.719355815636093771e-02 1.525366228305534969e+04 0.000000000000000000e+00
-1.014024034446152456e+02 -1.014132848428977383e+02 2.825141715212836635e-02 1.510065557840920337e+04 0.000000000000000000e+00
-1.052670151433980408e+02 -1.052699609091719566e+02 1.057606286821296399e-02 1.494885678858496249e+04 0.000000000000000000e+00
-1.052111575677194821e+02 -1.052193820309467043e+02 1.448834463660412554e-02 1.984186609010785787e+03 0.000000000000000000e+00
-1.053473666434692149e+02 -1.053531111378165406e+02 8.141385651224254325e-03 1.464642395203541673e+04 0.000000000000000000e+00
-1.053177912475009919e+02 -1.053328912440281044e+02 9.760960291083730853e-03 1.450155417410251357e+04 0.000000000000000000e+00
-1.080120986935734919e+02 -1.079484987639520739e+02 3.221189027403863203e-02 6.646893948070750048e+04 0.000000000000000000e+00
-1.052818110296758505e+02 -1.052816461592027082e+02 1.245646470661864597e-02 1.426289211730456191e+04 0.000000000000000000e+00
-1.080174771674631984e+02 -1.079932044972643581e+02 2.132242677830366653e-02 6.550405776678896655e+04 0.000000000000000000e+00
-1.080283262704223404e+02 -1.079888215076815214e+02 2.407511335560172383e-02 6.491985588857025141e+04 0.000000000000000000e+00
-1.052960581470556178e+02 -1.052865492814400170e+02 8.482929585005707235e-03 1.864540990126426777e+03 0.000000000000000000e+00
-1.080419361226677921e+02 -1.080039737911515942e+02 1.931205598222148628e-02 6.383028984611731721e+04 0.000000000000000000e+00
-1.053363378669736221e+02 -1.053348986779207195e+02 4.745586802610935601e-03 1.835601855984300300e+03 0.000000000000000000e+00
-1.053123553984444669e+02 -1.053075322039415624e+02 7.612518378081266357e-03 1.818609664569754614e+03 0.000000000000000000e+00
-9.706599843870617406e+01 -9.700982331117820934e+01 2.944362201519708927e-02 6.226393022932398162e+04 0.000000000000000000e+00
-1.053391031012526469e+02 -1.053527818803600837e+02 6.649982950144848678e-03 1.332650500319915227e+04 0.000000000000000000e+00
-1.080658519326866127e+02 -1.080601437385568460e+02 1.745779289691509750e-02 6.140319282304077205e+04 0.000000000000000000e+00
-9.968314619466082149e+01 -9.967929500757819028e+01 3.875462946957564797e-02 6.085243774744215625e+04 0.000000000000000000e+00
-1.052053684877968038e+02 -1.051938939448030226e+02 1.345935377858259278e-02 1.298779561903274407e+04 0.000000000000000000e+00
-1.080470936321232500e+02 -1.080047625904832529e+02 1.701805887022655658e-02 5.977838933453231584e+04 0.000000000000000000e+00
-9.891330078791546043e+01 -9.907132811702116726e+01 5.991318442067544714e-02 5.940157793993045198e+04 0.000000000000000000e+00
-1.080207153905295314e+02 -1.080220129334182246e+02 1.117453702921845579e-02 1.267539337835057631e+04 0.000000000000000000e+00
-1.107773470599143621e+02 -1.107738484603823110e+02 1.351429967937684343e-02 1.256629715709354969e+04 0.000000000000000000e+00
-9.695876421830506331e+01 -9.695267830854992042e+01 2.417972398878617812e-02 1.778140250705572498e+03 0.000000000000000000e+00
-1.079983731431522358e+02 -1.079948158536529803e+02 9.241914251041045969e-03 1.239145575025025755e+04 0.000000000000000000e+00
-9.994571750660628595e+01 -9.994741810423003869e+01 1.189102741191589915e-02 1.228851322801719107e+04 0.000000000000000000e+00
-1.026430636925491910e+02 -1.026441792837651548e+02 3.968889498622715784e-03 1.733768879742950048e+03 0.000000000000000000e+00
-1.080124954648129147e+02 -1.080219331927708168e+02 1.177717197907552846e-02 1.209029464311723859e+04 0.000000000000000000e+00
-1.053072366317604889e+02 -1.053068700319375353e+02 5.574636957537707979e-03 1.706387113035961875e+03 0.000000000000000000e+00
-1.052908020131543054e+02 -1.052861659090653319e+02 4.685303926126456811e-03 1.692451550903525685e+03 0.000000000000000000e+00
-1.081360823816044814e+02 -1.081718453092268959e+02 2.015210182021983515e-02 1.180721302412813020e+04 0.000000000000000000e+00
-1.107685719955196646e+02 -1.107750953544165213e+02 7.958275382500476502e-03 1.679446844959229338e+03 0.000000000000000000e+00
-1.053433138780084448e+02 -1.053655121033676494e+02 1.429246928089708026e-02 1.170560689018546327e+04 0.000000000000000000e+00
-1.080531811818818966e+02 -1.080695739647641460e+02 8.718013697735149323e-03 1.164731022035879141e+04 0.000000000000000000e+00
-1.107183681777773927e+02 -1.107217514526191593e+02 7.796183578491727544e-03 1.646746954403468408e+03 0.000000000000000000e+00
-1.081484109986056836e+02 -1.081719981102951635e+02 1.663123672983027670e-02 1.148752122948313263e+04 0.000000000000000000e+00
-1.024821022062491380e+02 -1.024737700473703228e+02 9.823369744782612517e-03 1.143879818860779596e+04 0.000000000000000000e+00
-1.052837949862236258e+02 -1.052866847226901683e+02 9.042450824956216673e-03 1.612910963983813417e+03 0.000000000000000000e+00
-1.079948687454291303e+02 -1.079955382605227356e+02 4.892798388446777634e-03 1.601440165395986014e+03 0.000000000000000000e+00
-1.080067343812858525e+02 -1.080065176158304467e+02 8.855356796749666234e-03 1.120389321317578651e+04 0.000000000000000000e+00
-1.080135815843210878e+02 -1.080177707593880285e+02 8.706466086173422075e-03 1.112030477656367475e+04 0.000000000000000000e+00
-1.080047449665407697e+02 -1.079799053973433161e+02 1.312682305608422334e-02 5.198518309108163521e+04 0.000000000000000000e+00
-1.025641518640725138e+02 -1.025635987160910219e+02 5.603592344537887057e-03 1.553908413545336316e+03 0.000000000000000000e+00
-1.053637352559044587e+02 -1.053622259363775555e+02 7.426884934985677339e-03 1.089283935298403594e+04 0.000000000000000000e+00
-1.079476909334570109e+02 -1.079303009665205337e+02 1.968012435835293783e-02 5.095208417630432086e+04 0.000000000000000000e+00
-1.080064875081946525e+02 -1.080004142090516410e+02 7.401526071970477606e-03 1.074290944959635999e+04 0.000000000000000000e+00
-9.975671886247590692e+01 -9.976468749294555494e+01 9.030073726283113084e-03 1.066899397423562732e+04 0.000000000000000000e+00
-1.026109097154384671e+02 -1.026106379967450124e+02 5.695782061122102100e-03 1.500144925570072473e+03 0.000000000000000000e+00
-1.027417561944246529e+02 -1.027199259082964033e+02 1.733552410279732420e-02 1.052564205893875442e+04 0.000000000000000000e+00
-1.053254440527787068e+02 -1.053325660310343892e+02 6.301797448529594149e-03 1.047719545448837198e+04 0.000000000000000000e+00
-1.025737904478100404e+02 -1.025724078298967470e+02 9.005891806698003779e-03 1.040740101096448052e+04 0.000000000000000000e+00
-1.053375568727424394e+02 -1.052984289765839208e+02 1.588703466738801071e-02 4.871362842620623996e+04 0.000000000000000000e+00
-9.730239319843603596e+01 -9.723344039858081089e+01 2.458980304566223823e-02 4.847893135591917962e+04 0.000000000000000000e+00
-1.024871310349154641e+02 -1.025029420051075704e+02 1.283434412272787921e-02 1.021127300318624475e+04 0.000000000000000000e+00
-9.826136147569218338e+01 -9.834282352704813945e+01 4.877515209253967254e-02 4.814643990732004750e+04 0.000000000000000000e+00
-9.422910719923093836e+01 -9.425545987930273384e+01 2.004184180604288990e-02 1.009038385791644032e+04 0.000000000000000000e+00
-1.080623579216520227e+02 -1.080397988784750538e+02 1.179404617042644106e-02 4.788855988832550793e+04 0.000000000000000000e+00
-1.080290836405882402e+02 -1.080350238095940227e+02 9.345353054391467712e-03 9.995646776417843284e+03 0.000000000000000000e+00
-1.053841646284225959e+02 -1.053855667840900168e+02 5.037173512453136173e-03 1.416124213616242287e+03 0.000000000000000000e+00
-1.080064654707017837e+02 -1.080005577964994501e+02 6.512528461698329808e-03 9.872448652420156577e+03 0.000000000000000000e+00
-1.052553770585335258e+02 -1.052557151119253547e+02 5.001969867805757149e-03 1.397716147353926999e+03 0.000000000000000000e+00
-1.079868120647597749e+02 -1.079522140486238015e+02 1.912814068164115505e-02 4.646990922711385792e+04 0.000000000000000000e+00
-1.052682667299258128e+02 -1.052707267021019675e+02 4.273198103483690988e-03 1.379903525692909170e+03 0.000000000000000000e+00
-1.041142400358403108e+02 -1.040831422659270658e+02 1.755780415179642243e-02 9.632350575862838014e+03 0.000000000000000000e+00
-1.018311262016533334e+02 -1.018484354182149900e+02 1.996480517033962648e-02 9.614453040873655482e+03 0.000000000000000000e+00
-1.037081835427513283e+02 -1.036981545589720497e+02 2.434800919481731191e-02 9.566560513799588080e+03 0.000000000000000000e+00
-1.052864497969704161e+02 -1.052826784254782808e+02 5.397255015742409220e-03 1.411006625284673646e+03 0.000000000000000000e+00
-1.081073199850418405e+02 -1.081076906443648511e+02 5.194069722409150672e-03 1.402779385541253305e+03 0.000000000000000000e+00
-1.080524788913144789e+02 -1.080540437542436649e+02 4.471604539445664037e-03 1.394031957417651029e+03 0.000000000000000000e+00
-1.025721607938990729e+02 -1.025600821231098365e+02 1.833315738685353802e-02 4.482465379801893141e+04 0.000000000000000000e+00
-1.026100152738721505e+02 -1.026148494447836725e+02 6.850475574897488089e-03 9.290822069332520186e+03 0.000000000000000000e+00
-1.080003760797580412e+02 -1.079979679246500552e+02 6.068774809712848724e-03 9.235492197969682820e+03 0.000000000000000000e+00
-1.053593470394274334e+02 -1.052924203964079624e+02 1.380889892911555013e-02 4.404410035135131329e+04 0.000000000000000000e+00
-1.052083199443637227e+02 -1.052023944495594776e+02 1.896150801032512809e-02 4.403682294019521214e+04 0.000000000000000000e+00
-1.025473427081882392e+02 -1.025576913069030240e+02 6.971561486192750373e-03 9.108710359948627229e+03 0.000000000000000000e+00
-1.080735338670521202e+02 -1.080745926060862416e+02 3.710696105915050908e-03 1.343007048062889226e+03 0.000000000000000000e+00
-1.080617193595975181e+02 -1.080415284202029227e+02 1.024203510075424525e-02 4.327658400964343309e+04 0.000000000000000000e+00
-9.977419135022486785e+01 -9.970630313979644654e+01 2.905392347780736892e-02 4.304663280911222682e+04 0.000000000000000000e+00
-1.026042301796130829e+02 -1.026142447391175807e+02 9.005903749142504106e-03 8.948410925084985138e+03 0.000000000000000000e+00
-1.054081920417963687e+02 -1.054095074376889301e+02 8.109464133010588910e-03 8.901369076030092401e+03 0.000000000000000000e+00
-1.052495700041148012e+02 -1.052510199054716509e+02 5.937233235098494585e-03 8.850323462089543682e+03 0.000000000000000000e+00
-1.052695810148614157e+02 -1.052693520456687537e+02 6.372350369887263763e-03 8.799831367023809435e+03 0.000000000000000000e+00
-1.026523968936809865e+02 -1.026383442444932825e+02 1.006654479352347975e-02 8.749844312082976103e+03 0.000000000000000000e+00
-1.053521009668549056e+02 -1.052837428464514602e+02 1.459668336022066325e-02 4.186545988157997635e+04 0.000000000000000000e+00
-1.052264266307758191e+02 -1.052245609789092242e+02 7.468658814524482999e-03 8.684743597378221239e+03 0.000000000000000000e+00
-9.974986079168559172e+01 -9.975372040645380878e+01 8.056885167564533171e-03 1.270340068944806035e+03 0.000000000000000000e+00
-1.008058919335454817e+02 -1.007451926960207800e+02 2.099026497682337025e-02 1.263818240174992525e+03 0.000000000000000000e+00
-1.080712758532890660e+02 -1.080727359640957133e+02 4.049544950551927508e-03 1.304257158819472806e+03 0.000000000000000000e+00
-1.026057932432704973e+02 -1.026150448591421878e+02 1.538108749727526599e-02 4.118009858308122784e+04 0.000000000000000000e+00
-1.052753593935463101e+02 -1.052576363061302942e+02 9.021278844945732067e-03 4.095935402666818845e+04 0.000000000000000000e+00
-1.052407686561614923e+02 -1.052403948856083531e+02 5.294208255955192705e-03 1.283483361295383929e+03 0.000000000000000000e+00
-1.026356819749407805e+02 -1.026254842066754804e+02 1.109141632700525251e-02 4.054417719157699321e+04 0.000000000000000000e+00
-1.009979790934810495e+02 -1.010109189764902027e+02 1.486310411791506338e-02 1.269621928158684341e+03 0.000000000000000000e+00
-1.107178650746064790e+02 -1.107185593672254242e+02 7.614586447909817320e-03 8.440139531410912241e+03 0.000000000000000000e+00
-1.042226220025721659e+02 -1.042604209845285652e+02 1.623883889761004382e-02 8.395284230857621878e+03 0.000000000000000000e+00
-1.052704692850619352e+02 -1.052519620210882607e+02 1.054658320549681227e-02 4.109446256614685262e+04 0.000000000000000000e+00
-1.053654749658439727e+02 -1.053750002750564647e+02 6.685811283531049171e-03 8.366101365309083121e+03 0.000000000000000000e+00
-1.052475485357764313e+02 -1.052367116511203591e+02 8.246656943244600260e-03 8.326629371995808469e+03 0.000000000000000000e+00
-1.053289034683531185e+02 -1.053335401097342299e+02 4.638988836693387456e-03 8.289330256773702786e+03 0.000000000000000000e+00
-1.079835504119001968e+02 -1.079791875034897402e+02 7.617991000055312698e-03 8.247189523867018579e+03 0.000000000000000000e+00
-1.053671736725978576e+02 -1.053795335305368894e+02 8.438384948469757757e-03 8.205586198577475443e+03 0.000000000000000000e+00
-9.438616522577082435e+01 -9.438623984168135905e+01 1.189945455476047916e-02 8.171592718546121432e+03 0.000000000000000000e+00
-1.080944559049489015e+02 -1.080671215180686033e+02 1.267502315153578619e-02 3.970203393548263557e+04 0.000000000000000000e+00
-1.079927045557513736e+02 -1.079974710222008412e+02 5.785835731748424464e-03 8.091633715134194063e+03 0.000000000000000000e+00
-1.080569051229688569e+02 -1.080647490512821918e+02 6.840633359113174571e-03 8.051779751323850178e+03 0.000000000000000000e+00
-1.107236075745246495e+02 -1.107277174557046209e+02 6.085200915448076529e-03 1.203202829146173372e+03 0.000000000000000000e+00
-1.053185274306212875e+02 -1.053296725243791485e+02 4.896716963857742494e-03 7.974884402387370756e+03 0.000000000000000000e+00
-1.053977897830100829e+02 -1.054013673303105918e+02 3.009949572760620227e-03 1.192479752797848278e+03 0.000000000000000000e+00
-1.080564964251079942e+02 -1.080578904345716751e+02 3.738258454965965889e-03 1.187122713661337684e+03 0.000000000000000000e+00
-1.053901227693160791e+02 -1.053380082956313402e+02 1.106869248088199198e-02 3.841333068237674161e+04 0.000000000000000000e+00
-1.053048403242136573e+02 -1.053111741831769876e+02 5.694140822569407866e-03 7.833316011196239742e+03 0.000000000000000000e+00
-1.079747948070953925e+02 -1.079742467558351251e+02 4.198486904761114524e-03 1.171545581188611777e+03 0.000000000000000000e+00
-1.026113270567614109e+02 -1.026140630089980164e+02 6.022805820242193610e-03 7.759102929078145280e+03 0.000000000000000000e+00
-1.052051608498302926e+02 -1.052011380289796989e+02 7.571154674627730494e-03 7.721814553778746813e+03 0.000000000000000000e+00
-1.025800530664157293e+02 -1.025740296450179443e+02 6.907005152555591339e-03 7.685387931441601722e+03 0.000000000000000000e+00
-1.080632798348769512e+02 -1.080583923362204644e+02 9.219160552636983599e-03 3.745205178582289955e+04 0.000000000000000000e+00
-1.026030976579247351e+02 -1.025962906684047198e+02 7.202362393500278716e-03 7.615008453935278339e+03 0.000000000000000000e+00
-1.025438319285138249e+02 -1.025450117307182012e+02 7.049714962209176379e-03 7.581215144278967273e+03 0.000000000000000000e+00
-1.079693982603437092e+02 -1.079714921424069871e+02 5.822891766873672381e-03 7.545535178429448024e+03 0.000000000000000000e+00
-1.025952166285872522e+02 -1.025932790145204478e+02 6.976092568305572450e-03 7.510296139553249304e+03 0.000000000000000000e+00
-1.025816506790713731e+02 -1.025549474503757494e+02 1.112324362971120473e-02 3.661897078185479040e+04 0.000000000000000000e+00
-1.106807088660685139e+02 -1.106681872835255831e+02 9.258406169267633171e-03 7.445984244312294322e+03 0.000000000000000000e+00
-1.053226428449575565e+02 -1.053272990351124605e+02 3.896032735987442226e-03 7.417237231048039575e+03 0.000000000000000000e+00
-9.706292404239421501e+01 -9.706770881860146005e+01 9.707119323563660404e-03 7.383825475997518879e+03 0.000000000000000000e+00
-1.052770129672525883e+02 -1.052762711740307680e+02 2.337007435401957864e-03 1.104527732203275036e+03 0.000000000000000000e+00
-1.107767404067980124e+02 -1.107748372966520520e+02 6.675238716966163527e-03 7.317964783128301860e+03 0.000000000000000000e+00
-1.025654692859123003e+02 -1.025672488281976058e+02 5.759471020307097532e-03 7.284865460338492994e+03 0.000000000000000000e+00
-1.079695407170473800e+02 -1.079713164357815032e+02 5.475261425759850482e-03 7.251973029533382032e+03 0.000000000000000000e+00
-1.053015615722527940e+02 -1.053027437166030467e+02 2.484268330736880571e-03 1.085234746941345975e+03 0.000000000000000000e+00
-1.026002225995963215e+02 -1.026055258772562411e+02 4.607933616373286433e-03 7.188462789759812949e+03 0.000000000000000000e+00
-1.054537131989963399e+02 -1.054713221515458343e+02 9.937050872048982728e-03 7.157305284087546170e+03 0.000000000000000000e+00
-9.698195285214023897e+01 -9.697419667742924787e+01 1.038003247035811961e-02 1.076233355694313786e+03 0.000000000000000000e+00
-1.106963238782617651e+02 -1.106927791241975285e+02 6.351542863002133249e-03 7.121092625769843835e+03 0.000000000000000000e+00
-1.106961358279361605e+02 -1.106927707980816962e+02 6.164056582295405692e-03 7.090171420236479207e+03 0.000000000000000000e+00
-1.079398648527835292e+02 -1.079387279523969312e+02 6.621566181833077845e-03 7.059478819238271171e+03 0.000000000000000000e+00
-1.107761782532992356e+02 -1.107765307714833369e+02 6.000894620141637367e-03 7.028668879005391318e+03 0.000000000000000000e+00
-1.024901495916687821e+02 -1.024908677360366767e+02 3.839368897773035721e-03 1.055394916915616250e+03 0.000000000000000000e+00
-1.107230619345967852e+02 -1.107239992278697116e+02 3.518530093581043270e-03 1.050846139397018987e+03 0.000000000000000000e+00
-1.080398268605139975e+02 -1.080426953925885556e+02 5.800056859230303709e-03 6.938245927264771126e+03 0.000000000000000000e+00
-1.107691217315312713e+02 -1.107715337817695058e+02 5.252043771366042731e-03 6.908785763520801083e+03 0.000000000000000000e+00
-1.024771627942273966e+02 -1.024690066169899154e+02 6.270576801391331695e-03 6.879500283769747512e+03 0.000000000000000000e+00
-9.974246500015838990e+01 -9.974393918340130938e+01 5.604759232973720133e-03 6.852815735420893361e+03 0.000000000000000000e+00
-1.054078630047198004e+02 -1.054182622006082397e+02 8.543574221644716429e-03 6.823854489920672677e+03 0.000000000000000000e+00
-1.081091455171580833e+02 -1.081189460977193306e+02 6.222718091414350394e-03 6.799819488422029281e+03 0.000000000000000000e+00
-1.054105571546577238e+02 -1.054127516697611782e+02 3.599904727022527808e-03 1.021060160669484731e+03 0.000000000000000000e+00
-1.052671558682782802e+02 -1.052613124553740818e+02 5.567275463422146145e-03 6.753337260133201198e+03 0.000000000000000000e+00
-1.026227162602941121e+02 -1.026029594696587566e+02 8.591775724473317555e-03 3.297052294019063265e+04 0.000000000000000000e+00
-1.080773423596412925e+02 -1.080625994251735307e+02 9.934778342933220027e-03 3.285003686672671756e+04 0.000000000000000000e+00
-1.053505868517401325e+02 -1.053549191166030994e+02 3.344784144408299506e-03 6.673338386655192153e+03 0.000000000000000000e+00
-1.018171260625425134e+02 -1.018158155752628176e+02 2.148518025513119351e-02 1.000376707987065970e+03 0.000000000000000000e+00
-1.053924809955259718e+02 -1.054022971047657364e+02 5.275155633749899035e-03 6.769342532831595236e+03 0.000000000000000000e+00
-9.824467535484367886e+01 -9.824952247877800460e+01 1.745060695553237590e-02 6.745604977783902541e+03 0.000000000000000000e+00
-1.052803192357638835e+02 -1.052791574332381686e+02 4.571552506559471880e-03 6.718818569210308851e+03 0.000000000000000000e+00
-1.053306585289966648e+02 -1.053304627549245112e+02 2.103350013327187802e-03 9.840539942405371221e+02 0.000000000000000000e+00
-1.052642374225192441e+02 -1.052639549997385018e+02 2.776065759795292524e-03 9.800743408751825427e+02 0.000000000000000000e+00
-1.080229926386322745e+02 -1.080234049736259152e+02 4.689951744508653007e-03 6.641136418094235523e+03 0.000000000000000000e+00
-1.080990048921131716e+02 -1.081036527285176589e+02 5.612494709498472116e-03 6.614576817536343697e+03 0.000000000000000000e+00
-9.718178021283178225e+01 -9.718532737944711641e+01 8.063881568842488912e-03 6.589062042431382906e+03 0.000000000000000000e+00
-1.079245735258313914e+02 -1.079230174730365093e+02 3.506193421637471795e-03 9.645482696314342093e+02 0.000000000000000000e+00
-1.052800770909784660e+02 -1.052790621023406743e+02 3.875778205316851490e-03 6.538170674897171011e+03 0.000000000000000000e+00
-1.053350778404959556e+02 -1.053364780376877832e+02 2.657673180695624415e-03 9.570127628154657486e+02 0.000000000000000000e+00
-1.025553191095086731e+02 -1.025574355183596964e+02 2.088633448039509035e-03 9.533588553741592477e+02 0.000000000000000000e+00
-1.026301055706562835e+02 -1.026452697520714707e+02 6.825799308952696341e-03 6.462922342516365461e+03 0.000000000000000000e+00
-1.052243386945753798e+02 -1.052051814471971056e+02 1.231992389099994395e-02 3.295358164256466262e+04 0.000000000000000000e+00
-1.080782360797914663e+02 -1.080797434096150340e+02 4.347683243874926953e-03 6.421875389809474655e+03 0.000000000000000000e+00
-1.026001709190960156e+02 -1.025984999614876045e+02 6.490453011585918183e-03 6.397181777836412948e+03 0.000000000000000000e+00
-1.107504247464012082e+02 -1.107528161595083560e+02 3.714288271580356779e-03 9.374461674245002314e+02 0.000000000000000000e+00
-1.026335871990181943e+02 -1.026373978014804749e+02 2.840803652624483786e-03 9.340674636120376135e+02 0.000000000000000000e+00
-9.705768433210643309e+01 -9.705353745218580741e+01 9.121451760549393467e-03 6.330413142529571815e+03 0.000000000000000000e+00
-1.041180339876438126e+02 -1.041133753378046549e+02 1.246811892837011715e-02 6.306981610087090303e+03 0.000000000000000000e+00
-1.026132396526022319e+02 -1.026198433427585570e+02 5.728165542992364086e-03 6.283875519895941579e+03 0.000000000000000000e+00
-1.080872912467772551e+02 -1.080883804352865667e+02 4.418280685385279904e-03 9.231594751399906045e+02 0.000000000000000000e+00
-1.026555171627388034e+02 -1.026660744402154108e+02 5.912838711049258657e-03 6.239478335035936652e+03 0.000000000000000000e+00
-1.053794645680933542e+02 -1.053815462050390011e+02 4.183334009843059885e-03 9.166745893274954824e+02 0.000000000000000000e+00
-1.003501302880479926e+02 -1.003623337799683242e+02 1.217873611288023197e-02 9.135005004355334677e+02 0.000000000000000000e+00
-1.052329854028418481e+02 -1.052304393621170959e+02 3.097931612544009387e-03 9.127045347693109534e+02 0.000000000000000000e+00
-1.053372907165052510e+02 -1.053370747630755346e+02 1.781254529969693474e-03 9.095617331193742530e+02 0.000000000000000000e+00
-1.080954847586348109e+02 -1.080955002084294705e+02 7.287648972467386868e-03 6.226478433630848485e+03 0.000000000000000000e+00
-1.107169039449357797e+02 -1.107170795960275598e+02 5.372797760295660967e-03 6.203587188472806702e+03 0.000000000000000000e+00
-1.053193997788087017e+02 -1.053100784589899632e+02 1.070162530744740541e-02 3.190241592321855933e+04 0.000000000000000000e+00
-1.080577911977052139e+02 -1.080597846220278200e+02 3.906675579877712766e-03 6.158770059783596480e+03 0.000000000000000000e+00
-1.026143132020160493e+02 -1.026008484540198253e+02 8.456949369566525015e-03 6.136500729230091565e+03 0.000000000000000000e+00
-9.691074208348699415e+01 -9.688932907413025930e+01 1.453325256486335919e-02 6.119652944541347097e+03 0.000000000000000000e+00
-9.810378060652783461e+01 -9.818210378601852995e+01 1.897165508993598274e-02 3.149909244130377556e+04 0.000000000000000000e+00
-1.079957435778142525e+02 -1.079947309203894150e+02 1.993034775096087438e-03 8.884666246515798775e+02 0.000000000000000000e+00
-1.081191939319957100e+02 -1.081135255789401697e+02 9.936375332350387557e-03 3.146986120558540642e+04 0.000000000000000000e+00
-1.080505042755434886e+02 -1.080527425608512004e+02 3.543440924603177573e-03 6.043102528201478890e+03 0.000000000000000000e+00
-1.053684713483905426e+02 -1.053759285046942580e+02 4.415304476307467529e-03 6.021743122733847486e+03 0.000000000000000000e+00
-9.708304604868098409e+01 -9.704182224716006999e+01 1.961674230261351015e-02 3.114351677907773410e+04 0.000000000000000000e+00
-9.720792202815601968e+01 -9.720784860801103378e+01 7.552097979488572518e-03 5.981204881841928909e+03 0.000000000000000000e+00
-9.981890977933213094e+01 -9.981955382564302681e+01 3.150388339283553569e-03 8.702325719961909272e+02 0.000000000000000000e+00
-9.982715070754564124e+01 -9.984195333174191944e+01 5.970106518428866006e-03 5.944869371057151511e+03 0.000000000000000000e+00
-9.655772023921714720e+01 -9.653222215173785514e+01 1.442667708762447251e-02 5.930767187117331559e+03 0.000000000000000000e+00
-1.080533798299859427e+02 -1.080542237514560924e+02 3.473794107258452654e-03 5.930398280123956283e+03 0.000000000000000000e+00
-1.044176459081041344e+02 -1.044365796956930410e+02 1.060335402534526121e-02 5.909819520395637483e+03 0.000000000000000000e+00
-1.026833470587486374e+02 -1.026862918389094972e+02 3.231246129836337546e-03 8.555311948758425160e+02 0.000000000000000000e+00
-1.052839200009449172e+02 -1.052710004005563604e+02 6.242293308565630833e-03 3.053947447512012513e+04 0.000000000000000000e+00
-1.079760308851879103e+02 -1.079706411576618450e+02 4.111296031491989966e-03 8.502269718204496485e+02 0.000000000000000000e+00
-1.026480274577926082e+02 -1.026479650442050797e+02 2.402376583985866947e-03 8.479529862183063642e+02 0.000000000000000000e+00
-1.080182850265714194e+02 -1.080221321452689125e+02 4.019410065143468914e-03 5.821465781921831876e+03 0.000000000000000000e+00
-1.041920535066001889e+02 -1.041742186456946371e+02 6.125846546620901216e-03 8.422625193319886421e+02 0.000000000000000000e+00
-1.052645001968470808e+02 -1.052534336112208422e+02 1.115200189535260275e-02 3.017604658095131890e+04 0.000000000000000000e+00
-1.079854806475404274e+02 -1.079843562499316505e+02 4.187729236404587156e-03 5.763629763474688843e+03 0.000000000000000000e+00
-1.019341000886294921e+02 -1.019351953079267759e+02 9.883139497137845633e-03 8.430960669016907332e+02 0.000000000000000000e+00
-1.027100482069801330e+02 -1.027211143140971643e+02 1.436807060808067797e-02 2.995212631485771271e+04 0.000000000000000000e+00
-1.107777017499967798e+02 -1.107768991008372979e+02 4.627986839134117826e-03 5.714722798894833431e+03 0.000000000000000000e+00
-1.080994636103238804e+02 -1.080998112952238301e+02 6.485884351642100774e-03 5.695691021374127558e+03 0.000000000000000000e+00
-1.053274571984791521e+02 -1.053338322761997006e+02 3.474035276953418416e-03 5.676780408908985009e+03 0.000000000000000000e+00
-9.917763633335171392e+01 -9.916674469666200764e+01 9.935903290638897767e-03 5.659122273098612823e+03 0.000000000000000000e+00
-1.025313541023231210e+02 -1.025386154084231549e+02 3.882252219969599492e-03 5.644193547585253327e+03 0.000000000000000000e+00
-1.025697044429253282e+02 -1.025681311912795763e+02 2.298602022107888720e-03 8.241995557783857294e+02 0.000000000000000000e+00
-1.079961908418343626e+02 -1.079982142390045254e+02 3.077442016579138781e-03 5.610541183572601767e+03 0.000000000000000000e+00
-1.053581572541480398e+02 -1.053592840564746922e+02 1.460689290661063401e-03 8.190945993989586214e+02 0.000000000000000000e+00
-9.402979915017769486e+01 -9.401295396267603621e+01 1.143076340347715623e-02 5.575174593235587054e+03 0.000000000000000000e+00
-1.107260823638322336e+02 -1.107278499936286096e+02 3.207233031090391852e-03 8.242439210314375941e+02 0.000000000000000000e+00
-1.052053258928848720e+02 -1.051988678076539969e+02 4.484738658270822666e-03 5.547662092066291734e+03 0.000000000000000000e+00
-9.931500244623069307e+01 -9.930361537566177788e+01 1.104394726355759776e-02 5.530951872478723089e+03 0.000000000000000000e+00
-1.053527972255348573e+02 -1.053591388575479471e+02 2.613281278690956881e-03 5.516993674177340836e+03 0.000000000000000000e+00
-1.080428846226915454e+02 -1.080411369971481008e+02 2.712669361119637683e-03 8.138117413319121169e+02 0.000000000000000000e+00
-1.079961696595039058e+02 -1.079966224821674246e+02 2.880609571279620085e-03 5.483998782445230063e+03 0.000000000000000000e+00
-1.080264790812588842e+02 -1.080244364547166640e+02 2.455427256432377980e-03 8.087479039598820236e+02 0.000000000000000000e+00
-9.989423643730226843e+01 -9.989732734999604702e+01 2.614459667465012481e-03 8.062776388646834675e+02 0.000000000000000000e+00
-1.054092822357892771e+02 -1.054105708447988832e+02 4.333156801971439244e-03 5.434224780178460605e+03 0.000000000000000000e+00
-1.080222285274086005e+02 -1.080234373566382118e+02 3.736089639014680309e-03 5.417155986359459348e+03 0.000000000000000000e+00
-1.107751432930254651e+02 -1.107772982901496874e+02 2.372306166408049907e-03 7.989617203493469333e+02 0.000000000000000000e+00
-1.052628731751551783e+02 -1.052644500088842676e+02 3.361526734378561098e-03 5.383223626077548943e+03 0.000000000000000000e+00
-9.984147245355200084e+01 -9.984325333237785571e+01 1.295250026758629734e-02 2.820361447141431199e+04 0.000000000000000000e+00
-1.053338665834222923e+02 -1.053365235923209724e+02 3.038764149214343360e-03 5.353228161338374775e+03 0.000000000000000000e+00
-1.052095350652951993e+02 -1.052064194044466205e+02 4.031009913923994971e-03 5.336773273779264855e+03 0.000000000000000000e+00
-1.080543530853964285e+02 -1.080547125232322401e+02 1.602835407508220464e-03 7.869820559687368586e+02 0.000000000000000000e+00
-1.053738478705959096e+02 -1.053807919620247020e+02 3.420416893444123713e-03 5.304219235781052703e+03 0.000000000000000000e+00
-1.080749175603022394e+02 -1.080794057158124986e+02 3.710452216935622612e-03 5.289255582608397162e+03 0.000000000000000000e+00
-1.106952248794398486e+02 -1.106982006812515493e+02 2.478204793031993283e-03 7.796955746229843953e+02 0.000000000000000000e+00
-9.705211186190120998e+01 -9.704398512561830614e+01 5.595039553929314312e-03 5.258415192214299168e+03 0.000000000000000000e+00
-1.025365926874631555e+02 -1.025371753814422675e+02 4.726032289105718334e-03 5.244444743079817272e+03 0.000000000000000000e+00
-1.106720638645706600e+02 -1.106654878708835383e+02 5.097028636105923986e-03 5.228510672310596419e+03 0.000000000000000000e+00
-1.026363104683963314e+02 -1.026281870021474134e+02 5.448084689403300679e-03 5.213796574862964917e+03 0.000000000000000000e+00
-1.080473762274212817e+02 -1.080499401603126586e+02 3.202517440453632978e-03 5.199968005771540447e+03 0.000000000000000000e+00
-1.024641895184615663e+02 -1.024386830558422758e+02 8.976291148186666888e-03 2.723597256922038650e+04 0.000000000000000000e+00
-1.020425080757187857e+02 -1.019916856059116981e+02 1.399511295998531746e-02 2.717299976527354011e+04 0.000000000000000000e+00
-9.992768520765362439e+01 -9.989450723163983525e+01 9.504562407397380841e-03 2.716471887982567569e+04 0.000000000000000000e+00
-1.025093644742162979e+02 -1.025000060457072379e+02 9.145949501243163735e-03 2.711546194541656587e+04 0.000000000000000000e+00
-9.979686397880917070e+01 -9.980010643026066930e+01 6.291650570566756362e-03 5.133084522830455171e+03 0.000000000000000000e+00
-1.053877812398842195e+02 -1.053944383733928447e+02 5.944488361662088674e-03 5.118135910970156147e+03 0.000000000000000000e+00
-1.052824848981288426e+02 -1.052855097256892094e+02 3.860254017901266436e-03 5.104315704418205314e+03 0.000000000000000000e+00
-1.052486523238543725e+02 -1.052497317341055094e+02 1.988795983534844946e-03 7.544699509862973628e+02 0.000000000000000000e+00
-1.080243014658782243e+02 -1.080240589325025695e+02 1.942183330556974041e-03 7.522567018957880691e+02 0.000000000000000000e+00
-1.053304855044518860e+02 -1.053229073242419531e+02 4.913804693116391453e-03 2.665369523594055499e+04 0.000000000000000000e+00
-1.006500259973507525e+02 -1.006388175364756847e+02 1.274246470571190927e-02 5.045205623836715858e+03 0.000000000000000000e+00
-9.975127901583769585e+01 -9.975061268771207779e+01 4.068820802347324767e-03 7.544571488205256173e+02 0.000000000000000000e+00
-1.041036346760711666e+02 -1.041069130162246665e+02 1.261897294824543096e-02 5.020343741064079040e+03 0.000000000000000000e+00
-1.107286958718924552e+02 -1.107237628886059326e+02 3.853078741252354434e-03 5.005982148352910372e+03 0.000000000000000000e+00
-1.053981184111992491e+02 -1.053998460684318701e+02 1.934990809953354967e-03 7.482889368492959647e+02 0.000000000000000000e+00
-1.068296231030595322e+02 -1.068209490720248169e+02 9.506630323926675702e-03 4.978755117453628372e+03 0.000000000000000000e+00
-1.026431425912543176e+02 -1.025990156201343524e+02 7.556451177102614311e-03 2.629809800354819527e+04 0.000000000000000000e+00
-1.053050439889258172e+02 -1.053089031114199372e+02 3.108144386375532881e-03 4.953454032111801098e+03 0.000000000000000000e+00
-9.701522890061380622e+01 -9.701104989154356417e+01 6.955813915126929023e-03 7.404045581484036802e+02 0.000000000000000000e+00
-9.991612104427221652e+01 -9.992028864088737805e+01 4.247957542832627061e-03 7.384864433148180751e+02 0.000000000000000000e+00
-9.986938455132771253e+01 -9.987392628745750756e+01 6.640334547095440472e-03 4.916169209796935320e+03 0.000000000000000000e+00
-1.053048361788524545e+02 -1.053037658021436584e+02 2.901762543816503552e-03 4.902753312812110380e+03 0.000000000000000000e+00
-1.107283802574038418e+02 -1.107237656814358502e+02 3.730661122535999710e-03 4.888941942682493391e+03 0.000000000000000000e+00
-1.025679806595592112e+02 -1.025730240020418478e+02 4.601678238895124708e-03 4.875750109328977487e+03 0.000000000000000000e+00
-1.052597074430977102e+02 -1.052592304266432990e+02 4.209696089691742499e-03 4.862713888687508188e+03 0.000000000000000000e+00
-1.018227123120878446e+02 -1.018090125088815370e+02 9.032644519863282026e-03 4.849100088675938423e+03 0.000000000000000000e+00
-1.025322401262509686e+02 -1.025322787760655956e+02 2.993159753875778220e-03 4.839481431525892731e+03 0.000000000000000000e+00
-1.080998997899877168e+02 -1.081008211592545933e+02 2.989295661344877186e-03 7.299423075809537522e+02 0.000000000000000000e+00
-9.999382194794870315e+01 -9.994672431304125837e+01 1.062286753739679485e-02 2.552961299848084673e+04 0.000000000000000000e+00
-1.025856930222445271e+02 -1.025912591220924668e+02 4.631964264694404115e-03 4.800078639804321028e+03 0.000000000000000000e+00
-1.053543856831236525e+02 -1.053584554126715886e+02 2.209842800899877724e-03 4.787537644125344741e+03 0.000000000000000000e+00
-1.080623139530237609e+02 -1.080488873157379572e+02 6.574359690982020839e-03 2.538764564938881085e+04 0.000000000000000000e+00
-9.857804597847247408e+01 -9.857162720855559712e+01 1.334991247609944656e-02 4.761764443877291342e+03 0.000000000000000000e+00
-1.025323417911834127e+02 -1.025380574269284182e+02 3.084637741003164093e-03 4.749034896858564935e+03 0.000000000000000000e+00
-1.026177868230394665e+02 -1.026229349917144020e+02 3.454966013066543360e-03 4.736759326019512628e+03 0.000000000000000000e+00
-1.053349069565666269e+02 -1.053342057465357726e+02 1.623460182876114172e-03 7.152749635843996430e+02 0.000000000000000000e+00
-1.025725645045762064e+02 -1.025722392966893040e+02 1.908116540958572707e-03 7.133407584444579470e+02 0.000000000000000000e+00
-1.052746656106541678e+02 -1.052757303747999060e+02 3.555597187967540155e-03 4.699656975233974663e+03 0.000000000000000000e+00
-1.017955047319109525e+02 -1.017696993865648381e+02 1.208189547680441761e-02 7.094814234704613227e+02 0.000000000000000000e+00
-1.080228219334881885e+02 -1.080238617053770014e+02 1.918735458059380545e-03 7.140667271020588487e+02 0.000000000000000000e+00
-1.080239951081865541e+02 -1.080251761225196816e+02 2.936780525544282518e-03 4.672187261093848065e+03 0.000000000000000000e+00
-1.053464138063452395e+02 -1.053524451552807619e+02 3.456350000227770454e-03 4.659691862877448330e+03 0.000000000000000000e+00
-1.079911073094053080e+02 -1.079908096420420520e+02 2.150434301908960184e-03 7.083167859852294441e+02 0.000000000000000000e+00
-1.107188250720053730e+02 -1.107188603485893736e+02 3.560874045701433854e-03 4.635792274518899831e+03 0.000000000000000000e+00
-9.717257854327769451e+01 -9.717425773939996247e+01 3.711660106047216887e-03 7.045266277959258332e+02 0.000000000000000000e+00
-1.053783273637319553e+02 -1.053689574127377284e+02 8.227844271021573022e-03 2.454440694020555748e+04 0.000000000000000000e+00
-1.019092631121982890e+02 -1.019041340454447635e+02 5.406510844478357690e-03 7.009289985905542153e+02 0.000000000000000000e+00
-1.081210159592311300e+02 -1.081245261949105014e+02 3.847915717182014660e-03 4.591518918255496828e+03 0.000000000000000000e+00
-1.080768656302862496e+02 -1.080784677590674647e+02 3.530921111198451721e-03 4.579787189990864135e+03 0.000000000000000000e+00
-1.080228466759803041e+02 -1.080238645931885060e+02 1.815656890069205099e-03 6.957451895017896959e+02 0.000000000000000000e+00
-1.107774585189169727e+02 -1.107769142825396784e+02 3.576153186392510685e-03 4.556077918415100612e+03 0.000000000000000000e+00
-1.024101481717000297e+02 -1.023955824618081607e+02 7.047445179269041723e-03 4.544188411927478228e+03 0.000000000000000000e+00
-1.025590385983156239e+02 -1.025596131413743706e+02 1.445701252341803460e-03 6.904820696998116318e+02 0.000000000000000000e+00
-1.081240229247791547e+02 -1.081249040237206174e+02 1.924632973451518084e-03 6.886733602522007232e+02 0.000000000000000000e+00
-1.026388014764372087e+02 -1.026411683291063071e+02 1.670005614247024135e-03 6.868887974138895061e+02 0.000000000000000000e+00
-1.014251913760621733e+02 -1.014403988316831118e+02 6.707287820685799845e-03 6.852039756693947083e+02 0.000000000000000000e+00
-1.053076414082683669e+02 -1.053088114930124988e+02 1.557710695962590203e-03 6.860973645334958064e+02 0.000000000000000000e+00
-1.134563010718026987e+02 -1.134470434582008522e+02 6.902588921713834896e-03 4.513962379219608010e+03 0.000000000000000000e+00
-9.820580893872900674e+01 -9.823354173662252720e+01 1.634990245233738579e-02 2.403856591811997714e+04 0.000000000000000000e+00
-1.080518921030690933e+02 -1.080520494366006119e+02 1.271230259651159444e-03 6.834367869155049675e+02 0.000000000000000000e+00
-1.026517314083905035e+02 -1.026553970853102840e+02 1.674447214495934817e-03 6.816780462118858850e+02 0.000000000000000000e+00
-1.053968385055836450e+02 -1.054020942566001509e+02 2.938085088053835926e-03 4.471967357849055588e+03 0.000000000000000000e+00
-1.053514076168341944e+02 -1.053542521669172771e+02 3.398545040948444066e-03 4.461336449418890879e+03 0.000000000000000000e+00
-1.025760390211650872e+02 -1.025787642429431088e+02 1.732976513460946942e-03 6.768867093156097781e+02 0.000000000000000000e+00
-1.007406081686816748e+02 -1.007453054447949228e+02 5.212597469670909173e-03 6.752798925589975170e+02 0.000000000000000000e+00
-1.053959558314179361e+02 -1.054016850974388291e+02 2.898360464504031592e-03 4.429706902055142564e+03 0.000000000000000000e+00
-1.007838971391080776e+02 -1.007428923632267441e+02 1.514676122157367251e-02 2.359931953585025622e+04 0.000000000000000000e+00
-1.107749083866481214e+02 -1.107751677087986195e+02 3.415598692239012798e-03 4.408817861030429412e+03 0.000000000000000000e+00
-1.052765018835133048e+02 -1.052765837615200724e+02 1.813381873781903797e-03 6.699289243663101843e+02 0.000000000000000000e+00
-9.929830684446167766e+01 -9.929016882881117567e+01 6.188653569268895600e-03 6.682525301738559165e+02 0.000000000000000000e+00
-1.106795865753269936e+02 -1.106685065596067119e+02 4.904190644786472590e-03 4.378597563556488240e+03 0.000000000000000000e+00
-1.080723821378854836e+02 -1.080730197850409411e+02 1.740981897974511975e-03 6.666821518288862762e+02 0.000000000000000000e+00
-1.052771060090517068e+02 -1.052674439804544448e+02 4.535802677330813201e-03 4.360194840406159528e+03 0.000000000000000000e+00
-1.025685884399339756e+02 -1.025664695023597233e+02 3.498689395816263585e-03 4.351665142413785361e+03 0.000000000000000000e+00
-1.025422048825703172e+02 -1.025432319147862330e+02 1.714140072130453584e-03 6.621520259516128135e+02 0.000000000000000000e+00
-1.080126132517342938e+02 -1.079883715431150080e+02 4.965028848417826247e-03 2.324444039326742495e+04 0.000000000000000000e+00
-1.054254696915633076e+02 -1.054274810339833124e+02 8.151903724161045639e-03 2.320168139540226184e+04 0.000000000000000000e+00
-1.080363357953700643e+02 -1.080364348652803983e+02 2.143650308638105507e-03 6.574450752759781835e+02 0.000000000000000000e+00
-1.079720339188179565e+02 -1.079706753770857404e+02 3.173037649166589487e-03 4.299965785237199270e+03 0.000000000000000000e+00
-1.025770801143978446e+02 -1.025817392721781545e+02 2.731156787469012082e-03 4.289542456634918381e+03 0.000000000000000000e+00
-1.080103568207016309e+02 -1.080087680323162118e+02 3.242049096737487264e-03 4.279571214373485418e+03 0.000000000000000000e+00
-1.079974859172076833e+02 -1.079969703912147736e+02 1.193565997871529711e-03 6.511469837120519060e+02 0.000000000000000000e+00
-1.025091794560337064e+02 -1.025073254634462927e+02 2.537631122203283345e-03 6.495747801587010599e+02 0.000000000000000000e+00
-1.025482397892571100e+02 -1.025551890059860369e+02 4.397953571899245427e-03 4.248801442706149828e+03 0.000000000000000000e+00
-1.026569757459007235e+02 -1.026606317496974583e+02 1.769604207242851711e-03 6.468308941142347521e+02 0.000000000000000000e+00
-1.026445767907553659e+02 -1.026446174619032234e+02 1.406591159788479978e-03 6.454895834950551716e+02 0.000000000000000000e+00
-9.813276194034607158e+01 -9.812453718924031421e+01 8.267055611081741348e-03 6.439450159485946870e+02 0.000000000000000000e+00
-1.081001384083592711e+02 -1.081000919228232249e+02 4.401121138488024026e-03 4.212357430171917258e+03 0.000000000000000000e+00
-1.025843632311394487e+02 -1.025851739015811859e+02 2.387901229865208030e-03 4.202327987327410483e+03 0.000000000000000000e+00
-1.079957600873397610e+02 -1.079966434373760507e+02 2.175905536026696667e-03 4.192351071777720790e+03 0.000000000000000000e+00
-1.053733803955867216e+02 -1.053793941669962493e+02 3.448012893686981054e-03 4.182426953670895273e+03 0.000000000000000000e+00
-1.041572288075616797e+02 -1.041486209848142579e+02 4.326578319053325621e-03 6.368076481835814775e+02 0.000000000000000000e+00
-1.053450116640489682e+02 -1.053463289376975354e+02 1.452410003846311406e-03 6.369532029498632255e+02 0.000000000000000000e+00
-1.079656026780602360e+02 -1.079661818824036175e+02 3.501589016420750874e-03 4.154518957793480695e+03 0.000000000000000000e+00
-1.107307009495611254e+02 -1.107242525874627574e+02 3.601167494577225698e-03 4.144780938430310016e+03 0.000000000000000000e+00
-1.026401833650167958e+02 -1.026433157020640721e+02 2.624544854371085520e-03 4.135983274996086948e+03 0.000000000000000000e+00
-1.024999325928034466e+02 -1.024952182670860736e+02 4.520611992764113005e-03 4.126549706795944076e+03 0.000000000000000000e+00
-1.079959626665038286e+02 -1.079966154197936703e+02 2.191997529460607084e-03 4.117370086872609136e+03 0.000000000000000000e+00
-1.053231414771311876e+02 -1.053231817158077206e+02 1.503291098726263842e-03 6.281298447999813561e+02 0.000000000000000000e+00
-1.081000620053744541e+02 -1.080998790363459676e+02 1.763197272512962268e-03 6.266674636188763543e+02 0.000000000000000000e+00
-1.079474098064337539e+02 -1.079446952296272570e+02 3.150051000595868473e-03 4.089410771570306224e+03 0.000000000000000000e+00
-9.744058432784541424e+01 -9.740674349166086188e+01 1.515030584200648123e-02 2.204399581348389620e+04 0.000000000000000000e+00
-1.053790037260157817e+02 -1.053793572121704614e+02 1.832683908853921908e-03 6.281482941855757645e+02 0.000000000000000000e+00
