0.000000000000000000e+00 0.000000000000000000e+00 0.000000000000000000e+00 0.000000000000000000e+00 0.000000000000000000e+00
-1.081109612175395114e+02 -1.079632902595788124e+02 7.123460973380829619e-02 1.577032093518771399e+04 0.000000000000000000e+00
-1.082428898210975774e+02 -1.080851884642695921e+02 9.451556696841006966e-02 1.010801854918985046e+05 0.000000000000000000e+00
-1.053757613011356682e+02 -1.053057334213038416e+02 6.437547135409962817e-02 1.017745856180146366e+05 0.000000000000000000e+00
-1.000394041895789599e+02 -9.992965007854034809e+01 4.097794345007459843e-02 1.647444956696287773e+04 0.000000000000000000e+00
-1.106680618933726521e+02 -1.107171482226665091e+02 5.098582936274673183e-02 1.747349895875067159e+04 0.000000000000000000e+00
-1.080790193654919733e+02 -1.080427155444271392e+02 3.545877670959450556e-02 1.727718075207525544e+04 0.000000000000000000e+00
-1.026261397246384348e+02 -1.025994575679305143e+02 3.424943201964789768e-02 1.707244248257543586e+04 0.000000000000000000e+00
-1.053605985512121919e+02 -1.053592732915282397e+02 2.194310130466268355e-02 1.679453678926846260e+04 0.000000000000000000e+00
-9.859046300281033837e+01 -9.865164876887457979e+01 7.965929297271938381e-02 9.080975761450864957e+04 0.000000000000000000e+00
-1.107083963868272605e+02 -1.107214521769350313e+02 2.221918509608879211e-02 1.607985003298299671e+04 0.000000000000000000e+00
-9.987544775980025236e+01 -9.984379924468942136e+01 3.878440184570850630e-02 1.577305639109015465e+04 0.000000000000000000e+00
-1.068738661252385782e+02 -1.068382817622630796e+02 5.828068685071519789e-02 1.554505824186097925e+04 0.000000000000000000e+00
-1.079954202327591730e+02 -1.080019516297780058e+02 1.890085783186312360e-02 1.991780832818858244e+03 0.000000000000000000e+00
-1.008988997591525276e+02 -1.008349906949872548e+02 5.945520811926050669e-02 1.509319545287474466e+04 0.000000000000000000e+00
-1.025566148720508011e+02 -1.024996866151536210e+02 4.609546086134070492e-02 8.139113593430430046e+04 0.000000000000000000e+00
-1.027279487349507434e+02 -1.026528781402783608e+02 2.819411995589331602e-02 1.477597190954931648e+04 0.000000000000000000e+00
-1.027604991419711808e+02 -1.026479299426361251e+02 4.212646976167465362e-02 7.925285589975587209e+04 0.000000000000000000e+00
-1.028178576603529564e+02 -1.027728722884297525e+02 7.018378742043890339e-02 7.969666598990722559e+04 0.000000000000000000e+00
-1.014922016526303565e+02 -1.014226828779723775e+02 5.206580861058958398e-02 1.558953239233206477e+04 0.000000000000000000e+00
-1.106505939985502067e+02 -1.106656107949718830e+02 2.151942002883565005e-02 1.563342769567171672e+04 0.000000000000000000e+00
-1.107451864617633817e+02 -1.107700867018913584e+02 1.982984407878590760e-02 1.539389181096912762e+04 0.000000000000000000e+00
-1.025446539159636501e+02 -1.025274165588745490e+02 2.945980978187194912e-02 1.521900527020846857e+04 0.000000000000000000e+00
-1.107529705674888589e+02 -1.107734674390942189e+02 2.128647452933845122e-02 1.499339655311219394e+04 0.000000000000000000e+00
-1.052525389249732086e+02 -1.052508816246534167e+02 1.547302865100225362e-02 1.480180071010242136e+04 0.000000000000000000e+00
-1.027071908553146642e+02 -1.026944278555924797e+02 2.010601758767163738e-02 1.456338372580961004e+04 0.000000000000000000e+00
-1.080946914934118439e+02 -1.080934522418041439e+02 2.323806210820361304e-02 1.435490430496606496e+04 0.000000000000000000e+00
-1.107401648480368408e+02 -1.107499925314933620e+02 1.779974351413887018e-02 1.413084954980411567e+04 0.000000000000000000e+00
-1.026674314766661951e+02 -1.026549956874252842e+02 1.935906427077977582e-02 1.392644690888077093e+04 0.000000000000000000e+00
-1.080392756928566627e+02 -1.079696918750168066e+02 2.963203790285764971e-02 6.702068828909900913e+04 0.000000000000000000e+00
-1.053060397409128655e+02 -1.052856924471291364e+02 2.758137578276699184e-02 6.665002814970877080e+04 0.000000000000000000e+00
-1.080152350091424580e+02 -1.079827140395426994e+02 3.271519333020701803e-02 6.572357551797457563e+04 0.000000000000000000e+00
-1.026623019778899959e+02 -1.026018708967896202e+02 3.321712700089861359e-02 6.489951213692835881e+04 0.000000000000000000e+00
-1.026535005630820336e+02 -1.026375696551889831e+02 1.476295150136799038e-02 1.303585733910626004e+04 0.000000000000000000e+00
-1.041819488319863467e+02 -1.041872130605111124e+02 2.103718352955058490e-02 1.288433252697390708e+04 0.000000000000000000e+00
-1.019320079632087470e+02 -1.018821321757941263e+02 3.334669838088267363e-02 1.270652061742986552e+04 0.000000000000000000e+00
-1.053068993570855270e+02 -1.053021742609180365e+02 1.533409238629419510e-02 1.270660728865341298e+04 0.000000000000000000e+00
-1.107644525357210625e+02 -1.107750896800985601e+02 1.385481258197682371e-02 1.253823070110418485e+04 0.000000000000000000e+00
-1.052284114747388912e+02 -1.051760640183915996e+02 3.416298174241931551e-02 6.103713749310364074e+04 0.000000000000000000e+00
-1.026852471024336353e+02 -1.026705608043100426e+02 1.457787128684870023e-02 1.222382726991162781e+04 0.000000000000000000e+00
-1.080206694493622734e+02 -1.079770739482054438e+02 3.003388886333870078e-02 5.975255227357826516e+04 0.000000000000000000e+00
-1.025453709066701435e+02 -1.025054400541980471e+02 2.879672623395780270e-02 5.919467532816834864e+04 0.000000000000000000e+00
-1.079766234252317929e+02 -1.079823551041822327e+02 1.301210647937002876e-02 1.178959408690238160e+04 0.000000000000000000e+00
-1.068195282533510522e+02 -1.068335057894720279e+02 3.465959774413773092e-02 5.788716202057823830e+04 0.000000000000000000e+00
-1.041659734701869269e+02 -1.041441815789521854e+02 2.503840353919964054e-02 1.150555549810873890e+04 0.000000000000000000e+00
-1.080492867121643457e+02 -1.080554567912843709e+02 1.250471812005043634e-02 1.140469029482576661e+04 0.000000000000000000e+00
-1.052449492615060933e+02 -1.052367492593006943e+02 2.425401132391009212e-02 1.127166934659381332e+04 0.000000000000000000e+00
-1.015435354502823344e+02 -1.015460447090043061e+02 1.930535409975367087e-02 1.114169046474761490e+04 0.000000000000000000e+00
-1.044565907399946383e+02 -1.044433952817272200e+02 2.665549286175522906e-02 1.101065791802570129e+04 0.000000000000000000e+00
-1.080203013406929955e+02 -1.079867449942555453e+02 1.898151927741843770e-02 5.452345211414273945e+04 0.000000000000000000e+00
-1.045907348469071536e+02 -1.045255657917704895e+02 4.083262042955052018e-02 5.401616530511065503e+04 0.000000000000000000e+00
-1.025020571171566104e+02 -1.024686842560187614e+02 3.499525832893206345e-02 5.376388199043332861e+04 0.000000000000000000e+00
-1.053946730517820924e+02 -1.053894153323753073e+02 1.748697777982484436e-02 5.326068691717883485e+04 0.000000000000000000e+00
-9.979350128765547367e+01 -9.975425079202639722e+01 4.839064040730196165e-02 5.267181362355622696e+04 0.000000000000000000e+00
-1.081152812386135480e+02 -1.081222803925402758e+02 1.135592431076411224e-02 1.033541586648128396e+04 0.000000000000000000e+00
-9.922745961104051560e+01 -9.919566675782922971e+01 1.891653904239683909e-02 1.022900443607962552e+04 0.000000000000000000e+00
-1.053291028939320597e+02 -1.053345697644725192e+02 1.259114904113895102e-02 1.020324026422462885e+04 0.000000000000000000e+00
-1.080471221371647488e+02 -1.080522440093990753e+02 1.082662717558929844e-02 1.009731601739786674e+04 0.000000000000000000e+00
-1.026251727656015618e+02 -1.026275917241920155e+02 1.470629418420828401e-02 9.992964349081818000e+03 0.000000000000000000e+00
-1.037721239727824383e+02 -1.037363273514703934e+02 2.803591383411731253e-02 9.889143354201456532e+03 0.000000000000000000e+00
-1.026199552566873479e+02 -1.026163403430432624e+02 1.446104673311162866e-02 9.861667591374136464e+03 0.000000000000000000e+00
-1.052739567066048068e+02 -1.052761065353577834e+02 1.130599244611412563e-02 9.762282267214939566e+03 0.000000000000000000e+00
-1.026266152530587732e+02 -1.026209633365947695e+02 1.175230176834689971e-02 9.663736981316520541e+03 0.000000000000000000e+00
-1.052514057156004554e+02 -1.052566162199402413e+02 8.629117216335012788e-03 9.570385602168404148e+03 0.000000000000000000e+00
-1.080031376893363131e+02 -1.080039563543584791e+02 7.793404687581204082e-03 9.478089085076515403e+03 0.000000000000000000e+00
-9.986325131500819907e+01 -9.986941692772366252e+01 2.043328610159283673e-02 4.687870110697843484e+04 0.000000000000000000e+00
-1.107026745464126520e+02 -1.107155224228274761e+02 1.142148569244671487e-02 9.294177159973200105e+03 0.000000000000000000e+00
-1.054556951234133919e+02 -1.054544047492486811e+02 1.217165245538781755e-02 9.218540253588123960e+03 0.000000000000000000e+00
-1.080521586956676714e+02 -1.080537165213045085e+02 6.307159887588802485e-03 9.130638987535163324e+03 0.000000000000000000e+00
-9.994652673237563079e+01 -9.993481791663749902e+01 4.208150641858724589e-02 4.521009708594777476e+04 0.000000000000000000e+00
-1.053463653150850803e+02 -1.053441439138993303e+02 9.896827206202671659e-03 9.010871669773569010e+03 0.000000000000000000e+00
-1.052996205123956344e+02 -1.052782855040433532e+02 2.043374422644066504e-02 4.438262933849898400e+04 0.000000000000000000e+00
-1.079977229183362937e+02 -1.080014668853694388e+02 6.158250627915940259e-03 8.856317409314027827e+03 0.000000000000000000e+00
-1.026194069659950827e+02 -1.026172199328304231e+02 1.027673620820838615e-02 8.776765036148544823e+03 0.000000000000000000e+00
-1.041499737460554229e+02 -1.041715605407758858e+02 2.672111481002971412e-02 4.322108199590798904e+04 0.000000000000000000e+00
-1.080272814580562226e+02 -1.080329240513151916e+02 8.461859139903781662e-03 8.620684058934848508e+03 0.000000000000000000e+00
-1.080703675646464319e+02 -1.080731475023861776e+02 7.315090979073431490e-03 8.546751216770364408e+03 0.000000000000000000e+00
-1.026289309529967113e+02 -1.026297639559417973e+02 1.113133070164348121e-02 8.472360986216532183e+03 0.000000000000000000e+00
-1.026471757143780508e+02 -1.026515407551507053e+02 1.006920248347744143e-02 8.398686657355383431e+03 0.000000000000000000e+00
-1.054255724671029100e+02 -1.054032689601000214e+02 1.787534329237224634e-02 4.147852418063476944e+04 0.000000000000000000e+00
-1.023563568011952611e+02 -1.022472297617962056e+02 3.057434703063096823e-02 8.265622897477278457e+03 0.000000000000000000e+00
-1.014605093809920078e+02 -1.014830344617948583e+02 1.598884308900743595e-02 8.653026010570953076e+03 0.000000000000000000e+00
-9.966931938884027886e+01 -9.968495729803053962e+01 2.252298536219445729e-02 8.611846932430853485e+03 0.000000000000000000e+00
-1.024912077202261003e+02 -1.024977465743497334e+02 1.405767341770590775e-02 8.561783425972284022e+03 0.000000000000000000e+00
-1.000948852011867132e+02 -1.000792642502394898e+02 2.732552794476386313e-02 8.495294569670337296e+03 0.000000000000000000e+00
-1.008994807426635418e+02 -1.009578922307151885e+02 2.536713210006251787e-02 3.963242233661453065e+04 0.000000000000000000e+00
-1.080717271024932700e+02 -1.080745792173647999e+02 3.797358614891283533e-03 1.202919922683993718e+03 0.000000000000000000e+00
-1.080522691755287354e+02 -1.080555311612647387e+02 6.013752398575131046e-03 8.345774779899567875e+03 0.000000000000000000e+00
-1.027033208794885724e+02 -1.027029660699506053e+02 8.559771834265818627e-03 8.279770503182091488e+03 0.000000000000000000e+00
-1.053817625450444524e+02 -1.053725878869678070e+02 8.737604529252795613e-03 8.214056312091615837e+03 0.000000000000000000e+00
-1.053207889994375535e+02 -1.053177492715983874e+02 9.349970441530557758e-03 8.155396678249887373e+03 0.000000000000000000e+00
-1.034585586116103286e+02 -1.033904546484949662e+02 3.787212237779259694e-02 3.806476988182310015e+04 0.000000000000000000e+00
-1.026680313443991821e+02 -1.026599246116264794e+02 7.333088843454587183e-03 8.036740118884178628e+03 0.000000000000000000e+00
-1.053221130521391729e+02 -1.052967411538605944e+02 1.381359367127305005e-02 3.772990912337065674e+04 0.000000000000000000e+00
-1.009496211835244850e+02 -1.009857600391159735e+02 2.270683690292248785e-02 3.748881694810325280e+04 0.000000000000000000e+00
-1.026599467714247425e+02 -1.026576377226848535e+02 7.785630840245924902e-03 7.869218146011367025e+03 0.000000000000000000e+00
-1.053833649453308112e+02 -1.053685115287929506e+02 1.406341450008906716e-02 3.700912938682580716e+04 0.000000000000000000e+00
-1.026543243372423859e+02 -1.026452243808443541e+02 1.320634834342227643e-02 7.760703422713788314e+03 0.000000000000000000e+00
-1.053393123540523959e+02 -1.053164456507352185e+02 1.272890228782693270e-02 3.647957948369548831e+04 0.000000000000000000e+00
-1.079633108718618786e+02 -1.079643745027491946e+02 1.095913024126987483e-02 7.657936158867894846e+03 0.000000000000000000e+00
-1.053114654098389025e+02 -1.053115910572913094e+02 7.587247333992243672e-03 7.602089632878018165e+03 0.000000000000000000e+00
-1.080272778036106729e+02 -1.080250882379313140e+02 9.480063963681213332e-03 7.546987841927882073e+03 0.000000000000000000e+00
-1.054123216863700634e+02 -1.054115028831270280e+02 6.676193379137277534e-03 7.492954920798500098e+03 0.000000000000000000e+00
-1.024822030570558553e+02 -1.024849373462948989e+02 1.068143085078837942e-02 7.439401707698657447e+03 0.000000000000000000e+00
-1.040769300961791686e+02 -1.040795375166347441e+02 1.227871215119558101e-02 7.387336691849227464e+03 0.000000000000000000e+00
-1.052745546929397449e+02 -1.052800462642773169e+02 8.434687345459693578e-03 7.335576788815216787e+03 0.000000000000000000e+00
-1.000721697538832728e+02 -1.000412889214668155e+02 2.270029822551860449e-02 7.285892396999100129e+03 0.000000000000000000e+00
-1.052940366808021082e+02 -1.052926942630585785e+02 7.949465434159605146e-03 7.269843067304955184e+03 0.000000000000000000e+00
-1.106835267559225002e+02 -1.106915987028768598e+02 8.622784767914474721e-03 7.219908950926334910e+03 0.000000000000000000e+00
-1.053790230944248378e+02 -1.053793902177597204e+02 5.812784059970810963e-03 7.174482610540668247e+03 0.000000000000000000e+00
-9.991913958132595042e+01 -9.992771425773165106e+01 1.144739584557516628e-02 7.125676625615481498e+03 0.000000000000000000e+00
-1.052854731971948041e+02 -1.052633672303961703e+02 1.170990119107609764e-02 3.349178756211208383e+04 0.000000000000000000e+00
-1.024797003285207069e+02 -1.024848500401812430e+02 8.688000637924658820e-03 7.039713841927981775e+03 0.000000000000000000e+00
-1.107629408478174469e+02 -1.107741932134566980e+02 7.661330758182094414e-03 6.994680390933522176e+03 0.000000000000000000e+00
-1.001899596693955203e+02 -1.002323712082558842e+02 3.148491666690057117e-02 3.285891977867195237e+04 0.000000000000000000e+00
-1.044948621752069329e+02 -1.045027578490931859e+02 1.386541841572409318e-02 7.030366427311306325e+03 0.000000000000000000e+00
-1.080519446018976026e+02 -1.080421199689704395e+02 9.558300162305711015e-03 3.252159786231521139e+04 0.000000000000000000e+00
-1.081182927820338477e+02 -1.081229799405976877e+02 6.934024087674572900e-03 6.941967006670182855e+03 0.000000000000000000e+00
-1.080577108965677269e+02 -1.080393990947978722e+02 9.417213058568570799e-03 3.211341990389874991e+04 0.000000000000000000e+00
-1.107828624057012661e+02 -1.107608821374072647e+02 1.242927841100297318e-02 3.192811801842449495e+04 0.000000000000000000e+00
-1.052534772616789240e+02 -1.052502615822215546e+02 7.787113645791287654e-03 6.812726436282309805e+03 0.000000000000000000e+00
-1.054128959250504067e+02 -1.054115332984922020e+02 5.853915313711507626e-03 6.770279225246417809e+03 0.000000000000000000e+00
-1.009502963623370846e+02 -1.009051567641059108e+02 1.637090862652700735e-02 6.727709272284192593e+03 0.000000000000000000e+00
-1.000431990993397449e+02 -1.000320417194319731e+02 1.138639176228749099e-02 6.778435502920113322e+03 0.000000000000000000e+00
-1.026747269884857445e+02 -1.026603785647517952e+02 1.050153774487136600e-02 6.741130446888113511e+03 0.000000000000000000e+00
-9.727577392633422448e+01 -9.727699287057467359e+01 1.077983234487986733e-02 6.711478629649111099e+03 0.000000000000000000e+00
-1.059727254851350153e+02 -1.059309880515342996e+02 1.489003786062137111e-02 6.670432489879863169e+03 0.000000000000000000e+00
-1.026614836142841796e+02 -1.026582275039195480e+02 6.638973424755330137e-03 6.707106426687547355e+03 0.000000000000000000e+00
-1.051689117007644398e+02 -1.051708729425859588e+02 8.733942547404168616e-03 6.667160158855795089e+03 0.000000000000000000e+00
-1.053593956949841726e+02 -1.053575481080159619e+02 3.677026011011272095e-03 6.627453716653810261e+03 0.000000000000000000e+00
-1.026684163404160728e+02 -1.026594787636361588e+02 7.257618286825989577e-03 6.587984370615418811e+03 0.000000000000000000e+00
-9.996423239073813249e+01 -9.994874891668774808e+01 1.351279349558968772e-02 6.553503908515574949e+03 0.000000000000000000e+00
-1.053779925926997407e+02 -1.053723840529146116e+02 5.649849621822858152e-03 6.524835782302444386e+03 0.000000000000000000e+00
-1.052971840964997909e+02 -1.052957762017402246e+02 5.194846550294543799e-03 6.488286029546878126e+03 0.000000000000000000e+00
-1.081171774262208771e+02 -1.081237968752451621e+02 7.250743516805418371e-03 6.450528546219718919e+03 0.000000000000000000e+00
-9.992454290966661290e+01 -9.992444072366244257e+01 7.459290011028645376e-03 6.415928065926881573e+03 0.000000000000000000e+00
-1.080820695157779028e+02 -1.080621448729319525e+02 8.732047635091345558e-03 2.897450871956341871e+04 0.000000000000000000e+00
-1.026291746056464973e+02 -1.026262064290178131e+02 4.700261672629938575e-03 6.344211929229184534e+03 0.000000000000000000e+00
-1.079436853926341939e+02 -1.079432480714578730e+02 8.680017362795189664e-03 6.308633061236319008e+03 0.000000000000000000e+00
-9.701042921329077728e+01 -9.700086988892734041e+01 2.013527762436426866e-02 2.850315747901390932e+04 0.000000000000000000e+00
-1.052794545660922836e+02 -1.052805744169748152e+02 5.501575826225253013e-03 6.237082100973331762e+03 0.000000000000000000e+00
-1.107681684710643282e+02 -1.107748266358539126e+02 6.180360957109596633e-03 6.202021295427305631e+03 0.000000000000000000e+00
-1.080115217052278496e+02 -1.079822307158120651e+02 8.573975080416037717e-03 2.803013466387664448e+04 0.000000000000000000e+00
-1.025737135759235485e+02 -1.025518298272500459e+02 1.102394404746921512e-02 2.792037015057059034e+04 0.000000000000000000e+00
-1.107656294459269475e+02 -1.107756157313171030e+02 5.777395850645227274e-03 6.106568900913592188e+03 0.000000000000000000e+00
-1.081021846880172035e+02 -1.081003720052291470e+02 6.588840650652598094e-03 6.078576640736188892e+03 0.000000000000000000e+00
-1.064147962238549781e+02 -1.063688095572463226e+02 1.705805197085991098e-02 2.749305972155913696e+04 0.000000000000000000e+00
-9.707996966801974281e+01 -9.708985813775561269e+01 1.084997215836069548e-02 6.029421695360286321e+03 0.000000000000000000e+00
-1.025095523418424079e+02 -1.025202138396932554e+02 8.469791755261727242e-03 6.001579389034820451e+03 0.000000000000000000e+00
-1.052823293195171743e+02 -1.052834568984087440e+02 4.219888958991358310e-03 5.975079172910832312e+03 0.000000000000000000e+00
-9.701377513290169929e+01 -9.704089232875099924e+01 1.332830914291397925e-02 5.943149297446028868e+03 0.000000000000000000e+00
-1.080234876485783815e+02 -1.080285160899239543e+02 4.897272140101095912e-03 5.944973279943154921e+03 0.000000000000000000e+00
-1.052636834762295734e+02 -1.052439928590269318e+02 1.140870999060904570e-02 2.683013439485259369e+04 0.000000000000000000e+00
-1.053586637196772102e+02 -1.053580974208564527e+02 4.106911225380174141e-03 5.884470079400733084e+03 0.000000000000000000e+00
-1.042998237826530783e+02 -1.043502589030149892e+02 1.218932448877522653e-02 5.853678186353119600e+03 0.000000000000000000e+00
-1.026253608802317814e+02 -1.026172679667660645e+02 8.319714642827718762e-03 5.928206656227043823e+03 0.000000000000000000e+00
-9.908308584939236141e+01 -9.910719520204938249e+01 1.808645142320682714e-02 5.900536588013123946e+03 0.000000000000000000e+00
-1.052923008075699016e+02 -1.052916031199535354e+02 5.812345172695921811e-03 5.889427881638692270e+03 0.000000000000000000e+00
-1.080495447074339808e+02 -1.080546097913571515e+02 3.626252982436148874e-03 5.859222336381577406e+03 0.000000000000000000e+00
-1.052933445441329781e+02 -1.053006232994021616e+02 6.984131360748897094e-03 5.830536481856549472e+03 0.000000000000000000e+00
-1.026798164604839769e+02 -1.026713536929531756e+02 7.397729621740531912e-03 5.803042552617104775e+03 0.000000000000000000e+00
-1.025680644979617284e+02 -1.025604024326708412e+02 9.304444161655388984e-03 5.777007299143510863e+03 0.000000000000000000e+00
-1.053452412664898219e+02 -1.053469669827755268e+02 4.125506785646109072e-03 5.750446100533392382e+03 0.000000000000000000e+00
-1.080443691334660201e+02 -1.080524453841087507e+02 5.003851603273462567e-03 5.721771133563073818e+03 0.000000000000000000e+00
-1.079311632312690534e+02 -1.079070387710460039e+02 9.573049440043876479e-03 2.533525214330627932e+04 0.000000000000000000e+00
-1.027067321379078351e+02 -1.027014929557676339e+02 5.634713037608636219e-03 5.667999164543874940e+03 0.000000000000000000e+00
-1.025560392284736224e+02 -1.025545805222403146e+02 4.732066849595961341e-03 5.641173907077040894e+03 0.000000000000000000e+00
-1.053445052814815170e+02 -1.053441380233585676e+02 4.362807071562003515e-03 5.613686755615529364e+03 0.000000000000000000e+00
-1.024938363301030790e+02 -1.024883908490480451e+02 1.362774486990267833e-02 2.486854676726462640e+04 0.000000000000000000e+00
-1.053365315684863219e+02 -1.053341814092208182e+02 3.847370356341001541e-03 5.559358286765849698e+03 0.000000000000000000e+00
-9.925439812662824579e+01 -9.923279099525061042e+01 1.230270830831461416e-02 5.532790177914651395e+03 0.000000000000000000e+00
-9.984240139642071199e+01 -9.984102917317814274e+01 9.649750422678283340e-03 5.524077510229813015e+03 0.000000000000000000e+00
-1.052223861030580423e+02 -1.052269510524566698e+02 5.910772874010335361e-03 5.497693792974976532e+03 0.000000000000000000e+00
-1.052368068232833735e+02 -1.052055119004922403e+02 1.243464569946785281e-02 2.430836846109314865e+04 0.000000000000000000e+00
-9.717540130920605179e+01 -9.717780771866756595e+01 1.001211002450135175e-02 5.447582361967863108e+03 0.000000000000000000e+00
-1.081128636478146774e+02 -1.081184919162783871e+02 5.773214889794282129e-03 5.422074762227223800e+03 0.000000000000000000e+00
-1.080466480611813580e+02 -1.080500241764741389e+02 3.928876200519127761e-03 5.398223880961733812e+03 0.000000000000000000e+00
-1.013513865131296257e+02 -1.013598754479301363e+02 1.038030671389222198e-02 5.373461465791522642e+03 0.000000000000000000e+00
-1.027183179077091779e+02 -1.027131251953709352e+02 4.850927162725378848e-03 5.351068891950285433e+03 0.000000000000000000e+00
-1.054094633414980251e+02 -1.054066630889742697e+02 3.806127827092313769e-03 5.327199043772674486e+03 0.000000000000000000e+00
-1.107613610803345097e+02 -1.107707545908095028e+02 4.812171703649092622e-03 5.302933976781912861e+03 0.000000000000000000e+00
-1.079723672370149075e+02 -1.079767735883039137e+02 5.035166712142141038e-03 5.282605595181021272e+03 0.000000000000000000e+00
-1.053389295482533328e+02 -1.053347514356194523e+02 5.053757599296338984e-03 5.259244172060981327e+03 0.000000000000000000e+00
-1.053845795685509614e+02 -1.053798982941840165e+02 4.285427170278425547e-03 5.236117488582072838e+03 0.000000000000000000e+00
-1.053195494733828781e+02 -1.053225814985521680e+02 5.431226657426078790e-03 5.213371313713255404e+03 0.000000000000000000e+00
-1.043629013507615753e+02 -1.043708826480157086e+02 2.056516573448265509e-02 5.190168646078214806e+03 0.000000000000000000e+00
-1.080733089362736905e+02 -1.080743087825790667e+02 3.688034747236781756e-03 5.168750274521833489e+03 0.000000000000000000e+00
-1.079934479809576544e+02 -1.079939794187953623e+02 4.210523548707836849e-03 5.145714128739899024e+03 0.000000000000000000e+00
-1.052469881067948592e+02 -1.052505505437764697e+02 4.939512115183550267e-03 5.122838334681569904e+03 0.000000000000000000e+00
-1.107804213488857670e+02 -1.107640887990758358e+02 8.607908899176957770e-03 2.281515910918319423e+04 0.000000000000000000e+00
-1.053258475806234884e+02 -1.053248768822199111e+02 4.413734426056346340e-03 5.078137322954213232e+03 0.000000000000000000e+00
-1.055865006327772164e+02 -1.055924098564952232e+02 1.531817598698580196e-02 5.055919661711509434e+03 0.000000000000000000e+00
-9.989343887979046599e+01 -9.989752305795198595e+01 5.055844829252728427e-03 5.035743740702576360e+03 0.000000000000000000e+00
-1.079979380334716978e+02 -1.080007001589113713e+02 3.068568227872592140e-03 5.014418874709295778e+03 0.000000000000000000e+00
-1.017620494358231014e+02 -1.017792112650565883e+02 1.460812791734827400e-02 4.992974913827476485e+03 0.000000000000000000e+00
-1.052826538479272074e+02 -1.052845987547222677e+02 3.686104367237827330e-03 4.979770212368638568e+03 0.000000000000000000e+00
-1.052810935758947721e+02 -1.052793423961971797e+02 3.210679855345173299e-03 4.958513387376280662e+03 0.000000000000000000e+00
-1.025736594182263417e+02 -1.025575785805628470e+02 1.170414956135233664e-02 2.227027041878226373e+04 0.000000000000000000e+00
-1.080529585330860982e+02 -1.080556394311159778e+02 3.226834927644688100e-03 4.917151401808915580e+03 0.000000000000000000e+00
-1.080806684352538554e+02 -1.080639595544182470e+02 5.833446855263736512e-03 2.209720330642538829e+04 0.000000000000000000e+00
-1.052809096656877301e+02 -1.052552173660641586e+02 1.069482834813948249e-02 2.201532081014020150e+04 0.000000000000000000e+00
-1.080188396306336500e+02 -1.080225547126864569e+02 4.054287973857938036e-03 4.856094335098660849e+03 0.000000000000000000e+00
-1.080073300406225343e+02 -1.079849597857093215e+02 6.375433295799775094e-03 2.185726266632312763e+04 0.000000000000000000e+00
-1.052956933661399290e+02 -1.052956807812508799e+02 5.366594951511921043e-03 4.816435687986575431e+03 0.000000000000000000e+00
-9.661737329219302239e+01 -9.660140234292067873e+01 9.917412600427161565e-03 4.796445340644672797e+03 0.000000000000000000e+00
-1.079915150144370273e+02 -1.079974313812502658e+02 3.256641914517138890e-03 4.786070900096149671e+03 0.000000000000000000e+00
-1.026341699679182398e+02 -1.026317591130686679e+02 4.206767842585807694e-03 4.767629208354999719e+03 0.000000000000000000e+00
-1.052812723359977554e+02 -1.052818001543266888e+02 2.748036680656173493e-03 4.748401529101731285e+03 0.000000000000000000e+00
-1.080716763598863395e+02 -1.080750201421175376e+02 3.053564278915902892e-03 4.729010020194986282e+03 0.000000000000000000e+00
-1.079663198116209486e+02 -1.079684742106949926e+02 6.054009362442690396e-03 4.710236508104946552e+03 0.000000000000000000e+00
-1.107668479503527976e+02 -1.107624305113956069e+02 9.244542473396805821e-03 2.119304203632556892e+04 0.000000000000000000e+00
-1.057840440415043588e+02 -1.057924148591790043e+02 1.214856283421838698e-02 4.673996380419053821e+03 0.000000000000000000e+00
-9.721879611120698428e+01 -9.722893308655153533e+01 9.189482823652879093e-03 4.658281670584754465e+03 0.000000000000000000e+00
-1.052530022374663616e+02 -1.052357959610752545e+02 1.004592022966284762e-02 2.096496154119169660e+04 0.000000000000000000e+00
-1.053828967482530317e+02 -1.053777666618734798e+02 3.986444977810304525e-03 4.625374967586399180e+03 0.000000000000000000e+00
-1.026337845021735262e+02 -1.026337896059244201e+02 2.901065923196755134e-03 4.607948547038186916e+03 0.000000000000000000e+00
-1.079819161061566746e+02 -1.079819264352121166e+02 4.777219365549678284e-03 4.589733482244935658e+03 0.000000000000000000e+00
-1.044967104052996518e+02 -1.045176033849527784e+02 1.726535799188781348e-02 4.571655909701061319e+03 0.000000000000000000e+00
-9.719039787154434862e+01 -9.718452990206334619e+01 1.088430215679396691e-02 2.068801583133503664e+04 0.000000000000000000e+00
-1.053064070785506203e+02 -1.053055219800552464e+02 4.976849518833057449e-03 4.560699933631462045e+03 0.000000000000000000e+00
-9.988389272843853917e+01 -9.988969603038242440e+01 4.054261670575758959e-03 4.542998501089509773e+03 0.000000000000000000e+00
-1.080516429845795017e+02 -1.080521889985319319e+02 3.275064914946293482e-03 4.526429460522906083e+03 0.000000000000000000e+00
-1.010439344925933227e+02 -1.010374230462351903e+02 1.145181426645993164e-02 2.038379351114146266e+04 0.000000000000000000e+00
-1.037615961964220332e+02 -1.037537151957215258e+02 8.138125971761965560e-03 4.492364007738496184e+03 0.000000000000000000e+00
-1.107712227509471745e+02 -1.107751210212668980e+02 4.254386904220401437e-03 4.477572147211249103e+03 0.000000000000000000e+00
-1.079705004405610680e+02 -1.079765068773382239e+02 3.789670055499089023e-03 4.461110150425024585e+03 0.000000000000000000e+00
-1.079921910102355298e+02 -1.079950248705637534e+02 3.114723538956940506e-03 4.445366657477835361e+03 0.000000000000000000e+00
-1.107212512963012472e+02 -1.107264034929868188e+02 4.644671704438126277e-03 4.428768533000976277e+03 0.000000000000000000e+00
-1.107634200117368692e+02 -1.107707358430426581e+02 3.821482832590136335e-03 4.413058208348454173e+03 0.000000000000000000e+00
-9.738801509967915138e+01 -9.736935163309904340e+01 1.525302142564611239e-02 4.398435835774991574e+03 0.000000000000000000e+00
-1.107813611535104172e+02 -1.107642846215076702e+02 7.439653684552311602e-03 1.980847346214684512e+04 0.000000000000000000e+00
-1.080560016098541212e+02 -1.080553008302777158e+02 2.805520401650649521e-03 4.372799030888566449e+03 0.000000000000000000e+00
-1.080535946157587404e+02 -1.080559669913245386e+02 3.866258580365936753e-03 4.356557055703957303e+03 0.000000000000000000e+00
-1.053360923890303553e+02 -1.053243018836395777e+02 8.459707395541252867e-03 1.960529763458943489e+04 0.000000000000000000e+00
-1.080210408881366106e+02 -1.080220214046068890e+02 4.301267551594442108e-03 4.326724969084745680e+03 0.000000000000000000e+00
-1.107451305315901067e+02 -1.107513822884075125e+02 4.201871221635435950e-03 4.310844106019831088e+03 0.000000000000000000e+00
-1.107482599388701345e+02 -1.107415137478832889e+02 7.482891334804111713e-03 1.939998169799306561e+04 0.000000000000000000e+00
-1.080739344123744132e+02 -1.080744750647465651e+02 2.921490901744159922e-03 4.280823403686899837e+03 0.000000000000000000e+00
-1.080026103784440465e+02 -1.080062474451436856e+02 3.595909348862987107e-03 4.265263768131399956e+03 0.000000000000000000e+00
-1.067446541945384411e+02 -1.067797343388696163e+02 1.141007514443540850e-02 1.919122151230999589e+04 0.000000000000000000e+00
-1.053560591008889560e+02 -1.053515795450160226e+02 6.236690688068676283e-03 1.916269823179090235e+04 0.000000000000000000e+00
-1.025550408658089907e+02 -1.025518089283214778e+02 5.828598699044014453e-03 4.220556598386134283e+03 0.000000000000000000e+00
-1.052672815047810957e+02 -1.052703534986285234e+02 2.918997355478530290e-03 4.205798807316607963e+03 0.000000000000000000e+00
-1.081008773704003403e+02 -1.080989998856792624e+02 5.631704321152977005e-03 4.191062842063765856e+03 0.000000000000000000e+00
-1.053324113998594243e+02 -1.053325885418141752e+02 2.878329074302744730e-03 4.176204769868876610e+03 0.000000000000000000e+00
-1.025253886021503860e+02 -1.025288947749552193e+02 3.959128846312338912e-03 4.161388820373845192e+03 0.000000000000000000e+00
-1.027169164580198668e+02 -1.027125353868194111e+02 6.670177769975710151e-03 4.147101043146081793e+03 0.000000000000000000e+00
-1.025819423254911555e+02 -1.025841112722506807e+02 2.872516627217917666e-03 4.132899585237731117e+03 0.000000000000000000e+00
-1.053094621846403811e+02 -1.052990778564184922e+02 6.443408850054364000e-03 1.864041055868214971e+04 0.000000000000000000e+00
-1.019121597369163226e+02 -1.018825400059896680e+02 1.534322993161028881e-02 1.857896071127168398e+04 0.000000000000000000e+00
-1.026581802866139128e+02 -1.026565082066380796e+02 3.007056715044520261e-03 4.096403799063776205e+03 0.000000000000000000e+00
-9.994548194547309095e+01 -9.993724139918991511e+01 7.522287170797754309e-03 4.082292280277444206e+03 0.000000000000000000e+00
-9.937495516644004567e+01 -9.935410030262603698e+01 1.233309805447705548e-02 1.842272729612533658e+04 0.000000000000000000e+00
-1.053510497729149051e+02 -1.053384490031647687e+02 6.509979563149492256e-03 1.837311964814713065e+04 0.000000000000000000e+00
-1.031855291062963431e+02 -1.031798941247586328e+02 8.312655679618499022e-03 4.052435537468699749e+03 0.000000000000000000e+00
-1.046067602230006059e+02 -1.046057435524157313e+02 7.425293945454294192e-03 4.039207146351965548e+03 0.000000000000000000e+00
-9.709065508177047832e+01 -9.710696281404895558e+01 7.334361098878105535e-03 4.025487925093968897e+03 0.000000000000000000e+00
-1.058153717241978882e+02 -1.057953081473929444e+02 1.449792802697069324e-02 1.817044491305622796e+04 0.000000000000000000e+00
-1.010091669518416779e+02 -1.010179963742036051e+02 1.269278612859511650e-02 1.812040431563609309e+04 0.000000000000000000e+00
-1.019042451901428876e+02 -1.019415441047847679e+02 1.339406269629959262e-02 4.022458160475802742e+03 0.000000000000000000e+00
-1.107676306085365496e+02 -1.107743289603261161e+02 3.778169715260228708e-03 4.041250882964857283e+03 0.000000000000000000e+00
-1.107698849226082132e+02 -1.107759578229796205e+02 3.488345842035387931e-03 4.029185031738125872e+03 0.000000000000000000e+00
-1.052071193882938474e+02 -1.051813218477669380e+02 9.438427473147964486e-03 1.803870375793794665e+04 0.000000000000000000e+00
-1.107477659511104378e+02 -1.107489257568835228e+02 4.298645881204383144e-03 4.004147432781526277e+03 0.000000000000000000e+00
-9.718059509800362150e+01 -9.719224673950354543e+01 4.834583157851526924e-03 3.990887884595386367e+03 0.000000000000000000e+00
-1.029883349741778744e+02 -1.030036813700969276e+02 1.177750205979529764e-02 3.981569682470078533e+03 0.000000000000000000e+00
-1.106541915464662225e+02 -1.106670012124288291e+02 4.953427945509846463e-03 3.974422093405243686e+03 0.000000000000000000e+00
-1.079399189405876314e+02 -1.079408812590523752e+02 4.560366649540088108e-03 3.966447501827693031e+03 0.000000000000000000e+00
-1.053098626713134394e+02 -1.053108893031079276e+02 3.395352037939571108e-03 3.953471036932289280e+03 0.000000000000000000e+00
-1.081069676371705981e+02 -1.081070041947584315e+02 3.565081850214190610e-03 3.940574267468483868e+03 0.000000000000000000e+00
-9.592140244046176178e+01 -9.597532319498093045e+01 9.356551824549187019e-03 3.927733883885062369e+03 0.000000000000000000e+00
-9.917193490472597261e+01 -9.916810665705010308e+01 7.713597916091858610e-03 3.991998345187417726e+03 0.000000000000000000e+00
-1.052662952415612097e+02 -1.052631651612814920e+02 3.470010588380906431e-03 3.979606627908975497e+03 0.000000000000000000e+00
-1.053324893788666259e+02 -1.053346577490785307e+02 3.328783184842058849e-03 3.967104536499814458e+03 0.000000000000000000e+00
-1.052252813984127329e+02 -1.052151003894925765e+02 8.237739020648971247e-03 1.761531276629387867e+04 0.000000000000000000e+00
-9.990247271363099912e+01 -9.990489299676494284e+01 3.945530453793269499e-03 3.942342801254341339e+03 0.000000000000000000e+00
-1.080803054468940587e+02 -1.080778123112651912e+02 7.985287930542539492e-03 1.750592215142842906e+04 0.000000000000000000e+00
-1.079856377421519937e+02 -1.079889777529226649e+02 4.188663366001671266e-03 3.918998810003834933e+03 0.000000000000000000e+00
-1.053294021328760266e+02 -1.053282775713269928e+02 2.237340951350128438e-03 3.906880506075037829e+03 0.000000000000000000e+00
-1.080612972512169137e+02 -1.080670121228141909e+02 3.857063974212530076e-03 3.894575984265469742e+03 0.000000000000000000e+00
-1.052819155736548282e+02 -1.052820275088738526e+02 2.194152129612115306e-03 3.883268158340955779e+03 0.000000000000000000e+00
-1.052290580486379099e+02 -1.052152840252245625e+02 5.413641365937897458e-03 1.723648472072041841e+04 0.000000000000000000e+00
-1.080559593150785958e+02 -1.080427614121576170e+02 5.929961628297939803e-03 1.718819510148810878e+04 0.000000000000000000e+00
-9.991375606460421466e+01 -9.991361946568261487e+01 7.638746437928824358e-03 1.713978703613095058e+04 0.000000000000000000e+00
-1.053001540605487776e+02 -1.053035447288010573e+02 3.746309766377400527e-03 3.835237649826625329e+03 0.000000000000000000e+00
-9.978416084111196938e+01 -9.979487655189845441e+01 5.638166822006821129e-03 3.823593230491816485e+03 0.000000000000000000e+00
-1.079914584806106177e+02 -1.079949826972070070e+02 2.572263844740455951e-03 3.815249765557060982e+03 0.000000000000000000e+00
-1.080680312932488363e+02 -1.080695565109066507e+02 7.497435612702799297e-03 1.693602162412067628e+04 0.000000000000000000e+00
-1.018752361532953188e+02 -1.018673133141547709e+02 6.904450544549275808e-03 3.792209082491771824e+03 0.000000000000000000e+00
-1.015032396995545412e+02 -1.015251765987319033e+02 8.031507607156981171e-03 3.782578196991511959e+03 0.000000000000000000e+00
-1.054069037793249919e+02 -1.054067617694998518e+02 3.567259987292050773e-03 3.784394340319108778e+03 0.000000000000000000e+00
-9.708228278753405505e+01 -9.709465563404100408e+01 5.907961583258419629e-03 3.772850510398571714e+03 0.000000000000000000e+00
-9.710165485014668718e+01 -9.711284953024055255e+01 7.480621413692262536e-03 3.765721156635398074e+03 0.000000000000000000e+00
-9.991190952430443417e+01 -9.991938024460475276e+01 4.985436172902966458e-03 3.758099861019274158e+03 0.000000000000000000e+00
-1.080777952428563395e+02 -1.080791837792892238e+02 2.805696438596651503e-03 3.748384208470788508e+03 0.000000000000000000e+00
-1.052711741210791416e+02 -1.052741588379955715e+02 3.288033482928509350e-03 3.737165264082603244e+03 0.000000000000000000e+00
-1.081235670209183155e+02 -1.081199141080507644e+02 6.328289861788057545e-03 1.650555255924803714e+04 0.000000000000000000e+00
-1.107123777478892492e+02 -1.107233400972479984e+02 3.653016965411446781e-03 3.715492422635552884e+03 0.000000000000000000e+00
-1.079671888319158484e+02 -1.079686671572305130e+02 4.578574796621638632e-03 3.707806895037756931e+03 0.000000000000000000e+00
-1.080503336935031058e+02 -1.080420047193413779e+02 4.754616252578036315e-03 1.636420108208548118e+04 0.000000000000000000e+00
-1.054070857456678851e+02 -1.054074281970252969e+02 3.110464351412539543e-03 3.685867510146620134e+03 0.000000000000000000e+00
-1.068183316532374079e+02 -1.068095985486507118e+02 7.865646155795082139e-03 3.674967963807143406e+03 0.000000000000000000e+00
-1.080448232651347382e+02 -1.080498324019937115e+02 2.592956308249477152e-03 3.666210041910393556e+03 0.000000000000000000e+00
-1.053348558624531393e+02 -1.053366662666477396e+02 2.906024930943112202e-03 3.656088969249638467e+03 0.000000000000000000e+00
-9.360354779810981540e+01 -9.361250423970297163e+01 1.730600735771626111e-02 1.616352483653053241e+04 0.000000000000000000e+00
-1.053413205332407472e+02 -1.053387217894471348e+02 3.730634591425888765e-03 3.676074775594215680e+03 0.000000000000000000e+00
-1.053310712704435446e+02 -1.053328048777188712e+02 2.847992942529987363e-03 3.665519139992268720e+03 0.000000000000000000e+00
-1.080004587349470739e+02 -1.080004704284232702e+02 2.763900761703457377e-03 3.654928739300062716e+03 0.000000000000000000e+00
-1.107120680635961065e+02 -1.107176611956931964e+02 3.326133948269540796e-03 3.644329575157872569e+03 0.000000000000000000e+00
-1.080570336647102181e+02 -1.080580209833446759e+02 3.084063067486329194e-03 3.634647350844749326e+03 0.000000000000000000e+00
-1.080554219860143519e+02 -1.080458620791692681e+02 3.764608416612954655e-03 1.589757290669899703e+04 0.000000000000000000e+00
-1.025531581163537851e+02 -1.025554161857330087e+02 3.078805814091566725e-03 3.614080683364037668e+03 0.000000000000000000e+00
-9.862429594984013193e+01 -9.863958013798088587e+01 8.892679286639677827e-03 3.603830504414602729e+03 0.000000000000000000e+00
-1.053454453990131157e+02 -1.053400367501446482e+02 3.450948638583499137e-03 3.598459348048408174e+03 0.000000000000000000e+00
-1.053518078384649499e+02 -1.053524871523049313e+02 2.072311023998619356e-03 3.588994797102552639e+03 0.000000000000000000e+00
-1.052828844559293771e+02 -1.052835374564163544e+02 2.773311930630092178e-03 3.578803861906445036e+03 0.000000000000000000e+00
-1.080116850808089310e+02 -1.080182987310412841e+02 2.812052594588460713e-03 3.568667400845615248e+03 0.000000000000000000e+00
-1.079825616923748015e+02 -1.079824524434727238e+02 3.493291791412010943e-03 3.559722032568717623e+03 0.000000000000000000e+00
-1.014313951440024653e+02 -1.014523702572034409e+02 6.267245429019263972e-03 3.549690016376047424e+03 0.000000000000000000e+00
-1.053892864637993512e+02 -1.053838105998687951e+02 3.226670182057778634e-03 3.550537987833591615e+03 0.000000000000000000e+00
-1.079934223268256090e+02 -1.079948513779437604e+02 2.741741066179490937e-03 3.541307301816760173e+03 0.000000000000000000e+00
-9.869165890396701002e+01 -9.869249001191151649e+01 1.540838260138787698e-02 1.549112093161469238e+04 0.000000000000000000e+00
-1.080699127409313292e+02 -1.080737925856768982e+02 2.567579878997720486e-03 3.526626525404969470e+03 0.000000000000000000e+00
-1.079603402144810218e+02 -1.079659906647292331e+02 3.614244781397026908e-03 3.517234312890825549e+03 0.000000000000000000e+00
-1.025588837281463128e+02 -1.025594333763923487e+02 3.254277858159829954e-03 3.508356145301570450e+03 0.000000000000000000e+00
-1.053831370642363083e+02 -1.053833222561510041e+02 3.325768848924071878e-03 3.498666643227498753e+03 0.000000000000000000e+00
-9.605297017974429252e+01 -9.607809102422564251e+01 6.508669428686959108e-03 3.489027876935945642e+03 0.000000000000000000e+00
-1.053296590233803585e+02 -1.053317155748105165e+02 2.754474958354353586e-03 3.493073017891445033e+03 0.000000000000000000e+00
-1.053899062335724466e+02 -1.053925415098006368e+02 4.098169861994028704e-03 3.483585812280707160e+03 0.000000000000000000e+00
-1.026232207118760869e+02 -1.026253014386232536e+02 2.589946128818244354e-03 3.474283122389719665e+03 0.000000000000000000e+00
-1.053315597109957054e+02 -1.053346891626170532e+02 2.260680053487537904e-03 3.464902768539028330e+03 0.000000000000000000e+00
-1.031655325029582002e+02 -1.031457253743145088e+02 1.324730171139913877e-02 1.509452107702770627e+04 0.000000000000000000e+00
-1.014370872478122010e+02 -1.014531354858151957e+02 5.300743434258826936e-03 3.446346251478438717e+03 0.000000000000000000e+00
-1.079971179029924002e+02 -1.079999249808655719e+02 2.102230700058625723e-03 3.442609238306911266e+03 0.000000000000000000e+00
-9.974378969098636105e+01 -9.974444221151453860e+01 5.701522823402891543e-03 3.433504008907372736e+03 0.000000000000000000e+00
-1.080204460835089861e+02 -1.080230674580202361e+02 2.560062272317759156e-03 3.424323442860173600e+03 0.000000000000000000e+00
-1.014518817982986576e+02 -1.014606579277259613e+02 7.644651002136129518e-03 3.415312757875645275e+03 0.000000000000000000e+00
-1.027806419762548700e+02 -1.027312414597572996e+02 1.252049855283676218e-02 3.407576504540191308e+03 0.000000000000000000e+00
-1.025565031655538348e+02 -1.025569994639806453e+02 2.598885009834678208e-03 3.441249814347724168e+03 0.000000000000000000e+00
-1.080577024765515972e+02 -1.080572535466019275e+02 2.505754867745722727e-03 3.432096875760430066e+03 0.000000000000000000e+00
-1.079732274309436661e+02 -1.079788334839546167e+02 3.095387214672330484e-03 3.422991948941052215e+03 0.000000000000000000e+00
-9.990320865214178525e+01 -9.990709131719121672e+01 3.995510914646976074e-03 3.414706160988826014e+03 0.000000000000000000e+00
-1.052834203792955492e+02 -1.052323712035022396e+02 1.484590342073465949e-02 1.481918668853912641e+04 0.000000000000000000e+00
-1.052766176459899725e+02 -1.052765554837920092e+02 2.811633767768369294e-03 3.426273612099209458e+03 0.000000000000000000e+00
-9.991619528530871719e+01 -9.991277283868363668e+01 5.321590742217996439e-03 3.417280115358801140e+03 0.000000000000000000e+00
-1.015129202301892235e+02 -1.015247002627401969e+02 8.294005164328091192e-03 3.408669265977443501e+03 0.000000000000000000e+00
-1.053544523949441896e+02 -1.053562378733817155e+02 2.362991028559974747e-03 3.403311887522940651e+03 0.000000000000000000e+00
-1.025466404994395475e+02 -1.025412538980029069e+02 6.481080519882355222e-03 1.468867479380111581e+04 0.000000000000000000e+00
-1.026431532163320952e+02 -1.026422510212004653e+02 2.345620869282373597e-03 3.386101071826250063e+03 0.000000000000000000e+00
-1.079696080078074090e+02 -1.079703169256812600e+02 3.346755009243275718e-03 3.377351407405815280e+03 0.000000000000000000e+00
-1.026256400541797404e+02 -1.026250404618240566e+02 3.049689565120601749e-03 3.368635040751491033e+03 0.000000000000000000e+00
-1.052103108148772748e+02 -1.052111828260482724e+02 4.978515516199500009e-03 3.359965379997216587e+03 0.000000000000000000e+00
-1.079145459837684058e+02 -1.079193964948524780e+02 3.413057693772954173e-03 3.351379360790046121e+03 0.000000000000000000e+00
-1.053331254412651958e+02 -1.053331086786644875e+02 2.035846280518589270e-03 3.343420940680360218e+03 0.000000000000000000e+00
-1.051961687227649236e+02 -1.051977712531824665e+02 3.199898244283821969e-03 3.334868572066327943e+03 0.000000000000000000e+00
-1.107716639199663433e+02 -1.107757461877681493e+02 2.957182407045412173e-03 3.326454275893790509e+03 0.000000000000000000e+00
-1.025828392117287962e+02 -1.025856109317020355e+02 2.760352764177027417e-03 3.318442730868699527e+03 0.000000000000000000e+00
-1.107456836508229685e+02 -1.107519878879006257e+02 3.044468415179989174e-03 3.310185841397986223e+03 0.000000000000000000e+00
-9.857060951897706502e+01 -9.855219322579483787e+01 8.148430121153871566e-03 3.302786008127090099e+03 0.000000000000000000e+00
-1.080474573087679602e+02 -1.080533573460891859e+02 2.773534364164918081e-03 3.302218677563517758e+03 0.000000000000000000e+00
-1.052109246823933120e+02 -1.052120750370851425e+02 3.473187351703026487e-03 3.294703074780651605e+03 0.000000000000000000e+00
-1.106571295870839720e+02 -1.106644082952543187e+02 3.852116148033631407e-03 3.286465850084838166e+03 0.000000000000000000e+00
-1.010625341056315563e+02 -1.010386932091254835e+02 1.136631198824845056e-02 1.415935253209510483e+04 0.000000000000000000e+00
-1.053327144122845453e+02 -1.053314255169412519e+02 3.434137821992535537e-03 3.271361549116280003e+03 0.000000000000000000e+00
-1.053120212234852602e+02 -1.053115389369844053e+02 2.710268118124890997e-03 3.263233660473038981e+03 0.000000000000000000e+00
-1.080336650621637489e+02 -1.080190754472012316e+02 5.705196700136284937e-03 1.406673786776145971e+04 0.000000000000000000e+00
-1.053563035504215861e+02 -1.053563146163637896e+02 2.219115365371804663e-03 3.247468166944651784e+03 0.000000000000000000e+00
-1.079920590940066631e+02 -1.079942594762751327e+02 2.826230521021470647e-03 3.239428376690005734e+03 0.000000000000000000e+00
-1.080551365036435101e+02 -1.080469179910831770e+02 3.282616106913180051e-03 1.397344731541635156e+04 0.000000000000000000e+00
-1.052566346238742057e+02 -1.052506205451233825e+02 4.592127758115859687e-03 1.394065948029758511e+04 0.000000000000000000e+00
-1.015881845338710150e+02 -1.016023361311597739e+02 7.973802107426051014e-03 3.216483862367076654e+03 0.000000000000000000e+00
-1.035126119082766394e+02 -1.034502410144355480e+02 7.902955818792639295e-03 3.212106109616693630e+03 0.000000000000000000e+00
-1.079965841908903315e+02 -1.079966515497796848e+02 2.511987837684756010e-03 3.280928685640137246e+03 0.000000000000000000e+00
-1.080015051440811931e+02 -1.079821660682758022e+02 5.285225045139015088e-03 1.387230726802268691e+04 0.000000000000000000e+00
-1.037449363048801558e+02 -1.037414105519085581e+02 6.997519457755780985e-03 3.264960340282420475e+03 0.000000000000000000e+00
-1.052806193400415964e+02 -1.052795756442601203e+02 2.797188190642833049e-03 3.257360040516510253e+03 0.000000000000000000e+00
-9.826262984680873558e+01 -9.826895912777906972e+01 5.845379933919641648e-03 3.249504470368147850e+03 0.000000000000000000e+00
-1.053647744922821659e+02 -1.053628204103636108e+02 2.289230755391011198e-03 3.242421023084993521e+03 0.000000000000000000e+00
-9.991017757798326215e+01 -9.991240550408664944e+01 4.201780892688584956e-03 3.234674878005805112e+03 0.000000000000000000e+00
-1.053245001564264243e+02 -1.053275285775881542e+02 2.806256265621116276e-03 3.226972768656049993e+03 0.000000000000000000e+00
-9.984148651884787284e+01 -9.984595076248216117e+01 3.175592769285484358e-03 3.219413182789310213e+03 0.000000000000000000e+00
-1.025823354880213856e+02 -1.025873343052847702e+02 3.362427857844429904e-03 3.212142054460361123e+03 0.000000000000000000e+00
-1.025441842404032258e+02 -1.025340439838296049e+02 6.135592808326949255e-03 1.362440822327835849e+04 0.000000000000000000e+00
-9.938324492543125643e+01 -9.936826896163493927e+01 5.860839581469584787e-03 3.198602981596191512e+03 0.000000000000000000e+00
-1.053065117440742853e+02 -1.053047115084756058e+02 4.191083783132937800e-03 1.356806826043766159e+04 0.000000000000000000e+00
-1.052678100571043416e+02 -1.052710361515311916e+02 2.124981820513157597e-03 3.188846169157573968e+03 0.000000000000000000e+00
-1.025997687553378910e+02 -1.026021875778713195e+02 3.324409171132435871e-03 3.181521982078167639e+03 0.000000000000000000e+00
-1.053304399427770335e+02 -1.053286366962179841e+02 2.871349921172031919e-03 3.174185337032403368e+03 0.000000000000000000e+00
-1.080209784434906339e+02 -1.080220187704351531e+02 3.251549513184905007e-03 3.166789357054612083e+03 0.000000000000000000e+00
-1.080568351735255987e+02 -1.080560727660617601e+02 1.860894531500543753e-03 3.159380432505501176e+03 0.000000000000000000e+00
-1.081002768328841057e+02 -1.080997525801992225e+02 3.951349159199288134e-03 3.151993058676922828e+03 0.000000000000000000e+00
-9.452714360323021481e+01 -9.453505436062067702e+01 8.421512850637965369e-03 3.144621901174984032e+03 0.000000000000000000e+00
-9.733248898143341421e+01 -9.733410940354121976e+01 1.052272761698555548e-02 3.138624851539140764e+03 0.000000000000000000e+00
-1.018779361795044878e+02 -1.018606711943240128e+02 5.573174591270925633e-03 3.131369463889997860e+03 0.000000000000000000e+00
-1.014269593886853045e+02 -1.014683226499889201e+02 9.831697519852721986e-03 1.333772535897694979e+04 0.000000000000000000e+00
-1.080501072600865768e+02 -1.080539500658631624e+02 1.939795015328694711e-03 3.127457473844583092e+03 0.000000000000000000e+00
-1.107669523423724485e+02 -1.107748697477710920e+02 2.813074937365371564e-03 3.120553079924060057e+03 0.000000000000000000e+00
-1.052633325084781006e+02 -1.052482337127378997e+02 5.115824975168727605e-03 1.328183336312784741e+04 0.000000000000000000e+00
-1.042707296869134410e+02 -1.042635287742642021e+02 6.215253451043624769e-03 3.108864575958813020e+03 0.000000000000000000e+00
-1.080456327824189344e+02 -1.080468954054927053e+02 2.874596751567448562e-03 3.102834726648514334e+03 0.000000000000000000e+00
