1.000000000000000000e+01	1.727182086383854953e-02	2.274308733412350458e-01	6.728962749107687824e-02	3.301326689980264156e-02	7.923322801537481530e-02	4.535646576870683983e-02	9.965528112959536056e-02	7.536068124109306099e-02	1.433060683921769940e-01	3.043122551960222508e-02	3.475624760049603884e-02	5.690957213123504221e-02	1.016408975488147098e-01	6.956581131967198850e-02	8.410797407761218258e-02
1.100000000000000000e+01	1.383470660918345065e-02	9.092633863718872778e-02	3.398224289746129556e-02	4.192686266053469168e-02	2.759881005431620571e-02	1.463609776664739383e-02	6.282139598722343010e-02	1.750337696448631478e-02	3.577508191203011140e-02	6.802903347473628071e-02	2.885218701992706483e-02	5.008044580621134889e-02	2.568244806298386126e-02	2.621926463653039344e-02	4.483412144648704634e-02
1.300000000000000000e+01	4.872653327724896059e-03	4.157150640051687773e-02	3.513019825766443283e-02	1.445936518391308968e-02	2.071377279737477220e-02	1.082124778437638241e-02	2.317725853816347478e-02	1.453186327526089644e-02	2.823930510325018198e-02	1.610451873373604237e-02	1.029403816132295618e-01	1.669200780996994357e-02	1.349518123968699614e-02	1.940394698031867524e-02	1.939965578577141150e-02
1.600000000000000000e+01	2.326407463717555628e-03	3.270968552460851858e-02	3.281068741371481745e-02	9.887055723183990619e-03	3.273130031508288129e-02	6.683896033170634576e-03	8.716318880459305099e-03	1.756126877125182076e-02	1.717781176589574729e-02	1.492356847437817206e-02	2.504547073050937198e-02	3.741503564442597712e-02	5.397325496656926735e-02	1.860470384786068812e-02	1.510031229927144038e-02
1.800000000000000000e+01	3.159373786807628207e-03	2.998916284676840863e-02	2.781046010935836477e-02	1.303586960914472626e-02	5.381633975217505611e-02	5.646661656956303461e-03	1.209661929173190022e-02	2.250697613333947980e-02	1.320864111980051513e-02	2.469787465521489089e-02	2.878808052345956103e-02	2.140120562466598861e-02	2.805818105167614054e-02	1.659078237970304862e-02	9.763447949323484157e-03
2.200000000000000000e+01	1.913760899077762354e-03	2.502689639589703030e-02	2.026511757799968547e-02	1.823060175767512656e-02	2.634950721109351537e-02	1.825282953998621713e-02	6.426446022426285376e-03	1.445039288840192261e-02	2.105166080801502970e-02	1.058256248082797314e-02	1.800132319252817706e-02	3.136592421464431263e-02	4.237107250601681446e-02	1.887631506802315076e-02	8.062939284525803829e-03
2.500000000000000000e+01	1.053968062107091567e-03	1.756242613734044708e-02	3.160030809905502863e-02	9.046639724236726562e-03	1.397535433969186898e-02	1.664040846145941818e-02	7.187286507704968540e-03	1.297573318806359392e-02	1.865019989176115375e-02	8.291689349571555387e-03	1.712090880675714785e-02	2.127335105856168959e-02	3.373631285862935952e-02	1.204557193663768899e-02	1.113893381465424180e-02
3.000000000000000000e+01	8.955248578624173603e-04	1.468126192810111086e-02	2.202111540731817307e-02	1.622721833344861406e-02	3.980092946252340030e-02	1.078156601439958680e-02	9.586958813281419231e-03	8.728758202917090772e-03	1.643662078280260647e-02	1.979496718996172702e-02	1.856731343463107961e-02	1.870712632550174462e-02	3.173378480048560241e-02	2.367785453354090755e-02	3.693113272985038692e-02
3.500000000000000000e+01	1.211722182710913386e-03	1.529055860780626809e-02	2.478320193380141243e-02	1.136217812022762529e-02	4.920411576842282503e-02	1.650294794951328095e-02	1.249183506833631031e-02	1.040898686303615671e-02	9.217961408037328094e-03	9.805786794930359748e-03	1.977125582404680101e-02	1.819302051427595934e-02	2.343410890507685931e-02	2.397810913153533563e-02	1.968977545280710395e-02
4.100000000000000000e+01	7.200855444393266039e-04	1.341646633301227763e-02	2.642880560739829451e-02	1.253907342823720565e-02	3.333875433980600100e-02	1.395620589004581240e-02	1.348872642034431441e-02	1.139268779169389824e-02	1.305323466152255064e-02	1.311623492282629720e-02	3.235910320028637099e-02	1.588995490982271150e-02	1.691465607096110171e-02	2.002879195689810307e-02	1.916427238397740498e-02
4.800000000000000000e+01	4.816765677270109657e-04	9.588414556645222936e-03	2.210727336987525216e-02	8.940108954118208481e-03	2.932827796633720105e-02	1.160983261280105344e-02	1.148622904970522662e-02	1.481151324140019682e-02	1.487608814233611944e-02	1.991562448153389245e-02	2.754052423333558375e-02	1.190066378792387601e-02	1.642770206485303155e-02	1.936766480171093346e-02	2.057199275094646201e-02
5.700000000000000000e+01	4.092883279499409687e-04	1.189520903073445872e-02	2.606124087460630692e-02	1.580710340854645304e-02	3.103553893993017329e-02	1.456790458893773843e-02	9.767559793025496276e-03	1.610710171435908444e-02	1.284725381310320574e-02	2.270853397718622380e-02	2.644673881734124765e-02	9.034462609757674956e-03	1.742210520309941599e-02	1.607192245612807519e-02	1.510196983800061316e-02
6.700000000000000000e+01	3.874211791646197073e-04	1.189249535051053845e-02	1.736310494776429833e-02	9.048595296717852968e-03	1.956263316416873010e-02	8.869070217026969044e-03	7.042471917496431928e-03	1.280679564994446212e-02	1.528749326628834303e-02	1.398683781412459089e-02	2.156895429750320045e-02	6.914682312151513958e-03	1.291286527377499653e-02	1.561497841499299294e-02	1.953785610679045423e-02
7.800000000000000000e+01	3.867531377389017613e-04	1.227644902198874767e-02	1.600150592854415743e-02	9.603964319443150308e-03	1.803949996926856522e-02	9.136723111039064468e-03	7.595018731221513282e-03	9.614987896288897454e-03	1.332431915090932263e-02	1.452573591230088036e-02	1.922247925127676393e-02	6.814464606238489208e-03	1.523508361070445571e-02	1.544034822366884864e-02	1.672824498880397595e-02
9.200000000000000000e+01	2.860303218246815931e-04	9.444483976840211195e-03	1.299899684521230343e-02	8.715647087188013731e-03	1.340890485489202623e-02	7.651115363593963097e-03	5.840540028290451546e-03	8.125646177528811354e-03	1.070127649387778331e-02	1.013732848073278445e-02	1.557460286499247337e-02	5.622007181281615633e-03	1.177755796400407722e-02	1.279059960905321904e-02	1.484753829476190105e-02
1.080000000000000000e+02	2.650823288818827538e-04	9.185353394041416084e-03	1.152915632191757640e-02	7.868121286696340769e-03	1.592132303402792395e-02	8.634252207400971643e-03	7.902205741176997200e-03	8.166359519502430428e-03	1.172498768744269226e-02	1.105628835900804990e-02	1.385888382453197287e-02	6.797664684647055332e-03	1.075427660000163876e-02	1.025499022256547675e-02	1.305878429640526528e-02
1.260000000000000000e+02	2.452276471426391067e-04	3.993767428873164910e-03	5.199822232276842503e-03	3.531243941969354830e-03	5.560966163429000020e-03	3.973670679928290213e-03	2.368464090871990734e-03	2.992129498846146738e-03	4.306617682037148544e-03	3.678466051804241046e-03	5.110743332359312871e-03	3.131081613063887385e-03	4.602317710366544100e-03	5.484639178683047012e-03	6.480242361559782754e-03
1.480000000000000000e+02	1.416343458373101440e-04	2.419503560385451082e-03	3.412452970087286389e-03	3.548442080076107813e-03	4.348149293968300161e-03	3.490250161978049760e-03	2.152695362685283324e-03	2.545804048285148918e-03	3.093278209328573225e-03	3.216261063045924157e-03	4.241743822456171820e-03	2.138649346672356899e-03	3.073198543065928240e-03	3.040392062933099104e-03	3.612550495539075448e-03
1.740000000000000000e+02	8.464860227658081455e-05	1.949339290612821371e-03	2.525102577646042967e-03	3.005142648965783165e-03	2.951301410308684089e-03	2.358213596328591604e-03	1.872898597849848414e-03	1.864383484734292691e-03	2.181622415138022731e-03	2.123037218325158227e-03	2.910528519474334542e-03	1.553783646756204352e-03	2.184194923245339533e-03	2.462420820817711863e-03	3.021498102494905857e-03
2.040000000000000000e+02	7.080027333784714787e-05	1.691973555592545539e-03	2.125803567922230405e-03	2.390138849035492504e-03	2.471519909108911561e-03	1.858027896967025770e-03	1.567440420713330949e-03	1.761834975640626548e-03	1.944208776428146823e-03	2.009057149469388546e-03	2.420686057613116986e-03	1.160836471982607887e-03	1.657115838890677430e-03	2.135456717257482994e-03	2.456627202288075903e-03
2.390000000000000000e+02	5.422564838960854805e-05	1.348263400856128608e-03	1.972039326611229031e-03	1.687449338184248771e-03	2.096886105003989073e-03	1.522799959171111705e-03	1.144916658619631435e-03	1.304390992034954290e-03	1.772616586687261568e-03	1.502640218194286172e-03	1.918526982302321991e-03	9.879008041679766729e-04	1.255723133169604289e-03	1.659512024457137193e-03	1.987745254225974870e-03
2.800000000000000000e+02	4.381411045755375251e-05	1.287772668314314225e-03	1.724918980402136625e-03	1.426214874359077629e-03	1.882455034448158844e-03	1.166054315548820932e-03	9.074583345185819813e-04	1.152409581115512553e-03	1.605202031141644186e-03	1.179915139356117705e-03	1.331802697880217143e-03	1.216533908653282718e-03	1.236957007326436233e-03	1.254750153481709336e-03	1.744758172705951219e-03
3.290000000000000000e+02	2.669368530349867843e-05	9.023793003702385842e-04	1.239901977696922621e-03	1.027218553756150407e-03	1.395908022918150625e-03	8.851503785313680553e-04	6.940658679253274227e-04	8.336947768318086821e-04	1.129312276580793795e-03	9.160700769253083027e-04	1.151619881718413119e-03	8.132545676341635396e-04	8.879647655004703965e-04	8.504641121825189110e-04	1.062120070225304469e-03
3.850000000000000000e+02	1.601511205396593073e-05	6.689226467394025549e-04	8.800142081761461697e-04	8.041134557893701851e-04	9.655161555508796076e-04	5.839312662022926211e-04	4.875532147648815504e-04	7.406528346721067768e-04	8.053898336966627000e-04	6.797308361265906249e-04	8.264999130881527925e-04	5.740942740923830499e-04	6.123863416811911814e-04	6.695517856287348107e-04	8.691367144055202635e-04
4.520000000000000000e+02	1.599335278802157509e-05	5.621238361965301888e-04	6.558191560495444652e-04	6.279033192254568005e-04	7.730546893013829149e-04	5.403948727754613081e-04	5.066958849454343550e-04	6.383460419566474968e-04	6.276252367390250126e-04	5.536248344183257323e-04	6.396010815474278315e-04	4.571863845485861673e-04	4.681640560837173944e-04	4.628899642308906270e-04	5.976821557865979106e-04
5.290000000000000000e+02	8.781055203114468779e-06	4.334273501980789867e-04	4.383852264506394474e-04	4.371287157914019602e-04	5.074921578763718190e-04	3.637214465570512748e-04	3.329556884760663180e-04	4.707377837304105826e-04	4.583374771474706360e-04	3.758049244056296616e-04	4.449582463116353854e-04	3.988187938746695638e-04	3.415275077102325235e-04	3.227152665961775910e-04	4.205762318766959919e-04
6.210000000000000000e+02	8.188874151797404018e-06	3.623034750550267464e-04	3.799357952447707243e-04	3.432957737812002727e-04	4.149195530432648053e-04	3.029321430760446702e-04	2.787818708574113838e-04	3.843776911641408225e-04	3.748192986506959472e-04	3.204693710686876422e-04	3.868692569181257971e-04	3.052473097974177808e-04	3.078701173104107531e-04	2.681035268985974026e-04	4.068934510752295996e-04
7.270000000000000000e+02	5.143411851554785049e-06	2.696216529466171296e-04	3.135133013491930138e-04	2.699541822448620347e-04	3.160302223737579928e-04	2.211139071925940450e-04	2.258288006500683461e-04	3.061643885889560345e-04	2.793228713500522042e-04	2.504742114246940373e-04	3.000258548284880935e-04	2.243931338823773028e-04	2.127966567810531953e-04	2.315267680890117105e-04	2.925329665781796614e-04
8.530000000000000000e+02	4.533188452809407002e-06	2.238728404946431093e-04	2.577769213154615640e-04	2.031766708668933765e-04	2.442179825293781391e-04	1.643589322966477605e-04	1.847689710044784865e-04	2.363983082137661096e-04	2.152106805814377178e-04	1.956858310113729089e-04	2.249518723747472102e-04	1.700015783809553807e-04	1.620117068403417824e-04	1.884641616194554254e-04	2.230395667307840096e-04
1.000000000000000000e+03	3.646561254651587513e-06	1.686349824766889514e-04	2.010573288494017395e-04	1.634250958488456804e-04	1.896559099289131956e-04	1.442586167818812111e-04	1.537286232907105236e-04	1.772397274869730484e-04	1.724703634866434337e-04	1.544461839385123485e-04	1.951649644724064842e-04	1.364528251274098802e-04	1.537004001090660728e-04	1.554395033898231255e-04	1.842820074676087205e-04
