0.000000000000000000e+00 0.000000000000000000e+00 0.000000000000000000e+00 0.000000000000000000e+00 0.000000000000000000e+00
-1.053314032749839981e+02 -1.052599918282954263e+02 6.029554677775126464e-02 1.938474333096175178e+04 0.000000000000000000e+00
-1.079169611770048505e+02 -1.079591953676701479e+02 8.641669151364576862e-02 1.933218049379597869e+04 0.000000000000000000e+00
-1.026701814412796097e+02 -1.026508944130970491e+02 9.045251906119582130e-02 1.086731069586506783e+05 0.000000000000000000e+00
-1.052801317959656018e+02 -1.052024563100585510e+02 1.076841127762973582e-01 1.895911824389094181e+04 0.000000000000000000e+00
-1.053533791522435763e+02 -1.053143922615688695e+02 7.037885301335038146e-02 1.037537883550326660e+05 0.000000000000000000e+00
-1.052582135455350283e+02 -1.052834283961037158e+02 7.248345895969789121e-02 1.013560301746540790e+05 0.000000000000000000e+00
-9.719744987154903981e+01 -9.713924268089412806e+01 9.344676904100146508e-02 9.892486602139081515e+04 0.000000000000000000e+00
-1.053691393339512388e+02 -1.053221726627282777e+02 5.438614280182343247e-02 9.696994249671860598e+04 0.000000000000000000e+00
-9.457239817880373778e+01 -9.446390054150397475e+01 6.977644804728394545e-02 1.769762325020879507e+04 0.000000000000000000e+00
-1.080277714643957125e+02 -1.080564409609332728e+02 5.705925333001086314e-02 9.477176488756336039e+04 0.000000000000000000e+00
-1.043022904240751245e+02 -1.042136979103220114e+02 8.391498656681364854e-02 9.276322182476207672e+04 0.000000000000000000e+00
-1.107832299734810988e+02 -1.107649343013083154e+02 4.477436721151361460e-02 1.721202502657352670e+04 0.000000000000000000e+00
-1.053323392924057629e+02 -1.053240813478746958e+02 1.714588924038952522e-02 1.686368224706946057e+04 0.000000000000000000e+00
-1.051699430329738618e+02 -1.051907419440751283e+02 3.004764022232753531e-02 1.651910352836188758e+04 0.000000000000000000e+00
-1.080606257798327761e+02 -1.080655352174214983e+02 3.764896012444025886e-02 8.621964324455273163e+04 0.000000000000000000e+00
-1.053135150667081774e+02 -1.052536247447558821e+02 4.386921719171590905e-02 8.446488239918544423e+04 0.000000000000000000e+00
-1.079916005607773855e+02 -1.080310502681055880e+02 3.675705349967809538e-02 8.335606284271225741e+04 0.000000000000000000e+00
-1.014129542556178336e+02 -1.014104239290527403e+02 5.477775976777530392e-02 8.198841411147092003e+04 0.000000000000000000e+00
-1.026100353419014226e+02 -1.026022507407308950e+02 1.981330028945020236e-02 1.499315356999150390e+04 0.000000000000000000e+00
-1.053355301358913323e+02 -1.053229988918617011e+02 2.591041964318933910e-02 7.906203554298088420e+04 0.000000000000000000e+00
-1.017042510613004822e+02 -1.017129519708805958e+02 5.329398226196482846e-02 1.444916254026472961e+04 0.000000000000000000e+00
-1.054028479029384187e+02 -1.053931403675651097e+02 1.794034063194654624e-02 1.418914105330550774e+04 0.000000000000000000e+00
-1.031615289705727747e+02 -1.031822643738265697e+02 4.577576295181463167e-02 1.394769719056555550e+04 0.000000000000000000e+00
-1.026492615575721601e+02 -1.026468532359053398e+02 2.327659433806234662e-02 1.373468306379226124e+04 0.000000000000000000e+00
-1.018464828464692857e+02 -1.018532460562408488e+02 7.048256646848416462e-02 7.323714014204301930e+04 0.000000000000000000e+00
-1.107745320998702709e+02 -1.107684257007763620e+02 2.445571409954332490e-02 1.327068253521916085e+04 0.000000000000000000e+00
-9.963227743877148157e+01 -9.954571470030394664e+01 4.562524421860380403e-02 1.305190849754751434e+04 0.000000000000000000e+00
-8.331785867042100335e+01 -7.772990667729270342e+01 2.131956750250637578e-01 7.014385001566994470e+04 1.000000000000000000e+00
-1.056713973731781095e+02 -1.050067047583676469e+02 2.935119104091336584e-01 1.977868824371162045e+05 0.000000000000000000e+00
-1.081072491295949902e+02 -1.080710564715775064e+02 4.804750377533124894e-02 2.288366941914412382e+04 0.000000000000000000e+00
-1.108446273362117438e+02 -1.107331695346047411e+02 8.435134577023030433e-02 2.048953028205279261e+05 0.000000000000000000e+00
-1.080481000113036600e+02 -1.080078286498625886e+02 5.560043846922477218e-02 2.031582730247527361e+05 0.000000000000000000e+00
-9.743805658584021501e+01 -9.643268391476979673e+01 2.621930283799119854e-01 7.587649881156771444e+05 0.000000000000000000e+00
-1.051920537166929677e+02 -1.051852930247750635e+02 8.520647950194804032e-02 2.031298360700467310e+05 0.000000000000000000e+00
-9.446265776428150218e+01 -9.428442787292307514e+01 1.416581315487045467e-01 2.001484979409995140e+05 0.000000000000000000e+00
-9.997050717377217666e+01 -9.981113462404435666e+01 7.160087586490365696e-02 1.995027708854154916e+05 0.000000000000000000e+00
-8.431704544873535667e+01 -8.062485791237565991e+01 1.192133895395858900e+00 2.191002992086932136e+04 0.000000000000000000e+00
-1.027492267866272613e+02 -1.022683927761097067e+02 1.482963624081942988e-01 7.889864483742762823e+05 0.000000000000000000e+00
-8.672732590675927611e+01 -8.591047471610845321e+01 3.218308727516854817e-01 8.031356196208985057e+05 0.000000000000000000e+00
-1.053030146099953441e+02 -1.053251609125828452e+02 2.964884503509064573e-02 2.404426271890342468e+04 0.000000000000000000e+00
-1.078962815492402996e+02 -1.079379474082806780e+02 9.181577002462133763e-02 1.992062700191474578e+05 0.000000000000000000e+00
-1.054228226445183338e+02 -1.051534236822864301e+02 1.219451070881684140e-01 8.162982874374215025e+05 0.000000000000000000e+00
-1.042159503163005070e+02 -1.041695071674560609e+02 1.649262004852288799e-01 1.945043188921715191e+05 0.000000000000000000e+00
-9.973688394551659542e+01 -9.982472706100540449e+01 8.227459576435453004e-02 2.387153201104855543e+04 0.000000000000000000e+00
-1.027194337726906923e+02 -1.026673475195553209e+02 8.457083093165117249e-02 1.896415581892521295e+05 0.000000000000000000e+00
-9.712519569616982551e+01 -9.709399143561718404e+01 9.092618622774589765e-02 2.371375003385831587e+04 0.000000000000000000e+00
-9.722721318889782083e+01 -9.721934157526236220e+01 1.094369253197965686e-01 1.851334380449574383e+05 0.000000000000000000e+00
-9.693580318300413978e+01 -9.688591134376551395e+01 1.114269858178594391e-01 1.828537669672207267e+05 0.000000000000000000e+00
-1.025712936892265503e+02 -1.025402034474558661e+02 5.998199051780613716e-02 1.808011904387128307e+05 0.000000000000000000e+00
-8.956790470985951913e+01 -8.891157547890711044e+01 2.904000087127663887e-01 7.504052789750031661e+05 0.000000000000000000e+00
-9.908094048673622467e+01 -9.901172939124060690e+01 8.020946857772397187e-02 2.315819339929849230e+04 0.000000000000000000e+00
-1.053047992689191261e+02 -1.051492942390389089e+02 9.544909556018069119e-02 7.588858277937936364e+05 0.000000000000000000e+00
-8.011605864635366459e+01 -7.959312149540402004e+01 2.004222898039366152e-01 7.525704667290328071e+05 0.000000000000000000e+00
-9.433993537230769277e+01 -9.407213645010359926e+01 2.200604027304676746e-01 7.644049915416185977e+05 0.000000000000000000e+00
-9.939138492951104809e+01 -9.924656885035714993e+01 1.401425013574913170e-01 7.606648946441530716e+05 0.000000000000000000e+00
-1.001712161216627237e+02 -1.001371120831296366e+02 6.819852663683535765e-02 1.815184477713555098e+05 0.000000000000000000e+00
-9.663094617815580989e+01 -9.643826141954357922e+01 1.104785646515474701e-01 1.796104889932851365e+05 0.000000000000000000e+00
-1.107879743792951359e+02 -1.107729591378892309e+02 5.359179128509751477e-02 1.801251861908080464e+05 0.000000000000000000e+00
-9.160070578241163730e+01 -9.160938730637185756e+01 1.090509347000788998e-01 1.781874160459814302e+05 0.000000000000000000e+00
-1.107539701781611967e+02 -1.107687583444822934e+02 3.273282101223319585e-02 2.363057369369961452e+04 0.000000000000000000e+00
-1.024007544476841929e+02 -1.024170534292833281e+02 6.018103045417232122e-02 1.744371890369039320e+05 0.000000000000000000e+00
-1.024703341202106799e+02 -1.024204225347435937e+02 6.582462604066817435e-02 7.100249840124882758e+05 0.000000000000000000e+00
-1.108440026677054249e+02 -1.106750229860815153e+02 9.296324511268640178e-02 7.028760458042584360e+05 0.000000000000000000e+00
-1.079718999075989530e+02 -1.079384437826540903e+02 4.731704545851368043e-02 1.691143140995836293e+05 0.000000000000000000e+00
-1.080683397509204156e+02 -1.079244210537937221e+02 7.861353391411118885e-02 6.911244065561953466e+05 0.000000000000000000e+00
-1.025146135721334701e+02 -1.024798930599763906e+02 1.051492433863109033e-01 6.860596671123221749e+05 0.000000000000000000e+00
-1.053778331723573842e+02 -1.052427607976382831e+02 6.831315552599737106e-02 6.793037630551840411e+05 0.000000000000000000e+00
-9.988699518066559335e+01 -9.980929181125199534e+01 7.616548758696867205e-02 6.742710326152674388e+05 0.000000000000000000e+00
-1.026358545593392080e+02 -1.026559053199938774e+02 5.296673610788477093e-02 1.612514430403806618e+05 0.000000000000000000e+00
-1.057706400379264977e+02 -1.057689502065822609e+02 9.861634806539643083e-02 1.597199158700972621e+05 0.000000000000000000e+00
-9.925975397468316430e+01 -9.921830946291274245e+01 7.250209276051519658e-02 1.581839767936354619e+05 0.000000000000000000e+00
-1.025947367675004358e+02 -1.025758503444983205e+02 5.054859482836664142e-02 1.568040908024238306e+05 0.000000000000000000e+00
-1.054959582364745359e+02 -1.053635283144947010e+02 9.808535987403829703e-02 6.436193012577592162e+05 0.000000000000000000e+00
-1.053205324006516292e+02 -1.052853950101855958e+02 7.203917648527624618e-02 6.390240879177189199e+05 0.000000000000000000e+00
-1.052639580348151895e+02 -1.052792027229344853e+02 4.663276029163491293e-02 1.525128131069073861e+05 0.000000000000000000e+00
-1.053317128006126069e+02 -1.053495703148504106e+02 3.136738905002538214e-02 1.511328018289592874e+05 0.000000000000000000e+00
-9.974302494903210459e+01 -9.968196671910340001e+01 8.583656900731889694e-02 6.222537209405980539e+05 0.000000000000000000e+00
-1.053324518147959452e+02 -1.053257149587910533e+02 3.740360099169461050e-02 1.484796771743384597e+05 0.000000000000000000e+00
-9.639882951787747345e+01 -9.610839357928411175e+01 7.817807308510713038e-02 6.116779164435219718e+05 0.000000000000000000e+00
-1.080483364546877567e+02 -1.080190953356979406e+02 4.216448469312714803e-02 1.503886768184446555e+05 0.000000000000000000e+00
-1.019572451274221692e+02 -1.017826001933757425e+02 9.463828288648537534e-02 6.077384452255876968e+05 0.000000000000000000e+00
-9.458543597644583656e+01 -9.436145338252799775e+01 9.876213125935608128e-02 6.047777953049377538e+05 0.000000000000000000e+00
-1.024725602530107693e+02 -1.024829047165181635e+02 2.580612885281088897e-02 2.059181551490761194e+04 0.000000000000000000e+00
-9.366860786621066381e+01 -9.360348607455587455e+01 8.504196800824508073e-02 2.042253345329234799e+04 0.000000000000000000e+00
-1.052159635870367111e+02 -1.051861329101112972e+02 5.056117035541982108e-02 5.936064129047570750e+05 0.000000000000000000e+00
-1.081285315602101917e+02 -1.079960496445663409e+02 6.223562933039317180e-02 5.886905100863486296e+05 0.000000000000000000e+00
-1.025610946270681580e+02 -1.025972893738805283e+02 3.350098656548627235e-02 1.439641740763842536e+05 0.000000000000000000e+00
-1.054339449296247153e+02 -1.054293558685967866e+02 4.368080580869319191e-02 1.984022090186132118e+04 0.000000000000000000e+00
-1.106635316145189876e+02 -1.106614019817264136e+02 3.635420213586311455e-02 1.967659004454913520e+04 0.000000000000000000e+00
-1.080746099132960154e+02 -1.080708988663752592e+02 2.927806742760639611e-02 1.411182911624739354e+05 0.000000000000000000e+00
-1.025208036805695002e+02 -1.025436595932451951e+02 3.312741071617923000e-02 1.399812389036960376e+05 0.000000000000000000e+00
-1.053939198370154884e+02 -1.053569309765113076e+02 5.745113709425527654e-02 5.647266667571668513e+05 0.000000000000000000e+00
-1.107209994434645921e+02 -1.106701527037548942e+02 6.595575226063106478e-02 5.603463563148804242e+05 0.000000000000000000e+00
-1.024507711445677103e+02 -1.025112680510639933e+02 4.893267568750264696e-02 1.367428719112347462e+05 0.000000000000000000e+00
-1.053779223541454542e+02 -1.054019406164769350e+02 3.097641466456902901e-02 1.359190248155463487e+05 0.000000000000000000e+00
-1.052682951960023701e+02 -1.052815241390557901e+02 3.171218468519971384e-02 1.349088018002851459e+05 0.000000000000000000e+00
-1.054154789868790374e+02 -1.053429495281029915e+02 5.902049411776760790e-02 5.458811287909321254e+05 0.000000000000000000e+00
-1.079018143265952574e+02 -1.079103273584635474e+02 3.075402628947048259e-02 1.836450266262783771e+04 0.000000000000000000e+00
-9.719848090671341367e+01 -9.713433839153771032e+01 8.135760176134761157e-02 5.380034902999819024e+05 0.000000000000000000e+00
-1.019037576456173895e+02 -1.018988486355233363e+02 4.844107323087012973e-02 1.314222537897928269e+05 0.000000000000000000e+00
-1.026911093004054720e+02 -1.025826175874696418e+02 7.464701015734552525e-02 5.305656995661605615e+05 0.000000000000000000e+00
-1.080803168890013950e+02 -1.079836843629268088e+02 5.614570426050319307e-02 5.274244199280927423e+05 0.000000000000000000e+00
-1.053449133961074722e+02 -1.053012679166549503e+02 4.918307087643691150e-02 5.241932311918660998e+05 0.000000000000000000e+00
-8.381539973269403276e+01 -8.351501443663771340e+01 2.103946385019093146e-01 1.276737792186986626e+05 1.000000000000000000e+00
-1.053879577308442919e+02 -1.054251320352083496e+02 3.817409885913949918e-02 1.281726328317785374e+05 0.000000000000000000e+00
-9.907650194738955918e+01 -9.908346080076502460e+01 5.625158883376184943e-02 1.775928682471801949e+04 0.000000000000000000e+00
-9.974577912147672976e+01 -9.967001712154960558e+01 6.564962176978247910e-02 5.175723944442160428e+05 0.000000000000000000e+00
-1.024801439750616225e+02 -1.023597887778375934e+02 7.407451476913153032e-02 5.142779382504317909e+05 0.000000000000000000e+00
-1.053804395926955237e+02 -1.053957138637262005e+02 3.261921801867839754e-02 1.247923565425171546e+05 0.000000000000000000e+00
-1.081262302684080367e+02 -1.080479341962003872e+02 5.364356143307310448e-02 5.080592055631506955e+05 0.000000000000000000e+00
-1.107503273107777773e+02 -1.106754597536490934e+02 5.542694600925445608e-02 5.049320520100630820e+05 0.000000000000000000e+00
-1.024494338731869050e+02 -1.024544815729650651e+02 5.786946437079494576e-02 5.018110317870679428e+05 0.000000000000000000e+00
-1.041842649104669363e+02 -1.041087999147404020e+02 4.889336475011189093e-02 1.695386173935711122e+04 0.000000000000000000e+00
-1.026477555814046383e+02 -1.026526099654875139e+02 3.772360824485791048e-02 1.206153164115528052e+05 0.000000000000000000e+00
-1.052758401822121641e+02 -1.052790204734246089e+02 3.038867972982177076e-02 1.198020359521345381e+05 0.000000000000000000e+00
-1.107461090284377434e+02 -1.107234003612588964e+02 3.799106242424482582e-02 1.189985651312910486e+05 0.000000000000000000e+00
-1.079999784001041974e+02 -1.079946259940135747e+02 1.327428746030752393e-02 1.668362934577923443e+04 0.000000000000000000e+00
-1.052414104312599363e+02 -1.052283671623186763e+02 3.801214186390319827e-02 4.822644164336964022e+05 0.000000000000000000e+00
-1.052402858851969114e+02 -1.052599394660302607e+02 2.706619838523093360e-02 1.166872203334797377e+05 0.000000000000000000e+00
-1.081360386988037874e+02 -1.081247120569975095e+02 2.614911888872706314e-02 1.636453354169114937e+04 0.000000000000000000e+00
-9.986519679358453061e+01 -9.987680692461529475e+01 4.185388739208779907e-02 1.626300311809570121e+04 0.000000000000000000e+00
-1.015812604259593428e+02 -1.015772469122876629e+02 3.429766119377040262e-02 1.616558464519219888e+04 0.000000000000000000e+00
-1.038250339876340860e+02 -1.034464913176771290e+02 9.949798935505729802e-02 4.688624647837104276e+05 0.000000000000000000e+00
-1.107848524524868310e+02 -1.107338583116908524e+02 4.748684256800263931e-02 4.734259481183814351e+05 0.000000000000000000e+00
-1.053017741320498146e+02 -1.053212666667645578e+02 5.406505100187536383e-02 4.705843871932678740e+05 0.000000000000000000e+00
-1.080720749894477990e+02 -1.080718626186258717e+02 2.192719642936401606e-02 1.139504687586445507e+05 0.000000000000000000e+00
-1.107908564871325865e+02 -1.107725665038933158e+02 3.655468955768365752e-02 1.132382829602381244e+05 0.000000000000000000e+00
-1.053609647005914667e+02 -1.053745929883693719e+02 2.868413891886394118e-02 1.125521891589294828e+05 0.000000000000000000e+00
-1.080273973252333803e+02 -1.079960481357014146e+02 4.776059103717488624e-02 4.596054299956732430e+05 0.000000000000000000e+00
-1.052799717221498952e+02 -1.052795538108945266e+02 1.163116994401097205e-02 1.563341114129790549e+04 0.000000000000000000e+00
-1.051990741605673918e+02 -1.051999545379857892e+02 1.584881048003795173e-02 1.553808511298125450e+04 0.000000000000000000e+00
-9.986530388963412008e+01 -9.982079994925382493e+01 4.857099611651640586e-02 4.517970110823673895e+05 0.000000000000000000e+00
-1.080728144512059572e+02 -1.080209541835998834e+02 3.817551954221372335e-02 4.491905739432528499e+05 0.000000000000000000e+00
-1.080238597718560953e+02 -1.079987808007631997e+02 4.511301763034607226e-02 4.466560403129711631e+05 0.000000000000000000e+00
-8.728708961315879833e+01 -8.703966355982822733e+01 1.618357059014430555e-01 1.532550090709137476e+04 1.000000000000000000e+00
-1.053816222466063266e+02 -1.053741223230516084e+02 1.618628889600755294e-02 1.544494018760734616e+04 0.000000000000000000e+00
-1.016990606509560422e+02 -1.016532235535560744e+02 6.691306691498470627e-02 4.392650833143160562e+05 0.000000000000000000e+00
-9.455164413792608968e+01 -9.449056620538738116e+01 5.412458626969824521e-02 1.540038881478811527e+04 0.000000000000000000e+00
-1.080204788638554874e+02 -1.080157263659503428e+02 4.033639351030427617e-02 4.343459711417685612e+05 0.000000000000000000e+00
-1.079514161664725123e+02 -1.078742286368860590e+02 4.357512783489815578e-02 4.318365802111682715e+05 0.000000000000000000e+00
-9.369878126189803424e+01 -9.327964683697145176e+01 8.688404052273449030e-02 4.296825924579950515e+05 0.000000000000000000e+00
-1.107923364455206325e+02 -1.107403392039044263e+02 4.177780474752928325e-02 4.357657706442512572e+05 0.000000000000000000e+00
-1.007791155387203190e+02 -1.007357623209231861e+02 5.099536938527231278e-02 1.556577063637802530e+04 0.000000000000000000e+00
-9.750726574639922717e+01 -9.748864607274494176e+01 1.150058554301774394e-01 1.080141685917469586e+05 0.000000000000000000e+00
-1.080354131769095574e+02 -1.080422558361807290e+02 3.581967811074004970e-02 4.289398194096405641e+05 0.000000000000000000e+00
-9.366125023254936366e+01 -9.362931846248118006e+01 3.830851767873957869e-02 1.534631720956183926e+04 0.000000000000000000e+00
-1.107044354482767972e+02 -1.106960728846335655e+02 4.243778311100014633e-02 4.247024958056554315e+05 0.000000000000000000e+00
-1.107760597038250268e+02 -1.107461428884175376e+02 3.821877362934159722e-02 4.223596402646784554e+05 0.000000000000000000e+00
-9.979981578200931835e+01 -9.982546484917141072e+01 3.843788857859983810e-02 1.052259139729421586e+05 0.000000000000000000e+00
-1.010811917847464798e+02 -1.009053327532369053e+02 9.401024223141145331e-02 4.188868974816744449e+05 0.000000000000000000e+00
-9.981238432151873496e+01 -9.980276510140744506e+01 4.707841521692558012e-02 4.179975898810184444e+05 0.000000000000000000e+00
-1.107871178961597707e+02 -1.107766654406978404e+02 2.835351534244973798e-02 1.051454505602743156e+05 0.000000000000000000e+00
-1.017294557068436092e+02 -1.016566496834664832e+02 4.818784048580516260e-02 1.045850552052170533e+05 0.000000000000000000e+00
-1.053789113581337205e+02 -1.053597562485309567e+02 3.932875774684561898e-02 4.123633604489893769e+05 0.000000000000000000e+00
-1.052741445151539210e+02 -1.052715983574023539e+02 2.206034622458036623e-02 1.037083523352407356e+05 0.000000000000000000e+00
-1.026931872800592203e+02 -1.026917773670925556e+02 2.623262083972768832e-02 1.479062471447053213e+04 0.000000000000000000e+00
-1.052570724096109416e+02 -1.052453266432046632e+02 1.579076235488145047e-02 1.471267543692340223e+04 0.000000000000000000e+00
-1.080811880659343274e+02 -1.080975678804750544e+02 2.402382842195639398e-02 1.464106081128121332e+04 0.000000000000000000e+00
-1.052754223553342712e+02 -1.052621526629500863e+02 1.773230666370132283e-02 1.457565455182455480e+04 0.000000000000000000e+00
-9.184001016733074607e+01 -9.180938996027650489e+01 6.018987258900180409e-02 1.450708364490381973e+04 0.000000000000000000e+00
-1.052677441795889877e+02 -1.053142129035098975e+02 4.068839314745342772e-02 3.993829078014534316e+05 0.000000000000000000e+00
-1.053826385186439580e+02 -1.054083367226332086e+02 2.307355037041896803e-02 1.000739189916190662e+05 0.000000000000000000e+00
-1.052596720545441684e+02 -1.052527122933393855e+02 3.166899014716816063e-02 3.956918984540537349e+05 0.000000000000000000e+00
-1.052267498301619071e+02 -1.052109755339177610e+02 3.753484294436166407e-02 3.936857962940363213e+05 0.000000000000000000e+00
-1.052342237610481419e+02 -1.052203274281759775e+02 3.891336302304418404e-02 3.917098873788974015e+05 0.000000000000000000e+00
-9.986931639964562635e+01 -9.986379390307223503e+01 2.077074843352682762e-02 1.410054898615673847e+04 0.000000000000000000e+00
-1.107255321610456491e+02 -1.107275406888437885e+02 6.501161153853978261e-03 4.445579321997018951e+02 0.000000000000000000e+00
-1.052578124812557689e+02 -1.052545327672875004e+02 1.135316587897912399e-02 1.396219018830278219e+04 0.000000000000000000e+00
-9.985482873614343191e+01 -9.977758123939402424e+01 3.895440751211276531e-02 3.844716525935778627e+05 0.000000000000000000e+00
-1.009216844719414894e+02 -1.008035439630954215e+02 8.670932742579015584e-02 1.383164397086086501e+04 0.000000000000000000e+00
-1.041167571617313286e+02 -1.041624508705995851e+02 3.996609854811184609e-02 9.590838369578999118e+04 0.000000000000000000e+00
-1.026332831599914499e+02 -1.026301350525057359e+02 2.140470793854687762e-02 1.381037984208962735e+04 0.000000000000000000e+00
-1.012866118680782535e+02 -1.013034885785770882e+02 4.205491647720157461e-02 9.508335108437581221e+04 0.000000000000000000e+00
-1.052791686893608585e+02 -1.052351194141698869e+02 4.379276969195800007e-02 3.760248918731196900e+05 0.000000000000000000e+00
-9.891007407664889683e+01 -9.892607091175810297e+01 3.893379159890581614e-02 1.372870138523928290e+04 0.000000000000000000e+00
-1.024492766714995895e+02 -1.024424035891280056e+02 3.794013067559407620e-02 3.726858556749887648e+05 0.000000000000000000e+00
-9.990798310646607661e+01 -9.993078882771423821e+01 2.253395577203149217e-02 1.361436238887860782e+04 0.000000000000000000e+00
-1.080020396951020842e+02 -1.079974373469645883e+02 9.891937199276962939e-03 1.356907075991733109e+04 0.000000000000000000e+00
-1.027481788026780691e+02 -1.026797003095344820e+02 5.941962840689207770e-02 3.680660345791933360e+05 0.000000000000000000e+00
-1.080686018378795836e+02 -1.080728433802652262e+02 1.317985036303602996e-02 1.345803573047284044e+04 0.000000000000000000e+00
-1.080885025162343283e+02 -1.080820224012041848e+02 3.183911380207522096e-02 3.648893993327720673e+05 0.000000000000000000e+00
-1.052507109324842389e+02 -1.052364260096086781e+02 2.860850301654061650e-02 3.631940879280853551e+05 0.000000000000000000e+00
-1.080552174283513693e+02 -1.080520827723885304e+02 1.017390625308972445e-02 1.327415010904405244e+04 0.000000000000000000e+00
-1.051969234349460152e+02 -1.052208161121708230e+02 3.995699172716452030e-02 3.599279496007681009e+05 0.000000000000000000e+00
-1.025872454914598677e+02 -1.026192327440071494e+02 3.783684265455186657e-02 3.583015365301124984e+05 0.000000000000000000e+00
-9.978732444039377469e+01 -9.972661331832281917e+01 5.672000588598283266e-02 3.567100940087231575e+05 0.000000000000000000e+00
-9.707881783297703748e+01 -9.706451128226451885e+01 3.717471139220659276e-02 1.305324121650533561e+04 0.000000000000000000e+00
-1.080966108562478070e+02 -1.081032851082463111e+02 2.493860897612117447e-02 8.906229982576289331e+04 0.000000000000000000e+00
-1.013181128041016166e+02 -1.011284803026855741e+02 5.084566967494799639e-02 3.523348276196988299e+05 0.000000000000000000e+00
-9.970675225541069153e+01 -9.959797276244165687e+01 7.855106780675258360e-02 8.913691536925779656e+04 0.000000000000000000e+00
-1.053677571409213272e+02 -1.053567957642200668e+02 2.883956393512558322e-02 3.508343486685094540e+05 0.000000000000000000e+00
-1.107250502470678413e+02 -1.107218717398680639e+02 1.198493155455581521e-02 1.326339618805016653e+04 0.000000000000000000e+00
-1.080541565759885287e+02 -1.080558999843923260e+02 1.694517452096466412e-02 8.827196803695989365e+04 0.000000000000000000e+00
-1.032102230684694604e+02 -1.031824217184092873e+02 4.087711637957736066e-02 8.788325022977266053e+04 0.000000000000000000e+00
-1.080252468840768074e+02 -1.080248303146455129e+02 1.168886222024093785e-02 1.309981003808654896e+04 0.000000000000000000e+00
-1.107718410147214882e+02 -1.107748305958832589e+02 1.061047715385342316e-02 1.304257795921383877e+04 0.000000000000000000e+00
-1.052851590701786648e+02 -1.052804275963490994e+02 1.217158931676232819e-02 1.298616327582446866e+04 0.000000000000000000e+00
-9.989354100499653555e+01 -9.990716261171579049e+01 4.000581135133936955e-02 1.293072251852918271e+04 0.000000000000000000e+00
-1.061207124493259499e+02 -1.062065229532171173e+02 3.758247445699927636e-02 1.288184771827545774e+04 0.000000000000000000e+00
-9.729012484280471540e+01 -9.723356887871908327e+01 3.967345436263155362e-02 8.643473935841638013e+04 0.000000000000000000e+00
-9.989555757290851545e+01 -9.986650182248637009e+01 3.075822308149459700e-02 3.374180045420393581e+05 0.000000000000000000e+00
-1.053528193492304297e+02 -1.053516671214302960e+02 2.827702845964743736e-02 3.360176618502773927e+05 0.000000000000000000e+00
-1.053268413827999979e+02 -1.053192491470430525e+02 2.449410735598517644e-02 3.345939244188494631e+05 0.000000000000000000e+00
-1.026121688569278803e+02 -1.026380386408311125e+02 1.781988649793778481e-02 8.509507581870305876e+04 0.000000000000000000e+00
-1.052958258178609157e+02 -1.053094000713152241e+02 1.890430679672427255e-02 8.476459149725853058e+04 0.000000000000000000e+00
-9.925059411294715517e+01 -9.926357213289738013e+01 2.705287830566647719e-02 1.269437572413410999e+04 0.000000000000000000e+00
-1.053925144315867612e+02 -1.054088675499316423e+02 2.184573591646506857e-02 8.414938265562964079e+04 0.000000000000000000e+00
-1.025545853423719507e+02 -1.025693121228461138e+02 1.904282965788054241e-02 8.381129454741602240e+04 0.000000000000000000e+00
-1.052912418475674059e+02 -1.052818396094772595e+02 1.275967740499573365e-02 1.254546219178701358e+04 0.000000000000000000e+00
-1.053356495402637023e+02 -1.053267565671787764e+02 1.895505647655166756e-02 3.256907363984458498e+05 0.000000000000000000e+00
-1.080965058411264721e+02 -1.080737522993596400e+02 2.859496510957788146e-02 3.243592228362534079e+05 0.000000000000000000e+00
-1.053661643890075652e+02 -1.053766859746134799e+02 1.838046232423319951e-02 8.245161356551216159e+04 0.000000000000000000e+00
-1.025051712293405046e+02 -1.025193892710574488e+02 2.052281824260425436e-02 8.212090671456906421e+04 0.000000000000000000e+00
-9.993584994487423501e+01 -9.993343790587651654e+01 2.403884185859475955e-02 1.230596622448983908e+04 0.000000000000000000e+00
-1.080946967348161820e+02 -1.081073350696627244e+02 2.084828521552045330e-02 8.152877837357751559e+04 0.000000000000000000e+00
-1.081365278179615501e+02 -1.081041522067678216e+02 2.941120590238367055e-02 3.185543738295647781e+05 0.000000000000000000e+00
-1.015527172084580059e+02 -1.016051701130911056e+02 5.018060546782311671e-02 8.088417036885490234e+04 0.000000000000000000e+00
-1.053323435303738904e+02 -1.053369649740372154e+02 1.702265711467164724e-02 8.064592256382928463e+04 0.000000000000000000e+00
-1.052193916358470034e+02 -1.051738930314220966e+02 3.852748686964574398e-02 3.167704204176078783e+05 0.000000000000000000e+00
-1.080233981108447665e+02 -1.080231013149773531e+02 1.074021433286652394e-02 1.203463305995877636e+04 0.000000000000000000e+00
-1.025205015328244258e+02 -1.025400633116349240e+02 1.666997020335466567e-02 7.969764800274606387e+04 0.000000000000000000e+00
-9.989739664354087267e+01 -9.975475490569213832e+01 4.908896406831957798e-02 7.939932840460240550e+04 0.000000000000000000e+00
-1.052767851733375295e+02 -1.052803789366730030e+02 1.426612676601926415e-02 7.968786432998895179e+04 0.000000000000000000e+00
-7.009778044119735796e+01 -7.005952798553389016e+01 3.062455457402116221e-01 1.185552660854352689e+04 2.000000000000000000e+00
-1.053542119333296085e+02 -1.053564108354051569e+02 1.626907604171268229e-02 7.909911213199814665e+04 0.000000000000000000e+00
-1.052364026214059010e+02 -1.052372363059970581e+02 2.109728146445609756e-02 7.879388455410860479e+04 0.000000000000000000e+00
-7.402948978203828290e+01 -7.556178640647343059e+01 2.335240625992353602e-01 1.172525637699487379e+04 1.000000000000000000e+00
-9.582725191786813923e+01 -9.558784000373358936e+01 7.035306893418483143e-02 3.397104852874587523e+05 0.000000000000000000e+00
-8.533628408223978568e+01 -6.305192618398035620e+01 6.930134334555035913e+00 4.067748458601714674e+02 1.000000000000000000e+00
-8.880557304763495097e+01 -8.882260561239120022e+01 1.099235073918098937e-01 1.417544420316018659e+04 0.000000000000000000e+00
-1.053128945471571143e+02 -1.052911693204358272e+02 2.506149222489082243e-02 9.681327740150326281e+04 0.000000000000000000e+00
-1.052799675444424850e+02 -1.052779603725540483e+02 1.620326026936063507e-02 9.646386812688803184e+04 0.000000000000000000e+00
-1.026118089986699573e+02 -1.026174304131288011e+02 1.743624262345900081e-02 9.610139117748879653e+04 0.000000000000000000e+00
-1.026497968445623741e+02 -1.025836506159720614e+02 5.071091295028699181e-02 3.348610717135099694e+05 0.000000000000000000e+00
-1.054110212528490393e+02 -1.054217382552673286e+02 2.360049925499597967e-02 9.539766255675024877e+04 0.000000000000000000e+00
-1.025450511449368065e+02 -1.025425332554196274e+02 1.875230916824494401e-02 9.504728798828423896e+04 0.000000000000000000e+00
-1.053051997218275062e+02 -1.052853823008280187e+02 2.869871867476132821e-02 3.313595751981037902e+05 0.000000000000000000e+00
-1.042984132358776890e+02 -1.043803409977386423e+02 3.490908784389529923e-02 9.435147938989764953e+04 0.000000000000000000e+00
-1.026084957979113170e+02 -1.025790554940300865e+02 3.697965008484269123e-02 3.290071140434347326e+05 0.000000000000000000e+00
-9.989842424829213030e+01 -9.987692018480817069e+01 2.701150250689735369e-02 9.387848933374037733e+04 0.000000000000000000e+00
-1.019379211633819011e+02 -1.018705036363155898e+02 5.102993084939951712e-02 3.266410413848764147e+05 0.000000000000000000e+00
-1.052552318756716261e+02 -1.052405581107779255e+02 2.476052099448403099e-02 3.256070304754892131e+05 0.000000000000000000e+00
-9.707108008175519842e+01 -9.697970963165768410e+01 6.488546751703766491e-02 3.244350480802590610e+05 0.000000000000000000e+00
-1.052418041049173070e+02 -1.052058229226546473e+02 3.649556805565979528e-02 3.235298964641132625e+05 0.000000000000000000e+00
-9.976241546584809328e+01 -9.974041818414117699e+01 3.904455467018244641e-02 3.224109379238388501e+05 0.000000000000000000e+00
-1.051922891918029137e+02 -1.051658871844755794e+02 3.586441095776356225e-02 3.212718163253326202e+05 0.000000000000000000e+00
-9.728834843790981779e+01 -9.725228067704111368e+01 3.512515202241046214e-02 9.159600356219934474e+04 0.000000000000000000e+00
-9.454748704623786182e+01 -9.443581363770987025e+01 5.816197487234109342e-02 3.192895704635307193e+05 0.000000000000000000e+00
-9.417531276364783821e+01 -9.421817538082085264e+01 4.521734717200914105e-02 9.105745607358687266e+04 0.000000000000000000e+00
-1.079701552100912068e+02 -1.079454912014168855e+02 2.732819257188972423e-02 3.175792427459592000e+05 0.000000000000000000e+00
-1.025621975787613707e+02 -1.025693870827316516e+02 2.777265983599970164e-02 3.164822372304903110e+05 0.000000000000000000e+00
-1.018019217928955698e+02 -1.018363047862742263e+02 3.018904859767427770e-02 9.016102941414611996e+04 0.000000000000000000e+00
-1.080703863289144095e+02 -1.080506844637849326e+02 2.017193446801425830e-02 3.142946353313197615e+05 0.000000000000000000e+00
-9.991599574229144309e+01 -9.992297465077005825e+01 3.157461301998663872e-02 8.957113111956039211e+04 0.000000000000000000e+00
-1.026409772042089941e+02 -1.026366608993546521e+02 2.869015874993430248e-02 8.926181044215492147e+04 0.000000000000000000e+00
-1.025144578000710140e+02 -1.024905450273160028e+02 2.348351651551804781e-02 3.112134674253842095e+05 0.000000000000000000e+00
-9.701022565228045380e+01 -9.702027299119906445e+01 2.723783365279089028e-02 8.864651798927946948e+04 0.000000000000000000e+00
-1.079614354564862850e+02 -1.079439194353840747e+02 2.567432228716630405e-02 3.091780288386750617e+05 0.000000000000000000e+00
-1.025306066673534104e+02 -1.025482850091263316e+02 3.447698074892224102e-02 3.081296094116074382e+05 0.000000000000000000e+00
-9.685252037479259002e+01 -9.681789960964803754e+01 7.147982901907568021e-02 3.070878865189159987e+05 0.000000000000000000e+00
-1.052383260026873444e+02 -1.052319051001351937e+02 1.988844127353242910e-02 3.060769313294588355e+05 0.000000000000000000e+00
-1.079755588408276310e+02 -1.079664951269370476e+02 2.459241200438341476e-02 8.736198512838683382e+04 0.000000000000000000e+00
-1.052160121189428281e+02 -1.051893194393074538e+02 3.600171667422553262e-02 3.040114063594306936e+05 0.000000000000000000e+00
-1.080001556985110369e+02 -1.079742739178987279e+02 2.031533003474248270e-02 3.030106483051019022e+05 0.000000000000000000e+00
-1.025454633791265167e+02 -1.025383645362808238e+02 1.989801885621632002e-02 8.649578876595982001e+04 0.000000000000000000e+00
-1.080590256970771463e+02 -1.080498664688338550e+02 1.439394715451462227e-02 8.620806327550394053e+04 0.000000000000000000e+00
-9.979695679311049616e+01 -9.974847406959948160e+01 3.375041144034175711e-02 3.000823954013134935e+05 0.000000000000000000e+00
-1.024633498018246769e+02 -1.024504959077587642e+02 3.485388255746632580e-02 2.991613487404946354e+05 0.000000000000000000e+00
-9.985036172279129119e+01 -9.984101449338072598e+01 1.793419264783602599e-02 8.535572123086370993e+04 0.000000000000000000e+00
-1.080256303263834496e+02 -1.080228516148409597e+02 1.760379733578198644e-02 8.507695399014430586e+04 0.000000000000000000e+00
-9.999211653792617938e+01 -9.996966015871059597e+01 2.702412074857009003e-02 8.479729705857514637e+04 0.000000000000000000e+00
-1.014277477318084095e+02 -1.012930468376450079e+02 3.518894972308921065e-02 2.954558171010983060e+05 0.000000000000000000e+00
-1.025426362001861520e+02 -1.025380659271259844e+02 1.645828786679566849e-02 8.426479307242744835e+04 0.000000000000000000e+00
-1.017101254123891323e+02 -1.016880057110641644e+02 4.439649708345234230e-02 2.941268186954991543e+05 0.000000000000000000e+00
-1.080560794712151562e+02 -1.080512382179058193e+02 1.532286432568858055e-02 8.371969155424633936e+04 0.000000000000000000e+00
-1.026259831768695818e+02 -1.026240657068888424e+02 1.632841197010058421e-02 8.344943173503421713e+04 0.000000000000000000e+00
-9.626451178080596094e+01 -9.606109028560085505e+01 5.353553557663488088e-02 2.913349033602748532e+05 0.000000000000000000e+00
-1.107783983779712855e+02 -1.107743666955447139e+02 1.714942557214487254e-02 8.317234707466894179e+04 0.000000000000000000e+00
-1.107155573288465433e+02 -1.106913883990944072e+02 2.133968692437968051e-02 8.290615585904725594e+04 0.000000000000000000e+00
-1.080045663771884676e+02 -1.079942502326995566e+02 1.591736624437002992e-02 8.265806602572910197e+04 0.000000000000000000e+00
-1.052005685584839654e+02 -1.051989589417132720e+02 1.582509731714510162e-02 8.239811948241041682e+04 0.000000000000000000e+00
-1.054568622772820845e+02 -1.054718743791627986e+02 2.592603988549316979e-02 8.213659274468256626e+04 0.000000000000000000e+00
-1.025691383072098972e+02 -1.025948969999257230e+02 3.213257127167173238e-02 2.870551767830026220e+05 0.000000000000000000e+00
-1.047460536483845317e+02 -1.044188627672162397e+02 7.095817203218429681e-02 2.861697160463360487e+05 0.000000000000000000e+00
-1.107801810063490251e+02 -1.107728791262628931e+02 1.742850464267282559e-02 8.161433259337184427e+04 0.000000000000000000e+00
-9.965530164665038626e+01 -9.963434325895327959e+01 4.822181540718716714e-02 2.872344639819728909e+05 0.000000000000000000e+00
-1.025332625970430911e+02 -1.025412731315763040e+02 2.716738326538420747e-02 2.863490149359024945e+05 0.000000000000000000e+00
-9.994372849606951092e+01 -9.993719747736328429e+01 3.411619091583459329e-02 2.854589067177941906e+05 0.000000000000000000e+00
-1.107766855779073722e+02 -1.107741154517588313e+02 1.610358574252816755e-02 8.066431944037717767e+04 0.000000000000000000e+00
-1.053968018904163699e+02 -1.053777439107232397e+02 2.140583642626843822e-02 2.836926645496987039e+05 0.000000000000000000e+00
-1.080476359280310561e+02 -1.080230675638003675e+02 2.250765177360205399e-02 2.828280593975167722e+05 0.000000000000000000e+00
-9.987117000656681398e+01 -9.984826190162188198e+01 3.337710481212582958e-02 2.819762363762280438e+05 0.000000000000000000e+00
-1.041626035001113877e+02 -1.041952198807586711e+02 2.900941841535909643e-02 7.968144599051105615e+04 0.000000000000000000e+00
-1.007961507225008688e+02 -1.007393527294202897e+02 2.865164039547123814e-02 7.946667101945083414e+04 0.000000000000000000e+00
-1.078869432143634270e+02 -1.078562356483346036e+02 3.705115439858194110e-02 2.794178153001792380e+05 0.000000000000000000e+00
-1.080477529686575906e+02 -1.080320969592593485e+02 1.943923998721658331e-02 2.785957462211152306e+05 0.000000000000000000e+00
-1.026315066459665672e+02 -1.026006756694955726e+02 2.455321338301067607e-02 2.777587497746039298e+05 0.000000000000000000e+00
-1.053320857716044259e+02 -1.053295368939142236e+02 1.327965136716645171e-02 7.862325034560549830e+04 0.000000000000000000e+00
-1.052546209969818847e+02 -1.052569513731256734e+02 1.767040439378440159e-02 2.761436770102869486e+05 0.000000000000000000e+00
-1.080720832093168156e+02 -1.080486868905414468e+02 1.862607135568695310e-02 2.753145496786425356e+05 0.000000000000000000e+00
-1.052419862203560257e+02 -1.052441602668418881e+02 2.418903771087064711e-02 2.745063205733946525e+05 0.000000000000000000e+00
-1.053021222075229986e+02 -1.052634877262542972e+02 3.144108885037100870e-02 2.736870225299412850e+05 0.000000000000000000e+00
-1.053035072588882315e+02 -1.053109026569530897e+02 1.762184804699970520e-02 2.729158550672953133e+05 0.000000000000000000e+00
-1.026495089223534478e+02 -1.026647173245963103e+02 2.377658206260506793e-02 2.721075583156297798e+05 0.000000000000000000e+00
-9.874360333141659396e+01 -9.859271270732025982e+01 5.344211370554923651e-02 2.713092539505908499e+05 0.000000000000000000e+00
-1.052577041943369949e+02 -1.052305930924796229e+02 2.666257780117778017e-02 2.711147859033258283e+05 0.000000000000000000e+00
-1.013379098482921279e+02 -1.013497514571302389e+02 3.514135789345296940e-02 7.657898202230638708e+04 0.000000000000000000e+00
-1.025270164407031928e+02 -1.025138729257975001e+02 2.651821714084050263e-02 2.695459343272479600e+05 0.000000000000000000e+00
-9.952110586764362665e+01 -9.939570596853155848e+01 4.947594113027523749e-02 2.687627562356743729e+05 0.000000000000000000e+00
-1.106825280846436783e+02 -1.106637678336731483e+02 2.136418270619620460e-02 7.608882169184136728e+04 0.000000000000000000e+00
-1.053548827971050770e+02 -1.053555268259998314e+02 1.670507794070183114e-02 7.587673719482021988e+04 0.000000000000000000e+00
-8.205545162173424956e+01 -8.212207607256311803e+01 1.237902070007928096e-01 2.668513272510988754e+05 1.000000000000000000e+00
-1.053332576016776301e+02 -1.053160257808384017e+02 2.207424120956273314e-02 2.661651014152625576e+05 0.000000000000000000e+00
-1.079532336796747245e+02 -1.079359560444514017e+02 1.880562305899001474e-02 7.539656230799073819e+04 0.000000000000000000e+00
-1.041632642557740098e+02 -1.041412236328155245e+02 4.581799987080324710e-02 2.646589680415359326e+05 0.000000000000000000e+00
-1.053395794766354214e+02 -1.053285249765866780e+02 1.407592654484032813e-02 2.639138394138676231e+05 0.000000000000000000e+00
-1.025493902447816197e+02 -1.025513794963589334e+02 2.063975150898956362e-02 2.631632848374354071e+05 0.000000000000000000e+00
-1.080707277493276024e+02 -1.080480063574661784e+02 1.743976858204293601e-02 2.624136307309869444e+05 0.000000000000000000e+00
-1.053363672467729799e+02 -1.053289737479616406e+02 1.164273640635533034e-02 7.438525344834290445e+04 0.000000000000000000e+00
-1.041190327358600456e+02 -1.039899758102330338e+02 3.795817643257742846e-02 2.609755097510297492e+05 0.000000000000000000e+00
-1.052771076296958626e+02 -1.054711636704382585e+02 5.037031751125595203e-02 2.606842587448389677e+05 0.000000000000000000e+00
-1.053560198886911508e+02 -1.053579834129749031e+02 2.298933459668540610e-02 2.609156094018034637e+05 0.000000000000000000e+00
-9.998601914343866781e+01 -9.998906219229222359e+01 1.962404238354890917e-02 7.384097654201029218e+04 0.000000000000000000e+00
-1.025354814921073512e+02 -1.025132756618763494e+02 2.341746973915108387e-02 2.595343179268710956e+05 0.000000000000000000e+00
-1.053297757026076908e+02 -1.053377246565684686e+02 1.929859846184785871e-02 2.588230398545125208e+05 0.000000000000000000e+00
-1.080679058883968509e+02 -1.080482947394036444e+02 1.742367258920198003e-02 2.581038044343742367e+05 0.000000000000000000e+00
-1.080834063589831402e+02 -1.080581217876687248e+02 2.788139438659332364e-02 2.573973783284139645e+05 0.000000000000000000e+00
-1.026888213114974775e+02 -1.026553554327119713e+02 3.483623034862347312e-02 2.567016638964833692e+05 0.000000000000000000e+00
-1.079633295653253668e+02 -1.079632941098939511e+02 2.028978357777580510e-02 2.560219098011409515e+05 0.000000000000000000e+00
-1.050956995847794815e+02 -1.050938739554102739e+02 3.564777410664617119e-02 2.553166016854375484e+05 0.000000000000000000e+00
-1.025086618877882216e+02 -1.025065877013714299e+02 1.943503073307647003e-02 2.546152685265283217e+05 0.000000000000000000e+00
-1.025461051702749700e+02 -1.025409367229233766e+02 2.181683289277467491e-02 2.539178202803577005e+05 0.000000000000000000e+00
-1.024854692675015997e+02 -1.024812250792020336e+02 2.159490254476922541e-02 2.532247935830375936e+05 0.000000000000000000e+00
-1.080831979307888844e+02 -1.080719411831757526e+02 2.755492312428492810e-02 2.525353325377723959e+05 0.000000000000000000e+00
-1.080660499055293258e+02 -1.080543943858148026e+02 1.690927604190843245e-02 2.518522392162683827e+05 0.000000000000000000e+00
-1.052517393932459413e+02 -1.052301829692106310e+02 2.394778975494574885e-02 2.511733251906890946e+05 0.000000000000000000e+00
-1.025769075903845220e+02 -1.025843414669165838e+02 1.243661785983096041e-02 7.107727468354935991e+04 0.000000000000000000e+00
-1.080375537429811885e+02 -1.080319389723994448e+02 1.426513078890227423e-02 2.498772859537087788e+05 0.000000000000000000e+00
-9.992291974835008261e+01 -9.991032387807400994e+01 2.569170829199562966e-02 7.069675608829280827e+04 0.000000000000000000e+00
-1.107186668408703696e+02 -1.106980468262753021e+02 2.196641020481091694e-02 2.486597710919062083e+05 0.000000000000000000e+00
-9.593449110907907595e+01 -9.588672216688460992e+01 4.082034076261589761e-02 7.033379537511810486e+04 0.000000000000000000e+00
-1.052544610539897150e+02 -1.052608858552498958e+02 1.255634998334649241e-02 7.019492368992838601e+04 0.000000000000000000e+00
-1.062098790516158573e+02 -1.062606842350460994e+02 2.460388957781429325e-02 1.029861125062619612e+04 0.000000000000000000e+00
-1.052173780291807077e+02 -1.052142206654646657e+02 1.557016166166679504e-02 7.002451747150218580e+04 0.000000000000000000e+00
-9.454220286405958973e+01 -9.447365307686575875e+01 2.924329488666211480e-02 6.983949561193527188e+04 0.000000000000000000e+00
-1.052511792001531035e+02 -1.052325506665190176e+02 1.855650175411598449e-02 2.450306776562410232e+05 0.000000000000000000e+00
-1.018565953889615798e+02 -1.018360209917684074e+02 4.122592364931397524e-02 2.443951091568278498e+05 0.000000000000000000e+00
-1.080314958767899043e+02 -1.080099081262424363e+02 2.220688664600127538e-02 2.437643144851324905e+05 0.000000000000000000e+00
-1.026147033102525228e+02 -1.026129808023524816e+02 7.481711590911874384e-03 1.018405352638395925e+04 0.000000000000000000e+00
-1.026323984808420278e+02 -1.026132341803052128e+02 1.413153238016278887e-02 6.904727941273942997e+04 0.000000000000000000e+00
-1.052536895975010793e+02 -1.052574224928906119e+02 1.079327416218093562e-02 6.887671564753011626e+04 0.000000000000000000e+00
-9.722460456084232305e+01 -9.720085699394893197e+01 2.081068939519252134e-02 6.869813703811277810e+04 0.000000000000000000e+00
-1.053300212357362682e+02 -1.053288052292252672e+02 8.604676717474810804e-03 6.853375667619900196e+04 0.000000000000000000e+00
-1.052418601181129958e+02 -1.052196754200587776e+02 2.224394584764051094e-02 2.401313253559320874e+05 0.000000000000000000e+00
-1.079589648795540029e+02 -1.079621639640088233e+02 2.073584961104540242e-02 2.395249222022486210e+05 0.000000000000000000e+00
-9.876046209609447146e+01 -9.869078077116492409e+01 2.912910360810725199e-02 6.800697906849505671e+04 0.000000000000000000e+00
-1.025238673828109768e+02 -1.025221462229896616e+02 1.337871131495047515e-02 6.794326346587127773e+04 0.000000000000000000e+00
-1.079816491690423277e+02 -1.079738855689297310e+02 1.731355486194759846e-02 2.378400700001759978e+05 0.000000000000000000e+00
-1.052548755982149800e+02 -1.052659885941633036e+02 1.447887192846245875e-02 6.760011119345999032e+04 0.000000000000000000e+00
-9.451655169531599654e+01 -9.447956291436025822e+01 2.470175184762914491e-02 6.743125219818018377e+04 0.000000000000000000e+00
-1.080056068478691458e+02 -1.079986131961710356e+02 1.093766744262877205e-02 6.729303297841909807e+04 0.000000000000000000e+00
-1.080188764571216780e+02 -1.080027982532329105e+02 2.192664258069727465e-02 2.354978580708937952e+05 0.000000000000000000e+00
-1.080999905902348956e+02 -1.080891896839594324e+02 1.934516638240299513e-02 2.349096271024727030e+05 0.000000000000000000e+00
-1.053463315144913679e+02 -1.053502698849277550e+02 8.715315384206535898e-03 6.678617719183267036e+04 0.000000000000000000e+00
-9.865718188931899135e+01 -9.869165096239784418e+01 2.191141946690504383e-02 6.661871814447401266e+04 0.000000000000000000e+00
-1.025711079062307647e+02 -1.025895384676997821e+02 3.209808478513705154e-02 2.331655601924362127e+05 0.000000000000000000e+00
-9.719200707923202742e+01 -9.717609485347810505e+01 2.657775270226592559e-02 6.631415418667405902e+04 0.000000000000000000e+00
-1.013813459661333809e+02 -1.012283587453350151e+02 3.420445694693436539e-02 2.320373809253391228e+05 0.000000000000000000e+00
-9.720275799996610999e+01 -9.719871026286517690e+01 2.998269078942900068e-02 2.320164729785005038e+05 0.000000000000000000e+00
-1.080520185502587935e+02 -1.080375665906173310e+02 1.434458971036345690e-02 2.314411387408818700e+05 0.000000000000000000e+00
-1.081161130611472743e+02 -1.081088674471445756e+02 1.934548287734775066e-02 2.308733706846763380e+05 0.000000000000000000e+00
-1.025946222980522151e+02 -1.026117485451981395e+02 1.967171538904476449e-02 2.303045167947156588e+05 0.000000000000000000e+00
-1.013902666352947932e+02 -1.012860099105909626e+02 4.534934283949577927e-02 2.297442758092689328e+05 0.000000000000000000e+00
-1.079133754797128688e+02 -1.079023643667082268e+02 1.871322725452556623e-02 2.294264035128001124e+05 0.000000000000000000e+00
-1.080014886603663058e+02 -1.079871042085254231e+02 1.677098960232600855e-02 2.288670668349136831e+05 0.000000000000000000e+00
-1.079212064924776939e+02 -1.078983835624883909e+02 1.982655187365719995e-02 2.283124630797637219e+05 0.000000000000000000e+00
-1.025392464579669394e+02 -1.025331238672039404e+02 1.466846840715554413e-02 2.277681181943464617e+05 0.000000000000000000e+00
-1.052747731533989253e+02 -1.052689970295668189e+02 1.438956657195980884e-02 6.472472803275227488e+04 0.000000000000000000e+00
-1.081185800832027155e+02 -1.081213288706763507e+02 1.375686436322881567e-02 6.456838161908439361e+04 0.000000000000000000e+00
-1.053214975605978339e+02 -1.053199229139222837e+02 1.179179218996385253e-02 6.441222862232346233e+04 0.000000000000000000e+00
-9.992373078072503745e+01 -9.993355821263067185e+01 1.565087340556218370e-02 6.425669036413504364e+04 0.000000000000000000e+00
-9.999388418543459522e+01 -1.000310775847239171e+02 3.303417423765590138e-02 6.410405926667903987e+04 0.000000000000000000e+00
-1.055455108980634691e+02 -1.055837565071243915e+02 3.915334529562898569e-02 9.491478715706365620e+03 0.000000000000000000e+00
-9.987499590186985188e+01 -9.986051294440464687e+01 1.942854066922346246e-02 2.275400828326714691e+05 0.000000000000000000e+00
-1.024776162947308364e+02 -1.024626032029563305e+02 2.357407700970935022e-02 2.270007398124022002e+05 0.000000000000000000e+00
-1.080740912572094317e+02 -1.080579448425336864e+02 1.671123840022856188e-02 2.264643003800664737e+05 0.000000000000000000e+00
-1.052026433870254323e+02 -1.051858987661181430e+02 2.042691921876037611e-02 6.409213022197178361e+04 0.000000000000000000e+00
-1.026264819667570123e+02 -1.026322836369430433e+02 1.186139253402895485e-02 6.394560230289069295e+04 0.000000000000000000e+00
-1.017461484513132888e+02 -1.017855672899745940e+02 3.000031508530811436e-02 6.379479380607275380e+04 0.000000000000000000e+00
-1.107332834724140014e+02 -1.107086015524377842e+02 1.866515248133934768e-02 2.243858232558070158e+05 0.000000000000000000e+00
-1.053045443972354605e+02 -1.053085644737272588e+02 1.757443101371010397e-02 2.238706354136218724e+05 0.000000000000000000e+00
-1.053373373701026736e+02 -1.053444883460187214e+02 1.262271847565430392e-02 6.337836842379637528e+04 0.000000000000000000e+00
-1.079631053077997223e+02 -1.079451545148282605e+02 1.866825550968493133e-02 2.228377256172816269e+05 0.000000000000000000e+00
-9.870442632795833049e+01 -9.861190302011597453e+01 3.521819714458141598e-02 2.223233530705209414e+05 0.000000000000000000e+00
-1.052735090373506210e+02 -1.052725232747212090e+02 8.913175735440379346e-03 6.296044742088968633e+04 0.000000000000000000e+00
-9.448222333009593399e+01 -9.446575247246383356e+01 2.875289560561490945e-02 2.215009970302990987e+05 0.000000000000000000e+00
-1.043576175771054722e+02 -1.044136522202032609e+02 2.501930175923029048e-02 6.271716306725494360e+04 0.000000000000000000e+00
-1.025112886181929497e+02 -1.024958128756040452e+02 1.826860366896787199e-02 2.204864004301347595e+05 0.000000000000000000e+00
-1.107690309462884244e+02 -1.107385717028892600e+02 2.086605583902658226e-02 2.199816043591687048e+05 0.000000000000000000e+00
