0.000000000000000000e+00 0.000000000000000000e+00 0.000000000000000000e+00 0.000000000000000000e+00 0.000000000000000000e+00
-1.012343998303972796e+02 -1.013839795953420975e+02 1.360918727987981691e-01 2.041773372042750634e+04 0.000000000000000000e+00
-9.941907949357448615e+01 -9.919062004158777768e+01 1.057031040521136389e-01 2.051700160673205755e+04 0.000000000000000000e+00
-1.053847849119450473e+02 -1.053456129773861392e+02 1.021195024679383556e-01 1.199873628375836852e+05 0.000000000000000000e+00
-1.052467839222591124e+02 -1.052601867355232628e+02 7.143673590382619565e-02 1.168722084035410808e+05 0.000000000000000000e+00
-1.079252656981733480e+02 -1.079442166357547137e+02 4.713457025634743003e-02 2.121447056147687908e+04 0.000000000000000000e+00
-1.025782585071212480e+02 -1.026537476100419752e+02 6.815795938695744238e-02 2.070362048421118743e+04 0.000000000000000000e+00
-9.443317740684365447e+01 -9.434294664676899345e+01 1.356968542855352122e-01 1.079832793496705563e+05 0.000000000000000000e+00
-1.080657536245408323e+02 -1.080521371865343525e+02 3.749986458203230510e-02 2.007358602679958130e+04 0.000000000000000000e+00
-1.107088043582057395e+02 -1.106857370573573718e+02 5.649305663800589100e-02 1.034510456817877421e+05 0.000000000000000000e+00
-1.106848423834178021e+02 -1.106913332872741620e+02 2.926724555317937460e-02 1.926396075262359955e+04 0.000000000000000000e+00
-1.053042212635948118e+02 -1.052974611090169077e+02 4.948261320342629138e-02 9.873064005590825400e+04 0.000000000000000000e+00
-1.013353377849770709e+02 -1.014202774204382820e+02 7.342471975628811487e-02 1.840523046790770240e+04 0.000000000000000000e+00
-1.079895608202048436e+02 -1.079762756174366984e+02 3.502523690046752125e-02 1.837361372272504741e+04 0.000000000000000000e+00
-9.995702359386409341e+01 -1.000622490784315346e+02 8.060375656805067457e-02 1.799413866066143237e+04 0.000000000000000000e+00
-1.079710344394295731e+02 -1.079729842293054389e+02 5.255359979732873721e-02 9.363356076596978528e+04 0.000000000000000000e+00
-9.803867185485653124e+01 -9.805345422547220835e+01 9.687034878830405593e-02 2.233240328117506579e+03 0.000000000000000000e+00
-9.989461307134271806e+01 -9.984279005349128511e+01 3.747316254511883632e-02 1.777734025568879952e+04 0.000000000000000000e+00
-1.113700091034561837e+02 1.738163364052286446e+08 3.244061086426105334e+01 1.772241677044808966e+04 0.000000000000000000e+00
-1.488775868735630065e+05 -5.144693577235067039e+01 3.471666777829556377e+05 9.562078641150088000e+16 0.000000000000000000e+00
-2.752129962638244033e+05 -2.791207917792727500e+01 1.633083432217273861e+06 1.259574041974876250e+15 0.000000000000000000e+00
-1.394169220358496532e+05 -5.607545594559516644e+01 2.576327090380421432e+05 9.232067488100276800e+16 0.000000000000000000e+00
-2.110472350515071303e+05 -2.205562666414586204e+01 6.517037355400972301e+05 9.104974789616052800e+16 0.000000000000000000e+00
-5.816200049890531227e+04 -4.485672561250386536e+01 2.043320008852913743e+05 9.290741681600440000e+15 0.000000000000000000e+00
-2.470420944868912920e+04 -4.067246798306404543e+01 2.000800103894194763e+05 9.137921850187518000e+15 0.000000000000000000e+00
-2.750324331940151751e+04 -6.216676182541440454e+01 1.057396674502639944e+05 8.979958030566672000e+15 0.000000000000000000e+00
-3.853756557091139257e+04 -5.258854771208054046e+01 1.417422686358432111e+05 8.834808584775381000e+15 0.000000000000000000e+00
-5.079924133142177016e+04 -5.459051219294735091e+01 1.115743088737259095e+05 8.358237865481019200e+16 0.000000000000000000e+00
-2.481094561937311664e+04 -4.165766570421817505e+01 1.060779939283854619e+05 8.552980428965090000e+15 0.000000000000000000e+00
-1.413194069332187064e+05 -3.308555684958555787e+01 8.049064136926867068e+05 1.077160442039445250e+15 0.000000000000000000e+00
-1.723287026587733999e+04 -5.400307859176555780e+01 5.968076723686092737e+04 8.284567860384116000e+15 0.000000000000000000e+00
-3.854369189916644245e+03 -4.540321246731275551e+01 6.139870790585842042e+04 8.161716131188750000e+15 0.000000000000000000e+00
-2.329613095550471917e+04 -5.798973290591305840e+01 7.992650010023056529e+04 7.726867281492939200e+16 0.000000000000000000e+00
-5.110850341256847605e+05 -3.265776162528469229e+01 3.077496136423361022e+06 1.013835539989927875e+15 0.000000000000000000e+00
-1.207508744507757947e+05 -5.348230634739316258e+01 1.654115898776354443e+05 7.549858896483033600e+16 0.000000000000000000e+00
-4.205563678657822311e+04 -5.299914262768302819e+01 1.123536376799547434e+05 7.484153699961500800e+16 0.000000000000000000e+00
-3.027564594534588978e+05 -1.974143311502407627e+01 1.227427876694007544e+06 9.700208505523558750e+14 0.000000000000000000e+00
-4.088774313412560150e+04 -3.251547283108224207e+01 1.633187850953229063e+05 7.468656549444099000e+15 0.000000000000000000e+00
-3.104169652766687796e+04 -6.326010227106549166e+01 8.034939688333059894e+04 7.180749818290172000e+16 0.000000000000000000e+00
-1.269088409225186333e+05 -5.265194762227005043e+01 4.327632198364766082e+05 9.317744041824006250e+14 0.000000000000000000e+00
-9.112751687818532810e+04 -4.551374534129418947e+01 2.722949337200757000e+05 9.200631658534972500e+14 0.000000000000000000e+00
-5.322566911888588220e+04 -3.654041136560774561e+01 1.515122069867528335e+05 7.079469348436721000e+15 0.000000000000000000e+00
-1.807779480630904436e+04 -4.845283424530464345e+01 5.784022916820918908e+04 6.995066978975099000e+15 0.000000000000000000e+00
-5.733045152104180306e+04 -4.490393983686453083e+01 2.766162774859127821e+05 8.850255680038418750e+14 0.000000000000000000e+00
-5.207569948264863342e+03 -4.869717415055671950e+01 3.047115575830781017e+04 6.819116701854152000e+15 0.000000000000000000e+00
-2.978234613263513893e+04 -5.400376472988998700e+01 1.587856150547903089e+05 8.626525658522756250e+14 0.000000000000000000e+00
-1.012365137592330575e+05 -4.319469163701046455e+01 6.665524959921878763e+05 8.519980779544522500e+14 0.000000000000000000e+00
-2.525905157687282190e+04 -5.539409050181406968e+01 1.007090517879916879e+05 8.415212412297686250e+14 0.000000000000000000e+00
-1.744124974751425907e+04 -5.308013306955046318e+01 5.404818509380943578e+04 6.296423023374942400e+16 0.000000000000000000e+00
-2.985463026430085301e+04 -5.844648397294227493e+01 5.646483493230504246e+04 6.407150539671944000e+15 0.000000000000000000e+00
-1.616104806716227904e+04 -5.231116290142522729e+01 5.734411208218395768e+04 6.148537858245952000e+16 0.000000000000000000e+00
-1.904038368974137120e+04 -5.960634457265869912e+01 5.743683069516551041e+04 6.271846355704488000e+15 0.000000000000000000e+00
-1.137159038078528829e+04 -6.809014436629394140e+01 5.689022310937983275e+04 6.004208670700218400e+16 0.000000000000000000e+00
-1.100335113141126931e+04 -6.354431471936765519e+01 2.098741815147662783e+04 6.132335071912235000e+15 0.000000000000000000e+00
-6.812912988588237204e+04 -1.039080501368508536e+01 3.540954377572368248e+05 6.069165582692935000e+15 0.000000000000000000e+00
-1.699644243277190253e+04 -4.601058560815542364e+01 5.645297701690928079e+04 5.798792197346839200e+16 0.000000000000000000e+00
-5.136332872536033392e+03 -4.354611288211590647e+01 4.098063368260545394e+04 5.735005645997186400e+16 0.000000000000000000e+00
-2.644152478659851477e+04 -5.165317511091443947e+01 6.952511870492350135e+04 5.670792908693210400e+16 0.000000000000000000e+00
-4.851091933928895742e+03 -5.491359188883944853e+01 3.362217492898293858e+04 5.611974983644016800e+16 0.000000000000000000e+00
-2.606474271317967214e+04 -6.767236536650482037e+01 5.559502659882551234e+04 5.550513245123240800e+16 0.000000000000000000e+00
-1.249366333964327350e+04 -4.961842552008205587e+01 3.382314449359531864e+04 5.494883813383999200e+16 0.000000000000000000e+00
-8.533853877210058272e+03 -5.678908266089737822e+01 2.347107084639489403e+04 5.636994698846325000e+15 0.000000000000000000e+00
-1.857501112844389863e+05 -4.533618468436134918e+00 7.885551881795957452e+05 7.124278176807453750e+14 0.000000000000000000e+00
-6.737185563459526747e+03 -7.210282873709722651e+01 1.854656626488151960e+04 5.522608511959221000e+15 0.000000000000000000e+00
-3.830413547886535525e+03 -4.427911604120696865e+01 3.707012591797355708e+04 5.467924379144048000e+15 0.000000000000000000e+00
-5.394906866680132225e+03 -5.150519998591715165e+01 4.845895974223827943e+04 5.213616201088048800e+16 0.000000000000000000e+00
-3.452226616258732975e+03 -5.529834918459406623e+01 2.320790189663874480e+04 5.357928451074862000e+15 0.000000000000000000e+00
-8.586555223041679710e+03 -7.041230946868378737e+01 2.075191154554625609e+04 5.304409230231610000e+15 0.000000000000000000e+00
-1.166822878303516190e+05 -4.531476310889907211e+01 2.298702686763328966e+05 5.057565898142812000e+16 0.000000000000000000e+00
-2.398314079803181812e+03 -5.017377677667683855e+01 1.821699211961870242e+04 5.206018923181870000e+15 0.000000000000000000e+00
-3.323322409265674651e+03 -5.735563389919697386e+01 1.591007677800481906e+04 5.155309818171113000e+15 0.000000000000000000e+00
-6.195486273128772154e+03 -4.353951684804012956e+01 2.123663946159191255e+04 5.105964226297575000e+15 0.000000000000000000e+00
-3.926939489884069189e+03 -6.330900800044017984e+01 1.442427979692470944e+04 5.058808938472433000e+15 0.000000000000000000e+00
-2.003445273000048473e+03 -3.605202733410946081e+01 3.394365556911092426e+04 5.011637291127928000e+15 0.000000000000000000e+00
-5.902023220437113196e+03 -5.189209587193862916e+01 3.764005309715373005e+04 4.782695543733540800e+16 0.000000000000000000e+00
-9.291056443151785061e+03 -5.751451951873071522e+01 4.214933300524236984e+04 4.738246925806820800e+16 0.000000000000000000e+00
-9.226991966431029141e+03 -4.456496529727346712e+01 4.176599555134506954e+04 4.694953178279048800e+16 0.000000000000000000e+00
-6.676378082134062424e+03 -6.186699189105146246e+01 2.622300774746137904e+04 4.828686367556065000e+15 0.000000000000000000e+00
-1.539934511780506000e+03 -5.109789894746464967e+01 1.242706435611068082e+04 4.786459222447181000e+15 0.000000000000000000e+00
-5.654558762741275132e+03 -6.268582675686376149e+01 1.751341072134210845e+04 4.743492213208955000e+15 0.000000000000000000e+00
-3.049671771225752309e+03 -6.180421793553355059e+01 1.475348662697501823e+04 4.702839446817665000e+15 0.000000000000000000e+00
-5.176744792974554002e+03 -3.650657514149713023e+01 6.019651342012634996e+04 4.488203745045604800e+16 0.000000000000000000e+00
-3.264398268790449947e+03 -5.247194852519569963e+01 1.264868983013894831e+04 4.621003718268670000e+15 0.000000000000000000e+00
-7.876816627268213779e+03 -5.900972540501307861e+01 1.972940494505118841e+04 5.861632703702341250e+14 0.000000000000000000e+00
-6.332359856429276988e+03 -5.692916089265432333e+01 2.801472223215899794e+04 4.372286040986233600e+16 0.000000000000000000e+00
-1.483010383950243704e+04 -7.421400960442001349e+01 3.957273825532382762e+04 4.335201295631093600e+16 0.000000000000000000e+00
-4.129867616877425462e+03 -7.041703113987784945e+01 1.778659835849351657e+04 4.465701871272724000e+15 0.000000000000000000e+00
-2.705643408515257761e+03 -5.497608650392478324e+01 1.609115490251244046e+04 4.428998555473776500e+15 0.000000000000000000e+00
-7.403574751484207809e+03 -6.086242390008180791e+01 1.968479204090387066e+04 4.392469524345252500e+15 0.000000000000000000e+00
-3.549098142564529553e+03 -6.310756500668558999e+01 1.331923498237169406e+04 4.358581316241720000e+15 0.000000000000000000e+00
-6.264268654092913494e+03 -7.275461889010978211e+01 1.267480533265535450e+04 4.323572396279527500e+15 0.000000000000000000e+00
-3.752016605890821666e+02 -5.691906573759042942e+01 1.077691962906302069e+04 4.290703986181955500e+15 0.000000000000000000e+00
-2.028349674548488110e+03 -3.923186815025162133e+01 1.570388066708564475e+04 4.256116181497681000e+15 0.000000000000000000e+00
-2.306652501735370606e+03 -4.855191384151641643e+01 2.179291434550585109e+04 4.060114873540636800e+16 0.000000000000000000e+00
-8.758997846914222464e+03 -6.144402097040640598e+01 3.319291308242180821e+04 4.027927916286549600e+16 0.000000000000000000e+00
-6.070771890989365056e+04 -1.550326033744922327e+01 2.583551877390701557e+05 5.325288980503089375e+14 0.000000000000000000e+00
-4.367120945719978772e+04 -1.691052082199733775e+01 1.633300097557590925e+05 5.286054468583320625e+14 0.000000000000000000e+00
-2.270430014150356874e+04 -2.943432206923696626e+01 7.260309093272095197e+04 5.248038086860033125e+14 0.000000000000000000e+00
-3.340323516489472240e+03 -5.755534754239428707e+01 3.278983597998022742e+04 4.062895832045092000e+15 0.000000000000000000e+00
-1.287908241324615665e+04 -5.402807346696485524e+01 4.624401065947807365e+04 5.172592086328931875e+14 0.000000000000000000e+00
-8.771756490163505077e+03 -6.711686709938163631e+01 5.937441513893962110e+04 5.136240951105343750e+14 0.000000000000000000e+00
-3.222167749195126817e+03 -5.174259992627589355e+01 1.548860955097188889e+04 3.972529864727364000e+15 0.000000000000000000e+00
-2.320397706111660227e+03 -5.368840388831414856e+01 9.980069181717552055e+03 3.943351813774362500e+15 0.000000000000000000e+00
-3.032390220959903672e+03 -5.747829644062056786e+01 1.242403200182321780e+04 3.914451886999651000e+15 0.000000000000000000e+00
-8.130717406014679000e+03 -3.478441007585630018e+01 8.227967658426651906e+04 4.986761955489454375e+14 0.000000000000000000e+00
-2.974313232552492991e+03 -6.479649253822884702e+01 1.196124800981390763e+04 3.858531552816723000e+15 0.000000000000000000e+00
-2.588619534697849303e+03 -4.852968133269700246e+01 1.837969542314980208e+04 3.831027008417770500e+15 0.000000000000000000e+00
-2.319914715614868328e+03 -6.508489401167240374e+01 1.002820520485285670e+04 3.803718590117576500e+15 0.000000000000000000e+00
-3.272552486614789814e+03 -5.976054834476467903e+01 1.344993868775268129e+04 3.776842563585658500e+15 0.000000000000000000e+00
-3.566435524347936735e+03 -5.237247300263318550e+01 1.940867754761945253e+04 3.750559440051851000e+15 0.000000000000000000e+00
-4.018403874173294753e+03 -4.616718347368978215e+01 2.102971494643174810e+04 3.577405042823556000e+16 0.000000000000000000e+00
-6.708351028188969940e+04 -1.361271442766250139e+01 4.056380319320994895e+05 4.745147116372321875e+14 0.000000000000000000e+00
-2.939909108889987692e+03 -6.542787699308648541e+01 2.107921228569737286e+04 4.713185957808100000e+14 0.000000000000000000e+00
-2.970833560164086521e+03 -6.740727190960316761e+01 1.055461125465379700e+04 3.647867117174220500e+15 0.000000000000000000e+00
-6.336973160338820890e+03 -5.007413299466129786e+01 4.143599625532901700e+04 4.649479303726051250e+14 0.000000000000000000e+00
-2.542973974741296843e+03 -5.407465642334839373e+01 1.440569746655917879e+04 4.618596575638521875e+14 0.000000000000000000e+00
-1.103593570864060894e+03 -5.485066421362921574e+01 1.730354664266155669e+04 3.574668258249215000e+15 0.000000000000000000e+00
-5.980943795806495473e+03 -2.864987194044589103e+01 2.634558017457620008e+04 3.550723787226909500e+15 0.000000000000000000e+00
-1.816435439420631155e+03 -6.073179516711508796e+01 1.757252997158607104e+04 4.528356412839987500e+14 0.000000000000000000e+00
-1.605643113078875467e+04 -3.844295422373931359e+01 7.410004885456290503e+04 4.498702410548228125e+14 0.000000000000000000e+00
-6.024724694266216829e+03 -6.773448886167290084e+01 2.146889851285750410e+04 4.470591450374110625e+14 0.000000000000000000e+00
-4.172719973368803039e+03 -5.022084796180880772e+01 3.601842400518900831e+04 4.443419566022920625e+14 0.000000000000000000e+00
-3.950827313376823440e+03 -6.842207416891719163e+01 1.070526770523402047e+04 4.414989237626109375e+14 0.000000000000000000e+00
-1.218105167145142332e+03 -5.538021466999099118e+01 1.386656217013953028e+04 3.415735490005990000e+15 0.000000000000000000e+00
-3.218059096729615703e+03 -5.077453488109296131e+01 1.297433347635255086e+04 3.393901968442878500e+15 0.000000000000000000e+00
-1.592399224998196587e+03 -5.621479713549253887e+01 1.050662727648439250e+04 3.372717848867879000e+15 0.000000000000000000e+00
-3.179980615450767800e+03 -6.103731817905252655e+01 1.295203720074152807e+04 4.306282195267094375e+14 0.000000000000000000e+00
-3.184356287944829091e+03 -5.754909359754548603e+01 1.553249197557919251e+04 4.280523667871702500e+14 0.000000000000000000e+00
-1.724575778814963996e+03 -5.614405728729114742e+01 7.810077409800293026e+03 4.254773141088360000e+14 0.000000000000000000e+00
-2.090818103816825897e+03 -7.038957268895471486e+01 9.523101291275446783e+03 4.229063486153612500e+14 0.000000000000000000e+00
-6.731465432851109654e+02 -5.079871109820950892e+01 9.411001372993356199e+03 3.268896281026492000e+15 0.000000000000000000e+00
-2.268858172202249989e+03 -5.699577996288712001e+01 8.220205127544682910e+03 3.248863506561515000e+15 0.000000000000000000e+00
-6.402068019222933799e+02 -5.873690358940056910e+01 8.733593417994030460e+03 3.229305118591983000e+15 0.000000000000000000e+00
-2.836723574012517929e+03 -6.254974666599401445e+01 1.448298452035458104e+04 4.128002723752136250e+14 0.000000000000000000e+00
-7.573983492441475391e+02 -3.738776603239247009e+01 9.269842123773965795e+03 3.190567196227804000e+15 0.000000000000000000e+00
-3.429197769824066199e+03 -4.041589883818257789e+01 2.883868864768156709e+04 4.079417152904315625e+14 0.000000000000000000e+00
-1.380195021592779085e+03 -5.414846425223587545e+01 7.036620313494606307e+03 3.153208875890242500e+15 0.000000000000000000e+00
-6.580558318373048678e+03 -6.228638290566527047e+01 1.999706333451531464e+04 4.031791510163466250e+14 0.000000000000000000e+00
-3.739373094961978495e+03 -5.302981421901804282e+01 9.907367369695450179e+03 3.116513196482381500e+15 0.000000000000000000e+00
-5.334018819392658770e+02 -5.903268845453334990e+01 1.414622326557608176e+04 3.098898435240841000e+15 0.000000000000000000e+00
-3.123240870889858343e+03 -6.202742364169932898e+01 1.201599064497948166e+04 3.080893238055173500e+15 0.000000000000000000e+00
-6.658652134685544297e+03 -6.536073929489916168e+01 2.292713256022706628e+04 3.941293199930408125e+14 0.000000000000000000e+00
-6.585881280625471845e+02 -5.524308249904526491e+01 8.631542039581285280e+03 3.920416271055575000e+14 0.000000000000000000e+00
-1.105524390757433139e+03 -4.543738192586303626e+01 9.018805912702908245e+03 3.028710184760280000e+15 0.000000000000000000e+00
-5.078651690134429373e+03 -7.792472740475503201e+01 1.376532508919502834e+04 3.876093956695571875e+14 0.000000000000000000e+00
-2.468885637033497915e+03 -6.893130862294343331e+01 1.413791294166332591e+04 3.856683127271604375e+14 0.000000000000000000e+00
-7.142857102141715586e+02 -5.497685913247367751e+01 1.040531298561658514e+04 3.835592598444536875e+14 0.000000000000000000e+00
-2.422330753137567081e+04 -5.044163105019251248e+01 6.790701345025538467e+04 2.840511848223059200e+16 0.000000000000000000e+00
-2.006740958622423932e+03 -5.493676981472320620e+01 1.458578089952299524e+04 3.793108116117828750e+14 0.000000000000000000e+00
-1.166024105449207127e+03 -5.550344702989927725e+01 9.683999934782135824e+03 3.772502850897976875e+14 0.000000000000000000e+00
-1.153826566112693399e+02 -5.796741517157079215e+01 5.613885614617351166e+03 3.751996672873439375e+14 0.000000000000000000e+00
-8.644257645097095519e+02 -5.679868679193990744e+01 5.219976799115312133e+03 3.731524652986003750e+14 0.000000000000000000e+00
-3.977071721295826137e+03 -5.744515291077976826e+01 1.367127390786679825e+04 2.881465746619178000e+15 0.000000000000000000e+00
-6.363107745537185110e+03 -3.321954469546928834e+01 3.051583732537105971e+04 3.691669735441313125e+14 0.000000000000000000e+00
-8.774109871984692290e+02 -6.256040751433572922e+01 9.227143085744030031e+03 2.851112116078951000e+15 0.000000000000000000e+00
-1.929031887948396616e+03 -7.547871466165852894e+01 1.189104689374200825e+04 3.653088243614301875e+14 0.000000000000000000e+00
-2.297518374142469838e+03 -4.248080594792347142e+01 1.395629850815177997e+04 3.634074659140706875e+14 0.000000000000000000e+00
-1.325154876912361942e+03 -3.814839474036722322e+01 1.556173197215399523e+04 3.615306185071240625e+14 0.000000000000000000e+00
-1.445069586841505952e+03 -5.172097318216619044e+01 9.521452923163942614e+03 2.791509367466023500e+15 0.000000000000000000e+00
-5.881876882583077531e+04 -3.798240470619010267e+01 3.425467460267038550e+05 3.577630540434456250e+14 0.000000000000000000e+00
-3.440757244987762533e+03 -6.882303163391743794e+01 6.582129072154922142e+03 3.559612124015166250e+14 0.000000000000000000e+00
-1.458415773190069012e+04 -5.877567492581101050e+01 2.822092875519425070e+04 2.637114775352027600e+16 0.000000000000000000e+00
-4.730548946308088489e+03 -3.899982789322624654e+01 2.799921722162943843e+04 3.525807801753600625e+14 0.000000000000000000e+00
-9.019311534027801827e+02 -5.950010781575998919e+01 6.917564194893051535e+03 3.508203675437301250e+14 0.000000000000000000e+00
-1.090982548726256937e+03 -5.578027624100477766e+01 9.482673517699557124e+03 2.706585632366056000e+15 0.000000000000000000e+00
-3.486996915294555947e+03 -6.688986626303405103e+01 8.689729137690774223e+03 3.472807865631627500e+14 0.000000000000000000e+00
-1.192182765970006585e+03 -5.261477404729784269e+01 7.417195881060659303e+03 3.457168978970420625e+14 0.000000000000000000e+00
-3.134074326626607217e+03 -5.380627644960566869e+01 2.003496328740058016e+04 3.440077156769624375e+14 0.000000000000000000e+00
-7.748406460445839912e+02 -6.383628869720786270e+01 4.192447536892942480e+03 3.423241129567826250e+14 0.000000000000000000e+00
-8.758459850976942107e+02 -3.788322360291466140e+01 1.116200709236811235e+04 3.406388113751184375e+14 0.000000000000000000e+00
-6.896567687774542719e+03 -2.525950029740599234e+01 4.819159195880416519e+04 3.389615444908131875e+14 0.000000000000000000e+00
-1.344999619364156388e+03 -7.380905253688491996e+01 8.168888484685637195e+03 3.373250160675906875e+14 0.000000000000000000e+00
-6.466534449201310053e+03 -4.739619630063897660e+01 1.719716110214581204e+04 2.496571654890224400e+16 0.000000000000000000e+00
-1.070735484953620471e+03 -6.145633888323554572e+01 5.195569065222293830e+03 3.340684138153954375e+14 0.000000000000000000e+00
-2.553787005764781497e+03 -5.906130568038572903e+01 8.424754092121484064e+03 3.324758545159838750e+14 0.000000000000000000e+00
-1.820097406254499219e+03 -3.621019137512983121e+01 1.305029901580078695e+04 3.309694830821110625e+14 0.000000000000000000e+00
-1.255434542677830905e+03 -6.716561019733717330e+01 8.560266168967466001e+03 3.294048808190393125e+14 0.000000000000000000e+00
-2.929625822387402877e+03 -5.439787531476135030e+01 1.117201307813501808e+04 2.538827207191026000e+15 0.000000000000000000e+00
-9.945677510858513415e+02 -5.152087089558219901e+01 6.380959015575394915e+03 2.527002196711696000e+15 0.000000000000000000e+00
-3.463744882388738915e+03 -5.004032412553112863e+01 1.335645617700740149e+04 2.413968249057894800e+16 0.000000000000000000e+00
-1.138038565355935134e+03 -5.651098329728753811e+01 5.664324177832744681e+03 3.232452060998658750e+14 0.000000000000000000e+00
-7.403339453778462484e+02 -5.651668388021938938e+01 9.500241051045179120e+03 2.491540600904465500e+15 0.000000000000000000e+00
-8.821472939640516415e+02 -6.460504313628375428e+01 8.330243174879198705e+03 3.202650953145149375e+14 0.000000000000000000e+00
-8.911336801558500156e+02 -5.718391661336444542e+01 5.064071561788160579e+03 3.187861267259085000e+14 0.000000000000000000e+00
-1.258316219140775502e+03 -6.265631129895839990e+01 6.698321742501441804e+03 3.173302101352050625e+14 0.000000000000000000e+00
-2.894815950729767792e+03 -7.081421264994912690e+01 8.622017251268835025e+03 3.158965276836888750e+14 0.000000000000000000e+00
-1.161440315689775161e+03 -4.128627454604477265e+01 1.792945432237830755e+04 3.145609088775930000e+14 0.000000000000000000e+00
-1.483368688948918134e+03 -5.749577383759471161e+01 6.226777664800717503e+03 2.423957927783855500e+15 0.000000000000000000e+00
-1.171342122569796629e+03 -6.394793067534869380e+01 5.950314512332792219e+03 3.117129417646136250e+14 0.000000000000000000e+00
-3.973029053786653094e+03 -4.449479093912103167e+01 2.926410786939959507e+04 3.103298066670636250e+14 0.000000000000000000e+00
-1.966565503815305419e+03 -6.640496806447737299e+01 7.196910852096370036e+03 3.089572015184755625e+14 0.000000000000000000e+00
-2.593983996453462169e+03 -6.276258832751605610e+01 7.821921070484935626e+03 2.380612526175727000e+15 0.000000000000000000e+00
-3.678463783662300557e+02 -5.738982923928959679e+01 6.237575084208246153e+03 3.062657366735693125e+14 0.000000000000000000e+00
-2.273156690092873760e+03 -4.434991289939878811e+01 1.243533184063859335e+04 2.359703542135285000e+15 0.000000000000000000e+00
-1.984702755464240909e+02 -6.440952208244905819e+01 6.315211423871778607e+03 3.035642572996293125e+14 0.000000000000000000e+00
-2.482165134062001016e+04 -3.587564531828338232e+01 2.956719768410617326e+04 2.244455554712314400e+16 0.000000000000000000e+00
-6.937131927637383342e+02 -5.857008637591199118e+01 4.583309844258663361e+03 3.009584192478566875e+14 0.000000000000000000e+00
-1.041126889858860523e+03 -6.175732351276632670e+01 3.424936272185661892e+03 2.996564829861823750e+14 0.000000000000000000e+00
-1.085796263193362392e+03 -4.156140740206612350e+01 1.644315490498342479e+04 2.983841616022514375e+14 0.000000000000000000e+00
6.918486250123241916e+02 -5.705218001450227661e+01 1.138062886202308437e+04 2.300247155847837000e+15 0.000000000000000000e+00
-1.026989414100418799e+03 -4.598122341069220909e+01 8.661180490747556178e+03 2.958563932496615000e+14 0.000000000000000000e+00
-9.114696833704365417e+02 -5.767860152195234491e+01 5.521304686763053724e+03 2.945997607304185625e+14 0.000000000000000000e+00
-1.784177027901052497e+03 -3.971174338897685629e+01 1.099651639232525849e+04 2.271221185810327000e+15 0.000000000000000000e+00
-1.492536520108697005e+03 -3.926731293993211125e+01 5.863851317185361040e+03 2.261642272228709000e+15 0.000000000000000000e+00
-1.875314066812745295e+03 -4.048814113970021822e+01 1.415622598481962632e+04 2.908931530729403125e+14 0.000000000000000000e+00
-1.273883275634492747e+03 -4.832492649116478844e+01 9.099694648358148697e+03 2.896859353581588125e+14 0.000000000000000000e+00
-1.763440107210772112e+02 -6.011720633153301208e+01 8.253333196273222711e+03 2.884872192646566250e+14 0.000000000000000000e+00
-2.262657518245512620e+03 -6.166306848739901625e+01 1.262166463868958817e+04 2.223941296829999250e+15 0.000000000000000000e+00
-8.310469661247916520e+02 -5.054810571018718690e+01 6.811793018752628996e+03 2.214794635305108500e+15 0.000000000000000000e+00
-3.511143113005673513e+02 -5.539967012848258321e+01 4.926006851103677946e+03 2.849085917128946250e+14 0.000000000000000000e+00
-6.067793051479384303e+02 -4.779279936152591546e+01 3.089697094572512015e+03 2.837347472474956250e+14 0.000000000000000000e+00
-2.662414516094489954e+03 -3.111127023513364165e+01 1.572161323120724592e+04 2.099069859729733600e+16 0.000000000000000000e+00
3.342623800215078518e+02 -5.994432374366068217e+01 3.544879251127611042e+03 2.814227117292510625e+14 0.000000000000000000e+00
-2.954007760486681946e+03 -5.108704981610723195e+01 2.965801556620855263e+04 2.802799385214539688e+14 0.000000000000000000e+00
-8.550622561193304136e+02 -4.268195657185584935e+01 5.427107262815006834e+03 2.160953483178950750e+15 0.000000000000000000e+00
3.496033172188326716e+02 -5.373711599415624107e+01 3.110629984571577552e+03 2.780248574471877500e+14 0.000000000000000000e+00
-8.109205068926094100e+02 -5.549234106155765289e+01 6.433799464293627352e+03 2.769101042293080312e+14 0.000000000000000000e+00
-1.015580328686744906e+03 -4.838664333870342205e+01 5.328820979009718940e+03 2.134980048746534250e+15 0.000000000000000000e+00
-8.511625122259138152e+02 -6.313693106644132769e+01 3.902755498329237071e+03 2.747101044062635938e+14 0.000000000000000000e+00
-7.489183780873427168e+02 -6.253075760679180206e+01 4.868468338986309391e+03 2.736331802817165000e+14 0.000000000000000000e+00
-1.157765247625997290e+03 -6.682643745143403180e+01 5.427190850744667841e+03 2.109604443573123000e+15 0.000000000000000000e+00
-6.791264564180746675e+02 -5.495751966955935330e+01 5.471031528952653389e+03 2.101308317225483500e+15 0.000000000000000000e+00
8.594316913288785145e+02 -5.830816947775484493e+01 7.694306811331683093e+03 2.704148390858077188e+14 0.000000000000000000e+00
-1.943537572000641376e+02 -6.549606409081519587e+01 3.964733637811062181e+03 2.085107523381121750e+15 0.000000000000000000e+00
-2.966616717980941758e+02 -6.068337414806121899e+01 2.904422362634542878e+03 2.683149303322741250e+14 0.000000000000000000e+00
-1.901354882757412270e+03 -4.468867635722739351e+01 1.074859547913192728e+04 2.672736348997967188e+14 0.000000000000000000e+00
-3.823521584580885246e+02 -5.727123563633823977e+01 4.863025439682918659e+03 2.662628666912909062e+14 0.000000000000000000e+00
-3.388917291918769479e+02 -5.552526956692263838e+01 8.650311973460384252e+03 2.053074042754499750e+15 0.000000000000000000e+00
-1.598967841318226419e+03 -4.288047341269313506e+01 1.514693630659116934e+04 2.642200931782324062e+14 0.000000000000000000e+00
-9.070139138328377157e+02 -6.608078832330707542e+01 4.605219315744387131e+03 2.632189414023563750e+14 0.000000000000000000e+00
-1.144781352168065496e+03 -4.365202150689304261e+01 9.322443996953374153e+03 2.622295498042399688e+14 0.000000000000000000e+00
-1.635308002480654977e+03 -4.103838143970114061e+01 9.680853804794978714e+03 2.612438415462643125e+14 0.000000000000000000e+00
-1.020665479624876752e+03 -4.491377053832954402e+01 6.221875389589277802e+03 2.602768638127429688e+14 0.000000000000000000e+00
-2.462248818959342316e+02 -5.041958261337938296e+01 7.037417039174289130e+03 2.006638189467086750e+15 0.000000000000000000e+00
-1.678319206640706398e+03 -4.118073767017332898e+01 1.607923651221302316e+04 2.583444872582948125e+14 0.000000000000000000e+00
-2.271728854145621881e+03 -6.616796277047214403e+01 6.184660174334867406e+03 1.991622365875037000e+15 0.000000000000000000e+00
-7.574269444311503321e+02 -5.376032508837504764e+01 5.881390341888093644e+03 1.984344357184147500e+15 0.000000000000000000e+00
-4.332225995163898915e+02 -5.220902996750132274e+01 4.845493722415585580e+03 2.554758715947571875e+14 0.000000000000000000e+00
-2.308686904735048302e+03 -7.485230795005179516e+01 5.851210756477304130e+03 2.545334639780041250e+14 0.000000000000000000e+00
4.813953795935958624e+00 -6.330355844310410873e+01 1.084508189961487005e+04 1.962498149394601250e+15 0.000000000000000000e+00
-3.772384296988602728e+02 -5.196809546231000354e+01 4.347509129879816101e+03 2.527431759818240312e+14 0.000000000000000000e+00
-2.868493550719460472e+03 -6.939687575170944456e+01 5.600319529041242276e+03 1.948122462090106000e+15 0.000000000000000000e+00
-2.080135794196045026e+03 -6.915156224117262695e+01 3.374193465403674509e+03 2.509121329962894688e+14 0.000000000000000000e+00
-6.765497609367594123e+02 -6.223957142838997925e+01 3.975872375245698549e+03 2.501013644892788125e+14 0.000000000000000000e+00
3.631594061818905175e+02 -5.927929553786289318e+01 3.565318566815466966e+03 2.492043831771026250e+14 0.000000000000000000e+00
8.727834932541009039e+01 -6.304910830873004812e+01 2.564394942976140101e+03 2.483097499862616875e+14 0.000000000000000000e+00
-6.545704230433329940e+00 -6.622725800156509024e+01 2.552819284634887481e+03 2.474181322629952812e+14 0.000000000000000000e+00
-1.368782552830642089e+03 -5.234049876468328932e+01 3.278371568715321700e+03 1.906742414750519250e+15 0.000000000000000000e+00
-8.788393884981051087e+02 -5.113334729024280989e+01 5.131021524485849113e+03 1.899991697642759750e+15 0.000000000000000000e+00
-9.251663277555489913e+02 -6.443347553622479040e+01 4.298309963236618387e+03 1.893251945389743250e+15 0.000000000000000000e+00
6.335146868616575375e+02 -5.942158359878345664e+01 3.860628803831912137e+03 2.439134142412701562e+14 0.000000000000000000e+00
6.460833073194371536e+02 -6.382251291953235750e+01 3.122517747455730841e+03 2.430629871188199375e+14 0.000000000000000000e+00
-3.562964184184093028e+02 -6.072558189206100110e+01 4.232181770398814479e+03 2.422205981431758750e+14 0.000000000000000000e+00
-1.159651842202234548e+04 -1.012496439696169759e+01 2.574912214727032188e+04 1.867130441727380750e+15 0.000000000000000000e+00
2.730327018572716042e+02 -5.455332954797511746e+01 3.532288922102381548e+03 2.405303355985083125e+14 0.000000000000000000e+00
-1.022786386001249775e+04 -3.567954692304402187e+01 3.868105073871297645e+04 2.396954173829882188e+14 0.000000000000000000e+00
-1.799067778094438836e+03 -4.505905549418667988e+01 1.144366954993084073e+04 1.848827348296057750e+15 0.000000000000000000e+00
-1.337405993700376712e+03 -4.404904449061786664e+01 5.183020947705766048e+03 1.842492951328852250e+15 0.000000000000000000e+00
-6.373944421380292624e+01 -6.547714454357559077e+01 6.338274921565893237e+03 1.836190038128788000e+15 0.000000000000000000e+00
-3.066386573177180253e+03 -4.158021552258043130e+01 1.155257355791482223e+04 1.754059845657078400e+16 0.000000000000000000e+00
-2.355570445355609991e+04 -2.917698311158729041e+01 1.204508680898031453e+06 1.033369390981760156e+14 0.000000000000000000e+00
-7.343271311627468094e+02 -5.377987376236470851e+01 3.429005585478222201e+03 2.348762193690965312e+14 0.000000000000000000e+00
-2.855492042546393350e+02 -4.586881777359686652e+01 4.193811623200738723e+03 2.340886545138173125e+14 0.000000000000000000e+00
-1.150710682569770142e+03 -4.715750792080333298e+01 4.631550656435881137e+03 1.806694764934155500e+15 0.000000000000000000e+00
-2.119761805309681222e+03 -6.189299649975958317e+01 4.502638783297288683e+03 1.800628431584304750e+15 0.000000000000000000e+00
-2.202722998638171703e+03 -6.462648948201828603e+01 6.104838957930649485e+03 1.794694657665074500e+15 0.000000000000000000e+00
-3.512490404253127053e+03 -4.603643823146573055e+01 1.029618555604416360e+04 1.788800812417666000e+15 0.000000000000000000e+00
-1.447813845155760646e+02 -6.111007418187423212e+01 5.202965512702376145e+03 2.302146877997358438e+14 0.000000000000000000e+00
-2.484695849864277989e+03 -7.469983984145626721e+01 6.741266009482184927e+03 1.777242597458808250e+15 0.000000000000000000e+00
-1.236448925523436628e+03 -5.597700275603639852e+01 3.112139688989911519e+03 1.771491822913737250e+15 0.000000000000000000e+00
3.507263483745045960e+02 -5.604650483313375275e+01 3.883816258545681649e+03 2.279359835086719062e+14 0.000000000000000000e+00
-9.082957437862642109e+02 -5.661627745912664977e+01 4.911743670236681282e+03 1.759850040423372500e+15 0.000000000000000000e+00
1.265371960556250997e+03 -5.753218353155516951e+01 8.681623221889429260e+03 2.264413101691861250e+14 0.000000000000000000e+00
1.330654317300650291e+03 -4.877092671934526180e+01 4.192494625354215714e+03 2.257123799116566562e+14 0.000000000000000000e+00
-9.453523077709833160e+02 -4.551382608887855952e+01 5.154631278448654484e+03 2.250102896545058438e+14 0.000000000000000000e+00
-5.642918173358775675e+02 -7.396003368300281977e+01 4.285068283898423942e+03 2.242897676140712812e+14 0.000000000000000000e+00
-2.281886688934639096e+03 -3.015711161784786754e+01 2.089860832414196557e+04 2.235666198519179375e+14 0.000000000000000000e+00
-6.549133614803315140e+03 -4.900383166002986712e+01 1.174909888866080837e+04 1.655783106355853200e+16 0.000000000000000000e+00
-1.325299846012610942e+03 -4.617827294931844762e+01 6.565448229682544479e+03 1.721047554301528500e+15 0.000000000000000000e+00
-6.278722576459404081e+02 -5.503193474087375847e+01 4.681636113743753413e+03 2.214271508127619688e+14 0.000000000000000000e+00
1.924635893785161898e+02 -5.399766719764854628e+01 5.816420768773980853e+03 1.710060019533364000e+15 0.000000000000000000e+00
-3.217436092945514247e+03 -4.455409698966259668e+01 1.023709530888765039e+04 1.634798035456054600e+16 0.000000000000000000e+00
-8.639253256168449298e+02 -4.785457219298054099e+01 4.562830994467658456e+03 1.699199397619745250e+15 0.000000000000000000e+00
-5.109162590501364321e+01 -5.889763248397456863e+01 2.039438464398546557e+03 2.186324793498358438e+14 0.000000000000000000e+00
-1.709613253249437548e+03 -3.886766321862553042e+01 1.210939178027726484e+04 2.179411974186370000e+14 0.000000000000000000e+00
3.663379096584394574e+02 -7.004995005967107602e+01 4.015513600564561330e+03 2.172660933074079375e+14 0.000000000000000000e+00
-1.930128937009023502e+03 -4.381427123054287165e+01 8.208554474139647937e+03 1.678018101098821250e+15 0.000000000000000000e+00
-1.313248591562849469e+03 -3.802976611785961580e+01 8.000317851185986910e+03 2.159128584499407188e+14 0.000000000000000000e+00
-1.112395407535380218e+04 -4.156547773897642628e+01 1.487517646432447509e+04 1.667641830716875750e+15 0.000000000000000000e+00
6.800477021231781691e+02 -6.593355679460812269e+01 3.661571781482961342e+03 2.145959669922497500e+14 0.000000000000000000e+00
1.044812442135415040e+03 -5.998326165216015937e+01 2.293858282716272242e+03 2.139406621225515312e+14 0.000000000000000000e+00
-4.912580387127818540e+02 -5.852518921914862204e+01 5.807994751186534813e+03 2.133091719318305000e+14 0.000000000000000000e+00
2.861097660422092304e+02 -5.120380545599559952e+01 5.221181177596147791e+03 2.126536004415830000e+14 0.000000000000000000e+00
-1.036847198742674664e+03 -4.490144257458569399e+01 1.023317875781785915e+04 2.120011454565998125e+14 0.000000000000000000e+00
-2.589537964273476973e+02 -4.690738837653152160e+01 3.993661036247382981e+03 2.113564739231210938e+14 0.000000000000000000e+00
-2.039711603395291604e+03 -6.028534332144415231e+01 8.639516628518353173e+03 1.634374574631324750e+15 0.000000000000000000e+00
-1.960027784967445768e+03 -5.795201659023908292e+01 7.080536412245114661e+03 1.629474640449133250e+15 0.000000000000000000e+00
-1.082794865596573800e+03 -3.662669189896266175e+01 8.214187757518942817e+03 2.094321238828068438e+14 0.000000000000000000e+00
4.713892871083226055e+01 -5.916300999000031879e+01 3.451789554625796427e+03 2.088059271193680312e+14 0.000000000000000000e+00
-1.077381277384702116e+02 -4.874075472244385310e+01 2.977424803089758825e+03 2.081758179368855000e+14 0.000000000000000000e+00
-6.209230963905574754e+02 -5.240939877659450730e+01 5.655286684075164885e+03 2.075493498844120938e+14 0.000000000000000000e+00
1.461541753709316254e+02 -5.563924322513754817e+01 3.833437575263538747e+03 2.069302716746659375e+14 0.000000000000000000e+00
7.302788828150951304e+02 -5.973653228361450829e+01 4.732137947678833370e+03 2.063119725397563125e+14 0.000000000000000000e+00
-4.035985654772957787e+02 -4.740845773608051417e+01 3.763039052950503446e+03 2.057054695986899688e+14 0.000000000000000000e+00
5.040192186920321546e+02 -6.114353921952688609e+01 4.975552265881738094e+03 2.050960633672294062e+14 0.000000000000000000e+00
-7.127282901952276006e+01 -4.366556479953163006e+01 4.546178180026668997e+03 2.044923179990062188e+14 0.000000000000000000e+00
5.088999969623400830e+02 -5.424715009666755350e+01 7.812286267087742090e+03 2.038878153373206250e+14 0.000000000000000000e+00
-1.969568966377817560e+03 -5.163825291237828452e+01 8.078565089510953840e+03 1.577319511700494250e+15 0.000000000000000000e+00
4.728624958955333568e+02 -6.237303517623062987e+01 3.964600391119383858e+03 2.026923479824245625e+14 0.000000000000000000e+00
8.208314165563788265e+02 -5.113649217922976931e+01 3.707169660892086085e+03 2.021031217797176250e+14 0.000000000000000000e+00
-1.968295184198650531e+02 -6.035031562394869553e+01 4.519763340939042791e+03 2.015256277166320938e+14 0.000000000000000000e+00
-2.956148829532496165e+03 -4.768526918235114920e+01 8.627503449543262832e+03 1.493781271686439200e+16 0.000000000000000000e+00
-1.012668053449131548e+03 -4.500763028724011861e+01 4.802457560702836417e+03 1.554716188153820750e+15 0.000000000000000000e+00
-3.315255936637404375e+02 -5.118950444839941127e+01 5.325070092190913783e+03 1.997753099113303750e+14 0.000000000000000000e+00
4.195843225832213648e+02 -5.307950044285625069e+01 3.900931406720373161e+03 1.991993352485692812e+14 0.000000000000000000e+00
-1.293453834643296432e+03 -3.550720353961263953e+01 1.032154528645246137e+04 1.986293126732482188e+14 0.000000000000000000e+00
-4.990775667779962532e+02 -6.672116607307559377e+01 5.075797933345869751e+03 1.537054095637082250e+15 0.000000000000000000e+00
1.186250769086414948e+03 -5.565879456853546969e+01 3.723826111031289201e+03 1.975006075467724375e+14 0.000000000000000000e+00
-1.040412918177840766e+03 -3.872623104379213288e+01 6.703138114001514623e+03 1.969620594167365938e+14 0.000000000000000000e+00
7.225227505725342780e+00 -5.598175096727624123e+01 4.981431025929745374e+03 1.524072358764943750e+15 0.000000000000000000e+00
-1.045471121324400883e+03 -4.819236744974855924e+01 8.262649189471443606e+03 1.958538176159175312e+14 0.000000000000000000e+00
-9.795217775757191703e+01 -5.019443324943711104e+01 3.004946879607141454e+03 1.953057104049409688e+14 0.000000000000000000e+00
7.007729571999516338e+02 -5.344843604865618403e+01 2.994314465649272279e+03 1.947544671040168750e+14 0.000000000000000000e+00
-9.323091125328792259e+02 -5.129769326927841888e+01 4.933106545120935152e+03 1.507301758619947000e+15 0.000000000000000000e+00
-4.822066219311091118e+02 -5.635986308086207686e+01 3.307372737500702442e+03 1.503086937609242500e+15 0.000000000000000000e+00
7.035933878979412839e+02 -7.234323517304291329e+01 3.407702344726082174e+03 1.931309144492684062e+14 0.000000000000000000e+00
-4.017673423758242279e+02 -5.211297560662089268e+01 5.699488659916632969e+03 1.926023936376028438e+14 0.000000000000000000e+00
7.223827952845022082e+01 -4.302558407365368254e+01 6.536948506931687007e+03 1.920676764745813125e+14 0.000000000000000000e+00
3.256347348176059313e+02 -5.243976903148941204e+01 3.255331253372206447e+03 1.915346985976610312e+14 0.000000000000000000e+00
-7.971233512203325517e+02 -5.388333699132813592e+01 2.919962907721444935e+03 1.482473152799615000e+15 0.000000000000000000e+00
-3.120483858842635527e+01 -5.836285100180167262e+01 3.433963841623823100e+03 1.904839255738355000e+14 0.000000000000000000e+00
-2.143270625480858143e+03 -4.661306395798863633e+01 5.069167714038991107e+03 1.474347637517801500e+15 0.000000000000000000e+00
-5.753597412439994514e+02 -6.777797656329759945e+01 3.267520022606886869e+03 1.894395671623170000e+14 0.000000000000000000e+00
-5.880933953627187293e+03 -5.608966215908077402e+01 2.908669433589537512e+05 8.272640195929050000e+13 0.000000000000000000e+00
-3.064373731118976139e+02 -4.445365311415093146e+01 3.516159416144816532e+03 1.884103966432807812e+14 0.000000000000000000e+00
-1.352050067728909198e+03 -6.156590525490094024e+01 5.083661170882905026e+03 1.458416753413065000e+15 0.000000000000000000e+00
2.927948064974567387e+03 -4.741137561067851180e+01 5.182356123140444652e+03 1.454492798485528750e+15 0.000000000000000000e+00
-1.405279574295505881e+03 -4.775473019109593054e+01 6.453447629406114174e+03 1.450754046384201750e+15 0.000000000000000000e+00
7.238033779922989197e+02 -4.908328702072616778e+01 4.915031715149227239e+03 1.864128836932260000e+14 0.000000000000000000e+00
-1.244960246665868908e+02 -6.244210098477370252e+01 4.816550779484628947e+03 1.859176056393049688e+14 0.000000000000000000e+00
-1.217832749756518751e+03 -7.163569438280380552e+01 3.134400780122276956e+03 1.854182388131832812e+14 0.000000000000000000e+00
-8.230000958529999480e+02 -6.568691666821391095e+01 4.862872418885851403e+03 1.435436118573382250e+15 0.000000000000000000e+00
2.963764935983694158e+03 -5.114565160873370075e+01 2.666665741892505594e+03 1.844508578887751562e+14 0.000000000000000000e+00
-1.602706589180044830e+03 -5.656319165508315194e+01 3.609553653953146750e+03 1.429201800842182750e+15 0.000000000000000000e+00
-9.625283998410450295e+02 -7.275864022052363111e+01 5.573878737941169675e+03 1.836459732214374375e+14 0.000000000000000000e+00
2.853900132971466519e+02 -6.839244289390178722e+01 2.983531552555709823e+03 1.831671356035652188e+14 0.000000000000000000e+00
-1.337931625735596754e+03 -5.750754102026920123e+01 3.177896919270747730e+03 1.417934675603591500e+15 0.000000000000000000e+00
-1.043651942738040816e+03 -5.660985448413678967e+01 3.674623578017595264e+03 1.414233988617022750e+15 0.000000000000000000e+00
-2.693614075390819926e+04 2.006003374380161119e+01 1.570632651086174184e+06 7.947033222358485938e+13 0.000000000000000000e+00
-1.230310709044861142e+03 -6.283935636390177137e+01 2.703297707941886256e+04 7.926231583887262500e+13 0.000000000000000000e+00
-1.082817493587284116e+04 -1.837192984658880945e+01 3.839644498022255138e+05 7.905574298491225000e+13 0.000000000000000000e+00
-1.574886828913685167e+04 -5.867221917966182865e+00 8.188287593555245548e+05 7.884984788271675000e+13 0.000000000000000000e+00
-5.029807508297380991e+02 -4.822070499434784807e+01 5.624498930896276761e+03 1.807999008818060312e+14 0.000000000000000000e+00
-8.012862782574549783e+03 -7.430794786308709376e+01 2.032815078242646705e+05 7.844134779555396875e+13 0.000000000000000000e+00
-6.221320923194522038e+03 -4.371471687912244874e+01 4.460555942265970516e+05 7.823891488909817188e+13 0.000000000000000000e+00
-5.471425179122015834e+02 -4.885847620071560016e+01 3.367345647878421005e+03 1.794061308415046875e+14 0.000000000000000000e+00
-5.047989402911567595e+03 -2.948137433327189783e+01 3.589348609832749353e+05 7.783665389873623438e+13 0.000000000000000000e+00
-9.525609379636240192e+03 -4.409843671609565519e+01 4.503259835437028669e+05 7.763710832247065625e+13 0.000000000000000000e+00
5.716556062613381073e+01 -6.016443406097365454e+01 1.481219051924227188e+03 1.780555008437555000e+14 0.000000000000000000e+00
1.630178298813989386e+02 -5.188071007153283887e+01 1.931157385633019658e+03 1.776007551387293438e+14 0.000000000000000000e+00
-6.457085290816979250e+04 8.021067296920390888e+00 1.076049143105191179e+05 1.771489629255008125e+14 0.000000000000000000e+00
-3.058535854134068359e+03 -5.307559404327758301e+01 1.474018151337901072e+05 7.684889499235887500e+13 0.000000000000000000e+00
-1.347676140291284537e+04 -3.899747744435735086e+01 5.699854282539557898e+05 7.665441386561803125e+13 0.000000000000000000e+00
1.230378875409369357e+02 -5.366786283785742739e+01 3.346472994923284659e+03 1.759939732133373438e+14 0.000000000000000000e+00
-1.439656478105194401e+04 1.158262362966214454e+01 1.010920797868663911e+06 7.626825734461010938e+13 0.000000000000000000e+00
-4.652168405889533460e+02 -6.899587042540252924e+01 5.153766245883614829e+03 1.751385789559479688e+14 0.000000000000000000e+00
1.099513459553127177e+02 -5.871429133767845343e+01 4.232447190115666672e+03 1.747004032334395625e+14 0.000000000000000000e+00
-1.159201814949046820e+03 -4.942023665394485477e+01 4.864125402691923227e+03 1.742632197237618750e+14 0.000000000000000000e+00
4.514891266410122626e+02 -6.404682983925557949e+01 4.608451771460292548e+03 1.738410914244136250e+14 0.000000000000000000e+00
-3.255802523646096233e+03 -3.900839285892087105e+01 1.106806127071709307e+04 1.734107840147281250e+14 0.000000000000000000e+00
-7.197816230647731572e+01 -4.996683527181081530e+01 3.849579228957285977e+03 1.730122493406243125e+14 0.000000000000000000e+00
-1.531711521435668692e+04 -3.105350412057300957e+01 1.198034695529141754e+04 1.532311625090898500e+15 0.000000000000000000e+00
-2.699393356884829700e+03 -4.293741251654650171e+01 7.614224123676332965e+03 1.722053133212721875e+14 0.000000000000000000e+00
-4.797191808914241847e+03 -3.976173556102288842e+01 2.369294709061389731e+05 7.457755243321284375e+13 0.000000000000000000e+00
-1.238975722866290016e+04 5.018346675661220502e+00 1.075913176721485332e+06 7.439437078346667188e+13 0.000000000000000000e+00
4.978659523820620961e+03 -6.288333534613259701e+01 3.073896147302171357e+03 1.709942517160935000e+14 0.000000000000000000e+00
-1.450587584614148363e+04 -3.906789661912778655e+01 5.430005092868505744e+05 7.403085890877985938e+13 0.000000000000000000e+00
-1.969641122053435538e+03 -7.144790342023206620e+01 4.626710795611266803e+04 7.385034655142146875e+13 0.000000000000000000e+00
-3.530534219668945298e+03 -4.292965350298894833e+01 1.304198319229510234e+05 7.367098539849323438e+13 0.000000000000000000e+00
-3.296249553064699285e+02 -6.729370871254920417e+01 4.574045555261108348e+03 1.697645896375941562e+14 0.000000000000000000e+00
-1.638320314733602572e+03 -4.595772410887703785e+01 1.439049178259726614e+04 1.693535502844083438e+14 0.000000000000000000e+00
-4.785909087898477446e+04 1.309626620302162703e+00 4.623457817321509356e+04 1.689487692950545938e+14 0.000000000000000000e+00
3.078487019690219313e+02 -7.048861254264103593e+01 6.858197713022921562e+03 1.689716163912078125e+14 0.000000000000000000e+00
-2.034252907967718784e+03 -4.626339071796146385e+01 4.306583823069908249e+03 1.685655891477993750e+14 0.000000000000000000e+00
-5.329809918068931438e+03 -2.107490960754345366e+01 3.244270397270781104e+05 7.261106455503843750e+13 0.000000000000000000e+00
-4.761159132646862417e+03 -5.263165676775151525e+01 2.765243369042582344e+05 7.243736175843910938e+13 0.000000000000000000e+00
-1.677857845528342295e+03 -4.544089058131481096e+01 2.555636415969935570e+03 1.675916438544821562e+14 0.000000000000000000e+00
-5.660424420748255216e+03 -2.032796961212523712e+01 2.912308083080811193e+05 7.209245178192731250e+13 0.000000000000000000e+00
-1.576317659134336282e+03 -4.955192947424449557e+01 7.405674116668503848e+04 7.192126041506956250e+13 0.000000000000000000e+00
1.811738248352776282e+02 -7.256352514147869215e+01 2.958799441902541730e+03 1.665026444745826250e+14 0.000000000000000000e+00
-7.677108087112719659e+03 -2.385378487992805940e+00 4.632989157044854364e+05 7.158138146035728125e+13 0.000000000000000000e+00
2.906836986465496011e+02 -5.718639741172002999e+01 2.086410210494289458e+03 1.657183434000416562e+14 0.000000000000000000e+00
-4.341327607413986698e+02 -4.936488978713941123e+01 5.908757075050106323e+03 1.653300035766645000e+14 0.000000000000000000e+00
4.134958141871611588e+02 -6.176047154696072283e+01 1.918082133342951693e+03 1.649423457617709375e+14 0.000000000000000000e+00
-7.147280937163915951e+03 -4.902167278175323162e+01 1.181495103042220398e+04 1.475085160338416000e+15 0.000000000000000000e+00
-1.025706998512032442e+02 -5.835108895431235254e+01 3.951264689300939153e+03 1.641749287383533438e+14 0.000000000000000000e+00
-2.122028757503721863e+03 -3.308639777600447474e+01 1.570593696051721636e+05 7.058022912323843750e+13 0.000000000000000000e+00
-1.060931491410592571e+02 -5.350524947960823852e+01 2.181976216665459560e+03 1.634108437359545312e+14 0.000000000000000000e+00
-1.099210322345606983e+02 -6.269748294343713013e+01 2.656078990691213676e+03 1.630310970712795625e+14 0.000000000000000000e+00
1.088902304222574458e+02 -5.820478012544667479e+01 4.296981584625815231e+03 1.626531020437412188e+14 0.000000000000000000e+00
