0.000000000000000000e+00 0.000000000000000000e+00 0.000000000000000000e+00 0.000000000000000000e+00 0.000000000000000000e+00
-1.054467975867038518e+02 -1.053632856609402211e+02 6.475761599549095804e-02 9.880603030671503802e+04 0.000000000000000000e+00
-1.035564153605332365e+02 -1.035786692891460916e+02 5.022588258818194706e-02 1.988079553651731112e+04 0.000000000000000000e+00
-9.887170807065915312e+01 -9.867486907568169840e+01 1.323753693698562217e-01 1.941561400209553540e+04 0.000000000000000000e+00
-1.001446494771344788e+02 -1.000051979831099800e+02 1.429322234229806476e-01 9.382976176072229282e+04 0.000000000000000000e+00
-1.053186626486660202e+02 -1.053297162635936672e+02 5.093537322178575549e-02 1.956197952815254393e+04 0.000000000000000000e+00
-1.079991315065270499e+02 -1.079510282050936780e+02 6.364276881171104794e-02 9.098466600692857173e+04 0.000000000000000000e+00
-1.080921384656133171e+02 -1.080646556309281152e+02 4.292491079030665013e-02 8.926091925407685630e+04 0.000000000000000000e+00
-1.025980841780461787e+02 -1.025227664618445118e+02 8.731457252087573839e-02 8.737373957246202917e+04 0.000000000000000000e+00
-1.079814341183077033e+02 -1.079797573729484554e+02 5.260150991617062316e-02 8.615793140743076219e+04 0.000000000000000000e+00
-1.045033377740271732e+02 -1.044140663938625835e+02 6.645184159865973050e-02 8.428622720989584923e+04 0.000000000000000000e+00
-1.080065631339058854e+02 -1.080640578014532167e+02 3.521841047459034479e-02 2.007891414497221922e+04 0.000000000000000000e+00
-9.991121060239477458e+01 -9.989313655755253762e+01 7.358117483581948226e-02 8.215519089968378830e+04 0.000000000000000000e+00
-1.054011547847082255e+02 -1.053297731323294641e+02 7.458704092109526285e-02 8.051949625159069546e+04 0.000000000000000000e+00
-9.717656594920249802e+01 -9.713297500995058442e+01 6.751221932435795547e-02 7.951905558047354862e+04 0.000000000000000000e+00
-1.032693306625874072e+02 -1.031923987931396880e+02 6.058270296648540776e-02 7.819992947297937644e+04 0.000000000000000000e+00
-9.437141724574296120e+01 -9.433879076336182834e+01 8.944038045090357825e-02 1.923789648111554925e+04 0.000000000000000000e+00
-1.026493488357572801e+02 -1.026558658926580421e+02 5.400610864103826819e-02 7.605496247326361481e+04 0.000000000000000000e+00
-1.025319964731396993e+02 -1.024785556672769644e+02 7.229874228640890965e-02 7.465266073525456886e+04 0.000000000000000000e+00
-9.991995756360581993e+01 -9.987005727285254864e+01 3.849458773760493918e-02 7.360777680298232008e+04 0.000000000000000000e+00
-1.000007666494972369e+02 -9.996112954853548160e+01 3.609396342445195943e-02 7.267684716415205912e+04 0.000000000000000000e+00
-1.079823032792363335e+02 -1.079914660675492826e+02 2.322032183806987948e-02 7.164466595030471217e+04 0.000000000000000000e+00
-9.986061508256324259e+01 -9.982568913903496366e+01 2.265964158582980947e-02 1.761555472051524703e+04 0.000000000000000000e+00
-9.380002704417124448e+01 -9.370404811306953263e+01 7.766603032608256074e-02 6.931804301657085307e+04 0.000000000000000000e+00
-1.080142540992729465e+02 -1.080210077173562411e+02 3.111010642431118189e-02 6.898949420434447529e+04 0.000000000000000000e+00
-1.053129402185925159e+02 -1.053180474889062452e+02 2.885802055152752316e-02 1.785331687170025907e+04 0.000000000000000000e+00
-1.107051723305761612e+02 -1.107191248051266541e+02 3.311838800990651865e-02 6.692027493326924741e+04 0.000000000000000000e+00
-1.052657025125152899e+02 -1.052711905471301037e+02 2.002515315366629883e-02 6.588907277884910582e+04 0.000000000000000000e+00
-1.081790726329592189e+02 -1.081729508451906270e+02 2.754883256407006376e-02 1.701816517586819828e+04 0.000000000000000000e+00
-1.052971679368047546e+02 -1.053168920128904062e+02 2.115292376005374272e-02 1.675779766189004658e+04 0.000000000000000000e+00
-1.106980135410996553e+02 -1.107155345938776776e+02 2.740480715552955429e-02 6.296377000821979891e+04 0.000000000000000000e+00
-1.019119330840099309e+02 -1.018788283874886957e+02 5.932386803414790855e-02 6.207003701051191456e+04 0.000000000000000000e+00
-1.042908619956950105e+02 -1.042540340240779244e+02 5.991993632289697308e-02 6.125399898752915033e+04 0.000000000000000000e+00
-1.053033943732467179e+02 -1.053162406548521659e+02 4.199756417672404624e-02 6.047682466150340042e+04 0.000000000000000000e+00
-1.080235698090373972e+02 -1.080281845281159292e+02 2.347641590835197051e-02 5.963216312898107572e+04 0.000000000000000000e+00
-1.054363656554416622e+02 -1.054065931687756716e+02 3.815442910478900052e-02 5.879543912219480262e+04 0.000000000000000000e+00
-1.079565929096789318e+02 -1.079700120266282397e+02 2.783101584375995488e-02 5.808053253435539955e+04 0.000000000000000000e+00
-1.107341673764952219e+02 -1.107451231070882756e+02 2.355527371032242745e-02 5.730837318625670741e+04 0.000000000000000000e+00
-1.062695883652314848e+02 1.122742626790641546e+09 2.512106077960081052e+01 5.655074525557224115e+04 0.000000000000000000e+00
-8.799620965990331024e+05 -3.458016759318581279e+01 5.963343090690506622e+06 2.487985021616938000e+16 0.000000000000000000e+00
-7.289710655801389366e+05 -4.487986230393930498e+01 1.063885281552000903e+06 1.572053960514452480e+17 0.000000000000000000e+00
-2.965559120489377528e+05 -5.403729779151203871e+01 6.774655476295214612e+05 1.472760539744201216e+18 0.000000000000000000e+00
-2.896029546778984368e+05 -4.404468736392372819e+01 1.444044014174470445e+06 2.393906743434924400e+16 0.000000000000000000e+00
-4.040394889190979302e+05 -4.355330341364918212e+01 2.373010321918730624e+06 2.364895124120550000e+16 0.000000000000000000e+00
-7.697522997912019491e+05 -5.061064021503359101e+01 2.428080756930600852e+06 2.336410409012154000e+16 0.000000000000000000e+00
-3.445682776060160249e+05 -5.934109351855536119e+01 5.513271334218131378e+05 1.402937526386091520e+18 0.000000000000000000e+00
-1.184536402800250798e+05 -5.555431565351968004e+01 3.080657297061932622e+05 1.471634785925148800e+17 0.000000000000000000e+00
-1.725551477656997740e+05 -5.241979630043239524e+01 4.376463755682176561e+05 1.373980242782016768e+18 0.000000000000000000e+00
-1.825010130913261324e+06 -1.350977507127580601e+01 1.131541481972345337e+07 2.230783225483774000e+16 0.000000000000000000e+00
-1.315817576426342130e+05 -5.293917561457235621e+01 3.210571549322073697e+05 1.422992053683896640e+17 0.000000000000000000e+00
-2.395052799434140325e+05 -5.759738338518169343e+01 5.633371570095386123e+05 1.328447002932959744e+18 0.000000000000000000e+00
-6.065943157155402005e+05 -3.435988970685635735e+01 2.157372121702713426e+06 2.156774038830890000e+16 0.000000000000000000e+00
-5.919214731524698436e+04 -5.046228946425276973e+01 3.918969118478797027e+05 1.378545032247789600e+17 0.000000000000000000e+00
-4.440953719147853553e+04 -5.438692947743921025e+01 2.408890435040866723e+05 1.363383563540480640e+17 0.000000000000000000e+00
-3.657589347510784864e+05 -5.246459193685824118e+01 1.522800944271207787e+06 1.348658381717663520e+17 0.000000000000000000e+00
-1.303544243889413774e+05 -6.274419046782605847e+01 2.775581294267863268e+05 1.257849019486333696e+18 0.000000000000000000e+00
-3.491980020290426910e+04 -5.261626198586927927e+01 1.744748054830979672e+05 1.320405075708739680e+17 0.000000000000000000e+00
-4.716341509932838380e+04 -4.619067199980797511e+01 2.462984375719163218e+05 1.306611599858289920e+17 0.000000000000000000e+00
-4.077509921608492732e+04 -4.885517281466295714e+01 2.290143742141750408e+05 1.218948045673320960e+18 0.000000000000000000e+00
-9.403112203381955624e+04 -5.533628930736247042e+01 2.618413101527136168e+05 1.279749571679266560e+17 0.000000000000000000e+00
-1.249598759428467602e+05 -6.448604218523503562e+01 2.671912077608242398e+05 1.193760580485568512e+18 0.000000000000000000e+00
-6.793537691051699221e+04 -5.367170360961685560e+01 2.438804879789747356e+05 1.182460282632741376e+18 0.000000000000000000e+00
-2.196532865892387927e+05 -5.665098701159443095e+01 7.860947996966802748e+05 1.921930989893396800e+16 0.000000000000000000e+00
-8.601304286299273372e+03 -4.775863137181200102e+01 3.848848979284282541e+05 1.231600324008075840e+17 0.000000000000000000e+00
-8.796515202433057129e+04 -6.245200998994700115e+01 2.429249581923274673e+05 1.147381521542783104e+18 0.000000000000000000e+00
-4.134118449365347624e+04 -5.619636057454491151e+01 1.709187560930098698e+05 1.207514462455200480e+17 0.000000000000000000e+00
-7.865428955291584134e+04 -4.397828377410846201e+01 4.231979390953314141e+05 1.196169324413359680e+17 0.000000000000000000e+00
-4.126982297813333571e+04 -6.758954994714805764e+01 1.121698885919720633e+05 1.184954483787889760e+17 0.000000000000000000e+00
-5.052139208805188537e+04 -5.866317556950276924e+01 1.382945580809428939e+05 1.174352538558696960e+17 0.000000000000000000e+00
-3.111030956241488457e+04 -5.085252892630112598e+01 1.109153853186099295e+05 1.164092356369248320e+17 0.000000000000000000e+00
-7.748165600369870663e+04 -5.563966933136757831e+01 2.727651209228969528e+05 1.153543446057317280e+17 0.000000000000000000e+00
-3.150165310117974877e+04 -5.645210165760188659e+01 1.382738830934496073e+05 1.143520549612140000e+17 0.000000000000000000e+00
-1.869573301460780203e+04 -4.879536091350241378e+01 1.423800517652755661e+05 1.133276958052169120e+17 0.000000000000000000e+00
-5.643654375171661377e+04 -5.918763397939186177e+01 1.834359004098044243e+05 1.053614123531594368e+18 0.000000000000000000e+00
9.872184189055114985e+02 -5.602653125916892662e+01 9.658289239503543649e+04 1.112858023913639520e+17 0.000000000000000000e+00
-2.529736601909808815e+04 -5.653956850162901304e+01 1.168724060953354492e+05 1.102837439614906400e+17 0.000000000000000000e+00
-4.604622085472941399e+04 -5.093470767686927303e+01 1.934875176885815745e+05 1.093248631046831040e+17 0.000000000000000000e+00
-6.351916840109787881e+04 -5.973671176018697082e+01 1.381384396292366146e+05 1.016576430772084992e+18 0.000000000000000000e+00
-3.178057855825871229e+04 -6.043017559374489878e+01 9.406342314057218027e+04 1.074590350821921760e+17 0.000000000000000000e+00
-1.774135202728398144e+04 -3.510141698928213572e+01 1.697386380421429058e+05 1.065728141120386080e+17 0.000000000000000000e+00
-2.178416785738430917e+04 -5.692440174042302914e+01 1.219170302368214907e+05 1.056614886794661120e+17 0.000000000000000000e+00
-3.360499659963324666e+04 -5.590305886082875730e+01 1.290518035248624365e+05 9.822271088833990400e+17 0.000000000000000000e+00
-3.062140960274077952e+04 -6.222266347255643382e+01 7.935930008483337588e+04 1.038886372391360800e+17 0.000000000000000000e+00
-2.431645272446237504e+04 -6.356737921321537499e+01 1.406808801585385518e+05 1.030648537819289120e+17 0.000000000000000000e+00
-1.889245917333848774e+04 -4.398169759240174415e+01 1.187947202843793930e+05 1.022235730633175840e+17 0.000000000000000000e+00
-9.361938604256138206e+03 -6.335234592819197985e+01 7.784827574145591643e+04 1.013912931104483200e+17 0.000000000000000000e+00
-4.736604250910319388e+04 -6.634008754129368413e+01 1.224046781883968506e+05 1.005648768947094880e+17 0.000000000000000000e+00
-1.808251091808825731e+04 -4.467815489534370954e+01 1.172017802339114860e+05 9.981995843624179200e+16 0.000000000000000000e+00
-9.065539351122453809e+03 -5.400844106318510285e+01 1.286178574224300246e+05 9.902633596096313600e+16 0.000000000000000000e+00
-5.466805923452600837e+03 -6.188930075185237456e+01 9.883208284712434397e+04 9.823710231717675200e+16 0.000000000000000000e+00
-5.002508753499761224e+04 -5.833276003951571909e+01 1.904288847356802144e+05 9.745901707607512000e+16 0.000000000000000000e+00
-2.244047857193276286e+04 -6.267957670500360479e+01 6.856238049610925373e+04 9.673407137601718400e+16 0.000000000000000000e+00
-1.851866258435137570e+04 -6.972817498980806761e+01 1.569459518657783046e+05 9.600465729415129600e+16 0.000000000000000000e+00
-1.639022975041158497e+04 -5.412423713751480392e+01 1.200816704586490232e+05 9.526839132488300800e+16 0.000000000000000000e+00
-1.646525935740023851e+04 -6.439556474245945594e+01 6.476817313672380260e+04 9.454379961477593600e+16 0.000000000000000000e+00
-9.247850635999813676e+03 -5.737738987939655289e+01 1.379411079595821211e+05 9.383669456958848000e+16 0.000000000000000000e+00
-1.293244405589438975e+04 -5.797789390256485831e+01 7.242141662525112042e+04 9.312827188567628800e+16 0.000000000000000000e+00
-3.700196564324945211e+04 -5.477208911702425098e+01 1.457641633353640209e+05 8.647789075412107520e+17 0.000000000000000000e+00
-2.036501381846144795e+04 -6.193481380921888757e+01 8.638596456765633775e+04 9.174754739076569600e+16 0.000000000000000000e+00
-1.342964506669249386e+04 -6.779954409747398358e+01 6.309489497186308290e+04 9.108514934860614400e+16 0.000000000000000000e+00
-1.614132543386612087e+04 -5.884461689391507377e+01 1.697986767918961705e+05 9.042478657530857600e+16 0.000000000000000000e+00
-2.721661589195299894e+04 -5.814693287829926760e+01 8.791687797329250316e+04 8.976952076523454400e+16 0.000000000000000000e+00
-1.185342156854271889e+04 -4.773909262116936247e+01 9.579960469319639378e+04 8.914820187258715200e+16 0.000000000000000000e+00
-6.086120261825621128e+03 -6.503477372243548871e+01 4.616121525130868395e+04 8.851190345922891200e+16 0.000000000000000000e+00
-1.506777407232206315e+04 -5.891433117660766783e+01 4.795628713981187320e+04 8.788200242139528000e+16 0.000000000000000000e+00
-3.909693198542203754e+04 -7.257441776279941337e+01 1.329740390603604901e+05 8.727135719098835200e+16 0.000000000000000000e+00
-1.562431113500148058e+04 -5.004400433233034562e+01 8.603151629173854599e+04 8.669228744501372800e+16 0.000000000000000000e+00
3.258012958121486008e+03 -5.265328108486602332e+01 5.410733612899604486e+04 8.609527315871854400e+16 0.000000000000000000e+00
-1.698410890287160873e+04 -6.865006881821987861e+01 7.091964634099217074e+04 8.549820178012704000e+16 0.000000000000000000e+00
-1.771298048151936382e+04 -7.299811686371103292e+01 5.956526455699968938e+04 8.492110191037030400e+16 0.000000000000000000e+00
-1.413888039951492101e+04 -5.572752483407796120e+01 7.099482873110413493e+04 8.435477213197216000e+16 0.000000000000000000e+00
6.384842329993844032e+02 -5.878894274273510945e+01 5.438622141869064217e+04 8.378966983845921600e+16 0.000000000000000000e+00
2.229054813343100250e+03 -5.497307082959923719e+01 7.868885186295567837e+04 8.322375307782577600e+16 0.000000000000000000e+00
-5.840619779697619379e+03 -6.380643538334027909e+01 4.640882817359700857e+04 8.266561025108366400e+16 0.000000000000000000e+00
-4.824811936022713780e+03 -6.118775966671760358e+01 6.107992807235760120e+04 8.211639730007817600e+16 0.000000000000000000e+00
1.410141108744777739e+03 -6.204189567477841649e+01 3.702359784900221712e+04 8.157376716179107200e+16 0.000000000000000000e+00
-1.927938042124360800e+04 -5.465302809010739082e+01 1.368485765464532597e+05 8.103741406143571200e+16 0.000000000000000000e+00
-5.215178615486249328e+03 -5.456464086231138566e+01 5.202872217198387079e+04 8.051527651491467200e+16 0.000000000000000000e+00
-3.773927681831642985e+03 -5.957669804168196492e+01 5.327068040197574010e+04 7.999390348373862400e+16 0.000000000000000000e+00
-2.519173054833523929e+04 -5.525694507528573496e+01 1.595881341206778889e+05 1.231120279758025400e+16 0.000000000000000000e+00
-2.327297682967036963e+03 -5.388379116105388533e+01 4.464384670644951257e+04 7.897425186135924800e+16 0.000000000000000000e+00
-6.375207473728805780e+03 -6.161322569505239954e+01 3.224903043232494383e+04 7.847166042467022400e+16 0.000000000000000000e+00
-2.591503551322966814e+03 -4.888621557630822423e+01 4.824359755261398823e+04 7.797738078140627200e+16 0.000000000000000000e+00
-1.880430276444833726e+04 -6.096159514441592364e+01 6.351340804116635263e+04 7.748741393555337600e+16 0.000000000000000000e+00
-1.004417694711685181e+04 -5.492152772020156704e+01 5.287386287626222475e+04 7.701764513445028800e+16 0.000000000000000000e+00
1.456034143650904298e+03 -4.856265455689897692e+01 8.302882830011144688e+04 7.654394827987790400e+16 0.000000000000000000e+00
-2.737619822340644896e+04 -5.656114934860831056e+01 8.995779255335494236e+04 1.179166593573665800e+16 0.000000000000000000e+00
-5.266370945797869936e+05 -1.213790884091216604e+01 2.679362912270295434e+06 1.172518845992683200e+16 0.000000000000000000e+00
-4.119822894654050469e+04 -4.308156671927455506e+01 1.811728123998955416e+05 1.165669585740922800e+16 0.000000000000000000e+00
3.329171947678551078e+02 -5.543004817254448824e+01 6.721407331976584101e+04 7.469724740212411200e+16 0.000000000000000000e+00
-6.334213019442744553e+03 -4.099505644133880367e+01 1.041119164038076706e+05 7.424741488224401600e+16 0.000000000000000000e+00
-6.161872420859523118e+03 -5.058282259001875758e+01 8.470297860756641603e+04 7.380384541237891200e+16 0.000000000000000000e+00
-1.749491994305513799e+03 -5.159338595120700433e+01 4.923705337466674973e+04 7.336582497136137600e+16 0.000000000000000000e+00
-9.254404156684875488e+03 -6.428446222002601473e+01 4.362719556637656933e+04 7.293194878322320000e+16 0.000000000000000000e+00
-1.207215327108744532e+04 -6.857270845258146608e+01 7.307865604110983259e+04 7.250698412441806400e+16 0.000000000000000000e+00
-4.203155755525454879e+03 -4.591352581269565292e+01 5.823767727037037548e+04 7.208801405827321600e+16 0.000000000000000000e+00
-6.342469469862058759e+03 -6.635615148214968428e+01 5.739128487796893023e+04 7.166968616273374400e+16 0.000000000000000000e+00
2.218422860499471426e+03 -5.715790419720743643e+01 3.914303110798163107e+04 7.125709221000113600e+16 0.000000000000000000e+00
-6.020217003094963729e+03 -4.674637925433929553e+01 6.186729494600142061e+04 7.084793252616124000e+16 0.000000000000000000e+00
-4.811912654923275113e+03 -4.989761291520260045e+01 7.961841859314680914e+04 7.044449406126643200e+16 0.000000000000000000e+00
-6.987866316122002900e+03 -6.270736042683423506e+01 3.876031295256876911e+04 7.004504349047747200e+16 0.000000000000000000e+00
-3.696293739645741880e+03 -5.446463540197421338e+01 4.327069095262905466e+04 6.965165122460718400e+16 0.000000000000000000e+00
-6.455252692759968340e+03 -4.505564689001310086e+01 7.234060959032538813e+04 6.926102860161531200e+16 0.000000000000000000e+00
7.787514071031473577e+03 -5.519438115587838212e+01 6.327846208470025158e+04 6.887551671021786400e+16 0.000000000000000000e+00
-1.381969802339188755e+04 -6.320552308453392953e+01 3.790117748863852466e+04 6.849517474641858400e+16 0.000000000000000000e+00
-8.636529749761335552e+03 -2.581138721374897926e+01 1.205545576732806367e+05 6.812544519989048000e+16 0.000000000000000000e+00
1.437028551314026117e+03 -5.286706990942658280e+01 4.051116547821639688e+04 6.775248734448275200e+16 0.000000000000000000e+00
-2.682079114144854248e+04 -6.585489161286871251e+01 1.419472366309960198e+05 1.045842253769543400e+16 0.000000000000000000e+00
-1.594834082982316613e+04 -6.813661659883049992e+01 5.716830696959367197e+04 6.701637444624364000e+16 0.000000000000000000e+00
-8.783935583578422666e+03 -5.377017250844760810e+01 4.285581000244575262e+04 6.666347036044100000e+16 0.000000000000000000e+00
1.239080668786540627e+03 -4.810864735127114500e+01 9.548040671918464068e+04 6.630834956031368000e+16 0.000000000000000000e+00
1.867171525582671165e+02 -4.799641732266026395e+01 5.183134870855993358e+04 6.595389797656982400e+16 0.000000000000000000e+00
-5.815438490078784525e+03 -6.265255844563679943e+01 3.544702855413620273e+04 6.560318035865684000e+16 0.000000000000000000e+00
-1.514714713615365326e+03 -5.291167747367767760e+01 6.492855935281079292e+04 6.525763268393352000e+16 0.000000000000000000e+00
-1.124755797005072236e+04 -5.248145164370869509e+01 1.193232516380812740e+05 6.491434025447094400e+16 0.000000000000000000e+00
-6.303890414758212864e+04 -3.474588940199340215e+01 3.655825027041835128e+05 1.002554129101168200e+16 0.000000000000000000e+00
-9.859791279741562903e+03 -7.332058170183999835e+01 3.105277786591428958e+04 6.424325465776857600e+16 0.000000000000000000e+00
-1.457760752942413092e+02 -5.243231629230655244e+01 4.918865591054232209e+04 6.391476907159108800e+16 0.000000000000000000e+00
-2.569572744834236801e+03 -6.179191552828734757e+01 4.549922572502596449e+04 6.358540207718977600e+16 0.000000000000000000e+00
-8.176864931488409638e+03 -5.300794648947971410e+01 4.601101017175755987e+04 6.325964363500826400e+16 0.000000000000000000e+00
-1.487333850993216038e+04 -5.709812834065852627e+01 6.918448530335590476e+04 6.293945817106224000e+16 0.000000000000000000e+00
-1.591191882910206914e+03 -4.203064000981449055e+01 6.327931578905948845e+04 6.262644793302074400e+16 0.000000000000000000e+00
-4.343455089768487960e+04 -4.998362331157731830e+01 1.878411759150751459e+05 9.677565557057746000e+15 0.000000000000000000e+00
-2.059079746601823717e+04 -4.923972253492792817e+01 1.140346535867128550e+05 9.631556949864938000e+15 0.000000000000000000e+00
3.562594337677583098e+03 -5.708798125197817797e+01 5.520504609217173129e+04 6.169080420240658400e+16 0.000000000000000000e+00
-6.128127812992781401e+03 -6.229879343546784298e+01 2.733334030664593956e+04 9.537555191354152000e+15 0.000000000000000000e+00
-8.314870702373795211e+03 -4.824863487911151338e+01 4.117926401595411880e+04 6.108107998497205600e+16 0.000000000000000000e+00
-6.574804644458927214e+03 -4.882663572807857832e+01 2.873785208359642638e+04 6.078288401146517600e+16 0.000000000000000000e+00
-1.581972808075137436e+03 -5.544711888537537448e+01 4.169796154586414195e+04 6.048683783024079200e+16 0.000000000000000000e+00
-6.907357686433009803e+04 -3.197494041855084035e+01 6.150280205066114431e+05 9.354303575286828000e+15 0.000000000000000000e+00
-2.817080724304541945e+02 -5.694162562887596124e+01 4.235420910227170680e+04 5.990279771069706400e+16 0.000000000000000000e+00
-4.184026607844047248e+03 -4.556184568708986404e+01 3.310916836689465708e+04 5.961348840483116000e+16 0.000000000000000000e+00
-1.260836857520043850e+02 -5.497403822884163560e+01 6.347675916285153653e+04 5.932764613947725600e+16 0.000000000000000000e+00
-2.935225022154673934e+04 -3.054863203975958541e+01 1.410310202378735121e+05 9.177335120419808000e+15 0.000000000000000000e+00
1.205026063595339656e+04 -5.811342743798813615e+01 5.161793473861295206e+04 5.876567633635278400e+16 0.000000000000000000e+00
-8.588596454394049942e+03 -5.904119667025608464e+01 4.297667304364724259e+04 5.849195216325950400e+16 0.000000000000000000e+00
-4.927071747150272131e+03 -5.533093623904654379e+01 3.677371864136885415e+04 5.821875107799180800e+16 0.000000000000000000e+00
-1.861474805678240955e+03 -4.908392865290693408e+01 1.006532112540946982e+05 5.794640987503307200e+16 0.000000000000000000e+00
-2.016184157642163336e+04 -7.216779142855773443e+01 5.197104096729490993e+04 5.767575822980925600e+16 0.000000000000000000e+00
2.930643946835771203e+02 -4.709245849789495963e+01 5.004034013493194652e+04 5.742034360806568000e+16 0.000000000000000000e+00
-2.683412520007230341e+03 -4.227804749251372840e+01 7.863226967208362476e+04 5.715457876041784000e+16 0.000000000000000000e+00
-9.515658570034429431e+03 -4.614008638289895003e+01 6.455694039615870861e+04 5.689141024915717600e+16 0.000000000000000000e+00
-6.024186968857422471e+03 -7.267587452830042594e+01 4.466359945016893471e+04 5.663287948936239200e+16 0.000000000000000000e+00
5.682431715786457062e+03 -6.011485737864701662e+01 3.092377368375303558e+04 5.637555741617119200e+16 0.000000000000000000e+00
-7.907266455844044685e+03 -6.184746628949243075e+01 4.997301991418031685e+04 5.612065182342451200e+16 0.000000000000000000e+00
-6.992167946351692080e+03 -5.005238178689279493e+01 4.583342679468730785e+04 5.586866954136873600e+16 0.000000000000000000e+00
-9.679105786735191941e+03 -5.967416947621341450e+01 4.852710802947408229e+04 8.645678951538309000e+15 0.000000000000000000e+00
-7.181572310741990805e+03 -6.633465135879282570e+01 3.941291440323045390e+04 5.537122315358184000e+16 0.000000000000000000e+00
-1.513925879859365523e+03 -4.612249074803149540e+01 3.481278879357341793e+04 5.512586270546317600e+16 0.000000000000000000e+00
-3.197207841162569821e+03 -5.991827433245479284e+01 2.193021943977159026e+04 5.488099397314672800e+16 0.000000000000000000e+00
-1.028237647582776845e+03 -5.931405343923821505e+01 3.846896433333021560e+04 5.463860851358160800e+16 0.000000000000000000e+00
7.184767145233228803e+03 -6.723043935774337854e+01 2.867500351788609987e+04 5.439800060742416000e+16 0.000000000000000000e+00
-1.092340471462067217e+04 -5.066031272357979276e+01 3.529819752938126476e+04 8.420642164586800000e+15 0.000000000000000000e+00
-7.707025033297017217e+03 -5.409542218779613165e+01 4.265220178123158985e+04 8.386015668088110000e+15 0.000000000000000000e+00
-3.522811931503005326e+03 -6.378997644878984374e+01 3.653733364940083266e+04 8.350411577802032000e+15 0.000000000000000000e+00
-1.168137256063520908e+03 -5.407287236900153715e+01 2.995943645269101398e+04 5.346219635934210400e+16 0.000000000000000000e+00
-1.865543768031522632e+03 -4.985248775289319667e+01 4.380628309440424346e+04 5.323185377731979200e+16 0.000000000000000000e+00
-1.859225668459013104e+04 -5.461352037495843348e+01 8.172291947215367691e+04 5.300354366746206400e+16 0.000000000000000000e+00
-1.060761082294583321e+04 -4.788028127725863214e+01 5.279068053639462596e+04 5.278368399282410400e+16 0.000000000000000000e+00
4.380187036588788033e+03 -4.354122931802665875e+01 5.074215140721614443e+04 5.256222919266081600e+16 0.000000000000000000e+00
-8.709881198033690453e+02 -4.680145038136137714e+01 5.068897588759882638e+04 5.234012759754573600e+16 0.000000000000000000e+00
6.772336180018261075e+03 -4.046669645922251846e+01 5.304939597602195136e+04 5.211935000108114400e+16 0.000000000000000000e+00
-3.433113615356385708e+03 -6.289372241364189620e+01 2.778229671009371668e+04 5.190166075223964800e+16 0.000000000000000000e+00
4.114260538090020418e+02 -5.123094217501579806e+01 5.134908304851693538e+04 8.038308523542078000e+15 0.000000000000000000e+00
-2.197593230837024748e+03 -5.159256477816211373e+01 4.033822078382791369e+04 8.004879534411164000e+15 0.000000000000000000e+00
-3.587106273324228823e+03 -5.377090246310443433e+01 2.773925602302395055e+04 5.127232215703930400e+16 0.000000000000000000e+00
-2.459512580301612616e+03 -4.696612459074754042e+01 4.821782444387692522e+04 5.106094362226974400e+16 0.000000000000000000e+00
-2.008622702642343938e+03 -5.190540199669659671e+01 2.579861806451468146e+04 5.085102609434277600e+16 0.000000000000000000e+00
-1.578800168345775455e+04 -3.118011212640149310e+01 1.362558761882834078e+05 5.064280017037398400e+16 0.000000000000000000e+00
-7.734936654212884605e+03 -7.175660972139498028e+01 7.298750243864349613e+04 7.842235046568992000e+15 0.000000000000000000e+00
-1.225259891530498862e+03 -4.559977539905037958e+01 2.634669893697959196e+04 5.023376982676795200e+16 0.000000000000000000e+00
-4.890519653726369143e+03 -5.351370197333584144e+01 4.868763522135449603e+04 5.003048383406268800e+16 0.000000000000000000e+00
-7.307454201770015061e+03 -6.215076068065845760e+01 2.533050022574296963e+04 4.982942226031649600e+16 0.000000000000000000e+00
-3.202566786874085665e+02 -5.321217760283923326e+01 3.045240541984109586e+04 4.963121314610449600e+16 0.000000000000000000e+00
-8.003971489903517067e+03 -5.967273500997779934e+01 2.907260005881303368e+04 7.686417012684460000e+15 0.000000000000000000e+00
-9.752955951071344316e+03 -5.517713925801920283e+01 3.975168270386441145e+04 7.657012930892589000e+15 0.000000000000000000e+00
4.509886718170717359e+03 -5.521369119358038091e+01 3.139465824087270084e+04 7.627904151749086000e+15 0.000000000000000000e+00
-3.084759832512587309e+03 -6.008668333718587462e+01 2.908183645758733473e+04 7.598171429821176000e+15 0.000000000000000000e+00
-9.658091890774667263e+02 -5.992038039688558371e+01 6.088794340647389618e+04 4.867010138758512000e+16 0.000000000000000000e+00
-6.445154096320271492e+03 -5.523392802292848813e+01 2.858537601215574614e+04 4.847929385468374400e+16 0.000000000000000000e+00
-2.377726379255764186e+03 -5.648769347862507573e+01 2.287172762967817471e+04 4.829134741566596000e+16 0.000000000000000000e+00
-1.481157470392063260e+03 -5.143935256457911009e+01 2.508161849514851565e+04 7.480686346380976000e+15 0.000000000000000000e+00
-7.096172833061777055e+03 -5.253711177490836803e+01 3.899140243651447236e+04 7.451779355719540000e+15 0.000000000000000000e+00
1.066872519005089998e+03 -4.035295097499825090e+01 3.508016790974583273e+04 4.773304883969653600e+16 0.000000000000000000e+00
-3.166111518167890608e+03 -6.005834110482471289e+01 3.008828843056422556e+04 4.754954051691203200e+16 0.000000000000000000e+00
3.621482262364588678e+03 -4.897563691822315235e+01 4.156075420915985160e+04 4.736769867894853600e+16 0.000000000000000000e+00
-3.572378883321769536e+03 -5.039006616170860298e+01 1.420022718809839898e+04 7.338957533653525000e+15 0.000000000000000000e+00
-1.605402574891280383e+05 -2.566940595862374153e+01 1.146427327307280852e+06 7.311470912448574000e+15 0.000000000000000000e+00
-1.433629609981086105e+04 -5.873849043879140908e+01 2.732388583314650532e+04 4.685563618593360800e+16 0.000000000000000000e+00
-5.863425341020338237e+03 -4.915098119763801776e+01 4.738965400197327108e+04 7.257622181566531000e+15 0.000000000000000000e+00
-7.688753420949913561e+03 -6.763539702986825830e+01 3.903956020379868278e+04 7.230688658838928000e+15 0.000000000000000000e+00
-2.722237787373363972e+03 -5.734437941169339581e+01 3.811104589804221177e+04 7.204347788114122000e+15 0.000000000000000000e+00
-6.072036423816811293e+03 -5.657847427868649959e+01 2.962672913252224680e+04 4.616353209790135200e+16 0.000000000000000000e+00
-3.711175875329412520e+03 -5.504390821451640647e+01 6.185299553715683578e+04 7.150981706608926000e+15 0.000000000000000000e+00
1.044559620903339237e+03 -5.466952512837063693e+01 5.318321394982277707e+04 4.582287238500014400e+16 0.000000000000000000e+00
-3.537727864121086895e+03 -5.761552782387819605e+01 1.941867861068236743e+04 7.098442885479281000e+15 0.000000000000000000e+00
-2.025824912396259606e+03 -5.223734529636450930e+01 7.585253159055384458e+04 7.072675077628217000e+15 0.000000000000000000e+00
-1.087911143181100488e+04 -5.563264870029796327e+01 5.856528000462712953e+04 4.532027841376123200e+16 0.000000000000000000e+00
-1.568216286355997436e+05 -1.599873979903063947e+01 1.161047078116833931e+06 7.021178013075457000e+15 0.000000000000000000e+00
-1.874739451944828033e+03 -6.246188308736765293e+01 4.103349192752640374e+04 6.996173195262099000e+15 0.000000000000000000e+00
-2.775849244170868769e+04 -4.155816260772005677e+01 1.978817152552599728e+05 6.970901533663524000e+15 0.000000000000000000e+00
-7.885628181315492839e+03 -5.402908773049144031e+01 3.798110085185091884e+04 6.946238002730132000e+15 0.000000000000000000e+00
-4.659161152609158307e+03 -5.283724075709780266e+01 3.574266608379532408e+04 4.451958637899565600e+16 0.000000000000000000e+00
-6.647147663434501737e+03 -6.630836904710677970e+01 2.700571518498668229e+04 4.436061814251527200e+16 0.000000000000000000e+00
1.151921053868718445e+03 -5.665962217652057120e+01 1.873127940281998235e+04 6.872814539613365000e+15 0.000000000000000000e+00
-9.007340885424520820e+03 -3.666442662054415536e+01 7.495852635085357178e+04 6.848431897611818000e+15 0.000000000000000000e+00
1.887336090524215251e+03 -5.570370839414015052e+01 2.703379960870405921e+04 6.824489643737042000e+15 0.000000000000000000e+00
-7.666428136194590479e+03 -6.796034894503414137e+01 3.071981771577287509e+04 6.800478200173536000e+15 0.000000000000000000e+00
-1.646300137713551521e+03 -4.854658008502173061e+01 4.297254123177739530e+04 6.777416348395137000e+15 0.000000000000000000e+00
3.949328356138430536e+02 -5.869848320421180432e+01 3.731270531680864951e+04 6.753696978379548000e+15 0.000000000000000000e+00
-5.817002406611107290e+03 -7.165657542908073196e+01 3.194729118693702912e+04 4.329014740280024000e+16 0.000000000000000000e+00
-5.523973093074746430e+02 -5.202770821641049537e+01 2.394146452252428935e+04 6.706917131079944000e+15 0.000000000000000000e+00
3.203561598979867995e+02 -4.917430843071552715e+01 2.041561121390147309e+04 6.683668908589305000e+15 0.000000000000000000e+00
-1.488489799071568996e+03 -5.664345469956812451e+01 1.717162928790600563e+04 6.660580544499572000e+15 0.000000000000000000e+00
-1.048936129926145077e+04 -4.538178979903809562e+01 5.549073623864471301e+04 4.269892726053009600e+16 0.000000000000000000e+00
-6.072890047651715577e+03 -6.098796151115719510e+01 2.205323347633006051e+04 4.255442381933756000e+16 0.000000000000000000e+00
-4.805888346316758543e+03 -7.085046489064629327e+01 2.820399370055853433e+04 4.240982425619479200e+16 0.000000000000000000e+00
-7.571225015693344176e+02 -5.480215859522742505e+01 2.523249215059606649e+04 4.226574746359968000e+16 0.000000000000000000e+00
6.823274891767650843e+02 -5.018217408493073606e+01 2.271278475471358979e+04 6.547865946295373000e+15 0.000000000000000000e+00
-2.266619562690611929e+03 -4.673091817113165547e+01 3.459832072926709225e+04 6.525710768132277000e+15 0.000000000000000000e+00
-1.491638535303995013e+03 -5.757395204976204894e+01 2.114118278362803176e+04 4.184290164854832800e+16 0.000000000000000000e+00
-7.523694813209585845e+03 -4.340193435653438314e+01 4.817966235676276119e+04 4.170210552341272000e+16 0.000000000000000000e+00
-3.272473440202884376e+03 -5.106901182746286594e+01 3.342327861385911820e+04 4.156337645986529600e+16 0.000000000000000000e+00
-7.090908071491867304e+02 -6.746457370020416988e+01 4.945230775558746245e+04 6.438615207334157000e+15 0.000000000000000000e+00
-1.032436167338117957e+04 -5.643009732833570524e+01 1.973697587136227230e+04 4.128660834931408000e+16 0.000000000000000000e+00
-4.832074772180058062e+02 -5.451829935796036608e+01 2.237750614811269043e+04 6.396735997595968000e+15 0.000000000000000000e+00
-6.933120666179340333e+03 -6.464829654338967657e+01 2.099301622536520881e+04 4.101912974953336000e+16 0.000000000000000000e+00
-2.542848257414065301e+03 -5.048710465459426899e+01 2.597602538244714742e+04 6.354578351977853000e+15 0.000000000000000000e+00
4.244945208135992289e+03 -6.199898633383933344e+01 2.312610077049109896e+04 6.333805207225385000e+15 0.000000000000000000e+00
-3.108182945773005486e+02 -5.068200954120630541e+01 3.707131616408153059e+04 6.313393003711761000e+15 0.000000000000000000e+00
-6.479084443412721157e+02 -5.453245204959500825e+01 1.314850140324298991e+04 6.292791658031463000e+15 0.000000000000000000e+00
2.571756388046778738e+02 -4.418050354780442035e+01 5.899076858039986109e+04 6.272331161731256000e+15 0.000000000000000000e+00
-3.437475115254987031e+03 -5.434324447905933653e+01 2.543428980303230128e+04 4.023250606341062400e+16 0.000000000000000000e+00
7.035059653202537447e+03 -5.345355093631664545e+01 3.577616310292745766e+04 6.231794183877793000e+15 0.000000000000000000e+00
1.133236945908516645e+03 -5.147861471961818580e+01 1.436792336690153388e+04 6.212233390028852000e+15 0.000000000000000000e+00
-4.688689775596372783e+03 -5.944782526152746982e+01 1.891626481674056777e+04 3.985736863994002400e+16 0.000000000000000000e+00
2.265761347003281116e+03 -5.910544013077947767e+01 2.190882305137338699e+04 6.172887760542037000e+15 0.000000000000000000e+00
-6.119627388893160969e+03 -4.485474600308658211e+01 3.326778347404013039e+04 6.153281182365671000e+15 0.000000000000000000e+00
-5.422182847019284964e+02 -5.404903413483624064e+01 1.668895772680083974e+04 6.134155351558254000e+15 0.000000000000000000e+00
-4.038459071555174887e+03 -4.715433066304748166e+01 2.979528181644752112e+04 6.114714095549538000e+15 0.000000000000000000e+00
-2.649411436800844967e+03 -5.091088078030172426e+01 1.649189992036577678e+04 3.923060042165114400e+16 0.000000000000000000e+00
1.914783829161897302e+02 -4.311902480209903388e+01 3.078063305721781217e+04 6.076430681467432000e+15 0.000000000000000000e+00
-1.094046740336809307e+03 -5.271498203708451058e+01 1.613875699040461586e+04 3.898828490139064800e+16 0.000000000000000000e+00
-7.120170672150794417e+03 -5.800391532881015166e+01 1.590691120620190486e+04 3.886611478609736000e+16 0.000000000000000000e+00
5.948904678700491786e+02 -5.223296477126511661e+01 4.218742139800330915e+04 6.019854288760738000e+15 0.000000000000000000e+00
2.533627360625658184e+03 -5.961259424083253577e+01 2.190223568361593789e+04 6.001128420421519000e+15 0.000000000000000000e+00
-5.914243843353353441e+03 -5.519508727221473521e+01 3.137475605535047362e+04 3.850746839820815200e+16 0.000000000000000000e+00
1.101324746863916516e+03 -5.874522318400080678e+01 1.996068715185755354e+04 5.964136371333321000e+15 0.000000000000000000e+00
-6.133636480165645480e+03 -4.301785037655798050e+01 3.280437782927788066e+04 3.827376941848280800e+16 0.000000000000000000e+00
-7.545563587266951799e+01 -4.435828471588463628e+01 2.257496631996094220e+04 5.927513487790960000e+15 0.000000000000000000e+00
-3.396085882239509374e+03 -7.191256275912807894e+01 2.942979421058389926e+04 3.804014758326110400e+16 0.000000000000000000e+00
8.450180238648317754e+02 -4.575641549316877388e+01 2.501696967192965531e+04 5.891310782392214000e+15 0.000000000000000000e+00
-1.184697030824609101e+02 -5.852232720741614713e+01 2.126336272256603843e+04 5.873385003352912000e+15 0.000000000000000000e+00
-1.538511019140481949e+03 -4.585899280628961350e+01 2.634684564723228686e+04 5.855556707070445000e+15 0.000000000000000000e+00
2.283852615647017956e+03 -6.378598552133466626e+01 2.154120512771207723e+04 5.837864307946781000e+15 0.000000000000000000e+00
-1.352217530126171187e+05 -8.886682593179493495e+00 7.294121176894784905e+06 3.796898302456147500e+15 0.000000000000000000e+00
-1.613443425428122282e+02 -5.794961289923982406e+01 1.259736367158888243e+04 5.803037575402319000e+15 0.000000000000000000e+00
7.921560930190607905e+02 -5.387472486222860368e+01 1.758856337274387988e+04 5.785634397217627000e+15 0.000000000000000000e+00
-1.620562857685144991e+03 -6.069906951115046922e+01 1.381907507560743397e+04 5.768347466067945000e+15 0.000000000000000000e+00
3.319010204231366515e+03 -5.102733602879307995e+01 2.175704530773348233e+04 5.751204616531341000e+15 0.000000000000000000e+00
-9.421092179603874683e+00 -5.215624587680433422e+01 1.616962293435601714e+04 5.734293826041499000e+15 0.000000000000000000e+00
-3.596602975350804627e+03 -4.562373946183708284e+01 1.984899038388702320e+04 5.717300287002891000e+15 0.000000000000000000e+00
-1.705285135859623551e+03 -5.354281612780982158e+01 3.025249140113839530e+04 5.700623901104717000e+15 0.000000000000000000e+00
-2.117840704349800944e+02 -7.465211281566514856e+01 2.334918456967274324e+04 5.683863885690250000e+15 0.000000000000000000e+00
-2.520857933994382620e+03 -4.944291958681262855e+01 2.414974193661141544e+04 5.667168416784065000e+15 0.000000000000000000e+00
-1.315983249496668577e+03 -5.410843205824907898e+01 1.463475107706161180e+04 5.650658766536448000e+15 0.000000000000000000e+00
-1.056613145418930799e+03 -5.198203346013091419e+01 3.451672103544815764e+04 5.634192347583574000e+15 0.000000000000000000e+00
-7.426380729298107326e+02 -5.529646378290472342e+01 2.702868831431537183e+04 5.617796401262304000e+15 0.000000000000000000e+00
-9.848224086505360901e+02 -4.579798656623992059e+01 2.423930218085346132e+04 5.601493914813386000e+15 0.000000000000000000e+00
4.312129664621315897e+02 -4.823105506953909583e+01 1.826896423355130537e+04 5.585291031865222000e+15 0.000000000000000000e+00
2.070847071997821331e+03 -5.343175443469643682e+01 1.661401481649169364e+04 5.569172570436081000e+15 0.000000000000000000e+00
-1.557504915645346045e+03 -6.420219009187410109e+01 4.781155405299242557e+04 5.553227425680237000e+15 0.000000000000000000e+00
-1.240498641067883000e+04 -4.027183364674167620e+01 1.044379159645004547e+05 5.537302097941147000e+15 0.000000000000000000e+00
1.746329421224072576e+02 -4.365965644719270244e+01 3.818357572037788486e+04 5.521667531359283000e+15 0.000000000000000000e+00
1.832753419862128794e+02 -5.672813669320301244e+01 1.041858487757291005e+04 5.505911613443470000e+15 0.000000000000000000e+00
-1.982721438838541508e+04 -3.708754811412222807e+01 3.599224530706580845e+04 3.545515131752605600e+16 0.000000000000000000e+00
1.129197311424184591e+03 -5.432974257023438014e+01 1.466087360301118315e+04 5.474676986701475000e+15 0.000000000000000000e+00
2.206410800896584988e+03 -5.661139573585354157e+01 1.432526023678268575e+04 5.459217365806818000e+15 0.000000000000000000e+00
-1.129811757961753756e+03 -5.176094521701897122e+01 2.301201295283926811e+04 5.443920747102358000e+15 0.000000000000000000e+00
4.743846462960354984e+02 -4.466485363697662336e+01 1.730811594900443015e+04 5.428621088103278000e+15 0.000000000000000000e+00
2.926427529686130583e+03 -6.186242100960353696e+01 1.653417356352386560e+04 5.413396242537228000e+15 0.000000000000000000e+00
-2.807314073170069605e+03 -5.002112096366722227e+01 2.678922672394410620e+04 5.398414070177387000e+15 0.000000000000000000e+00
-2.410684841502457857e+03 -5.153559449817140603e+01 1.613526973244704095e+04 5.383445156520457000e+15 0.000000000000000000e+00
-2.194852584674954414e+02 -5.946390697332862629e+01 1.731481105442617627e+04 5.368572618524762000e+15 0.000000000000000000e+00
1.124174399195238948e+03 -6.617675772543381640e+01 2.224068075006949584e+04 5.353678571762130000e+15 0.000000000000000000e+00
-3.585088102734182030e+03 -6.596922456576598393e+01 2.587938002009665797e+04 5.338886630052764000e+15 0.000000000000000000e+00
1.910286982919089496e+03 -6.264783462156226790e+01 1.793058061814082612e+04 5.324313494868152000e+15 0.000000000000000000e+00
-2.819093427197076380e+03 -4.569745570179723160e+01 3.977598956415108842e+04 5.309727736225087000e+15 0.000000000000000000e+00
-8.330559645694214851e+03 -6.841357917255182031e+01 2.669438538534086183e+04 3.420201235601715200e+16 0.000000000000000000e+00
-1.326601570608094335e+03 -4.960052997321327695e+01 1.425401918241129169e+04 5.280717859094841000e+15 0.000000000000000000e+00
-1.019934890846721828e+03 -5.328138219426529076e+01 2.282643230364028932e+04 5.266337809253694000e+15 0.000000000000000000e+00
-1.513668541419785470e+03 -4.762157485180824779e+01 1.734193830208613144e+04 5.252016005891548000e+15 0.000000000000000000e+00
6.258172564683482051e+02 -5.928120235688506767e+01 1.347935162757500621e+04 5.237800640863325000e+15 0.000000000000000000e+00
8.832182428506202996e+02 -5.012290332491557621e+01 1.672048782928974470e+04 5.223631988273547000e+15 0.000000000000000000e+00
-5.951217348177917302e+03 -6.667644565767680831e+01 3.507014091475373425e+04 5.209546955118822000e+15 0.000000000000000000e+00
-1.568680438295006752e+03 -5.272153100764720790e+01 1.995998654464674109e+04 5.195802480411612000e+15 0.000000000000000000e+00
-5.097243789400439709e+03 -4.786456541320016100e+01 1.780909916661043098e+04 5.181887085474780000e+15 0.000000000000000000e+00
8.667698637675493956e+01 -6.033649132964200135e+01 9.894177018864429556e+03 5.168434471825169000e+15 0.000000000000000000e+00
-6.588532435565255582e+03 -3.830236942764075536e+01 3.273637979990334861e+04 5.154632110559177000e+15 0.000000000000000000e+00
-6.463729891506955028e+01 -5.286506577442373356e+01 2.220756926444761120e+04 5.141264340766260000e+15 0.000000000000000000e+00
3.024350954378023744e+03 -4.647278340165605215e+01 4.324106373508951219e+04 5.127606701533541000e+15 0.000000000000000000e+00
3.089887919723987579e+02 -6.575873920722331434e+01 1.592608543393316359e+04 5.114074249799720000e+15 0.000000000000000000e+00
-2.612212878730613738e+03 -7.188143467181998858e+01 2.254977925446564768e+04 5.100562728663129000e+15 0.000000000000000000e+00
4.508902030598372221e+03 -4.451238238314439144e+01 2.200850336465892542e+04 5.087207284999752000e+15 0.000000000000000000e+00
-1.636041880239732563e+03 -7.226183532521422137e+01 1.798848207816174545e+04 5.074113103943276000e+15 0.000000000000000000e+00
1.664347215147688985e+03 -6.051800301609745247e+01 1.864584687289365684e+04 5.060849177995339000e+15 0.000000000000000000e+00
-9.605524144391063601e+03 -6.648512972015689115e+01 3.418590869008953450e+04 5.047662448086001000e+15 0.000000000000000000e+00
-5.116781387689523399e+03 -5.281752177901440604e+01 2.464173192168641981e+04 5.035220365830247000e+15 0.000000000000000000e+00
7.106378349387086928e+02 -5.492188397631457519e+01 1.661180842696059335e+04 5.022412918010823000e+15 0.000000000000000000e+00
2.161381723335944116e+03 -5.967781770801945385e+01 1.832076223186003335e+04 5.009391915448143000e+15 0.000000000000000000e+00
-1.135659131156280637e+02 -4.616325404600674176e+01 2.664451987517353336e+04 4.996505145224839000e+15 0.000000000000000000e+00
-2.628554420924745500e+03 -5.559520595519410335e+01 1.483065463031745639e+04 3.218432277216184400e+16 0.000000000000000000e+00
-8.489961647982709110e+02 -5.271299380013929436e+01 1.723939301637894459e+04 4.970779803886677000e+15 0.000000000000000000e+00
1.186890501426998526e+03 -4.764494313716978979e+01 2.471946348594155279e+04 4.958025409048115000e+15 0.000000000000000000e+00
-2.403015288989990950e+01 -6.860038525424535294e+01 1.813922496466260418e+04 4.945341450768377000e+15 0.000000000000000000e+00
-1.194645132108125836e+04 -7.801261242131249674e+01 8.142721547108732921e+04 4.932707683741956000e+15 0.000000000000000000e+00
3.767229142347350717e+02 -6.546419211071956568e+01 1.971662730222815662e+04 4.920387889675895000e+15 0.000000000000000000e+00
4.183518711552023888e+02 -6.729960463941945648e+01 1.970854164228140507e+04 4.907884095167025000e+15 0.000000000000000000e+00
1.999679190249647945e+03 -5.923021588764151346e+01 1.192271571969275283e+04 4.895444976176012000e+15 0.000000000000000000e+00
1.645342559637501836e+02 -5.136271498046330208e+01 1.562671475949110027e+04 4.883148587987934000e+15 0.000000000000000000e+00
2.175268272603396326e+03 -5.631557299181168474e+01 1.436103983033215263e+04 4.870831621080001000e+15 0.000000000000000000e+00
-1.285587249130476266e+03 -4.882716888822950807e+01 1.456581920208143310e+04 4.858660049226471000e+15 0.000000000000000000e+00
-6.168153559789061546e+00 -6.333055801721106803e+01 1.931354003974237276e+04 4.846493180513966000e+15 0.000000000000000000e+00
-2.616732059873640537e+03 -5.885833734456374344e+01 1.278090604423708101e+04 4.834360017784908000e+15 0.000000000000000000e+00
-3.771969787031412125e+02 -4.623538975776928339e+01 1.509747563640996668e+04 4.822407699617339000e+15 0.000000000000000000e+00
-4.140487336270976812e+03 -3.890414445542131716e+01 4.364491320309154980e+04 4.810396991102155000e+15 0.000000000000000000e+00
-3.856884417592082173e+03 -5.715500272891359401e+01 1.394548044221965210e+04 4.798532332585772000e+15 0.000000000000000000e+00
-1.141057510973419994e+03 -4.450480155912571689e+01 2.167352013132056891e+04 4.786890783228992000e+15 0.000000000000000000e+00
4.876010756101459265e+01 -5.534957992330514998e+01 1.582961257975360786e+04 4.775069498452332000e+15 0.000000000000000000e+00
-4.308094818162266165e+03 -7.249310659815076008e+01 1.699832336509153538e+04 4.763292147712235000e+15 0.000000000000000000e+00
8.449081796631217003e+02 -4.646902583695354849e+01 1.790555055432259542e+04 4.751846485553175000e+15 0.000000000000000000e+00
-1.451582905648322776e+04 -3.585937689722849342e+01 1.526383115602985199e+05 4.740194875486026000e+15 0.000000000000000000e+00
-2.707547687161713839e+02 -5.485670053892231834e+01 2.411934380442109614e+04 4.728689510379251000e+15 0.000000000000000000e+00
3.347412936380133033e+02 -5.982008579731364506e+01 1.791488724058714797e+04 4.717140697196814000e+15 0.000000000000000000e+00
-5.223194254736881703e+03 -6.054284192983024582e+01 2.170799659764755052e+04 4.705649544146629000e+15 0.000000000000000000e+00
2.321247079221531749e+03 -5.228170138875041317e+01 1.815969263832855722e+04 4.694536147906713000e+15 0.000000000000000000e+00
1.382309739747550339e+03 -6.319949262321307515e+01 1.516247114434651485e+04 4.683233233769248000e+15 0.000000000000000000e+00
-4.632020577638410032e+03 -3.871288756249993668e+01 4.697927336625323369e+04 4.671937253921183000e+15 0.000000000000000000e+00
8.105226147281937301e+02 -6.104349171769639781e+01 7.998326726618055545e+03 4.660752937941911000e+15 0.000000000000000000e+00
2.114276860742829740e+03 -5.817588448342399943e+01 1.159867331455261410e+04 4.649550570150478000e+15 0.000000000000000000e+00
1.970799551216885448e+03 -5.428996235901924194e+01 1.019964836527912485e+04 4.638472917771846000e+15 0.000000000000000000e+00
-1.638569164146203548e+03 -5.832972931936993888e+01 1.496698243540699150e+04 4.627442062485655000e+15 0.000000000000000000e+00
9.583373980922624469e+02 -4.934723246788097129e+01 1.153875616795741189e+04 4.616426835521812000e+15 0.000000000000000000e+00
1.031706722013186663e+03 -5.450210202354169553e+01 1.192175949277263499e+04 4.605440319319556000e+15 0.000000000000000000e+00
-1.165696500576566905e+03 -4.624387364613969709e+01 2.152687144003939466e+04 4.594507393821625000e+15 0.000000000000000000e+00
2.749876228328794241e+02 -6.137586638559140795e+01 9.787077069794824638e+03 4.583620267172181000e+15 0.000000000000000000e+00
-7.344254228137899190e+03 -7.607850328003748075e+01 2.231806470866626842e+04 4.572772153352290000e+15 0.000000000000000000e+00
-1.395139880891889334e+03 -6.341414945407591119e+01 1.307360507947817860e+04 4.562571822858915000e+15 0.000000000000000000e+00
-6.145560506505426019e+03 -5.993368778060564495e+01 3.072003964560754321e+04 4.551852275905250000e+15 0.000000000000000000e+00
-4.160861984305083752e+02 -4.992492315138736814e+01 2.166796511797457788e+04 4.541434130544823000e+15 0.000000000000000000e+00
-6.293002973743714392e+02 -5.334477785613568557e+01 1.042895537998053260e+04 4.530786288657493000e+15 0.000000000000000000e+00
6.227697116881608963e+02 -5.481765835791982511e+01 9.132087428195442044e+03 4.520192776712018000e+15 0.000000000000000000e+00
3.062874769289046526e+02 -5.574773384811829402e+01 1.600883572953453768e+04 4.509651313179805000e+15 0.000000000000000000e+00
-2.969767675409093499e+01 -6.685025828960411332e+01 1.654815116589510217e+04 4.499152053589167000e+15 0.000000000000000000e+00
-2.210433537748176605e+03 -5.370387203549746147e+01 9.366696124341246104e+03 4.488699548125624500e+15 0.000000000000000000e+00
-2.127403239426668733e+03 -4.828551922389386419e+01 1.495799916800568099e+04 4.478384353921825500e+15 0.000000000000000000e+00
1.487920975745655596e+02 -4.479003119123209586e+01 1.644797108406051484e+04 4.468094757024095500e+15 0.000000000000000000e+00
-5.951897331792861223e+01 -5.837414253750102944e+01 9.227187207995431891e+03 4.457786751951552000e+15 0.000000000000000000e+00
-6.008276313729584217e+02 -4.608527958311439221e+01 1.479643347443465427e+04 4.447525681221145500e+15 0.000000000000000000e+00
3.015038253975100815e+03 -5.845948314398440004e+01 1.879087031234300957e+04 4.437316633976224000e+15 0.000000000000000000e+00
