0.000000000000000000e+00 0.000000000000000000e+00 0.000000000000000000e+00 0.000000000000000000e+00 0.000000000000000000e+00
-1.106601527027258669e+02 -1.107624343029241487e+02 5.295866678542442835e-02 2.175947128418926150e+04 0.000000000000000000e+00
-1.053607653806967761e+02 -1.051933866124612820e+02 1.705441894114154977e-01 1.153649220641065767e+05 0.000000000000000000e+00
-9.953480257779914098e+01 -9.978802185748172349e+01 1.396325887431046076e-01 1.143376138277713471e+05 0.000000000000000000e+00
-1.053973861972314978e+02 -1.052007129378103656e+02 1.161490180677545586e-01 1.177571582325283962e+05 0.000000000000000000e+00
-1.052656732769357433e+02 -1.051895303516199078e+02 6.692224191628104446e-02 1.194829492909688852e+05 0.000000000000000000e+00
-9.976293038253882628e+01 -9.971812795066405499e+01 8.799175271721114411e-02 1.173879470744745195e+05 0.000000000000000000e+00
-1.000942560625582303e+02 -9.993220379031433254e+01 4.768645845782881060e-02 2.422093310188845135e+04 0.000000000000000000e+00
-9.990605315299397660e+01 -9.984753216315199609e+01 6.500565680965185444e-02 1.146490806205310946e+05 0.000000000000000000e+00
-9.844717653027544202e+01 -9.867136948191422618e+01 1.105638418226090325e-01 1.124009104906467692e+05 0.000000000000000000e+00
-1.014514290516777208e+02 -1.015412879592676916e+02 1.170875966887356678e-01 1.155153233666681626e+05 0.000000000000000000e+00
-9.753222916602332759e+01 -9.721731664471637657e+01 8.896426587640784978e-02 1.136466180612310127e+05 0.000000000000000000e+00
-1.032598367754249864e+02 -1.031682737282074100e+02 8.136583873368781472e-02 2.926027688111919269e+04 0.000000000000000000e+00
-9.988491227992322763e+01 -9.983555629373236684e+01 7.079126096422294623e-02 2.918456076790121369e+04 0.000000000000000000e+00
-1.018223204712048755e+02 -1.017534046590530039e+02 9.950304264309248192e-02 2.872263708840293839e+04 0.000000000000000000e+00
-1.053937639149976064e+02 -1.053675721127127076e+02 4.897267458916424593e-02 1.167414654460875317e+05 0.000000000000000000e+00
-1.107107270585601668e+02 -1.107045689029959874e+02 5.792977081589528038e-02 1.143771614427755121e+05 0.000000000000000000e+00
-9.590379137054630121e+01 -9.595127461830149684e+01 6.549428317088480667e-02 1.119988789440455585e+05 0.000000000000000000e+00
-1.024544377161690534e+02 -1.024683780175212320e+02 4.949477133528273204e-02 1.100540933019486984e+05 0.000000000000000000e+00
-1.080622548077862177e+02 -1.080534122183777015e+02 4.494256237277031302e-02 1.078851484470150608e+05 0.000000000000000000e+00
-1.043995752570623097e+02 -1.040866539093449603e+02 1.568903584936920947e-01 2.163256053809167952e+03 0.000000000000000000e+00
-9.187470767015587114e+01 -9.170639158327912810e+01 6.320278927782563283e-02 1.047217077502184256e+05 0.000000000000000000e+00
-9.671464726222143327e+01 -9.670872557323451701e+01 6.950527139303966373e-02 2.604263633188738822e+04 0.000000000000000000e+00
-1.052622951924244035e+02 -1.053226442446069058e+02 5.208701271938411675e-02 1.050314000166569022e+05 0.000000000000000000e+00
-1.041518264389011534e+02 -1.041986312770104917e+02 3.272828737833657908e-02 2.509928278514081467e+04 0.000000000000000000e+00
-1.053887993087348889e+02 -1.054081752369584990e+02 2.414238452893128356e-02 2.489977625852390702e+04 0.000000000000000000e+00
-1.040070572855124880e+02 -1.040407347773613651e+02 8.241160339643101296e-02 1.005139395393092709e+05 0.000000000000000000e+00
-1.052651081048241934e+02 -1.052715123101347814e+02 1.769832871068374724e-02 2.241507853799907025e+03 0.000000000000000000e+00
-1.107298426402873872e+02 -1.107672999185476499e+02 2.741713865421898169e-02 2.393213718721207260e+04 0.000000000000000000e+00
-1.079391249282780763e+02 -1.079687474945686319e+02 2.743495783164899213e-02 2.372012162148983407e+04 0.000000000000000000e+00
-1.080770598345882405e+02 -1.080549789585406444e+02 2.311584776379106351e-02 2.343591039360699506e+04 0.000000000000000000e+00
-1.025206108053789933e+02 -1.025886698725651200e+02 7.942351211443086922e-02 9.345998084374931932e+04 0.000000000000000000e+00
-1.018963748187270113e+02 -1.018480993316944136e+02 5.709255474384159618e-02 2.279808716783885393e+04 0.000000000000000000e+00
-1.052013326420423596e+02 -1.052090329569852400e+02 2.407680723085590599e-02 2.070048694785582484e+03 0.000000000000000000e+00
-1.079954117131102436e+02 -1.079893002156000392e+02 2.529389624690355637e-02 9.007031826427877240e+04 0.000000000000000000e+00
-1.026040178080765912e+02 -1.025912784496386791e+02 1.856250297433660254e-02 2.196451205965665577e+04 0.000000000000000000e+00
-9.986785083018178000e+01 -9.986595987018777976e+01 2.919783880243213142e-02 2.165903168594428644e+04 0.000000000000000000e+00
-1.053718194942429989e+02 -1.053739263393037220e+02 1.647660349782792757e-02 2.134121320002737048e+04 0.000000000000000000e+00
-1.045380752648974152e+02 -1.045644566391679575e+02 5.357917444093272114e-02 8.502235958888020832e+04 0.000000000000000000e+00
-1.051852563455047971e+02 -1.052054200156219821e+02 3.162918161884759050e-02 8.388148046683016582e+04 0.000000000000000000e+00
-9.703532765237613944e+01 -9.707436653364078438e+01 3.900838105798759559e-02 2.054476530206030293e+04 0.000000000000000000e+00
-1.052325537450534370e+02 -1.052467293629157155e+02 2.591244764879373913e-02 8.183668902519987023e+04 0.000000000000000000e+00
-9.850015415202834390e+01 -9.862931581152761851e+01 5.054373009929214594e-02 8.074085557508248894e+04 0.000000000000000000e+00
-1.079250352241163853e+02 -1.079198918182514717e+02 2.011933052871321681e-02 2.010020713933879597e+04 0.000000000000000000e+00
-1.025978736842180865e+02 -1.025853853296665221e+02 2.717523199463020220e-02 8.026947140543705609e+04 0.000000000000000000e+00
-9.706454506276378424e+01 -9.710890631693274599e+01 3.909143498012611351e-02 1.959334590122040026e+04 0.000000000000000000e+00
-1.080927800931298748e+02 -1.080976370790144045e+02 9.527769422552925110e-03 1.836521962600621009e+03 0.000000000000000000e+00
-1.053747830395691665e+02 -1.053748986848769817e+02 1.445067899387310166e-02 1.926546621242757828e+04 0.000000000000000000e+00
-1.079742558111066444e+02 -1.079707780269608435e+02 1.000824806324576537e-02 1.791692184273719477e+03 0.000000000000000000e+00
-1.051838002653376805e+02 -1.051808801413765906e+02 1.962701046474929489e-02 1.878940741272270679e+04 0.000000000000000000e+00
-9.708093721151756483e+01 -9.704406956684030661e+01 4.597674382423902473e-02 1.855841904061643436e+04 0.000000000000000000e+00
-1.025934546165872518e+02 -1.025675424339185611e+02 1.621009002100337951e-02 1.839600763416480913e+04 0.000000000000000000e+00
-1.080338377489541557e+02 -1.080478327185471983e+02 1.159880262844647895e-02 1.824908912518180659e+04 0.000000000000000000e+00
-1.015573829547262790e+02 -1.014932074055798097e+02 3.392812446505748952e-02 1.763575273970541048e+03 0.000000000000000000e+00
-1.026246290651186257e+02 -1.026322657904153459e+02 1.344211829882022494e-02 1.784861153120392919e+04 0.000000000000000000e+00
-1.052344487978256922e+02 -1.052364454054206817e+02 1.701305017935946309e-02 1.764554405484999370e+04 0.000000000000000000e+00
-1.054133209618156286e+02 -1.054051191409516690e+02 6.971992456832165619e-03 1.759705157362728414e+03 0.000000000000000000e+00
-1.080134774341730406e+02 -1.079857915387632517e+02 2.085452814132280827e-02 6.885988820598117309e+04 0.000000000000000000e+00
-1.053238727935470678e+02 -1.053263450579082274e+02 1.733420248302316308e-02 6.816706800993766228e+04 0.000000000000000000e+00
-1.041242321200232510e+02 -1.041645793377132065e+02 2.932744301200986003e-02 6.741025904490878747e+04 0.000000000000000000e+00
-1.051979099954281622e+02 -1.051775432905604646e+02 2.007764257618481485e-02 1.676719513827095579e+04 0.000000000000000000e+00
-9.997112437766065796e+01 -9.992239397153274183e+01 3.035823914114169769e-02 6.620211165838097804e+04 0.000000000000000000e+00
-1.053318573557549911e+02 -1.053300780825397425e+02 7.990439089687646421e-03 1.655093548022290634e+04 0.000000000000000000e+00
-9.983646766047549193e+01 -9.982127504044917998e+01 2.277533327895036458e-02 6.501554512639817403e+04 0.000000000000000000e+00
-1.036488924817109165e+02 -1.036031074918951589e+02 3.945889362271665091e-02 6.435442060432732251e+04 0.000000000000000000e+00
-1.029247872474605430e+02 -1.029720705085353814e+02 4.353075263542913881e-02 6.385861346261389554e+04 0.000000000000000000e+00
-1.052756324825723198e+02 -1.052375554318081612e+02 2.156115658019628484e-02 6.338166075147956872e+04 0.000000000000000000e+00
-1.024457520248402886e+02 -1.024974069276551774e+02 3.014903370138611455e-02 6.287399220288849028e+04 0.000000000000000000e+00
-9.998477499216140529e+01 -9.998926298294311721e+01 2.394640010645925077e-02 6.247524542477629439e+04 0.000000000000000000e+00
-1.079884916152617507e+02 -1.080010618104363971e+02 1.189442446836128445e-02 1.592709904148440364e+04 0.000000000000000000e+00
-1.051750486344950133e+02 -1.052142632487812079e+02 2.482670884212089327e-02 6.125928049516466126e+04 0.000000000000000000e+00
-1.080148914929268784e+02 -1.080233029803662390e+02 1.432933818434636158e-02 1.563763955903776514e+04 0.000000000000000000e+00
-1.025535731374415036e+02 -1.025644822838749235e+02 2.081154080380359650e-02 6.020955427861551289e+04 0.000000000000000000e+00
-8.610617446908180739e+01 -8.594437491755594749e+01 1.458691438786785255e-01 1.535012589426016348e+04 0.000000000000000000e+00
-1.053089618520906185e+02 -1.053059607453358382e+02 8.871565215048051942e-03 1.533314533024721277e+04 0.000000000000000000e+00
-7.347190402170970458e+01 -7.279806700776467210e+01 1.672738003697668563e-01 1.521911531627248451e+03 9.000000000000000000e+00
-1.052923611838093478e+02 -1.052896261194837564e+02 2.011138095137254833e-02 6.933993215614167275e+04 0.000000000000000000e+00
-1.014570123514296682e+02 -1.015015952977246911e+02 2.130829960144760282e-02 1.711410970411013295e+03 0.000000000000000000e+00
-1.024857922113564541e+02 -1.024913227160240154e+02 1.300933101456655527e-02 1.636456184834121450e+04 0.000000000000000000e+00
-1.027058018497326515e+02 -1.026911702556860604e+02 1.204779700158622839e-02 1.621835613493280107e+04 0.000000000000000000e+00
-1.079885413870733686e+02 -1.079941581538669482e+02 1.034253238190569087e-02 1.608969361082983050e+04 0.000000000000000000e+00
-1.024736316233957041e+02 -1.024760817176717325e+02 1.123086354290264363e-02 1.594836639753170311e+04 0.000000000000000000e+00
-1.053044201903476846e+02 -1.053222309191628909e+02 1.824276142406694792e-02 6.636074469282501377e+04 0.000000000000000000e+00
-1.052763593322883366e+02 -1.052771744509192331e+02 5.972719382407426503e-03 1.685416085491483727e+03 0.000000000000000000e+00
-9.420422728483235630e+01 -9.417905747980182696e+01 7.062547894193324516e-02 6.528853806914748566e+04 0.000000000000000000e+00
-1.026420821828057086e+02 -1.026349495431889665e+02 8.238566336182633065e-03 1.543890374902231088e+04 0.000000000000000000e+00
-1.053205365537841089e+02 -1.053083376672353637e+02 1.420026377521942801e-02 1.531200151260278290e+04 0.000000000000000000e+00
-1.025433825349282415e+02 -1.025438568895857259e+02 1.858715926512658281e-02 6.369460005963366712e+04 0.000000000000000000e+00
-9.898467578848644166e+01 -9.898426497839028571e+01 3.205300095591633730e-02 1.506994926954680705e+04 0.000000000000000000e+00
-1.107212733542399263e+02 -1.107476004964429421e+02 1.464422688963477014e-02 1.494441311034353566e+04 0.000000000000000000e+00
-9.922803107774112163e+01 -9.923344697927846880e+01 2.646379394600939169e-02 1.487271572942302191e+04 0.000000000000000000e+00
-1.107185890776842712e+02 -1.107504300638527894e+02 1.491130138753617509e-02 1.475249058533967946e+04 0.000000000000000000e+00
-1.052730126483198347e+02 -1.052852639593680095e+02 1.078518562356774527e-02 1.470466659746900586e+04 0.000000000000000000e+00
-9.857813941846264072e+01 -9.861743062235950674e+01 2.337949869560690397e-02 1.459670344794425910e+04 0.000000000000000000e+00
-1.017475359112693809e+02 -1.017516606759046738e+02 1.766776759902678046e-02 1.456929252598422681e+04 0.000000000000000000e+00
-9.972679421368303565e+01 -9.971634979016756972e+01 2.440624449080820366e-02 6.034087681811236689e+04 0.000000000000000000e+00
-1.080675240606413752e+02 -1.080783575145053987e+02 1.036808494568582269e-02 1.434055978534585847e+04 0.000000000000000000e+00
-1.026199095327076094e+02 -1.026348959163185270e+02 1.771972691049555210e-02 5.941763113702088594e+04 0.000000000000000000e+00
-1.079916051648248754e+02 -1.079977647233044564e+02 8.170833443895741954e-03 1.412904888377760290e+04 0.000000000000000000e+00
-1.080957292549029631e+02 -1.080660055559234962e+02 1.718835763640205738e-02 5.852007557776316389e+04 0.000000000000000000e+00
-1.015391234844595800e+02 -1.015421251899426807e+02 1.962165565971918033e-02 1.392524017797794477e+04 0.000000000000000000e+00
-9.917055065182330509e+01 -9.914357216562306974e+01 2.788770188139929468e-02 1.381987263652031470e+04 0.000000000000000000e+00
-9.966802329215805401e+01 -9.965389861516690928e+01 1.764716097239070469e-02 1.375053665185753380e+04 0.000000000000000000e+00
-9.421359521340407639e+01 -9.420730230551386342e+01 3.687938317362637886e-02 5.728475099060739740e+04 0.000000000000000000e+00
-9.868682525287260887e+01 -9.866504790834625283e+01 3.371579188879766931e-02 5.686203382741667156e+04 0.000000000000000000e+00
-1.080632872831768765e+02 -1.080818949724609155e+02 1.267965548088898289e-02 1.352974692230152505e+04 0.000000000000000000e+00
-1.079370920257203181e+02 -1.079408697681197964e+02 5.746015868564597132e-03 1.501159343547575190e+03 0.000000000000000000e+00
-1.053630380625856020e+02 -1.053575600394875522e+02 1.269616608803015266e-02 1.335735803077298442e+04 0.000000000000000000e+00
-1.014291043608434393e+02 -1.014427205038475535e+02 2.034920846998744190e-02 1.326304876288442028e+04 0.000000000000000000e+00
-1.018422183028358887e+02 -1.018394403266777175e+02 3.451766029554901444e-02 5.499112740690403734e+04 0.000000000000000000e+00
-1.025781967350056618e+02 -1.025671295088189652e+02 1.927613977797916836e-02 5.460164131181332050e+04 0.000000000000000000e+00
-1.053553783332404805e+02 -1.053596514346258743e+02 1.020500906771700141e-02 1.300104394459717150e+04 0.000000000000000000e+00
-1.080442183448750058e+02 -1.080532462882548259e+02 7.721230582689810398e-03 1.291129831826964619e+04 0.000000000000000000e+00
-1.053658300023389245e+02 -1.053599466865073566e+02 5.187531290347578879e-03 1.480381453735909190e+03 0.000000000000000000e+00
-9.696790628553962677e+01 -9.697348626614407863e+01 1.718146221977514751e-02 1.274125914478629602e+04 0.000000000000000000e+00
-1.080601824866728862e+02 -1.080709594234637052e+02 8.999873752549167327e-03 1.265587697945883519e+04 0.000000000000000000e+00
-1.053350668700324633e+02 -1.053300659623655378e+02 8.509517926832339471e-03 1.257786253643357668e+04 0.000000000000000000e+00
-1.052791684532240168e+02 -1.052970290590255615e+02 1.470611569864934721e-02 1.249460361016218849e+04 0.000000000000000000e+00
-9.724247787525457909e+01 -9.726205262169332855e+01 1.542410586692240931e-02 1.242846307656301360e+04 0.000000000000000000e+00
-1.053515019062057831e+02 -1.053488430884998195e+02 6.998325806301572069e-03 1.236744372017346359e+04 0.000000000000000000e+00
-1.054495227116831586e+02 -1.053823731153172076e+02 2.279949117085989380e-02 5.114331953448136483e+04 0.000000000000000000e+00
-1.053752815110565706e+02 -1.053745425616461375e+02 1.074118105327890454e-02 1.220891160582842895e+04 0.000000000000000000e+00
-1.080464123196096295e+02 -1.080534221009506979e+02 7.509850118381032613e-03 1.212912493742860897e+04 0.000000000000000000e+00
-1.025346634420751144e+02 -1.025389293458230355e+02 1.089963199751174498e-02 1.205358700253946336e+04 0.000000000000000000e+00
-9.928938305978979884e+01 -9.928637100068633004e+01 2.070832233570121458e-02 1.197704293950548526e+04 0.000000000000000000e+00
-1.079723641650615917e+02 -1.079760985379095217e+02 7.203819751076469442e-03 1.190098654010017344e+04 0.000000000000000000e+00
-1.014411654635041629e+02 -1.014615070123006291e+02 1.631098553912146282e-02 1.182596704093598782e+04 0.000000000000000000e+00
-6.778629912130494972e+01 -6.783753696248616905e+01 7.295221929385453663e-02 1.367894512652869025e+03 1.000000000000000000e+00
-1.041153719848040282e+02 -1.041232262100577088e+02 9.352753749615432335e-03 1.360427249757803565e+03 0.000000000000000000e+00
-9.431171172729094110e+01 -9.433329689021169884e+01 3.249535069254353564e-02 4.985898578446125612e+04 0.000000000000000000e+00
-1.079444796007984166e+02 -1.079443625727792124e+02 8.970494589450041592e-03 1.215817358238999441e+04 0.000000000000000000e+00
-1.053670738669025013e+02 -1.053511416240759218e+02 1.046781184533904577e-02 4.926993872455658129e+04 0.000000000000000000e+00
-1.080576354977401365e+02 -1.080677832115155326e+02 1.044682443539702785e-02 1.200968668695790620e+04 0.000000000000000000e+00
-1.080462978733656172e+02 -1.080534968634859041e+02 7.091467721106162365e-03 1.194255769991103443e+04 0.000000000000000000e+00
-1.025475310123897117e+02 -1.025469215302931190e+02 8.392137101821260659e-03 1.187337462938278986e+04 0.000000000000000000e+00
-1.080396823488305103e+02 -1.080131361032624113e+02 1.469154286143147144e-02 4.812059696275881288e+04 0.000000000000000000e+00
-1.106539641931912428e+02 -1.106607471656419079e+02 6.570925946431709075e-03 1.310211899506784221e+03 0.000000000000000000e+00
-9.974836180589097978e+01 -9.970379852749974248e+01 1.982435882641480837e-02 1.166550689284083819e+04 0.000000000000000000e+00
-1.053220290252614433e+02 -1.053247161782429231e+02 6.206433544277245584e-03 1.169235623677923650e+04 0.000000000000000000e+00
-1.053428966042090877e+02 -1.053432330556811110e+02 7.270347746743594831e-03 1.162401945502297895e+04 0.000000000000000000e+00
-1.079922051978965669e+02 -1.079972824378969420e+02 6.144070445774253188e-03 1.155609419950529627e+04 0.000000000000000000e+00
-1.053309341807605932e+02 -1.053362494008597992e+02 7.027164931803648804e-03 1.149021632396863242e+04 0.000000000000000000e+00
-1.024928645556744726e+02 -1.025043931331121456e+02 1.326835704631424903e-02 4.623930206771274243e+04 0.000000000000000000e+00
-1.052638572676092821e+02 -1.052540034067410488e+02 1.053021016157223641e-02 4.598050486493056087e+04 0.000000000000000000e+00
-1.053265774249924078e+02 -1.053280624520803315e+02 4.623599174202050292e-03 1.129940854321864572e+04 0.000000000000000000e+00
-1.027466985809719517e+02 -1.027398405845460303e+02 1.458183816198488011e-02 1.123533384749915604e+04 0.000000000000000000e+00
-9.990636360740543864e+01 -9.991504244116883626e+01 9.607650689495391902e-03 1.117338362637716273e+04 0.000000000000000000e+00
-1.079792423884564556e+02 -1.079606505321828109e+02 1.150305422636498098e-02 4.497324611917786387e+04 0.000000000000000000e+00
-1.052971216566483150e+02 -1.052926533638637210e+02 6.998770007210084604e-03 1.105482681909039638e+04 0.000000000000000000e+00
-1.025836657309977795e+02 -1.025802858828635635e+02 3.878046709068607226e-03 1.347409753205073685e+03 0.000000000000000000e+00
-1.037708261136232721e+02 -1.037496969861905853e+02 2.006768349357678990e-02 1.093553812241621745e+04 0.000000000000000000e+00
-9.709913151205736881e+01 -9.707627487194069715e+01 1.730156086274457772e-02 4.401663576493850996e+04 0.000000000000000000e+00
-1.080685643303535954e+02 -1.080787191125531592e+02 8.204740673861198041e-03 1.083971248429145999e+04 0.000000000000000000e+00
-1.017247754341963315e+02 -1.017184044853955243e+02 1.614663365403803952e-02 1.078647420742669419e+04 0.000000000000000000e+00
-1.053557500566483895e+02 -1.053542174107622742e+02 2.237216605523946727e-03 1.331090804382987471e+03 0.000000000000000000e+00
-1.080342541942481631e+02 -1.080285620267439555e+02 3.813997937158163098e-03 1.324088508120545157e+03 0.000000000000000000e+00
-1.079640447595904504e+02 -1.079664061628650416e+02 3.725011213906892060e-03 1.318648627587589090e+03 0.000000000000000000e+00
-9.988519527974339951e+01 -9.988761089006787586e+01 7.491602203331560773e-03 1.056284910935877633e+04 0.000000000000000000e+00
-1.015412809351291941e+02 -1.015612343012924725e+02 1.460129888293555840e-02 1.050708360010796241e+04 0.000000000000000000e+00
-9.997018147642414476e+01 -9.997359349512984750e+01 1.792541612457460021e-02 4.222259085983940895e+04 0.000000000000000000e+00
-1.080423799682164940e+02 -1.080491251370328314e+02 5.236688987569753165e-03 1.041466182798812588e+04 0.000000000000000000e+00
-1.052733232391278051e+02 -1.052110666507381609e+02 1.868468214303042191e-02 4.178544045636228839e+04 0.000000000000000000e+00
-1.080200244193848960e+02 -1.080195866005809080e+02 3.558607036791829655e-03 1.326383176965387975e+03 0.000000000000000000e+00
-1.024257490122385548e+02 -1.024268149289850811e+02 1.000654634482162769e-02 1.026861948804809799e+04 0.000000000000000000e+00
-1.081178684288244227e+02 -1.081276394951850364e+02 8.602614292957094094e-03 1.021606830986638306e+04 0.000000000000000000e+00
-1.080176255786861219e+02 -1.080294870459757703e+02 6.775248394787064359e-03 1.016923578567911318e+04 0.000000000000000000e+00
-1.015970139184712338e+02 -1.015948017351262820e+02 2.638073945521095254e-02 4.094760658228952525e+04 0.000000000000000000e+00
-1.107467667227709853e+02 -1.107391538743758872e+02 5.485982476186388422e-03 1.297849145501306339e+03 0.000000000000000000e+00
-1.032098176191982475e+02 -1.032219231157609300e+02 2.023629669130453182e-02 1.003706456430955586e+04 0.000000000000000000e+00
-1.052927790162104742e+02 -1.052808317665580091e+02 1.027790950205852150e-02 4.034410089499563765e+04 0.000000000000000000e+00
-9.930903940181678990e+01 -9.931014283353900396e+01 1.216881859480574771e-02 9.945533711317648340e+03 0.000000000000000000e+00
-1.027211899571481126e+02 -1.027253196038845147e+02 1.106722550928278259e-02 9.896304197782419578e+03 0.000000000000000000e+00
-1.003151056439085096e+02 -1.003797832486720267e+02 2.395179715937439599e-02 9.848768288492421561e+03 0.000000000000000000e+00
-1.080470355408263714e+02 -1.080512305251491654e+02 5.163205147217804492e-03 9.929821322098337987e+03 0.000000000000000000e+00
-1.079895371548731049e+02 -1.079919665446274024e+02 5.876793351006397506e-03 9.882268805990568580e+03 0.000000000000000000e+00
-1.026164811062326692e+02 -1.026178629404093101e+02 5.173356547225362728e-03 9.834591437661683813e+03 0.000000000000000000e+00
-1.025131817743617262e+02 -1.025356239100114095e+02 1.354575149629474139e-02 3.919916758795399073e+04 0.000000000000000000e+00
-1.026840694428550051e+02 -1.026860270083014086e+02 3.705382903279056273e-03 1.264694179909590275e+03 0.000000000000000000e+00
-1.080871363519004831e+02 -1.080978576325054092e+02 7.556384981632377137e-03 9.699100031476747972e+03 0.000000000000000000e+00
-1.018062930655336515e+02 -1.017959245989118244e+02 1.405790446385243864e-02 9.658513946651977676e+03 0.000000000000000000e+00
-1.106555140434455211e+02 -1.106646509776541620e+02 8.957261176749923073e-03 9.617339736638918112e+03 0.000000000000000000e+00
-8.309940850194902850e+01 -8.297747236194398113e+01 3.818592938478729965e-02 9.575808303811543738e+03 1.500000000000000000e+01
-9.996453574484672799e+01 -9.994415360252924074e+01 1.301113504565438138e-02 9.808548071120230816e+03 0.000000000000000000e+00
-1.052115614140801654e+02 -1.052111823889929241e+02 6.857506023997414490e-03 9.778473734287736079e+03 0.000000000000000000e+00
-1.053602431800704693e+02 -1.053548449360552723e+02 5.202114062446794134e-03 9.733034459000207789e+03 0.000000000000000000e+00
-1.018130043439471279e+02 -1.018188942404868698e+02 1.293914557869292256e-02 9.689284457569376173e+03 0.000000000000000000e+00
-1.026301556819011438e+02 -1.026390258397240700e+02 6.052715401869541295e-03 9.645986200177438150e+03 0.000000000000000000e+00
-1.026706375346079199e+02 -1.026773561453657919e+02 7.710391585391378200e-03 9.605016238692289335e+03 0.000000000000000000e+00
-1.025403037706639680e+02 -1.025393545747422621e+02 8.069454287581521307e-03 9.563115033742520609e+03 0.000000000000000000e+00
-9.967530870154746481e+01 -9.967877111269490342e+01 1.085038693360725059e-02 9.519665697575399463e+03 0.000000000000000000e+00
-9.928830453265818790e+01 -9.926126945389462719e+01 1.300142715000452212e-02 9.477199641795559728e+03 0.000000000000000000e+00
-1.053144441210756668e+02 -1.053157105257977264e+02 7.334727439831850715e-03 9.462501948854189322e+03 0.000000000000000000e+00
-9.577741954692615423e+01 -9.583093876973327951e+01 1.837439142952591170e-02 9.420170835131057174e+03 0.000000000000000000e+00
-1.079650863080845653e+02 -1.079711841983915264e+02 6.049679303974751267e-03 9.475837938905826377e+03 0.000000000000000000e+00
-1.026938598689522451e+02 -1.026801660887120420e+02 7.975361087828989129e-03 9.435166057533919229e+03 0.000000000000000000e+00
-1.080630264812304517e+02 -1.080707452775843649e+02 1.171381623824980373e-02 3.759017865149900899e+04 0.000000000000000000e+00
-1.052528657169502111e+02 -1.052484894387413732e+02 5.840263848248596415e-03 9.363859073076775530e+03 0.000000000000000000e+00
-1.026232899966871912e+02 -1.026220369103647982e+02 5.143698586435845564e-03 9.323770307006432631e+03 0.000000000000000000e+00
-1.080027803344040933e+02 -1.080025784598335719e+02 5.302561440631056722e-03 9.283161473337706411e+03 0.000000000000000000e+00
-1.026421680961183966e+02 -1.026326300935133418e+02 4.739879554926372009e-03 9.242831183593660171e+03 0.000000000000000000e+00
-1.022318901372938598e+02 -1.021545550840202878e+02 1.650845298703478015e-02 9.207034514754994234e+03 0.000000000000000000e+00
-1.080663357874765893e+02 -1.080743973667018878e+02 5.287442979321572457e-03 9.372563338027754071e+03 0.000000000000000000e+00
-1.026680373409695193e+02 -1.026467926247097466e+02 1.599237669975759127e-02 3.652222649721274502e+04 0.000000000000000000e+00
-9.717145300618534520e+01 -9.716508683226956578e+01 8.380601496517117027e-03 9.303978344755159924e+03 0.000000000000000000e+00
-1.019290049612274771e+02 -1.019413870321510416e+02 8.801828038935123610e-03 1.181249907781082584e+03 0.000000000000000000e+00
-1.025188935995481074e+02 -1.024845693760558731e+02 1.414512048484368838e-02 3.608372312235977734e+04 0.000000000000000000e+00
-1.068437243580540468e+02 -1.068653247965052202e+02 1.272685902704871405e-02 1.176482060152887925e+03 0.000000000000000000e+00
-1.025819443906172097e+02 -1.025879115351573034e+02 7.699946716736860881e-03 9.168291322552795464e+03 0.000000000000000000e+00
-1.024023054746440806e+02 -1.024015463559346131e+02 9.098193422283481699e-03 9.131230510517058065e+03 0.000000000000000000e+00
-1.080727693460938923e+02 -1.080793956014678798e+02 6.569160140319906839e-03 9.093182279689486677e+03 0.000000000000000000e+00
-1.053773766687247928e+02 -1.053779783243542454e+02 6.676001383100790658e-03 9.057338958643837032e+03 0.000000000000000000e+00
-1.106700116528743223e+02 -1.106674849418099313e+02 9.409804266151719498e-03 9.019943116893331535e+03 0.000000000000000000e+00
-1.053866638328093757e+02 -1.053890905155766688e+02 5.357972210402883392e-03 8.982993500135251452e+03 0.000000000000000000e+00
-1.025563704144589821e+02 -1.025631383298424737e+02 5.607167997555353132e-03 8.946463527378617073e+03 0.000000000000000000e+00
-1.025319069738600035e+02 -1.025364463577385834e+02 4.693958386637882979e-03 1.148372493249846912e+03 0.000000000000000000e+00
-1.079958229413093278e+02 -1.080023397527725706e+02 4.482226798292763235e-03 8.882935898242745679e+03 0.000000000000000000e+00
-9.974161543489441328e+01 -9.973969144464221870e+01 7.167993565327219173e-03 8.848514310611250039e+03 0.000000000000000000e+00
-1.007504255383822027e+02 -1.007584120858685708e+02 1.520629136384790518e-02 8.813017363227922033e+03 0.000000000000000000e+00
-9.921516095192686180e+01 -9.918394710979292483e+01 1.243439481045370901e-02 8.780202662213308940e+03 0.000000000000000000e+00
-1.080737355306356875e+02 -1.080693502228894971e+02 2.872319684078172061e-03 1.145340058979242940e+03 0.000000000000000000e+00
-1.106983318845497024e+02 -1.106805982563379303e+02 9.728015609882199877e-03 3.425089446361853334e+04 0.000000000000000000e+00
-1.025951692096680574e+02 -1.025977187874414795e+02 8.872313951250841713e-03 3.412704854620459810e+04 0.000000000000000000e+00
-1.107236318977970768e+02 -1.107050567536663550e+02 1.004222595481569016e-02 3.399237456146056502e+04 0.000000000000000000e+00
-1.027274800110827755e+02 -1.026773226743935084e+02 1.268939101585448218e-02 3.387157394204990123e+04 0.000000000000000000e+00
-1.053207620764968766e+02 -1.053244423977499764e+02 7.028756956268128638e-03 8.612632959905262396e+03 0.000000000000000000e+00
-1.080687655264128466e+02 -1.080675079180169718e+02 2.866649612339748111e-03 1.121581197266001254e+03 0.000000000000000000e+00
-1.018745732905299235e+02 -1.018577854481788876e+02 1.312595663539245332e-02 8.546573439579615297e+03 0.000000000000000000e+00
-9.714931701498166206e+01 -9.714573202684312037e+01 7.231606164905888222e-03 8.522944409806403200e+03 0.000000000000000000e+00
-1.013675375799799383e+02 -1.013536274877719308e+02 1.365593554585342248e-02 8.490610017092849375e+03 0.000000000000000000e+00
-7.529107295103584363e+01 -7.561156416254246437e+01 6.059992677329917310e-02 8.463780810892510999e+03 1.700000000000000000e+01
-1.025407795130917634e+02 -1.025337544634986102e+02 6.779150612618189096e-03 9.186482140333288044e+03 0.000000000000000000e+00
-1.002336791109280369e+02 -1.003143768659971045e+02 2.270573413111655683e-02 3.389790366619460838e+04 0.000000000000000000e+00
-1.080651639483183999e+02 -1.080700479386730990e+02 5.457319097441635028e-03 9.196273082596777385e+03 0.000000000000000000e+00
-1.052998275549496157e+02 -1.053021299121839860e+02 2.285132612019337168e-03 1.103648486802153457e+03 0.000000000000000000e+00
-1.052993550652618069e+02 -1.052984192762009172e+02 5.587548358867076154e-03 9.128192963743320433e+03 0.000000000000000000e+00
-9.998165671730505721e+01 -9.997704456199274148e+01 5.438126891262560873e-03 1.095890576755025677e+03 0.000000000000000000e+00
-9.937644093746283147e+01 -9.930666733274934188e+01 1.937006230618810998e-02 3.347960970007213473e+04 0.000000000000000000e+00
-1.080024450117555546e+02 -1.079831405219448328e+02 8.195916407698095041e-03 3.352041671785020299e+04 0.000000000000000000e+00
-1.107363466889702437e+02 -1.107495101235484469e+02 7.020452561329813303e-03 9.180839790458256175e+03 0.000000000000000000e+00
-1.080975184212998528e+02 -1.081039816661913306e+02 6.958237688096217087e-03 9.153104773628194380e+03 0.000000000000000000e+00
-1.079759481924123179e+02 -1.079776831121592835e+02 6.612588758989864854e-03 9.120981016423538676e+03 0.000000000000000000e+00
-1.053726025316707364e+02 -1.053653291059080601e+02 1.093111942441409717e-02 3.305876265620243066e+04 0.000000000000000000e+00
-1.045727645539577395e+02 -1.045637047440451113e+02 8.610999611831251718e-03 1.126779375622850239e+03 0.000000000000000000e+00
-1.044060737848956961e+02 -1.044120155240832304e+02 1.249347789933160854e-02 9.021474603116999788e+03 0.000000000000000000e+00
-1.052762887151304483e+02 -1.052786342622592315e+02 5.304758741654740789e-03 8.989763525204563848e+03 0.000000000000000000e+00
-9.980699060844014525e+01 -9.982138396400463876e+01 7.099685299385000842e-03 8.957299130293742564e+03 0.000000000000000000e+00
-8.859203126862443867e+01 -8.883087852312347366e+01 3.370520147421025153e-02 8.931884479015407123e+03 1.000000000000000000e+00
-1.080789465930551216e+02 -1.080727563888468694e+02 7.828034026186269506e-03 3.331653297308709443e+04 0.000000000000000000e+00
-1.080489485840023463e+02 -1.080567175920173355e+02 4.309106478295873441e-03 9.789438434585199502e+03 0.000000000000000000e+00
-1.052255369625029715e+02 -1.052181448378363626e+02 6.246507887533667321e-03 9.756526841134149436e+03 0.000000000000000000e+00
-1.053227095159630124e+02 -1.052823018020700658e+02 9.923112311820983522e-03 3.296852230021858122e+04 0.000000000000000000e+00
-9.980402044020874541e+01 -9.980532891475063195e+01 6.104965822755785768e-03 9.690168930104520769e+03 0.000000000000000000e+00
-1.034316557270970236e+02 -1.033992529384749872e+02 1.164794654299426691e-02 1.297573885514650101e+03 0.000000000000000000e+00
-9.656247106683213133e+01 -9.655032366654722864e+01 1.320770888077553440e-02 9.622185808049876869e+03 0.000000000000000000e+00
-9.912376468967036658e+01 -9.910209363385580161e+01 1.175136325333189270e-02 9.593395751177871716e+03 0.000000000000000000e+00
-9.936496826730159171e+01 -9.935287239512561541e+01 8.477800063158515489e-03 1.311794284430820881e+03 0.000000000000000000e+00
-1.015770507485469381e+02 -1.015977078877625104e+02 2.221058745664629408e-02 3.243265630437105210e+04 0.000000000000000000e+00
-1.026455535350041544e+02 -1.026451353563762865e+02 4.715088874911055154e-03 9.551231736772278964e+03 0.000000000000000000e+00
-1.024798177109784660e+02 -1.024730108157034465e+02 1.010861203459410135e-02 3.222325689036165204e+04 0.000000000000000000e+00
-1.054313124386320908e+02 -1.054315349807736197e+02 6.973439550030538156e-03 9.485433569470131260e+03 0.000000000000000000e+00
-1.079925481681937498e+02 -1.079979564850896026e+02 4.526329285665953508e-03 9.452849809039444153e+03 0.000000000000000000e+00
-1.080654245947839627e+02 -1.080759158928311479e+02 5.970143354278452733e-03 9.421405878979045156e+03 0.000000000000000000e+00
-1.080201726340935124e+02 -1.080156488113897950e+02 7.882411658957420506e-03 3.178553761915045106e+04 0.000000000000000000e+00
-9.627393579008776214e+01 -9.623595450229805692e+01 2.532387537705799510e-02 3.167808369040115576e+04 0.000000000000000000e+00
-1.018693776193433393e+02 -1.018680840739155258e+02 1.111118927266875438e-02 9.329312619683891171e+03 0.000000000000000000e+00
-7.578773613889275396e+01 -7.572397659633965361e+01 2.932587562522292329e-02 1.276887337666547637e+03 1.000000000000000000e+00
-1.025067601349458499e+02 -1.024992880489168385e+02 8.206927546509102875e-03 3.148029274006624473e+04 0.000000000000000000e+00
-9.866661553667762519e+01 -9.872348884519863077e+01 1.455789873445165195e-02 3.137659966364359207e+04 0.000000000000000000e+00
-9.985829445179649611e+01 -9.985011209694221179e+01 6.331784729390606964e-03 9.353426379583714152e+03 0.000000000000000000e+00
-1.080216758784919477e+02 -1.080266202412151131e+02 5.767157323890540442e-03 9.324500592049822444e+03 0.000000000000000000e+00
-1.052941096102669718e+02 -1.052864910239155591e+02 7.259890034032325315e-03 9.294285787737830105e+03 0.000000000000000000e+00
-1.079944600746983241e+02 -1.079976226252216520e+02 4.575685701917171430e-03 9.265371272993095772e+03 0.000000000000000000e+00
-1.080502271599004587e+02 -1.080458579516760409e+02 6.752190333192331292e-03 3.096555545067027197e+04 0.000000000000000000e+00
-1.042988371763742208e+02 -1.042911389118243335e+02 1.028698507669336022e-02 9.205066219396325323e+03 0.000000000000000000e+00
-1.026388507356734863e+02 -1.026196847846225069e+02 7.690802070576857781e-03 3.076379390433088702e+04 0.000000000000000000e+00
-1.052667681883951047e+02 -1.052611345713405910e+02 7.176221971047097754e-03 9.146855548885285316e+03 0.000000000000000000e+00
-1.026136487793282868e+02 -1.026167214484331396e+02 2.027750190963722304e-03 1.266966159796556212e+03 0.000000000000000000e+00
-1.017798820924346472e+02 -1.017829273148683598e+02 9.338495319262807640e-03 1.263005667811175044e+03 0.000000000000000000e+00
-9.976640241651443830e+01 -9.977023340459160750e+01 6.682217142725116292e-03 9.059263399318830125e+03 0.000000000000000000e+00
-1.025681276832539197e+02 -1.025628664641626102e+02 4.529719614136801936e-03 9.030419579352859728e+03 0.000000000000000000e+00
-9.719106261750427223e+01 -9.718758990180806734e+01 1.121902821685870355e-02 9.002361731600485655e+03 0.000000000000000000e+00
-1.027578369457080356e+02 -1.027587125764948723e+02 8.639679072640906246e-03 8.973708902999696875e+03 0.000000000000000000e+00
-1.081169239018502992e+02 -1.081249081736001614e+02 6.751429438935058203e-03 8.945103001394938474e+03 0.000000000000000000e+00
-9.734057872127124256e+01 -9.728421107834739701e+01 1.247587118968031261e-02 2.992974148180124757e+04 0.000000000000000000e+00
-1.052279838881972154e+02 -1.052232312053538550e+02 6.630059490118469026e-03 8.911535468765478072e+03 0.000000000000000000e+00
-1.025117468687201381e+02 -1.024936120629455303e+02 8.886755618995156869e-03 2.984642386475623789e+04 0.000000000000000000e+00
-1.080489883583947375e+02 -1.080553513811354662e+02 3.745158679462764432e-03 8.855995835987396276e+03 0.000000000000000000e+00
-1.080540707972092349e+02 -1.080481380842535799e+02 2.119420033312958626e-03 1.225976018390993204e+03 0.000000000000000000e+00
-9.561642796237396169e+01 -9.554834989709324589e+01 1.201281856343899661e-02 1.223269946536752741e+03 2.600000000000000000e+01
-1.080529853105465747e+02 -1.080485834914264842e+02 1.745999787812378950e-03 1.281480106926476537e+03 0.000000000000000000e+00
-1.053565310811267324e+02 -1.053537336439697611e+02 2.093110831231562337e-03 1.278149138005966734e+03 0.000000000000000000e+00
-1.025081634333410392e+02 -1.025012642451107467e+02 3.593898683666287529e-03 1.274506957798220128e+03 0.000000000000000000e+00
-1.080962020228685105e+02 -1.080878858414624375e+02 4.698642951058505657e-03 1.272174120406761404e+03 0.000000000000000000e+00
-1.052875554210454112e+02 -1.052859247475452662e+02 4.851266334336873202e-03 8.839280331976506204e+03 0.000000000000000000e+00
-1.024583290359370409e+02 -1.024504554458657850e+02 7.532291445353499725e-03 2.917613170312739749e+04 0.000000000000000000e+00
-1.080727824824594734e+02 -1.080787298111354175e+02 6.691270277757160184e-03 8.785983790502694319e+03 0.000000000000000000e+00
-1.053593615463240383e+02 -1.053593403250961416e+02 5.255927398383352864e-03 8.760191476840916948e+03 0.000000000000000000e+00
-1.080936590870285272e+02 -1.080990281177251973e+02 7.043951290070440442e-03 8.733485378105435302e+03 0.000000000000000000e+00
-1.080482175145720021e+02 -1.080429271051261253e+02 2.179094899770340609e-03 1.252657899817049838e+03 0.000000000000000000e+00
-1.053409240617929896e+02 -1.053353617582059627e+02 5.094230144685828361e-03 8.681612055089133719e+03 0.000000000000000000e+00
-1.080600587442980469e+02 -1.080464910120110744e+02 6.101446280147840642e-03 2.865244902891520542e+04 0.000000000000000000e+00
-1.079414857501713811e+02 -1.079442550592033854e+02 6.380919374121000326e-03 8.630330636514532671e+03 0.000000000000000000e+00
-1.025951719653760108e+02 -1.025998254618460663e+02 4.950778902405584582e-03 8.604678853618221183e+03 0.000000000000000000e+00
-1.025778307751796632e+02 -1.025714929613690174e+02 4.542037328274317089e-03 8.579519256946598034e+03 0.000000000000000000e+00
-1.045556359621218832e+02 -1.045350578089470446e+02 1.206867679360234050e-02 2.831973919952652068e+04 0.000000000000000000e+00
-9.713717038011229477e+01 -9.715132840692581340e+01 6.850403126279239370e-03 8.531661185105331242e+03 0.000000000000000000e+00
-1.080698362487041777e+02 -1.080675105573523922e+02 3.306474267478709105e-03 1.225995606608364142e+03 0.000000000000000000e+00
-9.982540303757568267e+01 -9.983544671664594716e+01 5.422593800074450993e-03 8.489875929716814426e+03 0.000000000000000000e+00
-9.826274733715970910e+01 -9.825515994146259402e+01 1.204109653822791476e-02 8.467420099449807822e+03 0.000000000000000000e+00
-1.024640193758288831e+02 -1.024547947522348892e+02 1.026757495557902890e-02 2.795053838561176235e+04 0.000000000000000000e+00
-1.053578668144287747e+02 -1.053578298910322104e+02 4.168565007327524816e-03 8.421682084991862212e+03 0.000000000000000000e+00
-1.080223026875517860e+02 -1.080234606100100763e+02 2.479405481074293312e-03 1.209529716179549496e+03 0.000000000000000000e+00
-1.041816987307568354e+02 -1.041944668336442277e+02 6.739100513191358804e-03 1.206033034196257177e+03 0.000000000000000000e+00
-1.014618868600126973e+02 -1.014812652755795312e+02 1.122057854490857501e-02 2.779397044755386378e+04 0.000000000000000000e+00
-1.079908345168877446e+02 -1.079976782286389607e+02 4.416867477816823102e-03 8.347861962706741906e+03 0.000000000000000000e+00
-1.008440940874956198e+02 -1.008354029418686650e+02 5.677084597123025281e-03 1.203137728328897310e+03 0.000000000000000000e+00
-1.026345014343368121e+02 -1.026226477005389199e+02 6.272276019149783562e-03 2.759293029484168801e+04 0.000000000000000000e+00
-1.080531994176557049e+02 -1.080538166963746249e+02 3.949444648129830926e-03 8.278697725464997347e+03 0.000000000000000000e+00
-1.107712041832127454e+02 -1.107688201233847280e+02 7.966938281846353345e-03 2.743922981933425763e+04 0.000000000000000000e+00
-1.053765236890002086e+02 -1.053790403057374618e+02 4.945292250964464925e-03 8.232260787555425850e+03 0.000000000000000000e+00
-1.081025619764458554e+02 -1.081071113091448410e+02 4.703377253540202627e-03 8.208999316982397431e+03 0.000000000000000000e+00
-1.080009693749462798e+02 -1.080024286677155914e+02 3.506079224678368411e-03 8.186297099386595619e+03 0.000000000000000000e+00
-1.031788451294584092e+02 -1.031826988204422975e+02 1.277831509229559841e-02 8.163151913875191894e+03 0.000000000000000000e+00
-1.081666558075146867e+02 -1.081726127953550076e+02 8.737101132399808720e-03 8.140671007641287360e+03 0.000000000000000000e+00
-1.081194767943871398e+02 -1.081241135618001294e+02 5.415692924363607087e-03 8.118944959098217623e+03 0.000000000000000000e+00
-1.068047689256926844e+02 -1.068434120300923809e+02 1.238313411002198335e-02 2.691441320986357096e+04 0.000000000000000000e+00
-1.107658563597829016e+02 -1.107754463522099400e+02 5.202200639027159887e-03 8.074569060745887327e+03 0.000000000000000000e+00
-1.107216164655604018e+02 -1.107215139970351032e+02 3.782443820947652656e-03 1.169700716756531392e+03 0.000000000000000000e+00
-1.052212728010180882e+02 -1.052161230744990661e+02 6.254318962626098655e-03 8.032819451661715902e+03 0.000000000000000000e+00
-1.024957632041558639e+02 -1.024898488819599436e+02 5.168813657104451113e-03 8.011225322689772838e+03 0.000000000000000000e+00
-1.026255245555211104e+02 -1.026155034644379498e+02 9.816873087294026440e-03 2.660282070173300599e+04 0.000000000000000000e+00
-9.986337623895116167e+01 -9.983072841861192614e+01 8.843515272144856706e-03 2.653206474462870392e+04 0.000000000000000000e+00
-1.031748769851806173e+02 -1.031790006394558219e+02 1.472218421518135291e-02 2.648749379986424174e+04 0.000000000000000000e+00
-1.053596052613861502e+02 -1.053603145774520158e+02 5.129597969200519816e-03 7.935390991139901416e+03 0.000000000000000000e+00
-1.107213002864809681e+02 -1.107133985728140573e+02 7.349535185208372866e-03 2.634328731676164534e+04 0.000000000000000000e+00
-1.019410376202084194e+02 -1.019359838870795159e+02 6.610988774999958240e-03 1.145666190230264647e+03 0.000000000000000000e+00
-1.107701547531594173e+02 -1.107639831276744360e+02 7.071915977179037138e-03 2.620186907865455578e+04 0.000000000000000000e+00
-1.080237311346852067e+02 -1.080245476070439565e+02 4.035455695790227809e-03 7.855392039058578121e+03 0.000000000000000000e+00
-1.025768865256833635e+02 -1.025867698811993023e+02 5.641553688481160643e-03 7.834123330387918031e+03 0.000000000000000000e+00
-1.041811820272715607e+02 -1.042231243281167110e+02 1.356352662185472333e-02 2.600288743504720333e+04 0.000000000000000000e+00
-1.036989592416465769e+02 -1.036814400235727760e+02 1.083168617614655403e-02 7.794406918313793540e+03 0.000000000000000000e+00
-1.001201904569991683e+02 -1.001329081034507738e+02 2.333618095879476384e-02 2.593375517844018032e+04 0.000000000000000000e+00
-1.053123237989701408e+02 -1.053106880340158398e+02 3.954291643499593424e-03 7.761382759358539261e+03 0.000000000000000000e+00
-1.016998922260236213e+02 -1.018300935969360950e+02 2.494194687849290298e-02 2.579879615850851769e+04 0.000000000000000000e+00
-9.994277412040811726e+01 -9.994299732082544097e+01 9.208516343768043469e-03 7.762279373368760389e+03 0.000000000000000000e+00
-9.992051281140764729e+01 -9.990904868326643395e+01 1.255327588545179264e-02 2.602781636867343332e+04 0.000000000000000000e+00
-1.107197635807979736e+02 -1.107114595618018740e+02 6.771460669903453002e-03 2.596213537056298082e+04 0.000000000000000000e+00
-1.052633699748778184e+02 -1.052575493010634062e+02 5.492788679489241099e-03 7.703376945151868313e+03 0.000000000000000000e+00
-1.107716971609073511e+02 -1.107684232302353280e+02 7.381837019340240814e-03 2.582776034757521847e+04 0.000000000000000000e+00
-1.107735835402050526e+02 -1.107710122408295064e+02 2.767802509158898399e-03 1.141954555209363434e+03 0.000000000000000000e+00
-9.889385165858550408e+01 -9.890719246126607800e+01 8.451247998247738216e-03 1.139085737567927936e+03 0.000000000000000000e+00
-1.025381356583546619e+02 -1.025373425096644979e+02 3.985791688417657762e-03 7.645153004974546093e+03 0.000000000000000000e+00
-1.080061833838238385e+02 -1.080084320558305535e+02 4.803365970159522574e-03 7.625228254951797680e+03 0.000000000000000000e+00
-1.014010128516651434e+02 -1.014113254464170382e+02 7.669236864881743762e-03 7.605494137302943273e+03 0.000000000000000000e+00
-9.721396561661437374e+01 -9.721425381902626839e+01 1.023438418341312238e-02 7.587966208083603306e+03 0.000000000000000000e+00
-8.910655814105469119e+01 -8.903303466589598258e+01 2.270592327205543312e-02 2.550141875692093527e+04 0.000000000000000000e+00
-1.000187546410016921e+02 -1.000084145084663163e+02 9.299702365663136891e-03 2.555238071596354712e+04 0.000000000000000000e+00
-1.080990793938910173e+02 -1.080974810835565876e+02 7.189507288908242311e-03 2.548919414000047982e+04 0.000000000000000000e+00
-1.051811802054250649e+02 -1.051732891132226655e+02 5.473048255380045558e-03 7.534587891175458026e+03 0.000000000000000000e+00
-1.054073384628490118e+02 -1.053973913976433892e+02 5.704935120016056509e-03 2.536157956681456562e+04 0.000000000000000000e+00
-1.026682588713388355e+02 -1.026726415583172525e+02 5.002235973809572751e-03 7.497632429681280883e+03 0.000000000000000000e+00
-1.056948681267231365e+02 -1.056024925302574644e+02 1.650445961782394041e-02 2.523831334967759176e+04 0.000000000000000000e+00
-1.054400383240386674e+02 -1.054301441056895499e+02 3.903130106039998277e-03 1.125234398045963417e+03 0.000000000000000000e+00
-1.080651377436778660e+02 -1.080716464898668363e+02 3.855475081602197790e-03 7.717767243467543267e+03 0.000000000000000000e+00
-1.025870490575596534e+02 -1.025905300196475451e+02 2.011173746308191242e-03 1.121515083264951500e+03 0.000000000000000000e+00
-9.984040960880027171e+01 -9.984038314929600233e+01 3.660405100427731925e-03 7.679926103524437167e+03 0.000000000000000000e+00
-9.914569649606322344e+01 -9.912123089300227718e+01 1.129154240412403969e-02 2.511695662652737883e+04 0.000000000000000000e+00
-1.080569966508706017e+02 -1.080566761622895626e+02 3.825670206158051333e-03 7.651687668043820850e+03 0.000000000000000000e+00
-1.025686456500091452e+02 -1.025654813290778407e+02 3.102400228551299363e-03 7.632516002470499188e+03 0.000000000000000000e+00
-1.106972615971672695e+02 -1.106900984776036836e+02 6.322111507728440070e-03 2.494375111831568211e+04 0.000000000000000000e+00
-1.079957486459610294e+02 -1.079911795995839014e+02 5.239583412946161554e-03 2.488278201151593748e+04 0.000000000000000000e+00
-1.053041735621820294e+02 -1.053044189496837362e+02 2.045493443527358294e-03 1.107519887231839448e+03 0.000000000000000000e+00
-1.053123153412717699e+02 -1.053052978954082590e+02 6.295262025461408409e-03 2.476118953639413667e+04 0.000000000000000000e+00
-1.053534234566157011e+02 -1.053548248192429497e+02 2.860399935371473433e-03 7.540109695466191624e+03 0.000000000000000000e+00
-9.995740411106633871e+01 -9.994482430714441534e+01 8.949096410011792013e-03 2.464010795301416147e+04 0.000000000000000000e+00
-1.081192598698035994e+02 -1.081239191891146874e+02 5.081134051764865135e-03 7.503039455864603951e+03 0.000000000000000000e+00
-1.068553992378819828e+02 -1.068721113551888493e+02 1.632888897406935616e-02 7.485199194089781486e+03 0.000000000000000000e+00
-1.053270568711962483e+02 -1.053285812274127693e+02 4.052960180861654195e-03 7.471733898198866882e+03 0.000000000000000000e+00
-9.358928372026329612e+01 -9.355880853609839676e+01 1.111786545785680737e-02 1.117557289364271810e+03 0.000000000000000000e+00
-1.107135101216398567e+02 -1.107165948883526028e+02 2.506738739189586819e-03 1.128274041320801416e+03 0.000000000000000000e+00
-1.053259235120581252e+02 -1.053233240795833865e+02 1.808729114401376415e-03 1.125757792407591296e+03 0.000000000000000000e+00
-1.080095116112549505e+02 -1.080078780381623602e+02 4.510368241613358503e-03 7.413462690414060489e+03 0.000000000000000000e+00
-1.107035055915315240e+02 -1.107159042815329286e+02 4.649733497876391668e-03 7.395577766858404175e+03 0.000000000000000000e+00
-1.007599487030865504e+02 -1.007514721261905493e+02 9.498677519995611315e-03 7.381394125059719045e+03 0.000000000000000000e+00
-1.052987504218585286e+02 -1.052979235316119286e+02 3.107690063914459420e-03 7.365152977014064163e+03 0.000000000000000000e+00
-1.008239248155847037e+02 -1.008155269355368659e+02 9.056845866922029822e-03 7.347471445290550946e+03 0.000000000000000000e+00
-1.080002309727781409e+02 -1.079888311975900024e+02 5.207056146693688284e-03 2.407828495329649741e+04 0.000000000000000000e+00
-1.080475728261859985e+02 -1.080466621927343454e+02 1.388965430278032206e-03 1.115968621233636668e+03 0.000000000000000000e+00
-1.013445567374241421e+02 -1.013547693096351594e+02 1.067662029900912600e-02 7.296682290597832434e+03 0.000000000000000000e+00
-1.025987230990633634e+02 -1.025992521972718947e+02 2.511764611826088588e-03 1.111896575783942581e+03 0.000000000000000000e+00
-1.080556033686474393e+02 -1.080571986581835517e+02 3.496006622660327232e-03 7.264367073335895839e+03 0.000000000000000000e+00
-1.044349322787052188e+02 -1.044605986321625863e+02 1.152851795221454707e-02 7.247205463378448258e+03 0.000000000000000000e+00
-1.052349153496780190e+02 -1.052333004964451106e+02 4.115633704411056880e-03 7.243017764892560990e+03 0.000000000000000000e+00
-1.080461383406300087e+02 -1.080491712908267630e+02 2.822698961374168428e-03 7.226011884745201314e+03 0.000000000000000000e+00
-1.068421156769619955e+02 -1.068418336080382716e+02 7.595652074556905400e-03 7.209216897818570942e+03 0.000000000000000000e+00
-1.009896344023835013e+02 -1.010110832124354232e+02 6.364540218192436469e-03 7.192302584768120141e+03 0.000000000000000000e+00
-1.025606113113866371e+02 -1.025577739494696630e+02 3.430387461517363842e-03 7.185166690263286910e+03 0.000000000000000000e+00
-1.026007945251096345e+02 -1.025931771006784743e+02 5.375817762560803313e-03 7.168619306529743881e+03 0.000000000000000000e+00
-1.079820510116648506e+02 -1.079779788323823055e+02 5.699754080663187519e-03 2.359886271574065177e+04 0.000000000000000000e+00
-1.053541812875104711e+02 -1.053555622191715742e+02 2.519187610960121459e-03 7.136755747623241405e+03 0.000000000000000000e+00
