0.000000000000000000e+00 0.000000000000000000e+00 0.000000000000000000e+00 0.000000000000000000e+00 0.000000000000000000e+00
-1.027036223787299321e+02 -1.025153335195308699e+02 1.229666105617348709e-01 1.938657126281075180e+05 0.000000000000000000e+00
-1.053006084307212546e+02 -1.052704258976603171e+02 1.656837716631243129e-01 1.939661233777304587e+05 0.000000000000000000e+00
-1.053644117259843824e+02 -1.052970240518756526e+02 1.120735712934572970e-01 4.509283486094862747e+04 0.000000000000000000e+00
-9.470078073596756951e+01 -9.442559245665309220e+01 1.643588404914849421e-01 4.412546517267684976e+04 0.000000000000000000e+00
-9.731319528724458223e+01 -9.695849276112573989e+01 2.649800256524839637e-01 1.935458952357321978e+05 0.000000000000000000e+00
-1.002647245056351579e+02 -1.000579064825494839e+02 1.077489919162021303e-01 1.956171785417750943e+05 0.000000000000000000e+00
-1.051283910418641909e+02 -1.051569730053929845e+02 1.293575236548444862e-01 1.975777025874762912e+05 0.000000000000000000e+00
-9.717352540810405515e+01 -9.703376300368465479e+01 8.523109729779984600e-02 5.006581613219434075e+04 0.000000000000000000e+00
-1.052241524679329245e+02 -1.052542531512035850e+02 6.854883925390251043e-02 1.923651944403007510e+05 0.000000000000000000e+00
-1.026835099053421914e+02 -1.026560918855506515e+02 6.846729273126785087e-02 4.961897472504285543e+04 0.000000000000000000e+00
-1.053873849958279436e+02 -1.053362911667694277e+02 4.723143620941615273e-02 4.853121991984736815e+04 0.000000000000000000e+00
-9.419239476558789192e+01 -9.424057762293824680e+01 9.670779826732103790e-02 4.778629387953184050e+04 0.000000000000000000e+00
-1.025265411820061559e+02 -1.025583134074688871e+02 6.426851513499493018e-02 4.692642266838739306e+04 0.000000000000000000e+00
-1.079803450444436237e+02 -1.080765401709464300e+02 8.997136056149211691e-02 1.736053738565039239e+05 0.000000000000000000e+00
-1.080226890466048957e+02 -1.080174464122166427e+02 5.345967447000961326e-02 4.503778725777554064e+04 0.000000000000000000e+00
-9.690300645960195425e+01 -9.696713455322715447e+01 8.241770739513541721e-02 4.408200159916633129e+04 0.000000000000000000e+00
-1.051804203098595281e+02 -1.052169971670083441e+02 3.986996316745167884e-02 4.352587532314906275e+04 0.000000000000000000e+00
-1.052290818647201434e+02 -1.052399606744953076e+02 2.835702095125783306e-02 4.283562120419056737e+04 0.000000000000000000e+00
-1.025989591902986433e+02 -1.025937516926405664e+02 3.690824740612995425e-02 1.579021579526962305e+05 0.000000000000000000e+00
-9.966389796720098104e+01 -9.961613484170040067e+01 9.754751364099135957e-02 4.057068275624411399e+03 0.000000000000000000e+00
-9.427904385833382150e+01 -9.429298417982403180e+01 6.834855313863248683e-02 1.530052309507774771e+05 0.000000000000000000e+00
-1.080442756853512236e+02 -1.080713218322942595e+02 5.031500919474739958e-02 4.072070855569055857e+04 0.000000000000000000e+00
-1.079255835765974609e+02 -1.079874448668011979e+02 4.475916628483034981e-02 1.484458158855112561e+05 0.000000000000000000e+00
-9.703334277570584732e+01 -9.700402134671831789e+01 4.542320743288503354e-02 3.936377893628938909e+04 0.000000000000000000e+00
-1.053070186913828223e+02 -1.053460737992273550e+02 4.776504940350554534e-02 1.440426146204286779e+05 0.000000000000000000e+00
-1.053332045446330909e+02 -1.053254876904378676e+02 3.996946790392313237e-02 1.417486825886686274e+05 0.000000000000000000e+00
-1.079362554240495484e+02 -1.080222693675109724e+02 4.849385715516232181e-02 1.393148042364836147e+05 0.000000000000000000e+00
-1.018485629631945244e+02 -1.018794438419652408e+02 1.050698017299343257e-01 1.380457762131069612e+05 0.000000000000000000e+00
-1.079454090243668531e+02 -1.079910624048336985e+02 3.637907068245670866e-02 1.358441301937949611e+05 0.000000000000000000e+00
-1.079450344867320695e+02 -1.079737664980846574e+02 4.334851526780456044e-02 1.339343530675574730e+05 0.000000000000000000e+00
-1.080188290095011325e+02 -1.080448911950764028e+02 4.921447798098121246e-02 1.318935761817348248e+05 0.000000000000000000e+00
-1.027369412874671610e+02 -1.026698981147274878e+02 2.968553536972515228e-02 3.588485653007484416e+03 0.000000000000000000e+00
-1.025286415099393480e+02 -1.025284429388707963e+02 3.321353318914800623e-02 1.278779595540869050e+05 0.000000000000000000e+00
-1.053537870532987029e+02 -1.053256541619392692e+02 4.165435177582910847e-02 1.259112058896275266e+05 0.000000000000000000e+00
-1.053457265022732372e+02 -1.053564057176936473e+02 3.395659834999788934e-02 3.320869744086675928e+04 0.000000000000000000e+00
-1.052759276999940710e+02 -1.052715836057419097e+02 2.876332461573175014e-02 3.272323369999229908e+04 0.000000000000000000e+00
-1.024826225442707539e+02 -1.025022367998913637e+02 4.114197442235655727e-02 3.224470815586991739e+04 0.000000000000000000e+00
-1.052882919508753332e+02 -1.053014264294488100e+02 4.189360874859684308e-02 1.191426261398244824e+05 0.000000000000000000e+00
-1.080520546200842205e+02 -1.080551369773954917e+02 3.802797449369501454e-02 1.174637392185170174e+05 0.000000000000000000e+00
-1.026210740803668813e+02 -1.025826052772799386e+02 3.854880536279083059e-02 1.158114480810810201e+05 0.000000000000000000e+00
-1.054370158080449613e+02 -1.053965576874773120e+02 2.685314915015215090e-02 3.072572579713962477e+04 0.000000000000000000e+00
-9.984019134318091915e+01 -9.983808333382462763e+01 2.491939122408761559e-02 3.047463822715229253e+04 0.000000000000000000e+00
-9.987596974414638851e+01 -9.988346574438357095e+01 1.927098164789671844e-02 3.006407480178949481e+04 0.000000000000000000e+00
-1.025354751062806429e+02 -1.025789735445616486e+02 3.211664319789701849e-02 1.099590277149816538e+05 0.000000000000000000e+00
-9.707767255060834088e+01 -9.704733833105413510e+01 4.693125632303185579e-02 1.087358497399913758e+05 0.000000000000000000e+00
-9.704130610673064439e+01 -9.704030367825932046e+01 2.655953852049308325e-02 2.916261587128633255e+04 0.000000000000000000e+00
-1.052479896974099063e+02 -1.052346729239611278e+02 2.681245289440810017e-02 1.062128764086537703e+05 0.000000000000000000e+00
-1.005759138925912168e+02 -1.004782868911265723e+02 8.264548225095871836e-02 1.048899315962647379e+05 0.000000000000000000e+00
-1.053493893244887687e+02 -1.053521273766955915e+02 2.393828458401396631e-02 1.042906198517218290e+05 0.000000000000000000e+00
-1.026348151534301252e+02 -1.026394881723081056e+02 1.742771442229524084e-02 2.806537336488241635e+04 0.000000000000000000e+00
-1.105848313460215593e+02 -1.106604420612498529e+02 3.855670988305362479e-02 1.017542725048535794e+05 0.000000000000000000e+00
-1.079556221174228057e+02 -1.079581676895746938e+02 2.763667056035364056e-02 1.011421372041927534e+05 0.000000000000000000e+00
-9.162986684476108223e+01 -9.155332558227347306e+01 6.339050907619812880e-02 9.993937844697565015e+04 0.000000000000000000e+00
-1.053247539724951025e+02 -1.053104397956778797e+02 2.042224850459608068e-02 2.686599540675558455e+04 0.000000000000000000e+00
-1.080277360463524730e+02 -1.080340375732483409e+02 2.024098271630013490e-02 2.657417825742191417e+04 0.000000000000000000e+00
-9.982719547180661834e+01 -9.981618188771433609e+01 2.873706133669715404e-02 9.707405230259154632e+04 0.000000000000000000e+00
-1.025413168479280870e+02 -1.025236757810557009e+02 2.511962088176416391e-02 9.598424955840992334e+04 0.000000000000000000e+00
-1.052670741953498634e+02 -1.052767342439037321e+02 1.474639371385352664e-02 2.568413465046777492e+04 0.000000000000000000e+00
-9.984432178754252618e+01 -9.978459838779012614e+01 2.955857938688168096e-02 9.399170082984570763e+04 0.000000000000000000e+00
-1.107603652536908498e+02 -1.107672639754543837e+02 3.257636985345464808e-02 9.332145500756856927e+04 0.000000000000000000e+00
-1.107208204895138124e+02 -1.107264367626153216e+02 2.029153179144894265e-02 2.495314240857335244e+04 0.000000000000000000e+00
-1.053373715221186160e+02 -1.053156711021949832e+02 2.331020845246133816e-02 9.152171222418626712e+04 0.000000000000000000e+00
-1.025786959489586678e+02 -1.025842970036960509e+02 1.826895202760872583e-02 2.445158487175341725e+04 0.000000000000000000e+00
-9.989472693426941419e+01 -9.987749873828359171e+01 2.474404758086143005e-02 2.419675175765743916e+04 0.000000000000000000e+00
-1.079863992037065117e+02 -1.079990514399615904e+02 2.346927009846072609e-02 8.886885361474876117e+04 0.000000000000000000e+00
-1.053437742504001164e+02 -1.053328074900842495e+02 6.858588474105324975e-03 2.641949957738452667e+03 0.000000000000000000e+00
-9.431255639598816742e+01 -9.425091163444390929e+01 5.316632755318757148e-02 8.707176604856849008e+04 0.000000000000000000e+00
-1.107244834903739701e+02 -1.107229248273962412e+02 1.959168376210449966e-02 2.325345311683623368e+04 0.000000000000000000e+00
-1.080702042128292248e+02 -1.080742821997610434e+02 2.334618400984652536e-02 8.567898415054596262e+04 0.000000000000000000e+00
-9.924330274883624270e+01 -9.915892476762748231e+01 5.081755460867286994e-02 8.483285081877998891e+04 0.000000000000000000e+00
-9.928395297437862155e+01 -9.925360073331779631e+01 3.367509621149242932e-02 2.275861265347240624e+04 0.000000000000000000e+00
-1.080296932602293509e+02 -1.080280332197367557e+02 1.063897160514854813e-02 2.531849176859378986e+03 0.000000000000000000e+00
-1.106984921156248589e+02 -1.107222455389207028e+02 2.518398077079973124e-02 8.296031041942894808e+04 0.000000000000000000e+00
-1.026425422044755749e+02 -1.026388359015320191e+02 2.070565052303072889e-02 8.222327920085936785e+04 0.000000000000000000e+00
-1.025337387660832889e+02 -1.025510395412438527e+02 1.812035221042913521e-02 8.144916055392948329e+04 0.000000000000000000e+00
-9.718399423666647863e+01 -9.717028954523745199e+01 1.561071564246533511e-02 2.176173323581444492e+04 0.000000000000000000e+00
-1.053310397423613693e+02 -1.053242583235649050e+02 1.173646751759785389e-02 2.157786955849231163e+04 0.000000000000000000e+00
-1.025445423778067209e+02 -1.025454397032084159e+02 9.451816987034171447e-03 2.416462781895157150e+03 0.000000000000000000e+00
-1.027212632435700215e+02 -1.026736105391766642e+02 1.958314889606703815e-02 7.858337554395066400e+04 0.000000000000000000e+00
-9.970608615530461805e+01 -9.969860846433680024e+01 1.219595306164633977e-02 2.372865580101988144e+03 0.000000000000000000e+00
-1.024274323744699444e+02 -1.024642659164540959e+02 3.054073570350226974e-02 7.745472705944933114e+04 0.000000000000000000e+00
-1.080432646054913022e+02 -1.080550718840297009e+02 2.122726257798422667e-02 7.687539825019893760e+04 0.000000000000000000e+00
-1.024638938652246480e+02 -1.024691625227300449e+02 1.917504016312898338e-02 7.621334191087621730e+04 0.000000000000000000e+00
-1.080587807912956322e+02 -1.080682107727970021e+02 2.133233260310240034e-02 7.555283929757267470e+04 0.000000000000000000e+00
-1.025324089115863870e+02 -1.025328651176122321e+02 6.394128939554121795e-03 2.293221714929430618e+03 0.000000000000000000e+00
-9.571275836803781090e+01 -9.575768079557504109e+01 8.449709563871048157e-02 7.430325547893537441e+04 0.000000000000000000e+00
-1.026581515173178474e+02 -1.026188056055078732e+02 1.864404806343806717e-02 7.376200478575883608e+04 0.000000000000000000e+00
-1.026531755442505158e+02 -1.026140942265657685e+02 2.972006328781704940e-02 7.326764072226808639e+04 0.000000000000000000e+00
-1.080548201971008524e+02 -1.080567323858942075e+02 1.183664984188651653e-02 2.020713034052682633e+04 0.000000000000000000e+00
-1.079911889237315989e+02 -1.080160599861366251e+02 1.943904762720465723e-02 7.217288617981882999e+04 0.000000000000000000e+00
-1.053332463685928673e+02 -1.053249326740977239e+02 1.701593327893886204e-02 7.163068298151702038e+04 0.000000000000000000e+00
-1.052129386659590722e+02 -1.052309358032166813e+02 2.206525057022164574e-02 7.105382163902895991e+04 0.000000000000000000e+00
-1.026820656286757298e+02 -1.026743796948551477e+02 1.506712152108385071e-02 1.955916923483259598e+04 0.000000000000000000e+00
-1.080104163677846714e+02 -1.080048860924998593e+02 5.121514552044315396e-03 2.131170834936060146e+03 0.000000000000000000e+00
-1.134008415775684284e+02 -1.134468851997020238e+02 2.912956788565441990e-02 6.952457643060354167e+04 0.000000000000000000e+00
-1.079654330411012921e+02 -1.079779507839341761e+02 1.820795021298253144e-02 6.913335543507202237e+04 0.000000000000000000e+00
-1.018171385303014063e+02 -1.018021772335489885e+02 4.166664341434203611e-02 6.860508079180470668e+04 0.000000000000000000e+00
-9.704395868203528153e+01 -9.702440005197642847e+01 3.055870832902000261e-02 6.808717601259078947e+04 0.000000000000000000e+00
-1.107711107521721488e+02 -1.107713371520620456e+02 1.992632644754027335e-02 6.758923661299442756e+04 0.000000000000000000e+00
-1.079901475075817388e+02 -1.080184541047121911e+02 1.573926674110139728e-02 6.707346010389286675e+04 0.000000000000000000e+00
-1.080557437252957840e+02 -1.080495953524588941e+02 1.411364602019816832e-02 6.662456806942685216e+04 0.000000000000000000e+00
-1.079791885491465706e+02 -1.079923026121885243e+02 1.425224647486957215e-02 6.612640312435469241e+04 0.000000000000000000e+00
-1.053427385708576054e+02 -1.053235708612785544e+02 1.622948672784340837e-02 6.564548468451559893e+04 0.000000000000000000e+00
-1.030973252732064935e+02 -1.031753536367877189e+02 4.924960363444731010e-02 6.518583347053309990e+04 0.000000000000000000e+00
-1.080433910876862456e+02 -1.080400893719113071e+02 1.812854206713770261e-02 6.503977413331087155e+04 0.000000000000000000e+00
-1.013553122955717072e+02 -1.012380025247211961e+02 4.393454863159674401e-02 2.152313050238388314e+03 0.000000000000000000e+00
-1.080699282285780782e+02 -1.080766166458131607e+02 1.711914533819716353e-02 6.410259044036360865e+04 0.000000000000000000e+00
-1.107745772519457716e+02 -1.107762364252114224e+02 1.285140273054062414e-02 1.788673962812250466e+04 0.000000000000000000e+00
-9.965541327693479445e+01 -9.968531886646445628e+01 1.709537454435550510e-02 1.775935108182417025e+04 0.000000000000000000e+00
-1.052519356639720627e+02 -1.052522229818894033e+02 1.827470368033595402e-02 6.282706796848665545e+04 0.000000000000000000e+00
-1.053466417075062225e+02 -1.053212351225256640e+02 1.562923568010391936e-02 6.238468379037705017e+04 0.000000000000000000e+00
-1.106923524036139383e+02 -1.107145621339859929e+02 1.694366748769628520e-02 6.199189213835395640e+04 0.000000000000000000e+00
-1.019717071116187697e+02 -1.019082951149772072e+02 3.145630249315348875e-02 6.159509741515832138e+04 0.000000000000000000e+00
-1.080717661245096082e+02 -1.080776631766149762e+02 1.356791114383226228e-02 6.141116993316257867e+04 0.000000000000000000e+00
-1.024189905235547400e+02 -1.024301112023642588e+02 1.052725921827350059e-02 2.149171897078023903e+03 0.000000000000000000e+00
-1.025391538344215689e+02 -1.025324675402817860e+02 1.683105010657440573e-02 6.069702169160240737e+04 0.000000000000000000e+00
-1.080044134341033981e+02 -1.080212694967728453e+02 1.481210804531579370e-02 6.028995282459538430e+04 0.000000000000000000e+00
-1.107719057938069795e+02 -1.107717434398374934e+02 1.647765094660430876e-02 5.990430087263097084e+04 0.000000000000000000e+00
-1.080359085799518084e+02 -1.080126254421945333e+02 1.830134182000723100e-02 5.950502092085187905e+04 0.000000000000000000e+00
-9.721000120003878919e+01 -9.720203506554881301e+01 1.558599716324369708e-02 1.677760034854381229e+04 0.000000000000000000e+00
-1.013626314369881953e+02 -1.013531499353907606e+02 3.007655862131117588e-02 5.875591387143314205e+04 0.000000000000000000e+00
-1.053278672813366228e+02 -1.052986683699374026e+02 1.608093087592989828e-02 5.837755706470106816e+04 0.000000000000000000e+00
-1.080774282250300331e+02 -1.080881505528054447e+02 1.483719882748331213e-02 1.663571737434862007e+04 0.000000000000000000e+00
-1.053458485114318250e+02 -1.053567190568242893e+02 1.207504643469612185e-02 1.653525651850256327e+04 0.000000000000000000e+00
-1.011903537670544324e+02 -1.012759392397631331e+02 2.462001128960987148e-02 1.643566510257511618e+04 0.000000000000000000e+00
-1.079915214441607105e+02 -1.079971772052157348e+02 7.999619539133860299e-03 1.666314385536668851e+04 0.000000000000000000e+00
-8.247649959923732865e+01 -8.211604801548803323e+01 1.534560540571277276e-01 2.112824278573297761e+03 2.000000000000000000e+01
-1.052720770725151880e+02 -1.052803031729736887e+02 1.680449176777975770e-02 5.880074695895172044e+04 0.000000000000000000e+00
-1.081134062949822408e+02 -1.081068896201485501e+02 6.555828560322785221e-03 2.168829960810858665e+03 0.000000000000000000e+00
-1.079940986753853736e+02 -1.079987653614607268e+02 1.112705297100881688e-02 5.808214911952210969e+04 0.000000000000000000e+00
-1.106966485166284855e+02 -1.107130978535624166e+02 1.499743160856794287e-02 5.772504212592480326e+04 0.000000000000000000e+00
-9.719471872060921669e+01 -9.722435709835779960e+01 1.491665257018920041e-02 1.661749597242230448e+04 0.000000000000000000e+00
-1.080657694348783195e+02 -1.080488871006003535e+02 1.194262710914614084e-02 5.720734810163852671e+04 0.000000000000000000e+00
-1.025720159600877253e+02 -1.025631282165333857e+02 1.020824743039970041e-02 1.646275817172315146e+04 0.000000000000000000e+00
-1.107792936106812363e+02 -1.107748018941915262e+02 1.092205432809555295e-02 1.636831374019011855e+04 0.000000000000000000e+00
-1.052987245241984766e+02 -1.053008782568133910e+02 9.815891677466572623e-03 1.627123999908571022e+04 0.000000000000000000e+00
-1.106926544785128783e+02 -1.106952672160427085e+02 1.072380327813664096e-02 1.617459864923361602e+04 0.000000000000000000e+00
-9.720143545428763332e+01 -9.722418501238242072e+01 2.234671043055190889e-02 5.555241853615273430e+04 0.000000000000000000e+00
-9.984765071659926150e+01 -9.982038852544278029e+01 2.044363813781818404e-02 1.599123828245913137e+04 0.000000000000000000e+00
-9.908055903770919315e+01 -9.911283986160752590e+01 4.633726016540322401e-02 5.496514292606159870e+04 0.000000000000000000e+00
-1.025566274901330530e+02 -1.025541164618416872e+02 1.662559736561445428e-02 5.468749338309959421e+04 0.000000000000000000e+00
-1.107837026060843044e+02 -1.107704591198132960e+02 1.859883490307695161e-02 5.437181523691793700e+04 0.000000000000000000e+00
-1.024139659633838733e+02 -1.024411816357581273e+02 1.353874999291489363e-02 1.566929466946000139e+04 0.000000000000000000e+00
-1.026516042663549513e+02 -1.026215412290803926e+02 1.257205494800240839e-02 5.390893651317703188e+04 0.000000000000000000e+00
-9.431120921485693032e+01 -9.424594495757888524e+01 2.665745047409629614e-02 5.365315391745299712e+04 0.000000000000000000e+00
-1.052642687600802986e+02 -1.052625059837576629e+02 1.252380679260113421e-02 5.355864295857963589e+04 0.000000000000000000e+00
-1.106773973138255798e+02 -1.106579034333472151e+02 8.936128198487710422e-03 1.996966395045864829e+03 0.000000000000000000e+00
-9.701284800879356851e+01 -9.700544313263388574e+01 1.125041482674794639e-02 1.998376777669799822e+03 0.000000000000000000e+00
-1.027107527841939998e+02 -1.027099474305039024e+02 1.718569066770260501e-02 5.297791570361571212e+04 0.000000000000000000e+00
-1.080864153460812389e+02 -1.080795443793666237e+02 4.306414485195209259e-03 1.978069564672197203e+03 0.000000000000000000e+00
-1.106963113499361953e+02 -1.107174850084024627e+02 1.275113258050420383e-02 5.240757982026480749e+04 0.000000000000000000e+00
-1.080252286324077460e+02 -1.080239795574809563e+02 8.832742457546052459e-03 1.504105997933258004e+04 0.000000000000000000e+00
-1.053551877423523706e+02 -1.053294602960143607e+02 1.156780626259750963e-02 5.190754664222642896e+04 0.000000000000000000e+00
-1.080568676826217285e+02 -1.080516791846125244e+02 1.011561566405035258e-02 5.166195026354763831e+04 0.000000000000000000e+00
-1.053532219639326684e+02 -1.053412187259973365e+02 1.110942578453103478e-02 5.138561859816765354e+04 0.000000000000000000e+00
-1.107588365275021260e+02 -1.107444552567261127e+02 1.573789092848502588e-02 5.111841405787380063e+04 0.000000000000000000e+00
-1.107130944644464137e+02 -1.107219190970586880e+02 1.317358846406611536e-02 5.085659582470409805e+04 0.000000000000000000e+00
-1.027749759971856633e+02 -1.029661145468013075e+02 3.768806079093671435e-02 5.059190185754813865e+04 0.000000000000000000e+00
-9.979776732257244021e+01 -9.977241288129317809e+01 2.155065787536286290e-02 5.183159937675736728e+04 0.000000000000000000e+00
-1.054082867522846669e+02 -1.053931853527133313e+02 1.359045136805251200e-02 5.159160062522033695e+04 0.000000000000000000e+00
-1.026077143791212762e+02 -1.025556256603970127e+02 1.656606164372341830e-02 5.133436410949347919e+04 0.000000000000000000e+00
-1.026210958724737452e+02 -1.026170321757908823e+02 1.419668750316092562e-02 5.120291138279835286e+04 0.000000000000000000e+00
-6.235343018863925124e+01 -6.163098320994662060e+01 1.544501829721644792e-01 1.897438256858975365e+03 4.000000000000000000e+00
-9.440702662399273493e+01 -9.435954570609996495e+01 2.341700527094772721e-02 5.441608886661124416e+04 0.000000000000000000e+00
-1.041355897116173992e+02 -1.041297971019420743e+02 2.409754036709898378e-02 5.424208408121525281e+04 0.000000000000000000e+00
-9.987876744952440333e+01 -9.985780075150483981e+01 1.098185096873637197e-02 1.752807011923610116e+04 0.000000000000000000e+00
-1.080750491333648142e+02 -1.080765670705488475e+02 4.424337575151563069e-03 2.075659029532619115e+03 0.000000000000000000e+00
-1.107818842490436566e+02 -1.107716970574089856e+02 1.327124825643381280e-02 5.345170350996701018e+04 0.000000000000000000e+00
-1.053436081788106407e+02 -1.053472830971671073e+02 1.063921952937306112e-02 5.318908485741951154e+04 0.000000000000000000e+00
-1.079562676594096047e+02 -1.079607109713626159e+02 1.559237168459992953e-02 5.292513723569806461e+04 0.000000000000000000e+00
-1.026218541161036057e+02 -1.026222180586800334e+02 8.752739655361611165e-03 1.712013207698173937e+04 0.000000000000000000e+00
-1.017867232165444875e+02 -1.017359746693063300e+02 2.598866197167847350e-02 5.242017048044803960e+04 0.000000000000000000e+00
-1.053518430748852097e+02 -1.053360622931131445e+02 1.392239622082123811e-02 5.227359557263465831e+04 0.000000000000000000e+00
-1.079774184250326812e+02 -1.079638716016351481e+02 1.106132684421128748e-02 5.203028222109650233e+04 0.000000000000000000e+00
-7.808835054022600275e+01 -7.792052773756367401e+01 6.678738413018682485e-02 2.000912442579520075e+03 3.000000000000000000e+00
-1.027139883254850332e+02 -1.027208322822793036e+02 1.475999914137713503e-02 1.707410938118585182e+04 0.000000000000000000e+00
-1.052729329588195526e+02 -1.052752718487213031e+02 6.760439926797093962e-03 1.699450961790298243e+04 0.000000000000000000e+00
-1.026975264458758801e+02 -1.026870190380782049e+02 1.530882480445853837e-02 5.146230990844494227e+04 0.000000000000000000e+00
-1.079856014953642784e+02 -1.079783952854044884e+02 1.171457714690120507e-02 5.122229222353955993e+04 0.000000000000000000e+00
-1.106506405097151173e+02 -1.106580218035912964e+02 1.398245346787186164e-02 5.098194775586877222e+04 0.000000000000000000e+00
-1.017993468617480346e+02 -1.017280593979646994e+02 2.702649003302591557e-02 5.074401213884712342e+04 0.000000000000000000e+00
-1.080263308543744927e+02 -1.080232623967039700e+02 4.765448847981855127e-03 1.999304701911534721e+03 0.000000000000000000e+00
-9.713976619759453968e+01 -9.710002821739917067e+01 1.766353275797003311e-02 5.048052155272272648e+04 0.000000000000000000e+00
-1.080752348490615020e+02 -1.080967137285741160e+02 1.714252601099834974e-02 5.031506515903535183e+04 0.000000000000000000e+00
-9.981323157903844390e+01 -9.980008817842883673e+01 1.573205563255256761e-02 1.638753149347218641e+04 0.000000000000000000e+00
-1.053601143877719437e+02 -1.053728390391757017e+02 1.566591750867273383e-02 4.987399018908542348e+04 0.000000000000000000e+00
-1.026983198448367460e+02 -1.026717632052904321e+02 1.210595966697794977e-02 4.965227498578058294e+04 0.000000000000000000e+00
-8.025614135976120167e+01 -8.016321432306030204e+01 6.517765365322694682e-02 1.617526410034125001e+04 7.000000000000000000e+00
-1.080646826102154563e+02 -1.080477414755298042e+02 9.675826418198136061e-03 4.993197426681734942e+04 0.000000000000000000e+00
-1.080714748370355096e+02 -1.080450104179109019e+02 1.086853299198200194e-02 4.971866933768058516e+04 0.000000000000000000e+00
-1.052750384220331057e+02 -1.052625476880009785e+02 9.746727417743416416e-03 4.952546601639490109e+04 0.000000000000000000e+00
-1.052528585626298678e+02 -1.052151360088271872e+02 1.511166391841763622e-02 4.931047783452577278e+04 0.000000000000000000e+00
-9.976118335468102316e+01 -9.975979825514531285e+01 1.005093119592974198e-02 1.591641804876477909e+04 0.000000000000000000e+00
-1.018143249436990345e+02 -1.018345325858940527e+02 1.921978541881009736e-02 1.584580836422272841e+04 0.000000000000000000e+00
-1.053845768314999276e+02 -1.053812605575183028e+02 6.889278210719295727e-03 1.579016794422035673e+04 0.000000000000000000e+00
-1.079976375669516955e+02 -1.079986231806260122e+02 5.463313987995336608e-03 1.572114565810407112e+04 0.000000000000000000e+00
-1.012414082848295465e+02 -1.012835997676039455e+02 2.489798740177301406e-02 1.565222843229763748e+04 0.000000000000000000e+00
-1.106983035706504239e+02 -1.106908585627512593e+02 5.218948812546238790e-03 1.888882826922192862e+03 0.000000000000000000e+00
-1.080619530698520805e+02 -1.080681460076678775e+02 1.026672123416595521e-02 1.557806014140395746e+04 0.000000000000000000e+00
-1.080603489622926645e+02 -1.080449431544469405e+02 9.204336553147200381e-03 4.815974805052405281e+04 0.000000000000000000e+00
-1.025797082012773558e+02 -1.025857265675436167e+02 1.741489431604695964e-02 4.796204942754222429e+04 0.000000000000000000e+00
-1.052584136248900251e+02 -1.052404049552207255e+02 1.331103598682170652e-02 4.775754261215071165e+04 0.000000000000000000e+00
-1.107162988363727010e+02 -1.107101867138197235e+02 1.110170018162183643e-02 4.756717262505324470e+04 0.000000000000000000e+00
-1.024012134305740602e+02 -1.023903216977030439e+02 2.172946198711279975e-02 4.736624635615359148e+04 0.000000000000000000e+00
-1.052739598445196378e+02 -1.052669852217833864e+02 1.007046123665831724e-02 4.716985180319481879e+04 0.000000000000000000e+00
-1.040120099121296420e+02 -1.039422467072102734e+02 2.721561098258550027e-02 4.697287954597276257e+04 0.000000000000000000e+00
-9.984849853797778962e+01 -9.985108849281341747e+01 1.872390649635035167e-02 4.695333633921270666e+04 0.000000000000000000e+00
-1.051998158158491918e+02 -1.052112268959522368e+02 1.430919079245113711e-02 4.675709772270151007e+04 0.000000000000000000e+00
-1.040687647159808620e+02 -1.041324882677250798e+02 1.884203359397594590e-02 4.656743509886848187e+04 0.000000000000000000e+00
-1.053590050025059099e+02 -1.053514043332189090e+02 8.918514751296090226e-03 4.653043908930384350e+04 0.000000000000000000e+00
-1.080749253092213991e+02 -1.080950212862041582e+02 1.530242517489776265e-02 4.634051411135950184e+04 0.000000000000000000e+00
-1.026228772924927028e+02 -1.026106433470442880e+02 1.578415624685497801e-02 4.616631846960406983e+04 0.000000000000000000e+00
-1.026360845201722753e+02 -1.026226793072677168e+02 1.420365114518428243e-02 4.598318271572071535e+04 0.000000000000000000e+00
-1.080836131270416018e+02 -1.080803013289407630e+02 6.720397356708735816e-03 1.490125948840420460e+04 0.000000000000000000e+00
-9.878278979613212130e+01 -9.869025593037314081e+01 3.126863431604829519e-02 4.562555014255216520e+04 0.000000000000000000e+00
-9.982908558212655237e+01 -9.978690042633976987e+01 1.766156229343741543e-02 4.573001493115481571e+04 0.000000000000000000e+00
-9.912968187282031352e+01 -9.906356781801135014e+01 2.759259529037177278e-02 4.561266371229104698e+04 0.000000000000000000e+00
-1.107824909423078452e+02 -1.107703764999585445e+02 1.142320404618256055e-02 4.558011454697728186e+04 0.000000000000000000e+00
-1.052886134364090935e+02 -1.052903278564615590e+02 6.977490982240828858e-03 1.467172461176754223e+04 0.000000000000000000e+00
-1.052746614123822440e+02 -1.052768342192921978e+02 5.380540869746647595e-03 1.461335749768331334e+04 0.000000000000000000e+00
-1.036155373738501737e+02 -1.036420034049210841e+02 2.867748546419854327e-02 4.505425482218671095e+04 0.000000000000000000e+00
-1.080595753662486658e+02 -1.080612730740217700e+02 7.800940964581114766e-03 1.450858287784478489e+04 0.000000000000000000e+00
-1.079952860623559445e+02 -1.079937257920509524e+02 9.080767932113808019e-03 4.472253645159373991e+04 0.000000000000000000e+00
-1.080682258281852484e+02 -1.080519266726311969e+02 1.081940164492411344e-02 4.454726676453154505e+04 0.000000000000000000e+00
-1.053297382714878836e+02 -1.053145103763929171e+02 1.235780185330871174e-02 4.438328045184817165e+04 0.000000000000000000e+00
-1.054235160307558914e+02 -1.053986342686031605e+02 1.151759980629791721e-02 4.421945137570505176e+04 0.000000000000000000e+00
-1.080522031104961798e+02 -1.080280693829549676e+02 1.049353607526449031e-02 4.407131770425988361e+04 0.000000000000000000e+00
-1.079909581989209073e+02 -1.079825326932406711e+02 9.071988571506357443e-03 4.392314307550178637e+04 0.000000000000000000e+00
-1.026398871621392743e+02 -1.026215102392366987e+02 1.291355260298055439e-02 4.375691881835317326e+04 0.000000000000000000e+00
-1.081070496246129693e+02 -1.081000843965893097e+02 1.091161993146321126e-02 1.407483947882630673e+04 0.000000000000000000e+00
-1.053996034121979193e+02 -1.053883497328453416e+02 7.808590179968835643e-03 1.402270933622869416e+04 0.000000000000000000e+00
-1.107728248450469835e+02 -1.107760605621482171e+02 7.054540410442893851e-03 1.397396552608553066e+04 0.000000000000000000e+00
-9.554550317066606624e+01 -9.557378956098440881e+01 2.475446003845958171e-02 4.313464635390139301e+04 0.000000000000000000e+00
-9.981664653376022045e+01 -9.981153002043399169e+01 1.792887721219374800e-02 4.299773622898273607e+04 0.000000000000000000e+00
-1.054207343292938504e+02 -1.054056161062041639e+02 9.962075296161823287e-03 4.283700019672540657e+04 0.000000000000000000e+00
-1.080095814118370328e+02 -1.080004113539312414e+02 9.214350131410222605e-03 4.268482527398813545e+04 0.000000000000000000e+00
-1.080457843686560722e+02 -1.080263577989416319e+02 9.791431462159697410e-03 4.252864106087406981e+04 0.000000000000000000e+00
-1.052952272803969294e+02 -1.053020528335120787e+02 9.902991540773561224e-03 4.238419804273318732e+04 0.000000000000000000e+00
-1.052924569468687253e+02 -1.052649760704701265e+02 1.446773657903535279e-02 4.222884453583003778e+04 0.000000000000000000e+00
-1.079663975630459447e+02 -1.079703074364305309e+02 5.071219955856717636e-03 1.664224747283074976e+03 0.000000000000000000e+00
-1.081395173761244592e+02 -1.081162759417027956e+02 1.237088582328111502e-02 4.198056338775037148e+04 0.000000000000000000e+00
-9.433519775083775016e+01 -9.432032345950717911e+01 1.716263526881292231e-02 1.347934227022735649e+04 0.000000000000000000e+00
-9.982796435575836824e+01 -9.981108738504572386e+01 1.266309062941938651e-02 1.343717376727134251e+04 0.000000000000000000e+00
-1.080569533294492146e+02 -1.080476720330369460e+02 8.644963625423626383e-03 4.157426186683944252e+04 0.000000000000000000e+00
-1.051992403975589525e+02 -1.052062714902756682e+02 1.194353931805249187e-02 4.142661793592409231e+04 0.000000000000000000e+00
-1.025736947283928657e+02 -1.025723091805433285e+02 9.252824751365821762e-03 4.127876095961387909e+04 0.000000000000000000e+00
-9.868936393086221415e+01 -9.866720638939769117e+01 1.601507734836907573e-02 1.325919834333611288e+04 0.000000000000000000e+00
-1.053364354440139294e+02 -1.053261530370614167e+02 6.899357763317019027e-03 4.098444691557144688e+04 0.000000000000000000e+00
-1.026260081296110798e+02 -1.026106068950631851e+02 8.560055841648379904e-03 4.084189733957832505e+04 0.000000000000000000e+00
-1.052568589861486430e+02 -1.052446696981941443e+02 1.008847407948250050e-02 4.070505264440845349e+04 0.000000000000000000e+00
-9.427715621687670478e+01 -9.429183889580674816e+01 2.066991876426362007e-02 4.056602228666634619e+04 0.000000000000000000e+00
-1.025544441717365345e+02 -1.025606307897081280e+02 1.164602839451518712e-02 4.043001368301162438e+04 0.000000000000000000e+00
-1.027075365392322794e+02 -1.027207763175976112e+02 1.701618569338417611e-02 4.028887748430732609e+04 0.000000000000000000e+00
-9.727251559340953690e+01 -9.724877501510175648e+01 1.635881924265121870e-02 4.015340931161242042e+04 0.000000000000000000e+00
-1.026161564694488959e+02 -1.026175322039464106e+02 8.249661630602785414e-03 1.291817187954398105e+04 0.000000000000000000e+00
-1.025386967691264886e+02 -1.025234667102724586e+02 9.598164614539734379e-03 3.990138381229734659e+04 0.000000000000000000e+00
-1.079874942785039167e+02 -1.079788768047758367e+02 8.680112850880378553e-03 3.977093296967694914e+04 0.000000000000000000e+00
-9.856873561096340097e+01 -9.859906521527281598e+01 2.303764462507961949e-02 3.963584013446593599e+04 0.000000000000000000e+00
-1.002631674738067744e+02 -1.003624381204172380e+02 1.978135032087307080e-02 1.276087769551643214e+04 0.000000000000000000e+00
-9.625526395648498124e+01 -9.622359634064153511e+01 6.272664382166007191e-02 4.022642920095189038e+04 0.000000000000000000e+00
-9.911052936342939290e+01 -9.912569427121276533e+01 1.358852555398383684e-02 1.294424574520512215e+04 0.000000000000000000e+00
-9.166538715621450706e+01 -9.167892341005041601e+01 2.889335190446975718e-02 3.997168169413980650e+04 0.000000000000000000e+00
-9.982244425620650929e+01 -9.984291101543722391e+01 2.223282399238446505e-02 3.984123393508011941e+04 0.000000000000000000e+00
-1.080712538370512164e+02 -1.080731332910208664e+02 9.236856179672292555e-03 3.971891175759522594e+04 0.000000000000000000e+00
-1.026162943615167507e+02 -1.026198490001121257e+02 7.991863713321119278e-03 1.279359797229395735e+04 0.000000000000000000e+00
-7.252432678565217827e+01 -7.251565269900059718e+01 4.030921904190510469e-02 1.275086839557133681e+04 1.000000000000000000e+00
-1.025237012104740586e+02 -1.024889507449962309e+02 1.747923669227021901e-02 3.933693752966467582e+04 0.000000000000000000e+00
-1.080017197103707645e+02 -1.079992447382406482e+02 7.915408262516930582e-03 3.924293557178069750e+04 0.000000000000000000e+00
-1.025656699711719568e+02 -1.025568237451685292e+02 1.940980415290739086e-02 3.911232786405103980e+04 0.000000000000000000e+00
-1.051799154301006212e+02 -1.051579770098785787e+02 1.279125325392763655e-02 3.898477067068023462e+04 0.000000000000000000e+00
-1.018429157390174282e+02 -1.018158860505725585e+02 1.964239691783635847e-02 3.887104279054300423e+04 0.000000000000000000e+00
-9.989139941274673617e+01 -9.990617007392113180e+01 1.843932611105565320e-02 3.876442852000862331e+04 0.000000000000000000e+00
-1.053577345577668751e+02 -1.053429794513313169e+02 6.222178342194114274e-03 3.864343195438061230e+04 0.000000000000000000e+00
-1.025316994166905573e+02 -1.025283147091990656e+02 9.562378943436325440e-03 3.852383819525611761e+04 0.000000000000000000e+00
-1.107195600284803731e+02 -1.107217474689392986e+02 8.855398519718629680e-03 3.839834469153323153e+04 0.000000000000000000e+00
-1.051953471556822706e+02 -1.051873626977964875e+02 9.173013409719679018e-03 3.827346049409947591e+04 0.000000000000000000e+00
-1.079908715680576279e+02 -1.079976193540922367e+02 4.634191372224805844e-03 1.231214451310757613e+04 0.000000000000000000e+00
-1.107154440141857492e+02 -1.107108210261685883e+02 8.486046945891841109e-03 3.803041204580845806e+04 0.000000000000000000e+00
-1.079190401378391897e+02 -1.079125007003716803e+02 9.188677629174354239e-03 3.790837133925975650e+04 0.000000000000000000e+00
-9.710229450340402479e+01 -9.710617705599607064e+01 1.002861691377235007e-02 3.778786446744544810e+04 0.000000000000000000e+00
-9.975182723875725799e+01 -9.974334148296857450e+01 9.144581170580616189e-03 3.766720344255342206e+04 0.000000000000000000e+00
-1.052678888615618717e+02 -1.052666683814633330e+02 5.726735396454551638e-03 1.212046162069388083e+04 0.000000000000000000e+00
-1.052632942444208481e+02 -1.052522745338395822e+02 9.310154641614273169e-03 3.742954714477610833e+04 0.000000000000000000e+00
-1.080605481022814303e+02 -1.080476999600193153e+02 6.680465409820940219e-03 3.731458046613634360e+04 0.000000000000000000e+00
-9.713057142570151825e+01 -9.712696821892537002e+01 9.001994537698067636e-03 1.200706219218632759e+04 0.000000000000000000e+00
-1.024123633725047426e+02 -1.023937745445049501e+02 3.242215753087921565e-02 1.196962351460116770e+04 0.000000000000000000e+00
-1.053184998992763610e+02 -1.052843575611882869e+02 9.253121978347430415e-03 3.727179144080414699e+04 0.000000000000000000e+00
-9.975663615762979930e+01 -9.975403214911230521e+01 1.235120795700147753e-02 3.719082840087407385e+04 0.000000000000000000e+00
-1.036682893840834083e+02 -1.036989944028009489e+02 1.359758698815078694e-02 1.186544580943631081e+04 0.000000000000000000e+00
-1.025765732139597191e+02 -1.025826287924282241e+02 1.081392644924497604e-02 3.719603417809962411e+04 0.000000000000000000e+00
-1.080806121769001464e+02 -1.080880444589027434e+02 1.172261751817343413e-02 3.708153045645770908e+04 0.000000000000000000e+00
-1.024919556059829517e+02 -1.025009472379056206e+02 6.135292231345827567e-03 1.178192624725272799e+04 0.000000000000000000e+00
-1.026812770686855316e+02 -1.026078591379448142e+02 2.394252822242615500e-02 1.174777399084316130e+04 0.000000000000000000e+00
-1.053329379209950787e+02 -1.053145933567747079e+02 7.834720482417923196e-03 3.688534895913940272e+04 0.000000000000000000e+00
-9.914365506707339648e+01 -9.912313787487403260e+01 1.874536156532648212e-02 3.678243949747475563e+04 0.000000000000000000e+00
-1.080458212548422097e+02 -1.080199773545566302e+02 7.584709074194284639e-03 3.668179461691338656e+04 0.000000000000000000e+00
-1.024835510272124139e+02 -1.024821333676108566e+02 5.935695628598650943e-03 1.173044971107826859e+04 0.000000000000000000e+00
-9.176815309549530753e+01 -9.174141254541730461e+01 1.306538558533996974e-02 1.169485901090749030e+04 0.000000000000000000e+00
-1.026261743523700432e+02 -1.026240215892054124e+02 6.937710644817052762e-03 3.638096848749242054e+04 0.000000000000000000e+00
-9.992386425848008003e+01 -9.993543906327198556e+01 1.163188816707539167e-02 3.627121225755153864e+04 0.000000000000000000e+00
-1.107243557237849103e+02 -1.107171304434106105e+02 9.126193689542030571e-03 3.616570872013972985e+04 0.000000000000000000e+00
-1.080667339413467118e+02 -1.080448887075019826e+02 7.268180090469558881e-03 3.605852893216362281e+04 0.000000000000000000e+00
-1.051819900445161977e+02 -1.051736805118332967e+02 9.719061690856484192e-03 3.596458026834896009e+04 0.000000000000000000e+00
-1.080070196540032725e+02 -1.079949399603389253e+02 6.614028907665952910e-03 3.585927285394955834e+04 0.000000000000000000e+00
-9.449945969230559228e+01 -9.450297982294840438e+01 1.240606436072787429e-02 1.148011107873149376e+04 0.000000000000000000e+00
-9.696007973938752400e+01 -9.697006582162332222e+01 1.500374313188291772e-02 1.144644342314409914e+04 0.000000000000000000e+00
-1.023981335621125908e+02 -1.023944116717954955e+02 1.243886702627705274e-02 3.564146417231896339e+04 0.000000000000000000e+00
-1.017825725045564127e+02 -1.018038601589904601e+02 1.251514909206903441e-02 1.138331190873279229e+04 0.000000000000000000e+00
-1.027095836808821048e+02 -1.027003611452342682e+02 1.332877499863776086e-02 3.543217701541586575e+04 0.000000000000000000e+00
-9.705305350172110934e+01 -9.704249916500573647e+01 9.948526139120004649e-03 1.132860083819358988e+04 0.000000000000000000e+00
-1.080681393274039692e+02 -1.080674645500151172e+02 6.444814958421754385e-03 1.129851670451472091e+04 0.000000000000000000e+00
-1.052710659086385050e+02 -1.052704634018244150e+02 6.144227615198912147e-03 3.513047693095850263e+04 0.000000000000000000e+00
-1.080016851428374025e+02 -1.079943770103944871e+02 5.526176236006510173e-03 3.502837168271842529e+04 0.000000000000000000e+00
-9.991258456540241184e+01 -9.990722677870837742e+01 7.371755998713856207e-03 1.120063729115309980e+04 0.000000000000000000e+00
-9.710204988563181416e+01 -9.711222324209226997e+01 9.714227161066377875e-03 1.116932301591376381e+04 0.000000000000000000e+00
-1.080102799796891020e+02 -1.080136557445630672e+02 7.814901775634833236e-03 3.478428292657028942e+04 0.000000000000000000e+00
-9.994007251576690010e+01 -9.993137433623894594e+01 1.475261182412599542e-02 3.468465391367692791e+04 0.000000000000000000e+00
-1.054125907587981743e+02 -1.054111527327890485e+02 6.193220975977784849e-03 1.107683659143449040e+04 0.000000000000000000e+00
-1.026173533275454730e+02 -1.026245650706847385e+02 6.380253503037404926e-03 1.104523576881474946e+04 0.000000000000000000e+00
-1.053704341233767110e+02 -1.053747422477686513e+02 6.294322281633933820e-03 1.101498486227148715e+04 0.000000000000000000e+00
-1.080658120349270632e+02 -1.080515521648446509e+02 7.893819497059809814e-03 3.431544433906234190e+04 0.000000000000000000e+00
-1.053292033924974049e+02 -1.053251571301150307e+02 2.529733191480008653e-03 1.401977306556122812e+03 0.000000000000000000e+00
-1.081333564476103533e+02 -1.081161530364569785e+02 9.402470677887639697e-03 3.413027422429321450e+04 0.000000000000000000e+00
-9.986323216053203566e+01 -9.982891745832060337e+01 1.074403458021601539e-02 3.404197176908155961e+04 0.000000000000000000e+00
-7.333972108468164208e+01 -7.328677888891095904e+01 5.593903165553251039e-02 1.390797893532849457e+03 1.000000000000000000e+00
-1.052990870301714210e+02 -1.053045040048786802e+02 7.804656555337729021e-03 3.426585720372212381e+04 0.000000000000000000e+00
-1.080694141909118713e+02 -1.080761522189111759e+02 6.154610116403818471e-03 1.102209111830604525e+04 0.000000000000000000e+00
-1.080806366055200272e+02 -1.080890781185005949e+02 1.058344415764466383e-02 3.407814052755361627e+04 0.000000000000000000e+00
-1.080764422853881968e+02 -1.080717126568833635e+02 4.973718300448187399e-03 1.096404521549048150e+04 0.000000000000000000e+00
-1.107785837412617695e+02 -1.107643408939064074e+02 8.328708212229658098e-03 3.389231542857777094e+04 0.000000000000000000e+00
-1.026324623112013370e+02 -1.026258279695236695e+02 3.625945534698422901e-03 1.372466143297028339e+03 0.000000000000000000e+00
-9.998513227443389439e+01 -9.998209303739464815e+01 9.445169346452904346e-03 3.371123417569427693e+04 0.000000000000000000e+00
-1.107767165747474110e+02 -1.107745350651124596e+02 5.572399690670401529e-03 1.084950920373603913e+04 0.000000000000000000e+00
-1.080832367305738302e+02 -1.080954759027393806e+02 1.023424922781119434e-02 3.352812949354069133e+04 0.000000000000000000e+00
-6.865507857704700712e+01 -6.851993088970810675e+01 5.028223897721041669e-02 3.344071865618089942e+04 1.700000000000000000e+01
-1.052665907889774104e+02 -1.052626966582236321e+02 7.216134812248723926e-03 3.362984114702541410e+04 0.000000000000000000e+00
-9.864418867785670386e+01 -9.869707621822878707e+01 1.671098777854268178e-02 3.353887843847226031e+04 0.000000000000000000e+00
-1.054060408268421583e+02 -1.053873779616411923e+02 8.247314994729242066e-03 3.351724567579536233e+04 0.000000000000000000e+00
-1.041307494155972080e+02 -1.041749334957981006e+02 1.436338385060832203e-02 3.343581333356867981e+04 0.000000000000000000e+00
-1.026377787895138880e+02 -1.026127017936088777e+02 6.946237478044210191e-03 3.339537805244669289e+04 0.000000000000000000e+00
-1.080127417185907177e+02 -1.080101906013225346e+02 6.588006001849123702e-03 3.332251945879325649e+04 0.000000000000000000e+00
-1.052522367152654965e+02 -1.052522985166669116e+02 5.008392966253478670e-03 1.064801944018352333e+04 0.000000000000000000e+00
-1.080770194207793935e+02 -1.080703155108123497e+02 6.934725292759800867e-03 3.314461517944488151e+04 0.000000000000000000e+00
-1.051913170572345138e+02 -1.051645880199208847e+02 8.381643921621976037e-03 3.305737975582948275e+04 0.000000000000000000e+00
-1.054057147693661278e+02 -1.053873000888656577e+02 8.829179750190270515e-03 3.298812632218898216e+04 0.000000000000000000e+00
-1.080821450565107966e+02 -1.080796269597975083e+02 4.310586667703921598e-03 1.053575765088502158e+04 0.000000000000000000e+00
-1.080756225076775365e+02 -1.080734546601567274e+02 4.813442808248882994e-03 1.050804749079527392e+04 0.000000000000000000e+00
-9.990408238775300731e+01 -9.988714463320575021e+01 7.543363997255326907e-03 1.337362183561833035e+03 0.000000000000000000e+00
-1.027798804177740237e+02 -1.027662716320312768e+02 1.183684209221271336e-02 3.269749208109488609e+04 0.000000000000000000e+00
-1.026178394097088500e+02 -1.026082748991139226e+02 5.796333958180628458e-03 3.261617133834789274e+04 0.000000000000000000e+00
-9.160446274962522750e+01 -9.155261077789366198e+01 2.731337934377409127e-02 3.253324271061095351e+04 0.000000000000000000e+00
-1.079870272893310101e+02 -1.079911818554417664e+02 4.728598276603603393e-03 1.039810406004686047e+04 0.000000000000000000e+00
-1.026055376825416374e+02 -1.025873581336128950e+02 7.582535880381981348e-03 3.241952461635375585e+04 0.000000000000000000e+00
-1.024848945172201269e+02 -1.024828537262540920e+02 7.840250869681224602e-03 3.234385228533732152e+04 0.000000000000000000e+00
-1.079794124059990139e+02 -1.079626119490914533e+02 8.401862850157369375e-03 3.226017561649424169e+04 0.000000000000000000e+00
-1.052077500120139888e+02 -1.052133905425356204e+02 8.516321959229805269e-03 3.218395587860287560e+04 0.000000000000000000e+00
-1.080055366410473994e+02 -1.079972272160145934e+02 5.509358916854202592e-03 3.210179927903392309e+04 0.000000000000000000e+00
-1.079843766988804248e+02 -1.079680595215775583e+02 6.681592393524901988e-03 3.202103273796170470e+04 0.000000000000000000e+00
-1.080526808970313368e+02 -1.080493468626955433e+02 3.282258620907948891e-03 1.021469453018558488e+04 0.000000000000000000e+00
-1.053431494255059846e+02 -1.053255345917355328e+02 8.272425517126529015e-03 3.186403378096227243e+04 0.000000000000000000e+00
-1.025992015594367359e+02 -1.025767048171697979e+02 7.085805245004017650e-03 1.016289284152950313e+04 0.000000000000000000e+00
-1.026854539413179737e+02 -1.026643986564598094e+02 7.721440604779371969e-03 3.171356714079145604e+04 0.000000000000000000e+00
-1.054109198456373235e+02 -1.053967769238240919e+02 6.878464825390769553e-03 3.164419724857925394e+04 0.000000000000000000e+00
-1.026215945693709131e+02 -1.026027806529385202e+02 6.597406356083274949e-03 3.156904159136420640e+04 0.000000000000000000e+00
-1.018594853996499126e+02 -1.018428584298967507e+02 1.126054258015347920e-02 1.007481868168430628e+04 0.000000000000000000e+00
-9.984917356127496646e+01 -9.984080270807115198e+01 6.433257763887580312e-03 1.005548095461662342e+04 0.000000000000000000e+00
-9.976956749931768798e+01 -9.976797654981329799e+01 6.729424736333291558e-03 1.003212614753402522e+04 0.000000000000000000e+00
-1.053261015346170950e+02 -1.053163875916287680e+02 7.006581638047380128e-03 3.129291995827273058e+04 0.000000000000000000e+00
-1.066469451648988667e+02 -1.066638573289196188e+02 2.156021809923891128e-02 3.121702803678512646e+04 0.000000000000000000e+00
-9.985365407311708452e+01 -9.985551505416690077e+01 9.008802869829838147e-03 3.114538969144186558e+04 0.000000000000000000e+00
-1.107134047062002651e+02 -1.107165724684146682e+02 6.772928473218910346e-03 3.106799181491182753e+04 0.000000000000000000e+00
-1.107242809926253813e+02 -1.107214365381435357e+02 2.609617492770570715e-03 1.308447866791859269e+03 0.000000000000000000e+00
-1.052723077858253475e+02 -1.052613840351020258e+02 7.421237982640556397e-03 3.091979661841598863e+04 0.000000000000000000e+00
-1.010552138695969830e+02 -1.010768310820038067e+02 1.594793381517593811e-02 9.860746456060967830e+03 0.000000000000000000e+00
-9.717227832869788529e+01 -9.716615121828394308e+01 6.153392436717680831e-03 9.844914588607076439e+03 0.000000000000000000e+00
-1.106522760461884047e+02 -1.106649019638382470e+02 6.177036598849046205e-03 9.821735388699828036e+03 0.000000000000000000e+00
-1.053722185458316432e+02 -1.053725347501441973e+02 8.162848687976504217e-03 3.063711222283044481e+04 0.000000000000000000e+00
-1.017593663818633161e+02 -1.017636742148007727e+02 1.604617777362386116e-02 3.056220847124382271e+04 0.000000000000000000e+00
-1.080225159079135864e+02 -1.080276624267023493e+02 4.908793494620816364e-03 9.761656249765692337e+03 0.000000000000000000e+00
-1.007376527497006293e+02 -1.007447856450302339e+02 1.706589186004124278e-02 3.041798208985765814e+04 0.000000000000000000e+00
-1.053549101202250569e+02 -1.053454186972464584e+02 4.329263561472918367e-03 3.034536518659736976e+04 0.000000000000000000e+00
-1.052753469552575325e+02 -1.052733264291150732e+02 4.661473711150640291e-03 3.027407929266955398e+04 0.000000000000000000e+00
-1.020586745334070571e+02 -1.020372168862044333e+02 2.408143959449957072e-02 9.668493174338391327e+03 0.000000000000000000e+00
-1.054739360184912584e+02 -1.054765716215284925e+02 8.132543893253369599e-03 9.652794444764136642e+03 0.000000000000000000e+00
-1.107104331683378717e+02 -1.107164091062935825e+02 5.266793722935534869e-03 9.629837790604036854e+03 0.000000000000000000e+00
-9.935090933441190941e+01 -9.934707315792297777e+01 1.017405903355649011e-02 9.607579596018971642e+03 0.000000000000000000e+00
-9.332576807143060194e+01 -9.335698573229255715e+01 2.410100268400478668e-02 3.035170344610025495e+04 0.000000000000000000e+00
-9.864240307261420071e+01 -9.868715369081748179e+01 1.186444275042975761e-02 9.586465921911818441e+03 0.000000000000000000e+00
-1.080459005132680090e+02 -1.080328085090741723e+02 7.309095662158092074e-03 3.053748359609129329e+04 0.000000000000000000e+00
-1.053357159571656894e+02 -1.053203081469410165e+02 5.910280989548100973e-03 3.046894821043185948e+04 0.000000000000000000e+00
-1.042504751153183236e+02 -1.042479542720656411e+02 1.694237010375528388e-02 3.040244133738821620e+04 0.000000000000000000e+00
-1.079869595786486087e+02 -1.079912250397248101e+02 4.255086823596015110e-03 9.540192890470556449e+03 0.000000000000000000e+00
-1.053543555742713664e+02 -1.053532812416157043e+02 2.497684359453555911e-03 1.276954686136407190e+03 0.000000000000000000e+00
-1.025906283648237860e+02 -1.025775039163472684e+02 1.057896974045485598e-02 3.019160355826431260e+04 0.000000000000000000e+00
-1.080706078286584386e+02 -1.080611802351463240e+02 7.554304663043801688e-03 3.012462966560043060e+04 0.000000000000000000e+00
-1.024969140546576796e+02 -1.024961621950895960e+02 6.092939226345788807e-03 9.452237538077193676e+03 0.000000000000000000e+00
-1.053369416593565546e+02 -1.053250764166946283e+02 7.253302052964351321e-03 2.999104656639062887e+04 0.000000000000000000e+00
-1.080555245527791186e+02 -1.080469877650396739e+02 5.248424525038060569e-03 2.992440144892717581e+04 0.000000000000000000e+00
-1.026276899254508237e+02 -1.026224110421370881e+02 6.462921771209212754e-03 2.985648162807269546e+04 0.000000000000000000e+00
