0.000000000000000000e+00 0.000000000000000000e+00 0.000000000000000000e+00 0.000000000000000000e+00 0.000000000000000000e+00
-1.025327564667415174e+02 -1.025139119940374286e+02 5.891381249998600689e-02 2.237066271416242671e+04 0.000000000000000000e+00
-9.892964033950924829e+01 -9.895413727370737433e+01 7.733836850611450209e-02 1.074011553718671203e+05 0.000000000000000000e+00
-9.980159002968572679e+01 -9.977347957671086931e+01 3.984532647665968430e-02 2.134731176582828994e+04 0.000000000000000000e+00
-1.079578905466215275e+02 -1.079679583761415671e+02 2.909833619409831970e-02 2.092267541774977144e+04 0.000000000000000000e+00
-7.854447560976402087e+01 -7.805002064463151612e+01 3.899922781254294701e-01 2.254604781423405711e+03 0.000000000000000000e+00
-1.053466004354415162e+02 -1.052719090419676604e+02 3.303087569856522077e-02 2.011735417517672613e+04 0.000000000000000000e+00
-1.038109108683079427e+02 -1.036992589144369674e+02 7.831286055959775505e-02 2.048241596636401300e+04 0.000000000000000000e+00
-1.081884137590394488e+02 -1.081004039515306943e+02 6.729870585774921921e-02 9.693035367473562656e+04 0.000000000000000000e+00
-1.000748867444596186e+02 -1.000006030371500998e+02 7.007944716058159274e-02 9.594677386990305968e+04 0.000000000000000000e+00
-9.721759893366807148e+01 -9.706660981677890732e+01 1.041465902267673244e-01 2.117258545647237770e+04 0.000000000000000000e+00
-1.053175142305744885e+02 -1.053326027950936350e+02 4.949808461462069237e-02 9.469510101826171740e+04 0.000000000000000000e+00
-9.710238557260208836e+01 -9.705796049456230890e+01 5.857483892172359735e-02 2.108545203873949868e+04 0.000000000000000000e+00
-1.052663545964844047e+02 -1.052535356760778740e+02 1.992360767493709869e-02 2.081361232107722026e+04 0.000000000000000000e+00
-1.018228620688417010e+02 -1.018694275873814803e+02 8.870117588762115035e-02 2.042732175172913776e+04 0.000000000000000000e+00
-1.079626165525088624e+02 -1.079854310674973590e+02 3.600554626142501297e-02 8.763348167003519484e+04 0.000000000000000000e+00
-1.080863776666843421e+02 -1.081159203386585403e+02 4.161340381660049575e-02 1.973895140815542254e+04 0.000000000000000000e+00
-1.027375167054742917e+02 -1.026972904988690374e+02 3.388109044663061703e-02 1.947244416285098850e+04 0.000000000000000000e+00
-1.024869462363278103e+02 -1.024827478336595874e+02 2.496622072682930932e-02 1.928070867154616280e+04 0.000000000000000000e+00
-1.081048939464134548e+02 -1.081187968222604923e+02 2.507581082938235145e-02 1.893243438163879910e+04 0.000000000000000000e+00
-1.012569594817631895e+02 -1.013411250479107508e+02 3.291791635174089181e-02 8.072940345849050209e+04 0.000000000000000000e+00
-1.020638561310583441e+02 -1.020305001282884376e+02 5.289955752673959621e-02 1.853759758205711842e+04 0.000000000000000000e+00
-9.452175058724370160e+01 -9.442949980746008976e+01 4.138104742073268200e-02 7.908185729007817281e+04 0.000000000000000000e+00
-1.052295823384321096e+02 -1.052193393472376783e+02 1.935798950808674881e-02 1.819068542887642980e+04 0.000000000000000000e+00
-1.052053118985529068e+02 -1.051967619738677371e+02 1.518651445219200424e-02 1.790253947072864321e+04 0.000000000000000000e+00
-9.995169204011068587e+01 -9.990846877378145052e+01 4.530304020872200771e-02 1.761978134344195860e+04 0.000000000000000000e+00
-1.016282322060395273e+02 -1.017004648203573964e+02 5.809533685295289324e-02 2.433001491430726219e+03 0.000000000000000000e+00
-1.026494347572548804e+02 -1.025924143680203997e+02 2.697388763619550101e-02 1.731119088279606513e+04 0.000000000000000000e+00
-1.013386861465052959e+02 -1.014046118830218433e+02 3.813717480972076551e-02 7.391842410173785174e+04 0.000000000000000000e+00
-9.697448471994012209e+01 -9.693010978051543702e+01 3.779856477805351028e-02 1.714761940868340753e+04 0.000000000000000000e+00
-1.013251056411870223e+02 -1.013503175343312677e+02 2.041878671228480532e-02 1.703183956219577522e+04 0.000000000000000000e+00
-9.978871716820651727e+01 -9.974332430395065785e+01 3.409776118226783698e-02 7.237636037157620012e+04 0.000000000000000000e+00
-1.052908630024738272e+02 -1.052940266396326194e+02 1.505995886724150433e-02 1.667626055022586661e+04 0.000000000000000000e+00
-1.079886939079656401e+02 -1.079952512842395151e+02 1.505292688236077939e-02 1.643505243021766728e+04 0.000000000000000000e+00
-1.081047526122782756e+02 -1.080627342456857463e+02 2.063704827158924573e-02 2.284458186145605850e+03 0.000000000000000000e+00
-9.601586342259201956e+01 -9.603366941657630207e+01 3.468816158786835330e-02 6.867067852606833912e+04 0.000000000000000000e+00
-9.982225666130329955e+01 -9.979451856497223616e+01 2.783851952634478627e-02 1.576601869250235177e+04 0.000000000000000000e+00
-1.007396268331130358e+02 -1.006882661684529268e+02 5.144218786901146728e-02 2.262356237443610553e+03 0.000000000000000000e+00
-9.725991795031856668e+01 -9.720492566091861875e+01 2.872285974200987010e-02 1.541474471878630357e+04 0.000000000000000000e+00
-1.079802290999935650e+02 -1.079965259022697381e+02 2.552866009046322882e-02 6.633645056380057940e+04 0.000000000000000000e+00
-1.053282655805431602e+02 -1.053245137947386354e+02 1.325939041573456073e-02 1.527592762509684508e+04 0.000000000000000000e+00
-9.716860783957875469e+01 -9.714823955703553793e+01 2.033282062635028212e-02 1.507897825469180680e+04 0.000000000000000000e+00
-1.026936660008513087e+02 -1.026951238404007540e+02 1.579899676745548029e-02 2.133647041495859412e+03 0.000000000000000000e+00
-7.179330078833142181e+01 -7.171545065069352631e+01 8.490680876451563164e-02 1.474326728037069188e+04 5.000000000000000000e+00
-1.031694284930301109e+02 -1.031824150170158987e+02 5.132871111777872336e-02 6.300114522003708407e+04 0.000000000000000000e+00
-9.985234732774839017e+01 -9.984071966469817028e+01 1.793948218981228360e-02 1.451950093862099311e+04 0.000000000000000000e+00
-1.107455825900669879e+02 -1.107746893553224652e+02 2.147140627202522370e-02 1.435928291149466895e+04 0.000000000000000000e+00
-1.029040479528077157e+02 -1.030218426735058301e+02 5.226737494421089536e-02 6.080274685694885557e+04 0.000000000000000000e+00
-1.080371788765253598e+02 -1.080567293589483597e+02 1.667949586696862788e-02 1.541430036260240922e+04 0.000000000000000000e+00
-1.107600177329849771e+02 -1.107749477918226404e+02 1.780617357961197800e-02 1.527095170013887036e+04 0.000000000000000000e+00
-1.053786271329297222e+02 -1.053798303644864518e+02 1.226615747666340989e-02 1.511626850278034544e+04 0.000000000000000000e+00
-1.044243323787382138e+02 -1.045480107670214096e+02 5.533473045726396838e-02 1.494252471470232013e+04 0.000000000000000000e+00
-1.080063187211860480e+02 -1.080080061219964023e+02 1.646443722450333796e-02 1.536735561756120842e+04 0.000000000000000000e+00
-1.080705734581272992e+02 -1.080654643427874220e+02 1.824931861323215651e-02 5.912669625970195921e+04 0.000000000000000000e+00
-1.080480166503705988e+02 -1.080548853789124166e+02 1.288494431920512995e-02 1.502878353464421343e+04 0.000000000000000000e+00
-1.026551002782534567e+02 -1.026084621771513810e+02 2.066944703135897496e-02 5.783794761146368546e+04 0.000000000000000000e+00
-9.739453851021661990e+01 -9.725899286116018061e+01 3.744118755589891101e-02 5.743178178510685393e+04 0.000000000000000000e+00
-1.053321864474332585e+02 -1.053320962899053654e+02 1.599952873999011330e-02 5.839996497999147687e+04 0.000000000000000000e+00
-9.991985613611122119e+01 -9.992240869100494649e+01 1.522922589989737265e-02 1.485447834914550003e+04 0.000000000000000000e+00
-1.107696832136233809e+02 -1.107765918093191715e+02 1.480895687237119424e-02 1.469837771512937616e+04 0.000000000000000000e+00
-1.025463012555574522e+02 -1.025410760266506571e+02 1.218121120336232606e-02 1.454979883496990988e+04 0.000000000000000000e+00
-1.080128524486219703e+02 -1.080231421969699142e+02 2.155877773161143929e-02 5.607062037530716043e+04 0.000000000000000000e+00
-1.053543597234593818e+02 -1.053594479201154854e+02 1.263800979162892427e-02 1.425774856547040145e+04 0.000000000000000000e+00
-1.080529846888608887e+02 -1.080507742258459984e+02 1.720408596506841151e-02 5.502155523760022334e+04 0.000000000000000000e+00
-9.986092407450752262e+01 -9.987052475404934171e+01 1.658688228108903470e-02 1.397697852827195129e+04 0.000000000000000000e+00
-1.054020211701144802e+02 -1.054051957208603909e+02 1.320606462367599453e-02 1.384499665105247914e+04 0.000000000000000000e+00
-1.031863414518504243e+02 -1.031533230837243167e+02 4.002604274955134239e-02 5.354069642353444215e+04 0.000000000000000000e+00
-1.080740441369341198e+02 -1.080733090114335795e+02 1.146947614076116589e-02 1.365075019132584566e+04 0.000000000000000000e+00
-1.026340111158580441e+02 -1.026357050527050205e+02 2.021162218208330530e-02 1.351930615439945723e+04 0.000000000000000000e+00
-1.052910981254836429e+02 -1.052897930027956050e+02 1.063810251343244237e-02 1.339060968600223896e+04 0.000000000000000000e+00
-1.053533499395561108e+02 -1.053560774726856692e+02 7.655221441673906030e-03 1.326440612942595362e+04 0.000000000000000000e+00
-1.031896077302386772e+02 -1.031778859527015442e+02 1.862510185184376374e-02 1.796548644963835841e+03 0.000000000000000000e+00
-1.107647529167728209e+02 -1.107754757602657776e+02 1.319311854109012777e-02 1.303331731024098190e+04 0.000000000000000000e+00
-1.080683866305264758e+02 -1.080728884493930479e+02 9.521432064810861351e-03 1.292363726326712094e+04 0.000000000000000000e+00
-1.019039957337288769e+02 -1.019065004063633069e+02 2.449471868898759133e-02 1.280781296276230023e+04 0.000000000000000000e+00
-9.993574487871930501e+01 -9.993494837425480171e+01 2.707683960831952855e-02 4.945326821655460662e+04 0.000000000000000000e+00
-9.861570163846836579e+01 -9.861836035361635311e+01 2.218446312213104982e-02 1.258202794766559055e+04 0.000000000000000000e+00
-1.080734694704605943e+02 -1.080770232052304181e+02 8.852931373397279757e-03 1.247124005107767516e+04 0.000000000000000000e+00
-1.026314813667478205e+02 -1.026358689665497508e+02 1.017069614480179025e-02 1.236290830726442437e+04 0.000000000000000000e+00
-9.987293606456137240e+01 -9.985847511295246193e+01 2.145886066118146002e-02 4.782687960283084249e+04 0.000000000000000000e+00
-1.080822364228935442e+02 -1.080970595506994840e+02 1.517305401464580893e-02 1.219920565882990013e+04 0.000000000000000000e+00
-1.043198393383840568e+02 -1.043724205414504809e+02 2.840065584753992400e-02 1.211210921280921866e+04 0.000000000000000000e+00
-1.027311920171054425e+02 -1.027004714133856282e+02 1.940932568220973820e-02 1.215536683652486863e+04 0.000000000000000000e+00
-1.053076072785681845e+02 -1.053062416278716711e+02 9.557378945835371883e-03 1.210843727050643429e+04 0.000000000000000000e+00
-1.035766781212349201e+02 -1.035580042608337550e+02 1.457980536485721512e-02 1.200766511493153848e+04 0.000000000000000000e+00
-1.053263144260383797e+02 -1.053285787611184787e+02 6.704926749196058432e-03 1.193349505490912816e+04 0.000000000000000000e+00
-1.080261912226693255e+02 -1.080229491560226762e+02 1.524505514404155167e-02 4.591079914871319488e+04 0.000000000000000000e+00
-1.053321085572380440e+02 -1.053322719710646425e+02 6.009432825380072764e-03 1.615735547562156398e+03 0.000000000000000000e+00
-9.991777055864091039e+01 -9.991426996532287319e+01 1.617348145473360838e-02 1.164557754987493900e+04 0.000000000000000000e+00
-1.080771343280176069e+02 -1.080775102705745638e+02 8.900121287794703420e-03 1.155303129802611511e+04 0.000000000000000000e+00
-1.053012145166028546e+02 -1.053016052694533755e+02 9.738314763267986660e-03 1.146122342258839672e+04 0.000000000000000000e+00
-1.016369828865728522e+02 -1.017179043470764981e+02 2.636694738113276246e-02 1.137087574209650666e+04 0.000000000000000000e+00
-9.859126732728115883e+01 -9.861924060846185114e+01 1.807569626371041335e-02 1.160084499614150263e+04 0.000000000000000000e+00
-1.019598651122430510e+02 -1.019262537325103750e+02 2.494057292970005765e-02 4.526853299628394598e+04 0.000000000000000000e+00
-9.930117598783773758e+01 -9.930696290670066162e+01 2.067182673029651849e-02 1.149408531573692744e+04 0.000000000000000000e+00
-1.025744880363301519e+02 -1.025817578201029221e+02 8.227135816990083228e-03 1.140822778284332526e+04 0.000000000000000000e+00
-9.441852357217670999e+01 -9.440315171587927523e+01 1.253272299884939517e-02 1.553089194947895976e+03 0.000000000000000000e+00
-9.705840701494150835e+01 -9.704946122217074844e+01 1.092737772860968501e-02 1.123987569332273415e+04 0.000000000000000000e+00
-9.936858544895021339e+01 -9.935314499384426767e+01 1.680969361692815148e-02 1.116126390742947115e+04 0.000000000000000000e+00
-1.053074922392188455e+02 -1.053111681382639659e+02 9.481575019702918883e-03 1.109290594643012264e+04 0.000000000000000000e+00
-1.079964698996062680e+02 -1.079970553380838965e+02 7.132182048304295391e-03 1.101190155643528851e+04 0.000000000000000000e+00
-1.025452926756251344e+02 -1.025363927601365504e+02 1.144908087488042195e-02 1.093141583144657307e+04 0.000000000000000000e+00
-1.024994635255842184e+02 -1.024829690836186415e+02 1.089483270551033084e-02 1.085734269688575296e+04 0.000000000000000000e+00
-1.053150364939552190e+02 -1.053109012882524240e+02 9.726270230330092206e-03 1.079712432049540439e+04 0.000000000000000000e+00
-1.107750968212831850e+02 -1.107742393845323505e+02 1.178638758192000584e-02 1.072134460417403716e+04 0.000000000000000000e+00
-1.080285390585552960e+02 -1.080287080087566522e+02 9.494781441506953273e-03 1.064519857780030725e+04 0.000000000000000000e+00
-1.026205181293471185e+02 -1.026179403956390104e+02 6.624728859708183849e-03 1.057012965796577191e+04 0.000000000000000000e+00
-1.053395836370507368e+02 -1.053420170405200906e+02 9.531960057937209629e-03 1.049667812176790540e+04 0.000000000000000000e+00
-1.013826044317273585e+02 -1.014038752045007499e+02 1.516447224733272203e-02 1.042410465060526258e+04 0.000000000000000000e+00
-1.053121732247415565e+02 -1.053112363218144054e+02 3.969006979548845432e-03 1.433038097519029407e+03 0.000000000000000000e+00
-1.049785327400732342e+02 -1.048842567664267875e+02 2.837535561545043855e-02 1.031032326599302360e+04 0.000000000000000000e+00
-1.067905576332850757e+02 -1.067932223133598768e+02 1.764454450501882002e-02 1.057489518303043951e+04 0.000000000000000000e+00
-1.015471335767131222e+02 -1.015547630368354390e+02 1.520874165287965270e-02 1.050376672109361425e+04 0.000000000000000000e+00
-1.107852315535394609e+02 -1.107763948670326499e+02 1.312822591582403498e-02 4.036204295433417428e+04 0.000000000000000000e+00
-9.984633916671090503e+01 -9.984926746767098393e+01 1.199639675839924910e-02 1.036722919208477651e+04 0.000000000000000000e+00
-1.054199418519290390e+02 -1.054202451797157920e+02 8.143838529965322093e-03 1.470798379404279103e+03 0.000000000000000000e+00
-1.107226875370762542e+02 -1.107238474193397764e+02 8.983731778336214932e-03 1.023842510907782162e+04 0.000000000000000000e+00
-1.080353984337590276e+02 -1.080306927017811489e+02 7.386219037925328967e-03 1.017147417866583419e+04 0.000000000000000000e+00
-1.054120730174175975e+02 -1.054206939551411182e+02 1.185263578982332505e-02 1.010686815538066912e+04 0.000000000000000000e+00
-1.079707087520243647e+02 -1.079709431168704725e+02 1.037291864579503904e-02 1.004682396411860282e+04 0.000000000000000000e+00
-1.053545306978740257e+02 -1.053597791010528084e+02 7.368489642180655642e-03 9.982334592316032285e+03 0.000000000000000000e+00
-9.966361002511614231e+01 -9.964562705800791775e+01 2.417304986606504461e-02 9.920337208719862247e+03 0.000000000000000000e+00
-1.053448134344142915e+02 -1.053421278867201636e+02 4.980014555205808033e-03 1.443553137311888804e+03 0.000000000000000000e+00
-1.026086624561364005e+02 -1.026095644161223532e+02 6.046208071718128796e-03 9.808356649590854431e+03 0.000000000000000000e+00
-1.107324055563057215e+02 -1.107231201411161976e+02 1.238075937235846684e-02 3.769251154550723732e+04 0.000000000000000000e+00
-1.025840500670500006e+02 -1.025843392969622556e+02 4.177804344276668178e-03 1.417424404259649691e+03 0.000000000000000000e+00
-1.053752239174520469e+02 -1.053831033520652483e+02 7.537695317914833854e-03 9.627719443889116519e+03 0.000000000000000000e+00
-1.081265380910805760e+02 -1.081242616169668054e+02 4.241840507702897278e-03 1.400489497224845991e+03 0.000000000000000000e+00
-1.080081897535390567e+02 -1.080073291309374213e+02 6.471456588903840186e-03 9.515723019669423593e+03 0.000000000000000000e+00
-1.052506839273894599e+02 -1.052492932100763738e+02 8.136883238185737763e-03 9.458054281991369862e+03 0.000000000000000000e+00
-9.992257382999466131e+01 -9.991324156609135798e+01 1.956169730234424281e-02 3.639011121848683979e+04 0.000000000000000000e+00
-9.993629354217580385e+01 -9.992999902121758282e+01 1.075333972745223451e-02 9.346168095571245431e+03 0.000000000000000000e+00
-1.080590770231213185e+02 -1.080577069157077261e+02 5.476553189233815573e-03 9.292438367612410730e+03 0.000000000000000000e+00
-1.013108441201042496e+02 -1.013165936756141861e+02 1.160021826013496460e-02 9.237483445812242280e+03 0.000000000000000000e+00
-1.053530600351848108e+02 -1.053553336917504595e+02 4.091410177141392018e-03 1.350061750033329417e+03 0.000000000000000000e+00
-1.025541466088309477e+02 -1.025385996021459221e+02 1.367955613717905874e-02 3.536362540997798351e+04 0.000000000000000000e+00
-1.107248960011339136e+02 -1.107276871731382926e+02 8.467513556351937906e-03 9.083401648409122572e+03 0.000000000000000000e+00
-1.018436332242890643e+02 -1.018386037321290303e+02 1.162471579680012315e-02 9.031286225221316272e+03 0.000000000000000000e+00
-1.053541260495763652e+02 -1.053560352188630276e+02 5.237687956774862881e-03 8.980979243687621420e+03 0.000000000000000000e+00
-1.053343790058566469e+02 -1.053409692657873364e+02 7.389985804586217052e-03 8.929773260943646164e+03 0.000000000000000000e+00
-1.107282175041195842e+02 -1.107264172030959628e+02 5.111781349510324465e-03 1.307385328254154501e+03 0.000000000000000000e+00
-1.053578828489919488e+02 -1.053558653289258871e+02 6.781974615997932859e-03 8.832179286983142447e+03 0.000000000000000000e+00
-1.025569549572301327e+02 -1.025474736421044213e+02 6.586620448317491265e-03 8.782754354580292784e+03 0.000000000000000000e+00
-9.990051818543904005e+01 -9.990184682500182589e+01 1.219705465277786012e-02 8.738906265971681933e+03 0.000000000000000000e+00
-1.054157011859470146e+02 -1.054145389415373018e+02 6.938705093702115384e-03 1.279632525441112648e+03 0.000000000000000000e+00
-1.025299407386796844e+02 -1.025240123672192567e+02 9.705355211388568687e-03 8.644470803861629975e+03 0.000000000000000000e+00
-7.270774461573803649e+01 -7.265102014592423529e+01 9.004927544020728536e-02 1.266369130409409763e+03 1.000000000000000000e+00
-1.080506061724160674e+02 -1.080516087094718216e+02 2.699543187035349876e-03 1.263417804216750483e+03 0.000000000000000000e+00
-1.052775802753080256e+02 -1.052712572517407352e+02 8.693886885083778465e-03 3.409594967803051986e+04 0.000000000000000000e+00
-1.080474180918772475e+02 -1.080471435274976386e+02 5.625531245322416482e-03 8.963766852292081239e+03 0.000000000000000000e+00
-1.004210199387510585e+02 -1.004669191608495566e+02 1.740919291717327524e-02 1.243147509339062708e+03 0.000000000000000000e+00
-1.041367330513783287e+02 -1.041435949918031127e+02 7.864722992713393465e-03 1.272266262847511825e+03 0.000000000000000000e+00
-1.026525323605887650e+02 -1.026545864859405270e+02 1.083741041192622101e-02 9.058307037346559810e+03 0.000000000000000000e+00
-1.009407960018011465e+02 -1.009750259279825855e+02 1.515772368723863547e-02 9.010701831930262415e+03 0.000000000000000000e+00
-1.080918596553669033e+02 -1.081011295980682689e+02 9.645647102206632295e-03 9.011826415600136897e+03 0.000000000000000000e+00
-1.052719451577331000e+02 -1.052694698142423277e+02 1.356292402700129927e-02 3.485769919870208832e+04 0.000000000000000000e+00
-1.080696737211541887e+02 -1.080725747434486550e+02 4.878887574746815399e-03 8.922375081780677647e+03 0.000000000000000000e+00
-7.493039630197290535e+01 -7.505739682350258590e+01 4.125439482897457627e-02 1.246881515252202462e+03 2.300000000000000000e+01
-7.806177675216775924e+01 -7.812160827490090753e+01 6.366444469475815437e-02 1.292101474409601224e+03 6.000000000000000000e+00
-1.000735613348361710e+02 -1.001325491308324871e+02 1.935569759716313995e-02 9.553447563013281979e+03 0.000000000000000000e+00
-8.006145029559540660e+01 -8.003900463306995050e+01 4.637786328016315490e-02 9.631086550042298768e+03 1.000000000000000000e+01
-1.080507482034974487e+02 -1.080533815994667606e+02 5.431873710820173812e-03 9.591724800258056348e+03 0.000000000000000000e+00
-1.027061338927047842e+02 -1.027121708954920365e+02 7.828127047932346289e-03 9.543566385315592925e+03 0.000000000000000000e+00
-1.080073408346147517e+02 -1.080066962313693466e+02 2.947677836569635289e-03 1.304280486265609170e+03 0.000000000000000000e+00
-1.017870825202551828e+02 -1.018226580453839887e+02 1.803880268984917393e-02 9.450203854017665435e+03 0.000000000000000000e+00
-9.989867055149171904e+01 -9.990146152622996567e+01 9.186234299816201099e-03 9.447008479546922899e+03 0.000000000000000000e+00
-1.053280306656914860e+02 -1.053277434964643362e+02 4.063794857828721165e-03 1.294470217769877991e+03 0.000000000000000000e+00
-1.079754341528627606e+02 -1.079719467771041508e+02 6.755931039312765458e-03 9.357609902066458744e+03 0.000000000000000000e+00
-9.852630516608883227e+01 -9.850338629332350138e+01 1.353181988512006800e-02 9.312308097041701330e+03 0.000000000000000000e+00
-1.107177735783143362e+02 -1.107197778359381317e+02 4.440616856645346333e-03 1.306359688850319571e+03 0.000000000000000000e+00
-1.016239621669538735e+02 -1.016223080740220155e+02 1.341829812087823488e-02 9.246528885335086670e+03 0.000000000000000000e+00
-1.081019156928536518e+02 -1.081030503321733249e+02 6.104881978689734659e-03 9.202106584395904065e+03 0.000000000000000000e+00
-1.080060558006984479e+02 -1.080079673461820278e+02 3.360385965267660528e-03 1.289757040968200727e+03 0.000000000000000000e+00
-1.054739257666603720e+02 -1.054741664949596327e+02 1.058852112827059037e-02 9.114067421551406369e+03 0.000000000000000000e+00
-1.054271823891357656e+02 -1.054329879733344484e+02 8.131339632333986836e-03 9.070676350528145122e+03 0.000000000000000000e+00
-1.052621721811621427e+02 -1.052611809950367245e+02 5.535282224015532562e-03 9.029569220202920405e+03 0.000000000000000000e+00
-9.982088502316651102e+01 -9.982555979622513576e+01 8.329704102006224922e-03 8.987020988696869608e+03 0.000000000000000000e+00
-1.017477859062866372e+02 -1.017900923300048390e+02 1.467585732574786320e-02 8.945555525378229504e+03 0.000000000000000000e+00
-1.080576652583992683e+02 -1.080560600071329276e+02 4.086820616813301513e-03 8.970178432559891007e+03 0.000000000000000000e+00
-1.026077246629275947e+02 -1.026083047911826469e+02 3.568953559882231865e-03 1.263403992668301044e+03 0.000000000000000000e+00
-9.720654730642651487e+01 -9.717594088396779739e+01 1.259403033824026477e-02 8.889797370149102790e+03 0.000000000000000000e+00
-6.979154594579254933e+01 -6.969926945130977458e+01 8.193598884248055880e-02 8.887330349298803412e+03 2.000000000000000000e+00
-9.996347410412806767e+01 -9.994982511684763438e+01 9.620541171026458435e-03 8.882220522884967068e+03 0.000000000000000000e+00
-1.053826501069502228e+02 -1.053777033628632012e+02 6.535606489169412670e-03 1.260865952703672292e+03 0.000000000000000000e+00
-1.053773753341397139e+02 -1.053793641518900301e+02 3.609534511378410717e-03 1.256158572360813878e+03 0.000000000000000000e+00
-9.858220058417843745e+01 -9.862128863013033708e+01 1.313667627908942336e-02 8.771718065182070859e+03 0.000000000000000000e+00
-1.053161935736853110e+02 -1.053102866342020434e+02 4.045448690024386687e-03 1.273381508185721259e+03 0.000000000000000000e+00
-1.107788598532951454e+02 -1.107754360301238421e+02 3.543950618723052965e-03 1.268898805817209222e+03 0.000000000000000000e+00
-1.080528944783117993e+02 -1.080552324730765861e+02 4.653255248750520420e-03 8.714184513063302802e+03 0.000000000000000000e+00
-1.018504753073314220e+02 -1.019207881595784357e+02 1.995998499758086867e-02 8.675643266598983246e+03 0.000000000000000000e+00
-1.052644933131205960e+02 -1.052638412976921813e+02 3.539432985944510404e-03 1.252671922570751121e+03 0.000000000000000000e+00
-1.079958774716708092e+02 -1.080003576765071500e+02 5.863688288765720250e-03 8.744331557792287640e+03 0.000000000000000000e+00
-9.928935049951708436e+01 -9.929759956181771940e+01 7.518536533186576630e-03 1.241931143784127698e+03 0.000000000000000000e+00
-1.080012483037562419e+02 -1.080026743715242645e+02 1.958994285679497779e-03 1.238766562408401569e+03 0.000000000000000000e+00
-1.052933622848002102e+02 -1.052978737717835713e+02 4.711041325237082071e-03 8.642185705586545737e+03 0.000000000000000000e+00
-9.991263538505317854e+01 -9.988594203621855172e+01 8.551054517975937089e-03 8.605441560424749696e+03 0.000000000000000000e+00
-9.988493865131300709e+01 -9.987341515605879749e+01 6.390702249738036515e-03 1.230272729709038003e+03 0.000000000000000000e+00
-1.052649831710437240e+02 -1.052618688569320966e+02 5.292468578544357212e-03 8.562077678128780462e+03 0.000000000000000000e+00
-9.600399198474751472e+01 -9.600964300394150541e+01 1.294844356240907289e-02 8.525906992091127904e+03 0.000000000000000000e+00
-1.053855989788095968e+02 -1.053825053210659348e+02 3.034544620681310732e-03 1.225383572999169928e+03 0.000000000000000000e+00
-1.080197732087084574e+02 -1.080239597421919200e+02 5.269143357744737050e-03 8.456337966100623817e+03 0.000000000000000000e+00
-1.079975796533107371e+02 -1.079993411799805187e+02 4.506849299190043671e-03 8.421245291671664745e+03 0.000000000000000000e+00
-1.107776147205769774e+02 -1.107766469214717659e+02 6.029455608973351317e-03 8.385939572646067973e+03 0.000000000000000000e+00
-9.925325080400251920e+01 -9.924542986857812821e+01 8.628650777372392014e-03 1.205576047251695627e+03 0.000000000000000000e+00
-1.053127793063531499e+02 -1.053123268982832883e+02 3.152725041409385354e-03 1.202487713220591331e+03 0.000000000000000000e+00
-1.081273228174165695e+02 -1.081239725702657495e+02 3.086564310160892603e-03 1.197480903317226876e+03 0.000000000000000000e+00
-1.042187955826051677e+02 -1.042043698274008392e+02 1.218892692479509043e-02 8.253218858132673631e+03 0.000000000000000000e+00
-1.080099040564862491e+02 -1.080082916518830558e+02 3.451369786635264877e-03 1.194114812263620934e+03 0.000000000000000000e+00
-9.856084791937860246e+01 -9.856466847748428961e+01 1.083776982796451349e-02 1.189243183690688056e+03 0.000000000000000000e+00
-1.107217550609058208e+02 -1.107240115227310895e+02 5.678926606440132425e-03 8.165153849098679530e+03 0.000000000000000000e+00
-1.053516337415477864e+02 -1.053500356242642226e+02 2.256177856661929163e-03 1.181020310793931458e+03 0.000000000000000000e+00
-1.054293621188212029e+02 -1.054336248979817157e+02 6.352272277625897051e-03 8.099601622615083215e+03 0.000000000000000000e+00
-1.080098908638894102e+02 -1.080089987864109844e+02 3.099383209282190361e-03 1.171630786948177047e+03 0.000000000000000000e+00
-1.079476428286435521e+02 -1.079403390945421108e+02 9.965423504027785817e-03 8.035655000558966094e+03 0.000000000000000000e+00
-1.053317115278717893e+02 -1.053266857792580709e+02 6.726474194360491758e-03 8.004776711716938735e+03 0.000000000000000000e+00
-1.080603003431406250e+02 -1.080569779719042458e+02 2.152896368495865395e-03 1.157626694112321275e+03 0.000000000000000000e+00
-1.053741564675097067e+02 -1.053719878378539079e+02 3.710148496720353569e-03 1.153553762779290309e+03 0.000000000000000000e+00
-1.053697344262607061e+02 -1.053758973375067853e+02 4.977183377901216871e-03 7.912008125454065521e+03 0.000000000000000000e+00
-1.042828891487807255e+02 -1.043046092361627615e+02 1.129545338854380000e-02 7.882267817756982367e+03 0.000000000000000000e+00
-1.053225594115759378e+02 -1.053220179999967883e+02 2.875086130757891715e-03 1.140242916625398948e+03 0.000000000000000000e+00
-1.051972620422610873e+02 -1.051993200802933472e+02 3.742087978977705169e-03 1.135768595514062326e+03 0.000000000000000000e+00
-1.052231077416806357e+02 -1.052253771508719637e+02 6.304331052077538286e-03 1.131453598981293680e+03 0.000000000000000000e+00
-1.008497589335983236e+02 -1.007986632585678706e+02 1.260767633939788648e-02 7.777941278505610171e+03 0.000000000000000000e+00
-1.035593247029145658e+02 -1.035403569400624377e+02 9.567104957716184022e-03 7.830340538820071743e+03 0.000000000000000000e+00
-9.707527998023813609e+01 -9.708524438361520481e+01 1.020802479022906752e-02 7.812696940645045288e+03 0.000000000000000000e+00
-1.080691233029465366e+02 -1.080705025341349739e+02 2.552155193311127918e-03 1.166078992935182896e+03 0.000000000000000000e+00
-1.026719575464506846e+02 -1.026629894027407062e+02 4.640522068646351847e-03 1.161604666312969812e+03 0.000000000000000000e+00
-1.052819788030322314e+02 -1.052842542986893477e+02 4.549161021570734265e-03 7.731109296170658126e+03 0.000000000000000000e+00
-1.030501776401340805e+02 -1.030486583924580088e+02 3.448771582102904548e-02 1.154729001478115606e+03 0.000000000000000000e+00
-1.024850675537026348e+02 -1.024852108270378466e+02 5.860974606373514466e-03 7.768340210704140191e+03 0.000000000000000000e+00
-1.026015559934599821e+02 -1.026001178300023327e+02 3.936699616869023845e-03 1.145961173018501540e+03 0.000000000000000000e+00
-1.079962660711369580e+02 -1.079992849628750236e+02 3.885525704502450651e-03 7.710170165512568019e+03 0.000000000000000000e+00
-1.006802287286689790e+02 -1.006755938814051063e+02 1.139830751157322811e-02 1.137703458343265993e+03 0.000000000000000000e+00
-1.041400972632225290e+02 -1.041282729027665397e+02 1.012570939772799473e-02 7.671100508469880879e+03 0.000000000000000000e+00
-1.053328236309584014e+02 -1.053336018360712671e+02 1.728555640662970700e-03 1.130546667408294752e+03 0.000000000000000000e+00
-1.025841526992594765e+02 -1.025843526148534153e+02 5.272157509184124957e-03 7.619898562293758914e+03 0.000000000000000000e+00
-1.053604660452207753e+02 -1.053615809381719970e+02 3.418374642096530958e-03 7.591880625989945656e+03 0.000000000000000000e+00
-1.052797535391436980e+02 -1.052843678363678208e+02 4.127840544250103126e-03 7.564113606730247739e+03 0.000000000000000000e+00
-1.079993116346906845e+02 -1.079986578816216536e+02 2.041602796757023205e-03 1.114183067034343594e+03 0.000000000000000000e+00
-9.928580262268646095e+01 -9.929143436078187790e+01 1.136167460284989023e-02 7.510134601856558220e+03 0.000000000000000000e+00
-1.052742488554157774e+02 -1.052761268612661922e+02 3.717090248922035479e-03 7.483956118329733727e+03 0.000000000000000000e+00
-1.081037153262768271e+02 -1.081029599195495621e+02 4.728293092808736990e-03 7.456990095182414734e+03 0.000000000000000000e+00
-1.079689394038667700e+02 -1.079708705679852017e+02 4.004626749768348815e-03 1.100859797076645918e+03 0.000000000000000000e+00
-1.053032831548038217e+02 -1.053021219916505515e+02 2.959907203591352880e-03 1.097110597484631626e+03 0.000000000000000000e+00
-1.053888071734791367e+02 -1.053876577522709255e+02 4.889460069966523881e-03 7.377071867157796078e+03 0.000000000000000000e+00
-1.080580931790105694e+02 -1.080571211105586400e+02 3.713410954334898754e-03 7.350848601432754549e+03 0.000000000000000000e+00
-1.052446930777457652e+02 -1.052372573418689115e+02 7.404502269420762048e-03 7.324791315079691230e+03 0.000000000000000000e+00
-9.996997185471045100e+01 -9.995542453456023679e+01 1.038505400118753391e-02 2.699914080368544455e+04 0.000000000000000000e+00
-1.005848212399300934e+02 -1.005317316151575397e+02 1.135517752897382410e-02 7.275072859300657910e+03 0.000000000000000000e+00
-1.080777996424525611e+02 -1.080806288217922031e+02 3.977084937473952288e-03 7.334220058557156335e+03 0.000000000000000000e+00
-1.080588547173751408e+02 -1.080551262362183849e+02 3.778940139539497308e-03 7.308860138456967434e+03 0.000000000000000000e+00
-1.000028361443018952e+02 -9.997763560590752263e+01 1.045403155181516899e-02 7.283882389351723759e+03 0.000000000000000000e+00
-1.026509856753712597e+02 -1.026570364698751376e+02 5.319444304600292467e-03 7.276231616611282334e+03 0.000000000000000000e+00
-1.026155958118632299e+02 -1.026098713207793054e+02 3.429726054758151267e-03 1.072877180947831903e+03 0.000000000000000000e+00
-7.538034591849459787e+01 -7.542796949152666741e+01 6.784057634104861956e-02 1.070272932264507517e+03 1.000000000000000000e+00
-1.025451505927165812e+02 -1.025437183502942133e+02 5.299825631629025320e-03 7.261249997826600520e+03 0.000000000000000000e+00
-1.052534798876345121e+02 -1.052507336008060435e+02 2.676794449739320573e-03 1.065380004334809428e+03 0.000000000000000000e+00
-9.984593179778043748e+01 -9.984579497955685667e+01 5.931463723716867351e-03 7.212817322365195650e+03 0.000000000000000000e+00
-9.865529596722755912e+01 -9.866785167507646293e+01 9.580505987471869475e-03 7.188289416027331754e+03 0.000000000000000000e+00
-1.027605101858329277e+02 -1.027333607351140472e+02 1.530178355041266272e-02 7.168431575824390166e+03 0.000000000000000000e+00
-1.107158853765721602e+02 -1.107168519875394566e+02 5.420362198361630690e-03 7.161216440442522071e+03 0.000000000000000000e+00
-1.008092579865237326e+02 -1.008046990378574321e+02 6.951957688378105314e-03 1.102597847197875808e+03 0.000000000000000000e+00
-1.081119916827264689e+02 -1.081080410524921831e+02 5.346045618206805849e-03 7.119435728062207090e+03 0.000000000000000000e+00
-1.053091427762558254e+02 -1.053122563365975566e+02 4.295213678741096296e-03 7.096040740268870650e+03 0.000000000000000000e+00
-1.024885017599259101e+02 -1.024864812614797245e+02 6.976669066268218790e-03 7.072683107742044740e+03 0.000000000000000000e+00
-9.968704313019236452e+01 -9.967738802308984702e+01 1.113980385712784286e-02 7.049331017976756812e+03 0.000000000000000000e+00
-1.080709845976700620e+02 -1.080722528108871927e+02 3.495113712012573245e-03 7.027923989940974025e+03 0.000000000000000000e+00
-1.026242361696628791e+02 -1.026251891948924992e+02 6.082146696514390515e-03 7.004757226292799714e+03 0.000000000000000000e+00
-1.080958948673544882e+02 -1.081009305354585450e+02 6.389153529717299385e-03 6.981761371875573786e+03 0.000000000000000000e+00
-1.080636803141509290e+02 -1.080653584025659342e+02 4.541141224402435277e-03 6.959735596825008543e+03 0.000000000000000000e+00
-1.052637272538756861e+02 -1.052637258352167464e+02 2.730890101967726937e-03 1.077003163462583871e+03 0.000000000000000000e+00
-9.715461572247666311e+01 -9.713539469285744588e+01 1.065552878036299216e-02 6.914564823431728655e+03 0.000000000000000000e+00
-1.053006820724449994e+02 -1.053026212148636347e+02 2.650587488689438564e-03 1.074252238132234879e+03 0.000000000000000000e+00
-1.018275907241179112e+02 -1.018177708173439555e+02 9.126613000545881482e-03 6.880269323416102452e+03 0.000000000000000000e+00
-9.729203534405405662e+01 -9.728912665632984158e+01 9.715607134464747732e-03 6.860706883806164115e+03 0.000000000000000000e+00
-1.080010169170104888e+02 -1.079973658956254923e+02 4.124561729718597726e-03 6.838640186685689514e+03 0.000000000000000000e+00
-1.052852393849370856e+02 -1.052864740248815423e+02 3.080951106940712971e-03 6.817148696202013525e+03 0.000000000000000000e+00
-1.025335855130249882e+02 -1.025339541589824108e+02 3.648346604662808332e-03 6.795389696710638418e+03 0.000000000000000000e+00
-1.106667707639096960e+02 -1.106652453326676948e+02 6.059749251596950430e-03 6.773744995414803270e+03 0.000000000000000000e+00
-1.080731249386359281e+02 -1.080746208358484921e+02 2.195401319694016088e-03 1.058440906105628073e+03 0.000000000000000000e+00
-1.026074368557099064e+02 -1.026079571444126657e+02 2.098448190552318002e-03 1.055099078138511459e+03 0.000000000000000000e+00
-1.026109050071593316e+02 -1.026135549555199162e+02 3.713074308088698885e-03 6.710872213489419664e+03 0.000000000000000000e+00
-9.441425587752199533e+01 -9.440625802946979661e+01 8.369348481170279380e-03 6.689923099999733495e+03 0.000000000000000000e+00
-1.080802947813747181e+02 -1.080806276837039519e+02 5.040857902537260356e-03 6.670722882664391364e+03 0.000000000000000000e+00
-1.024847150767618871e+02 -1.024876921250329787e+02 3.709537549749062409e-03 1.042060201294999615e+03 0.000000000000000000e+00
-1.053499301968730464e+02 -1.053522914772765375e+02 3.379669942963358514e-03 6.630068603035430897e+03 0.000000000000000000e+00
-1.026057083174904960e+02 -1.026039013064282699e+02 4.751788561263702894e-03 6.609635430790099235e+03 0.000000000000000000e+00
-9.915793584441519215e+01 -9.917018512587068813e+01 7.950923877706163323e-03 6.589321181914336194e+03 0.000000000000000000e+00
-1.053965898901897589e+02 -1.053994281710953800e+02 2.719228311241719646e-03 1.029689293803941155e+03 0.000000000000000000e+00
-9.976850241337498915e+01 -9.976445537839367717e+01 4.660133691694721796e-03 1.026734502887773033e+03 0.000000000000000000e+00
-1.080754969305372128e+02 -1.080775163682649804e+02 3.633834800706089822e-03 6.533124074078886224e+03 0.000000000000000000e+00
-9.994976889681852583e+01 -9.995359236818202930e+01 6.740626115970353542e-03 6.513263216982651102e+03 0.000000000000000000e+00
-1.081044059259128574e+02 -1.081026223629914398e+02 2.237011687323401873e-03 1.017904127056777838e+03 0.000000000000000000e+00
-1.107554196169251952e+02 -1.107527039915635356e+02 5.192329562733222735e-03 6.474192947916584671e+03 0.000000000000000000e+00
-9.733066989061609320e+01 -9.730872550749143102e+01 9.418142173255074356e-03 6.454745703758278069e+03 0.000000000000000000e+00
-1.053588028227195110e+02 -1.053558834362021202e+02 3.688015518326107512e-03 6.446313471851583017e+03 0.000000000000000000e+00
-1.035741716880605168e+02 -1.035713557349913287e+02 5.344074902425023470e-03 1.006216205114915283e+03 0.000000000000000000e+00
-1.080733955458675979e+02 -1.080757605733242599e+02 2.190876774654006327e-03 1.003505940797783524e+03 0.000000000000000000e+00
-1.079732270072484681e+02 -1.079704500497172717e+02 4.425186148279215519e-03 6.389040041295984338e+03 0.000000000000000000e+00
-1.025269400350750431e+02 -1.025228327575433269e+02 4.909461137987077874e-03 9.976737128104570047e+02 0.000000000000000000e+00
-1.012235631670874199e+02 -1.012106738627352058e+02 1.290041394457853811e-02 6.352399024386490964e+03 0.000000000000000000e+00
-1.107713209675844865e+02 -1.107754552170725333e+02 4.750711893970579330e-03 6.336949065491247893e+03 0.000000000000000000e+00
-8.760658911693629136e+01 -8.777062421709160844e+01 8.790560296375012073e-02 9.890360199377228128e+02 8.000000000000000000e+00
-1.081226509846079580e+02 -1.081201300436437549e+02 2.897189310607989517e-03 9.983276542711338379e+02 0.000000000000000000e+00
-1.026285268476542569e+02 -1.026332534030373012e+02 3.458475774284853164e-03 6.288479565895008818e+03 0.000000000000000000e+00
-1.054293876226811619e+02 -1.054330549318408998e+02 5.289733606199649094e-03 6.270575688059381719e+03 0.000000000000000000e+00
-1.080556558739893802e+02 -1.080566536643244007e+02 2.910806762968556546e-03 6.252721624857449569e+03 0.000000000000000000e+00
-1.053413195416509751e+02 -1.053372994336374546e+02 3.179194293791436261e-03 6.234511579322416765e+03 0.000000000000000000e+00
-1.034389395983748869e+02 -1.034271417127300765e+02 9.620345702500506316e-03 6.216863182005851741e+03 0.000000000000000000e+00
-1.025426494576954752e+02 -1.025338322164665783e+02 7.531514254276920270e-03 2.393213339302434906e+04 0.000000000000000000e+00
-1.061665732499740074e+02 -1.061593268548795947e+02 6.858604189598126177e-03 9.793163407586503126e+02 0.000000000000000000e+00
-1.080258758111211819e+02 -1.080274669361654389e+02 4.529691893753781673e-03 6.193071746440019524e+03 0.000000000000000000e+00
-1.079994186845730155e+02 -1.080014774645810860e+02 2.945463962342403843e-03 6.175334373407282328e+03 0.000000000000000000e+00
-9.865018741369618738e+01 -9.866377889370694731e+01 5.282588290155806887e-03 9.719359257223503619e+02 0.000000000000000000e+00
-1.107767819293814426e+02 -1.107731041239599676e+02 3.578504609611537178e-03 9.730518063670183437e+02 0.000000000000000000e+00
-1.080230988433905708e+02 -1.080274739195922677e+02 3.406497456657716933e-03 6.138935927327308491e+03 0.000000000000000000e+00
-1.080608892574225735e+02 -1.080603111528487688e+02 1.894147713515488985e-03 9.677844556726685141e+02 0.000000000000000000e+00
-1.081153617831397611e+02 -1.081044815560686203e+02 7.385723344551830931e-03 2.345711613919976662e+04 0.000000000000000000e+00
-1.025787314764727540e+02 -1.025751665088749718e+02 4.668757591114063021e-03 6.088036854391065390e+03 0.000000000000000000e+00
-1.026291509960282724e+02 -1.026272608816544931e+02 4.356673783556972053e-03 6.071194688807383500e+03 0.000000000000000000e+00
-1.041771057919231538e+02 -1.041607091965262839e+02 7.815853684818022812e-03 6.054267099109390983e+03 0.000000000000000000e+00
-1.080576983901553234e+02 -1.080588561010649613e+02 2.046964703130477094e-03 9.560183944144215502e+02 0.000000000000000000e+00
-1.052453898739438358e+02 -1.052344985999609293e+02 5.139893602216140216e-03 6.027531619015563592e+03 0.000000000000000000e+00
-1.080285255381217127e+02 -1.080283536945478602e+02 2.213083804980662227e-03 9.506745120326331744e+02 0.000000000000000000e+00
-1.053502127830485193e+02 -1.053472610929623130e+02 4.033044716872481034e-03 5.997522668985396194e+03 0.000000000000000000e+00
-1.052487559520847924e+02 -1.052496119578877085e+02 4.847187848860521134e-03 5.981156336635583102e+03 0.000000000000000000e+00
-1.054132785020354106e+02 -1.054130447466704936e+02 3.904567080446126170e-03 5.964639976304671109e+03 0.000000000000000000e+00
-1.080314769944804567e+02 -1.080299096650003889e+02 1.824034017748450264e-03 9.403883364128180347e+02 0.000000000000000000e+00
-1.026383840283423297e+02 -1.026387270314918823e+02 2.590434461808887104e-03 9.378567048120945628e+02 0.000000000000000000e+00
-1.080083511574254089e+02 -1.080090839018874931e+02 3.705871780816980855e-03 5.916568217511699913e+03 0.000000000000000000e+00
-1.053475002701706558e+02 -1.053311545974566314e+02 4.854144581608696440e-03 2.266047734955797569e+04 0.000000000000000000e+00
-9.993612768769081356e+01 -9.992626337820640003e+01 4.410251016439784878e-03 9.302540746315373781e+02 0.000000000000000000e+00
-1.080784920391665196e+02 -1.080790133628735106e+02 2.231493576572808352e-03 9.296835015628931842e+02 0.000000000000000000e+00
-1.018881350287703924e+02 -1.019125379594121199e+02 9.359263631449340343e-03 5.855048486343804143e+03 0.000000000000000000e+00
-1.052522152239052247e+02 -1.052549896964831220e+02 5.908041077139011485e-03 5.852684053290716292e+03 0.000000000000000000e+00
-1.107707786503507918e+02 -1.107755045247169363e+02 4.249056113769337888e-03 5.837107070779104106e+03 0.000000000000000000e+00
-1.106657435662358466e+02 -1.106653447617374866e+02 5.156098798050514145e-03 5.822007651749891920e+03 0.000000000000000000e+00
-1.079989048143110040e+02 -1.079987100462927714e+02 2.616821089515145807e-03 5.806394156753200150e+03 0.000000000000000000e+00
-9.869459688598062996e+01 -9.869965183395106578e+01 6.436237763433477060e-03 9.214575614408802267e+02 0.000000000000000000e+00
-1.107176214493655522e+02 -1.107245662588192658e+02 4.535031924928782134e-03 5.777354847990853159e+03 0.000000000000000000e+00
-9.986923698075867151e+01 -9.985647989589034523e+01 5.927414781250218805e-03 9.177485048704659221e+02 0.000000000000000000e+00
-1.079836985946309085e+02 -1.079853253431833906e+02 2.505962711868592752e-03 9.178249862162589352e+02 0.000000000000000000e+00
-1.041148621387541198e+02 -1.041185741202378523e+02 5.754647619219222660e-03 9.154634852803677632e+02 0.000000000000000000e+00
-1.026406926542949378e+02 -1.026427912292968756e+02 3.674800181390516958e-03 5.718437322383879291e+03 0.000000000000000000e+00
-1.019198986209045330e+02 -1.019671378358207789e+02 1.087687758920405021e-02 5.703489123586795358e+03 0.000000000000000000e+00
-9.991477881975005459e+01 -9.991714175334612946e+01 3.993128374390597819e-03 5.735005828243990436e+03 0.000000000000000000e+00
-1.106651984427589923e+02 -1.106653408543772343e+02 4.927860410542341495e-03 5.720088410645032127e+03 0.000000000000000000e+00
-1.052603336921480519e+02 -1.052567358877962249e+02 2.754458856585604524e-03 5.705146025442167229e+03 0.000000000000000000e+00
-1.025157258229919677e+02 -1.025028264178720576e+02 5.219612917828944133e-03 5.690647288521984592e+03 0.000000000000000000e+00
-1.079997146857753165e+02 -1.080014907029666347e+02 2.604507409436992386e-03 5.679562390917321864e+03 0.000000000000000000e+00
-1.026220291055356455e+02 -1.026185196168294169e+02 3.351443042822586579e-03 5.664904571905392004e+03 0.000000000000000000e+00
-1.053353921457055833e+02 -1.053361305019050036e+02 1.554099812195910545e-03 8.966300516999452839e+02 0.000000000000000000e+00
-1.045229823996282619e+02 -1.045395945416700414e+02 8.249190187182923670e-03 5.636099672201637077e+03 0.000000000000000000e+00
-6.878740564920965994e+01 -6.795078707915054395e+01 7.601866623478374663e-02 9.018042829813277876e+02 3.000000000000000000e+00
-1.026411357592325260e+02 -1.026425379303823888e+02 2.048858408279560957e-03 1.171551704902015672e+03 0.000000000000000000e+00
-9.927700189365909011e+01 -9.926976919537081301e+01 7.441832895507856892e-03 1.168583252987131800e+03 0.000000000000000000e+00
-1.052928414771743348e+02 -1.052898001129947261e+02 2.294506424620259503e-03 1.166132909094425486e+03 0.000000000000000000e+00
-1.024532569252305194e+02 -1.024537008140127625e+02 6.638134299218979850e-03 9.544828529448979680e+03 0.000000000000000000e+00
-1.068005518004132597e+02 -1.068077259545791691e+02 9.610799601359677063e-03 9.520620157948105771e+03 0.000000000000000000e+00
-1.080001663556875542e+02 -1.080010454684625927e+02 3.326332942569741428e-03 9.497748426463011128e+03 0.000000000000000000e+00
-1.052634745464518602e+02 -1.052601141278272507e+02 3.571897487706825972e-03 9.473779102106331266e+03 0.000000000000000000e+00
-1.053247271443948563e+02 -1.053252320373614452e+02 1.687017476485452730e-03 1.154692315375539692e+03 0.000000000000000000e+00
-9.924238567186547755e+01 -9.920589162312509757e+01 2.130922969053708482e-02 3.406317527115091070e+04 0.000000000000000000e+00
-1.080758579595255213e+02 -1.080756271006355860e+02 1.805490963391735400e-03 1.221129728003010541e+03 0.000000000000000000e+00
-1.080575112509756650e+02 -1.080586317222326187e+02 4.822981563478215966e-03 9.531353137192427312e+03 0.000000000000000000e+00
-1.079495883455531242e+02 -1.079445607290060707e+02 5.105139610362251917e-03 9.507627909925649874e+03 0.000000000000000000e+00
-1.026103123507911050e+02 -1.026122081258838818e+02 3.727215512763334699e-03 9.484617613577307566e+03 0.000000000000000000e+00
-1.025352499335623975e+02 -1.025326528140778208e+02 4.273470492877188415e-03 9.461138408000724667e+03 0.000000000000000000e+00
-1.080062193488355291e+02 -1.080075339855414285e+02 4.299889456934541734e-03 9.437903373361328704e+03 0.000000000000000000e+00
-1.052619157317295588e+02 -1.052395664595522788e+02 8.003561625552055650e-03 3.350606187224505265e+04 0.000000000000000000e+00
-1.107271959156087888e+02 -1.107276928693078730e+02 2.718001693604673967e-03 1.201076158283136238e+03 0.000000000000000000e+00
-1.089372312010364112e+02 -1.089117359355581129e+02 1.094657277859838532e-02 1.198124050170495138e+03 0.000000000000000000e+00
-1.052032587006538336e+02 -1.051990895028520754e+02 5.188419284174441461e-03 9.417400865168492601e+03 0.000000000000000000e+00
-1.053517295524191582e+02 -1.053545913669964449e+02 4.595688323281380515e-03 9.394759172292075164e+03 0.000000000000000000e+00
-9.705650303517327870e+01 -9.704867399212943724e+01 8.464308615710043962e-03 9.372027178309859664e+03 0.000000000000000000e+00
-1.053393172144044314e+02 -1.053367650734103478e+02 4.053382213796734995e-03 9.350614234462469540e+03 0.000000000000000000e+00
-9.984456277769020005e+01 -9.983962719860222990e+01 6.150177962531864703e-03 9.328089394399645244e+03 0.000000000000000000e+00
-1.080723541555204577e+02 -1.080688839933883543e+02 6.795828066817609890e-03 3.290498552788983943e+04 0.000000000000000000e+00
-1.107703592867790405e+02 -1.107715227546355976e+02 4.658062333849221845e-03 9.284143080910938806e+03 0.000000000000000000e+00
-8.782161743309039537e+01 -8.767051206689316700e+01 3.770589244651496863e-02 1.183713366649066529e+03 1.900000000000000000e+01
-1.052620987462707802e+02 -1.052618875794753563e+02 2.669110697357421520e-03 1.222582965855558314e+03 0.000000000000000000e+00
-9.871611500288773300e+01 -9.867135858346205168e+01 1.299512614500756939e-02 9.268034327393670537e+03 0.000000000000000000e+00
-1.021972126740250815e+02 -1.021553181707725173e+02 1.481619579768539592e-02 3.252362671643666545e+04 0.000000000000000000e+00
-1.053349588510657071e+02 -1.053348084043157371e+02 2.873987013336414161e-03 9.309126919205422382e+03 0.000000000000000000e+00
-1.080748956463360315e+02 -1.080801210016390002e+02 3.641790580491774659e-03 9.286966056524621308e+03 0.000000000000000000e+00
-1.003491601869049248e+02 -1.004213483424161382e+02 1.495603117737068048e-02 9.265566204329074026e+03 0.000000000000000000e+00
-1.025758009344404655e+02 -1.025744478383668365e+02 4.903109651939865053e-03 9.342231693838215506e+03 0.000000000000000000e+00
-1.014706797246779644e+02 -1.014554191730085506e+02 9.164399150958976378e-03 9.320184225248955045e+03 0.000000000000000000e+00
-1.080042612654545735e+02 -1.080030690199661620e+02 1.384772648285071501e-03 1.274024025357976370e+03 0.000000000000000000e+00
-1.106963024483634257e+02 -1.106928206043430691e+02 5.321291785942192966e-03 9.281253858365378619e+03 0.000000000000000000e+00
-1.080481629926862297e+02 -1.080502172327511943e+02 2.827541491434502289e-03 9.259722882403571930e+03 0.000000000000000000e+00
-1.025610674716602091e+02 -1.025608626742677956e+02 1.939198322029045190e-03 1.265095469096972238e+03 0.000000000000000000e+00
-9.923447787347018334e+01 -9.924203361656046241e+01 9.906043522201566504e-03 9.216573460339403027e+03 0.000000000000000000e+00
-1.009399453096448838e+02 -1.009043845999799771e+02 9.480306110698421759e-03 9.196238849718682104e+03 0.000000000000000000e+00
-1.107659156295745362e+02 -1.107749540826644505e+02 4.839256554549370946e-03 9.203329601380315580e+03 0.000000000000000000e+00
-9.926948276044677755e+01 -9.926247184827516890e+01 7.273054278007399370e-03 1.256986228617880215e+03 0.000000000000000000e+00
-1.080817725343834610e+02 -1.080793472441369403e+02 6.316333260288661648e-03 9.166365067183694919e+03 0.000000000000000000e+00
-1.053335093671975784e+02 -1.053318087358131976e+02 3.913101904515282545e-03 9.145306996176079338e+03 0.000000000000000000e+00
-1.080019428128540824e+02 -1.080005287510657723e+02 2.182442659724341278e-03 1.248944747541909919e+03 0.000000000000000000e+00
-9.994973269149900830e+01 -9.990655335587277364e+01 1.037208913971730470e-02 3.160558761365549799e+04 0.000000000000000000e+00
