0.000000000000000000e+00 0.000000000000000000e+00 0.000000000000000000e+00 0.000000000000000000e+00 0.000000000000000000e+00
-9.472713654513263748e+01 -9.443769332565676677e+01 2.172726733895481432e-01 1.447064343436444760e+05 0.000000000000000000e+00
-1.056519619901218192e+02 -1.052894377330720204e+02 9.741476194501806629e-02 1.463823078495113004e+05 0.000000000000000000e+00
-1.027317156524582629e+02 -1.025541719513040846e+02 1.332274829053416432e-01 1.643560730092260637e+05 0.000000000000000000e+00
-9.995928546090112832e+01 -9.991481731528928378e+01 9.543977422068315730e-02 4.033842318980390701e+04 0.000000000000000000e+00
-1.020777904291432492e+02 -1.018530788278304868e+02 1.093206682255536272e-01 1.617690622979585023e+05 0.000000000000000000e+00
-1.026332219399386361e+02 -1.026595561310501097e+02 1.227886543356331434e-01 1.649897241265869234e+05 0.000000000000000000e+00
-1.024701140562388844e+02 -1.024827473779794360e+02 1.235261100752062108e-01 1.609509730041093717e+05 0.000000000000000000e+00
-9.663186919440924783e+01 -9.655109728253424350e+01 9.139444678987469761e-02 1.570428688958728162e+05 0.000000000000000000e+00
-1.024851581721747493e+02 -1.024718799062813446e+02 5.683672501692405704e-02 3.596114717794834723e+04 0.000000000000000000e+00
-1.025267087942831523e+02 -1.025441394154921113e+02 6.738707881111311027e-02 1.507599186461033241e+05 0.000000000000000000e+00
-1.052561615329871216e+02 -1.052365377953682639e+02 5.067769483879590309e-02 1.473852995643643371e+05 0.000000000000000000e+00
-1.024942085420414486e+02 -1.024764158461940582e+02 3.892785611455142070e-02 3.372066887166152446e+04 0.000000000000000000e+00
-9.974306677458217507e+01 -9.972793422239304562e+01 6.930626738133106868e-02 1.411994045985775010e+05 0.000000000000000000e+00
-1.053041462647280326e+02 -1.052421360942350788e+02 5.377746632357604389e-02 1.382297888926656451e+05 0.000000000000000000e+00
-1.052375733556663562e+02 -1.052111927168136987e+02 3.586388203697096766e-02 1.359971212143767625e+05 0.000000000000000000e+00
-1.079561472111870444e+02 -1.079209270035501049e+02 4.694723243902618193e-02 3.149668325104313408e+04 0.000000000000000000e+00
-1.053286323509029501e+02 -1.052618378033066477e+02 3.265133947680042698e-02 3.100493421505793958e+04 0.000000000000000000e+00
-9.703136640327100793e+01 -9.705506237461116825e+01 6.528604356713080259e-02 1.294771631641132262e+05 0.000000000000000000e+00
-1.053388013020965701e+02 -1.052655490922402208e+02 4.136451784204001059e-02 3.045203582144369284e+04 0.000000000000000000e+00
-6.503194978919250957e+01 -6.520834435286781172e+01 1.913067160550137313e-01 2.461778959415883037e+03 1.000000000000000000e+00
-9.951579323957847123e+01 -9.957146743484895524e+01 9.295698858270606824e-02 1.251455941246419534e+05 0.000000000000000000e+00
-1.025631773214116862e+02 -1.025884301280442514e+02 3.036747331011712889e-02 2.952973410708931260e+04 0.000000000000000000e+00
-1.052472794095713482e+02 -1.051804286820339627e+02 4.611784054287822870e-02 1.211098617201564630e+05 0.000000000000000000e+00
-1.080141378955541995e+02 -1.079684783960217516e+02 4.440354553977580304e-02 1.196491511805182963e+05 0.000000000000000000e+00
-9.188435524408244248e+01 -9.178898761206578172e+01 7.916968195426850319e-02 1.178835259888930013e+05 0.000000000000000000e+00
-9.453690749692900397e+01 -9.453198433520948640e+01 7.676936156384032983e-02 2.782466670069426982e+04 0.000000000000000000e+00
-1.080912527315596492e+02 -1.080363884395243304e+02 4.532852085973062412e-02 2.736142180606483453e+04 0.000000000000000000e+00
-1.023588401120619693e+02 -1.023873558455788384e+02 4.649949503765978681e-02 1.139719194157267630e+05 0.000000000000000000e+00
-1.079994350905760001e+02 -1.079463193940842416e+02 3.361517732831749428e-02 1.122444254297823209e+05 0.000000000000000000e+00
-1.025924115819689462e+02 -1.026101535986593944e+02 2.343709148393026756e-02 2.641165212283627261e+04 0.000000000000000000e+00
-1.107696447251796030e+02 -1.107220456211411346e+02 5.006928700368001167e-02 1.091286426440067589e+05 0.000000000000000000e+00
-1.080137255638537965e+02 -1.079984544887972078e+02 3.005783263676727393e-02 1.077153788603577414e+05 0.000000000000000000e+00
-1.025341762179593843e+02 -1.025449498778791053e+02 3.410920645355843689e-02 1.061137732841143297e+05 0.000000000000000000e+00
-9.989454535145442549e+01 -9.988628515091411941e+01 2.886179233978426045e-02 2.490062099314515945e+04 0.000000000000000000e+00
-1.106984551421046064e+02 -1.107299441999093403e+02 3.048855821154831253e-02 2.454435496374740251e+04 0.000000000000000000e+00
-1.024385165031894047e+02 -1.022388816547638442e+02 1.211814460537085081e-01 2.430258258526102873e+04 0.000000000000000000e+00
-1.080423849646025474e+02 -1.080451111517009650e+02 2.384206581917619472e-02 2.471059712383640726e+04 0.000000000000000000e+00
-1.051974694937465102e+02 -1.052316828725822688e+02 2.133045788370421456e-02 2.436411708451394225e+04 0.000000000000000000e+00
-1.078657247616784218e+02 -1.079162985230819487e+02 3.672082699343650475e-02 2.416042301772870997e+04 0.000000000000000000e+00
-1.079900479023719271e+02 -1.079763628939577274e+02 3.331681578656589537e-02 9.800194798277206428e+04 0.000000000000000000e+00
-1.080074404810877553e+02 -1.080305273758471145e+02 1.685939294772692554e-02 2.374875811046339368e+04 0.000000000000000000e+00
-1.080137744508046040e+02 -1.079729888018446786e+02 3.062828985680187896e-02 9.552446919325212366e+04 0.000000000000000000e+00
-1.106581117919181878e+02 -1.106983054072074566e+02 2.115520101068072215e-02 2.318808793067358783e+04 0.000000000000000000e+00
-1.015319903596343067e+02 -1.015404701041638020e+02 3.674348008524747078e-02 2.306345072031727614e+04 0.000000000000000000e+00
-1.079772073427658654e+02 -1.080025279706959793e+02 1.929399308688741627e-02 2.277297239711810107e+04 0.000000000000000000e+00
-1.053224450433468888e+02 -1.053352955694857371e+02 1.696836594097636194e-02 2.255733878083696982e+04 0.000000000000000000e+00
-1.025599529988476917e+02 -1.025748203639258520e+02 3.875800152006503990e-02 9.025422815055251704e+04 0.000000000000000000e+00
-1.026451181951312321e+02 -1.026533651942628467e+02 2.225761838655464925e-02 2.204779159061670362e+04 0.000000000000000000e+00
-1.107139716680385249e+02 -1.106697988849029741e+02 3.217583108375958456e-02 8.819494194555218564e+04 0.000000000000000000e+00
-1.052885633685314559e+02 -1.053003918795608485e+02 1.997576425419812091e-02 2.154733813708437083e+04 0.000000000000000000e+00
-1.053449122915070149e+02 -1.052654425768314184e+02 3.016453222883538551e-02 8.643180418580255355e+04 0.000000000000000000e+00
-1.079365416375074744e+02 -1.079542533439253162e+02 2.141553801308902771e-02 2.120227139525807797e+04 0.000000000000000000e+00
-1.107470343610112167e+02 -1.107648991834975618e+02 1.200606186118759883e-02 1.811716535788533747e+03 0.000000000000000000e+00
-9.605151991382470555e+01 -9.604774765279701398e+01 4.156365131447878336e-02 8.417731282434894820e+04 0.000000000000000000e+00
-1.052477685367133660e+02 -1.052637590526686751e+02 1.239866813138128417e-02 2.066807012045460215e+04 0.000000000000000000e+00
-1.042094931991081808e+02 -1.042371217059139354e+02 5.300400319646564329e-02 8.242221189250437601e+04 0.000000000000000000e+00
-1.052920178218034124e+02 -1.052968409504057092e+02 1.477713500163765209e-02 2.049293052717542378e+04 0.000000000000000000e+00
-9.983770900454328512e+01 -9.984338859861613003e+01 2.049287825338554428e-02 2.026993005732308666e+04 0.000000000000000000e+00
-9.701595626739280931e+01 -9.703129615537046959e+01 3.256044322144763942e-02 2.005210922406630925e+04 0.000000000000000000e+00
-1.107493909957409812e+02 -1.107534356780801659e+02 2.025423442051071249e-02 1.985427810681665505e+04 0.000000000000000000e+00
-1.106743879686052452e+02 -1.107103925315054340e+02 1.778888100785589940e-02 1.964510565347120428e+04 0.000000000000000000e+00
-1.036222262526879518e+02 -1.036064129620633310e+02 3.241297117886537266e-02 1.955473628112544247e+04 0.000000000000000000e+00
-1.040718943438863562e+02 -1.040892146844464889e+02 2.865953942146211297e-02 1.936822632363857701e+04 0.000000000000000000e+00
-9.351753152154644511e+01 -9.341642243414771940e+01 8.165152778377972320e-02 1.825449854905342590e+03 7.000000000000000000e+00
-9.996338274950679192e+01 -9.995602408357579804e+01 1.783686612175084535e-02 1.829220525435043783e+03 0.000000000000000000e+00
-9.986960138638856677e+01 -9.988006477781154047e+01 1.734315466682908105e-02 1.990216543222230030e+04 0.000000000000000000e+00
-9.925471272446765170e+01 -9.924903310702107717e+01 3.368168943447463759e-02 1.971157734370613616e+04 0.000000000000000000e+00
-1.106802768387027527e+02 -1.107082495261583688e+02 1.791927032963962912e-02 1.951748731188127203e+04 0.000000000000000000e+00
-9.629368294473373169e+01 -9.633599136645182170e+01 4.165245936245769859e-02 7.440532691611141490e+04 0.000000000000000000e+00
-1.079824253370250489e+02 -1.079543934054354111e+02 2.177316059659044692e-02 7.382235648186370963e+04 0.000000000000000000e+00
-1.025254540871421227e+02 -1.025550568111181491e+02 1.551897755440331643e-02 1.902217300768394853e+04 0.000000000000000000e+00
-1.026093937723970981e+02 -1.026247558817167373e+02 2.406469820826470651e-02 7.292817434749503445e+04 0.000000000000000000e+00
-1.107469836200197904e+02 -1.107619879958068054e+02 1.546277289332323966e-02 1.873318440178480523e+04 0.000000000000000000e+00
-1.052720723858406586e+02 -1.052919002931493395e+02 1.467344016078400704e-02 1.857884407253505924e+04 0.000000000000000000e+00
-1.107063198580268306e+02 -1.106873643142315018e+02 2.260914149073507337e-02 7.110724869458639296e+04 0.000000000000000000e+00
-1.080646246856101129e+02 -1.080662436424652526e+02 1.417031151607963703e-02 1.827959994857676429e+04 0.000000000000000000e+00
-1.025631226484772327e+02 -1.025338271853307361e+02 2.439914908765223808e-02 6.985370291992077546e+04 0.000000000000000000e+00
-1.080510703489890290e+02 -1.080519089884426904e+02 7.549680469813048293e-03 1.669457795594266145e+03 0.000000000000000000e+00
-1.081105702733838143e+02 -1.080875259788829652e+02 2.261424817786841443e-02 6.872469537367353041e+04 0.000000000000000000e+00
-1.025484323532311777e+02 -1.025254940994267372e+02 1.709725250935328206e-02 6.815903725310310256e+04 0.000000000000000000e+00
-9.990322249617278771e+01 -9.989218352380810018e+01 1.140976293752193373e-02 1.625923212515500609e+03 0.000000000000000000e+00
-1.080428382937705152e+02 -1.080518359143289189e+02 1.430844839015257310e-02 1.749253400233362117e+04 0.000000000000000000e+00
-9.713641494813616362e+01 -9.714939988036169893e+01 1.727428602300339414e-02 1.734858148414070092e+04 0.000000000000000000e+00
-1.106275647638511117e+02 -1.106626592311523041e+02 1.884711430377058669e-02 1.721194752653702380e+04 0.000000000000000000e+00
-9.974972117079185807e+01 -9.975122397033892696e+01 2.321186231258342073e-02 1.715281786269141958e+04 0.000000000000000000e+00
-1.053217233110017617e+02 -1.053244358813850852e+02 9.139645485737694919e-03 1.700884758332187630e+04 0.000000000000000000e+00
-1.020147856314119679e+02 -1.019818023064005388e+02 2.097991821560711220e-02 1.563614897560188638e+03 0.000000000000000000e+00
-1.053130754095756885e+02 -1.053029878849482657e+02 1.255668312663844877e-02 6.522487703009276447e+04 0.000000000000000000e+00
-1.052550944838929041e+02 -1.052509556040153029e+02 1.099663039480183041e-02 6.469869090555665025e+04 0.000000000000000000e+00
-1.010608705882589220e+02 -1.010503948375330907e+02 1.510673447915935469e-02 1.545217502095567625e+03 0.000000000000000000e+00
-1.080980911668095388e+02 -1.080911404216394658e+02 2.061410459926295638e-02 6.365893200576899835e+04 0.000000000000000000e+00
-1.052150066898935421e+02 -1.052324004107036188e+02 2.902275610001000400e-02 6.315290699702333222e+04 0.000000000000000000e+00
-1.054029896092596914e+02 -1.053961224432624135e+02 1.346049588079474904e-02 1.619280469564638224e+04 0.000000000000000000e+00
-1.053140355084815951e+02 -1.052778219209058364e+02 1.991962050046256968e-02 6.222768373810417688e+04 0.000000000000000000e+00
-1.026437127080166078e+02 -1.026411861183661642e+02 1.173036407127622631e-02 1.597162547338311560e+04 0.000000000000000000e+00
-1.106912443887281512e+02 -1.107133516426909523e+02 1.312995323462368136e-02 1.584809471220922751e+04 0.000000000000000000e+00
-1.080659196641458522e+02 -1.080697230478515678e+02 5.783733057391530000e-03 1.473731905652220803e+03 0.000000000000000000e+00
-9.890655877550921105e+01 -9.888480103565733259e+01 3.862008139611731311e-02 1.564774099301071874e+04 0.000000000000000000e+00
-1.027131358017779235e+02 -1.027169692471871656e+02 2.296780622677703498e-02 1.554489478530287488e+04 0.000000000000000000e+00
-1.079835505424880466e+02 -1.079950316865308366e+02 9.839780531561899760e-03 1.542997812543879081e+04 0.000000000000000000e+00
-1.025200320500582620e+02 -1.025265123928189581e+02 1.303159072219181244e-02 1.532403923008606216e+04 0.000000000000000000e+00
-1.054022405671285867e+02 -1.054003843082428631e+02 1.163702607267530671e-02 1.521333911614319368e+04 0.000000000000000000e+00
-1.025410359676246657e+02 -1.025319713599591154e+02 7.832227467549303726e-03 1.436248563577284131e+03 0.000000000000000000e+00
-1.107698423824735414e+02 -1.107744998007082273e+02 6.038298182554044033e-03 1.430857367447196793e+03 0.000000000000000000e+00
-1.053280055210198896e+02 -1.053308218052313379e+02 8.106285760493133277e-03 1.496590560281911166e+04 0.000000000000000000e+00
-1.052043659451346400e+02 -1.052118982418175790e+02 1.690204747127290602e-02 5.791972746452075080e+04 0.000000000000000000e+00
-1.107467734059068079e+02 -1.107705373700692064e+02 1.162184997551969634e-02 1.475273273488461746e+04 0.000000000000000000e+00
-1.052155611197176341e+02 -1.052293220102558138e+02 1.306442718591595102e-02 1.468582913235725573e+04 0.000000000000000000e+00
-1.081012592223600848e+02 -1.080977780066827023e+02 1.260606299321180741e-02 1.459387370907485092e+04 0.000000000000000000e+00
-1.079990669550575575e+02 -1.079736254507647573e+02 1.153074954320990400e-02 5.647187480745626090e+04 0.000000000000000000e+00
-1.080316780533988918e+02 -1.080485996811394216e+02 1.172132426889161382e-02 1.439190369318467128e+04 0.000000000000000000e+00
-1.053772888221514989e+02 -1.053767571998911734e+02 1.163168549971750100e-02 1.431090224888368357e+04 0.000000000000000000e+00
-1.107098029756894420e+02 -1.107022095876271948e+02 1.652307625813009481e-02 5.552449208078775700e+04 0.000000000000000000e+00
-1.053894988416040945e+02 -1.053885603543032516e+02 1.495558639639269979e-02 5.515018859737859748e+04 0.000000000000000000e+00
-1.037336923263532640e+02 -1.037109285427030017e+02 2.244825466083990792e-02 1.404094373264572823e+04 0.000000000000000000e+00
-9.716358126940949091e+01 -9.715216411938916963e+01 2.963006989010236181e-02 1.397314112529898739e+04 0.000000000000000000e+00
-9.974090528464405736e+01 -9.975968009680254056e+01 1.746224124363065372e-02 1.388282640766298937e+04 0.000000000000000000e+00
-1.053300106948687755e+02 -1.053262122268820207e+02 1.220635745233438450e-02 1.380912745016840381e+04 0.000000000000000000e+00
-1.052921566721159934e+02 -1.052814256156746637e+02 1.099476383287599675e-02 5.353080282428597275e+04 0.000000000000000000e+00
-1.080100726617342843e+02 -1.080125230900285942e+02 1.359830833530949711e-02 5.318845628654500615e+04 0.000000000000000000e+00
-1.107308186744408687e+02 -1.107466062795503632e+02 1.146301268891353545e-02 1.354355230497580851e+04 0.000000000000000000e+00
-1.018637705624672805e+02 -1.018967163618863196e+02 2.468914350392753532e-02 1.347192104510017271e+04 0.000000000000000000e+00
-1.079948266228740721e+02 -1.080057236923670558e+02 9.464646321368787654e-03 1.343177493156666969e+04 0.000000000000000000e+00
-1.080677319600609962e+02 -1.080733447868028776e+02 4.322777117292145484e-03 1.310868957497020119e+03 0.000000000000000000e+00
-9.707036533709411685e+01 -9.703150327967196631e+01 2.858675971931091617e-02 5.181007997709271876e+04 0.000000000000000000e+00
-9.446334074535228353e+01 -9.438428352260737597e+01 2.794771112245869257e-02 5.156410415609567281e+04 0.000000000000000000e+00
-1.041258263234330173e+02 -1.041807785197311773e+02 2.572722228411774073e-02 5.157873051407634921e+04 0.000000000000000000e+00
-1.041250962614251279e+02 -1.041583404985752992e+02 1.721214395433575198e-02 1.305209604619803213e+04 0.000000000000000000e+00
-9.704797391488236258e+01 -9.703904886734291324e+01 1.984481505348949931e-02 1.302438932427260261e+04 0.000000000000000000e+00
-1.025280587581831924e+02 -1.025395578956152178e+02 1.047716828649096835e-02 1.294824676655378062e+04 0.000000000000000000e+00
-9.459953783951755213e+01 -9.455356866103825553e+01 2.997969497891071755e-02 5.125529394846709329e+04 0.000000000000000000e+00
-1.106999270829939235e+02 -1.107159039197857453e+02 1.013895348855139468e-02 1.284803703651976866e+04 0.000000000000000000e+00
-1.044851525673480950e+02 -1.045260298195475599e+02 2.077882005776233304e-02 1.278497241364563160e+04 0.000000000000000000e+00
-1.052161123242210863e+02 -1.052246223309288951e+02 1.072475051616930339e-02 1.278277796971958560e+04 0.000000000000000000e+00
-1.081069326491374625e+02 -1.081063347530350285e+02 5.529051872435398335e-03 1.245526376081347962e+03 0.000000000000000000e+00
-1.026792091137505167e+02 -1.026645372565272112e+02 1.134758950200905406e-02 1.263771962752810396e+04 0.000000000000000000e+00
-1.053566362156200995e+02 -1.053532390084605339e+02 7.050779063726369741e-03 1.257435531878254369e+04 0.000000000000000000e+00
-9.431482423017385486e+01 -9.426225690440998051e+01 4.227341963337729464e-02 4.944401175044641423e+04 0.000000000000000000e+00
-9.918882261887891616e+01 -9.915772485800297886e+01 2.610078769808961072e-02 1.243140648234411492e+04 0.000000000000000000e+00
-1.026014153709618029e+02 -1.026030925251650103e+02 8.153245549619055066e-03 1.239592934776035145e+04 0.000000000000000000e+00
-9.880263564726668335e+01 -9.882939856974516601e+01 1.221496472346761918e-02 1.221702154184010624e+03 0.000000000000000000e+00
-1.080161449358934789e+02 -1.080247658873730074e+02 8.186317355849575747e-03 1.244382577327894251e+04 0.000000000000000000e+00
-1.054082737877748883e+02 -1.053889616527022497e+02 1.367014195246660235e-02 4.929987496837093204e+04 0.000000000000000000e+00
-1.052806911384102335e+02 -1.052826144214894697e+02 1.125389922069227472e-02 4.904183202563023951e+04 0.000000000000000000e+00
-1.080016333517686746e+02 -1.079816974678853398e+02 1.261496849531212015e-02 4.876649915511008294e+04 0.000000000000000000e+00
-1.052954007528613971e+02 -1.052820566244557483e+02 1.500626069590366325e-02 4.851575214497432898e+04 0.000000000000000000e+00
-7.475177914472696727e+01 -7.457608928079548605e+01 1.060634852343445428e-01 1.198222628019729200e+03 1.000000000000000000e+00
-1.051760107606012156e+02 -1.051682356213776188e+02 1.887206824305516159e-02 4.798958146259221394e+04 0.000000000000000000e+00
-9.969048554957042541e+01 -9.967790280743662379e+01 2.331687503089077337e-02 4.772887837692115863e+04 0.000000000000000000e+00
-1.053067829389309793e+02 -1.053040608918398249e+02 1.182922464414648371e-02 4.747542392490219208e+04 0.000000000000000000e+00
-1.026006789735001377e+02 -1.026096327566281303e+02 1.481861186039740846e-02 4.721784143979166402e+04 0.000000000000000000e+00
-9.913879307515391304e+01 -9.914934308845499800e+01 2.861975689192895050e-02 4.696658499711452168e+04 0.000000000000000000e+00
-9.710694228250493154e+01 -9.712384230711275279e+01 1.689492759554819465e-02 4.671882570246628893e+04 0.000000000000000000e+00
-1.052332627644251772e+02 -1.052309924676275159e+02 1.234521304376231393e-02 1.183548199143386228e+04 0.000000000000000000e+00
-9.618056254516524461e+01 -9.621976041505533317e+01 2.639610801317979205e-02 1.177271376531683018e+04 0.000000000000000000e+00
-1.053569053609804484e+02 -1.053515645864965649e+02 7.291802347219048658e-03 1.176658838327607555e+04 0.000000000000000000e+00
-1.015634863768469529e+02 -1.015483128888888729e+02 3.073295571085224442e-02 4.579307018968665216e+04 0.000000000000000000e+00
-1.036988696977550575e+02 -1.037160483896729630e+02 1.586436244532373266e-02 1.165049110445715269e+04 0.000000000000000000e+00
-1.079933546167713985e+02 -1.079957055624439448e+02 8.261113866789475749e-03 1.160308290188767387e+04 0.000000000000000000e+00
-1.080643169978810221e+02 -1.080379902834778818e+02 1.230609416060625752e-02 4.535112846409795020e+04 0.000000000000000000e+00
-1.081679826234184958e+02 -1.081511366763348718e+02 1.524990632071889993e-02 1.149192349891617960e+04 0.000000000000000000e+00
-1.052789119392744794e+02 -1.052788322571247335e+02 3.451215517245000836e-03 1.158949660974141580e+03 0.000000000000000000e+00
-1.080373329260266644e+02 -1.080342068243173799e+02 8.185536762673443698e-03 1.138474142621570172e+04 0.000000000000000000e+00
-1.052968185321869896e+02 -1.052966939280090912e+02 7.110985765837915008e-03 1.132740606259739980e+04 0.000000000000000000e+00
-1.025828685017152111e+02 -1.025766717724672787e+02 1.059239517960670375e-02 1.127020617337772455e+04 0.000000000000000000e+00
-1.053171238551228299e+02 -1.053156734598113218e+02 7.473175401131936131e-03 4.404887449332549295e+04 0.000000000000000000e+00
-1.053608384604796413e+02 -1.053269819079185226e+02 1.331745117366561586e-02 4.382875198881405231e+04 0.000000000000000000e+00
-1.018362188292477555e+02 -1.018056378863405769e+02 1.714999259537963380e-02 1.125035053829027675e+03 0.000000000000000000e+00
-1.024107850167652316e+02 -1.024073317508947412e+02 1.208988092401784738e-02 1.110219289868824853e+04 0.000000000000000000e+00
-1.017241843298955928e+02 -1.017583664989743539e+02 2.381760189821278614e-02 1.104780729970765606e+04 0.000000000000000000e+00
-1.025634169174314678e+02 -1.025589930148029794e+02 8.038723178872053676e-03 1.103461965091296406e+04 0.000000000000000000e+00
-1.107185272685131849e+02 -1.107233092675209747e+02 4.789294808003449234e-03 1.114341574555848865e+03 0.000000000000000000e+00
-1.080072207891146263e+02 -1.080068221126308430e+02 3.666688796633907690e-03 1.109917604622422004e+03 0.000000000000000000e+00
-1.106459794517258644e+02 -1.106667180178439054e+02 1.028841355767858186e-02 1.090251126429472424e+04 0.000000000000000000e+00
-1.107407926262943789e+02 -1.107505206916194709e+02 7.856306642380326416e-03 1.086897038519611669e+04 0.000000000000000000e+00
-1.026508549983272616e+02 -1.026538298319525211e+02 7.651653250984033483e-03 1.082152699844269955e+04 0.000000000000000000e+00
-1.018324279045352512e+02 -1.018477796624502076e+02 1.111017131156004541e-02 1.077043735324616682e+04 0.000000000000000000e+00
-1.053636314566541330e+02 -1.053446735928075952e+02 1.134153869788558262e-02 4.255373973805418791e+04 0.000000000000000000e+00
-1.107621735255487181e+02 -1.107746408210077504e+02 7.316290159388219236e-03 1.069067325798958882e+04 0.000000000000000000e+00
-1.068290791930765380e+02 -1.068325960327009341e+02 1.258918601294877967e-02 1.064779095678961858e+04 0.000000000000000000e+00
-1.032117324203040312e+02 -1.031826505252623178e+02 2.990314792137557798e-02 4.216951354701284436e+04 0.000000000000000000e+00
-1.041485329675887783e+02 -1.041613499931012967e+02 9.761928401710367673e-03 1.056979660581079224e+04 0.000000000000000000e+00
-9.827859320443569402e+01 -9.828150704444662722e+01 2.211062260697210791e-02 4.196765211800472025e+04 0.000000000000000000e+00
-1.052477591107355295e+02 -1.052301110882813191e+02 1.087650248361597335e-02 4.177453967940869188e+04 0.000000000000000000e+00
-9.975176130408640063e+01 -9.975974067991968752e+01 1.080965447129030726e-02 1.043305109323878605e+04 0.000000000000000000e+00
-1.025351729838500319e+02 -1.025340009097145355e+02 6.436826702704812400e-03 1.038779431191142976e+04 0.000000000000000000e+00
-9.328908917976971793e+01 -9.332780460021213287e+01 1.794940037590282353e-02 1.034067899026643317e+04 0.000000000000000000e+00
-9.931254963464071750e+01 -9.929219353788036528e+01 2.137441323368888604e-02 4.118208758647583454e+04 0.000000000000000000e+00
-1.080752851053724015e+02 -1.080742218266865819e+02 7.723561758331182886e-03 1.029709158500176818e+04 0.000000000000000000e+00
-1.079569844831392658e+02 -1.079661830624400238e+02 8.532801497558783685e-03 1.025095183915946473e+04 0.000000000000000000e+00
-1.052349300904565581e+02 -1.052101948204285549e+02 1.255621068559757345e-02 4.064875681553807954e+04 0.000000000000000000e+00
-1.026055297216023945e+02 -1.025997754992753670e+02 1.019447321730911071e-02 1.016742647641401345e+04 0.000000000000000000e+00
-1.053972531992017991e+02 -1.054004118386993269e+02 6.773524181395307146e-03 1.012364298270788640e+04 0.000000000000000000e+00
-1.053973465567598140e+02 -1.053639237473252166e+02 1.479711845189637769e-02 4.017902463742090913e+04 0.000000000000000000e+00
-1.044134633998830282e+02 -1.044103717635143624e+02 1.283741439945029761e-02 1.028255065338786153e+03 0.000000000000000000e+00
-1.080038645532816446e+02 -1.080121043115796340e+02 8.298216073573075335e-03 1.000734035236483578e+04 0.000000000000000000e+00
-1.080520770747884143e+02 -1.080545595526339753e+02 5.137900761295049502e-03 9.966669138254030258e+03 0.000000000000000000e+00
-1.053501983599324632e+02 -1.053630450177049624e+02 1.168201909181200426e-02 3.954048086808077642e+04 0.000000000000000000e+00
-1.081075261892969905e+02 -1.081062856393961766e+02 6.827647662840333892e-03 9.881012690841167569e+03 0.000000000000000000e+00
-1.080561080555918920e+02 -1.080585636428507712e+02 8.459484074201608153e-03 3.921438706322344660e+04 0.000000000000000000e+00
-1.027157702425694765e+02 -1.027144791546473357e+02 8.341848861354901265e-03 9.796580374673238111e+03 0.000000000000000000e+00
-9.994626161322540270e+01 -9.995011671327954161e+01 6.426992265075813157e-03 9.987010463404617440e+02 0.000000000000000000e+00
-8.496999949905119820e+01 -8.491099312840700009e+01 3.596805960815693815e-02 9.722982453523716686e+03 1.400000000000000000e+01
-9.429098171584530519e+01 -9.431612661774778417e+01 1.964348519055745049e-02 9.744530463893846900e+03 0.000000000000000000e+00
-1.036833546109594835e+02 -1.036978888747597267e+02 1.058546472306939532e-02 9.722783030030372174e+03 0.000000000000000000e+00
-1.106907158181058435e+02 -1.106809137335826847e+02 9.747595184370880933e-03 3.855878220907988725e+04 0.000000000000000000e+00
-1.026163167136017478e+02 -1.026091029643006038e+02 8.820235787084251128e-03 9.652901101899147761e+03 0.000000000000000000e+00
-1.080783729896662635e+02 -1.080791588912324102e+02 3.731659569367002782e-03 1.023509994971241326e+03 0.000000000000000000e+00
-1.026990738156362113e+02 -1.026988741096897257e+02 8.629861466098755901e-03 9.575219815360842404e+03 0.000000000000000000e+00
-1.063824638400950562e+02 -1.063495735348569013e+02 2.050003829050422652e-02 3.794752297540547443e+04 0.000000000000000000e+00
-1.000149456024957715e+02 -1.000053552017809722e+02 1.278922014346079057e-02 9.542808572137239025e+03 0.000000000000000000e+00
-1.026114592373545520e+02 -1.026039233627847977e+02 7.131266207281850358e-03 9.506217824890190968e+03 0.000000000000000000e+00
-9.981808809059883458e+01 -9.982012948351213311e+01 6.269093489378814270e-03 9.470062472121862811e+03 0.000000000000000000e+00
-9.451049256797895737e+01 -9.453666449161893581e+01 1.581779526811109143e-02 9.431791082698913669e+03 0.000000000000000000e+00
-1.053031422331691829e+02 -1.052595785633877341e+02 1.265501801225950816e-02 3.729561037318930903e+04 0.000000000000000000e+00
-1.052955776590214043e+02 -1.052908743269146612e+02 6.415626313211089671e-03 9.379985212718805997e+03 0.000000000000000000e+00
-1.027086151787694206e+02 -1.027127879985244192e+02 1.220435816485412883e-02 9.343392407095252565e+03 0.000000000000000000e+00
-9.916586400815664604e+01 -9.914327294481805097e+01 1.522811372949249564e-02 9.307224001972967017e+03 0.000000000000000000e+00
-1.053403068724598342e+02 -1.053423506169199868e+02 6.899452994754501356e-03 9.286689761343412101e+03 0.000000000000000000e+00
-1.080013604898978770e+02 -1.080061495775349698e+02 5.510906026991188242e-03 9.250139534373129209e+03 0.000000000000000000e+00
-1.054279974027587343e+02 -1.054299390907085581e+02 7.522698935120408596e-03 9.214499737262729468e+03 0.000000000000000000e+00
-9.986379172197177922e+01 -9.986021808382535880e+01 8.890391186136175142e-03 9.178592406762143582e+03 0.000000000000000000e+00
-1.025460757830610845e+02 -1.025454791393913325e+02 9.532232481564222384e-03 9.908865344087826088e+02 0.000000000000000000e+00
-1.080131833038202842e+02 -1.080227049412807645e+02 6.030346688265822604e-03 9.107877120651313817e+03 0.000000000000000000e+00
-1.080140537415708479e+02 -1.080225588679944622e+02 5.571675959137109904e-03 9.075936589521723363e+03 0.000000000000000000e+00
-1.079148291094484193e+02 -1.079218729790355837e+02 7.750705085917560487e-03 9.043508415659105594e+03 0.000000000000000000e+00
-4.877844084289216653e+01 -4.860009021139362062e+01 1.257288026016587235e-01 9.010542357562719189e+03 1.000000000000000000e+00
-1.022599598146404531e+02 -1.021643585923801538e+02 1.787318994579171691e-02 9.036405638203552371e+03 0.000000000000000000e+00
-1.081223211573212950e+02 -1.081252855343690840e+02 4.060090198108082596e-03 1.088651208798066818e+03 0.000000000000000000e+00
-1.079834521652932722e+02 -1.079911368025338021e+02 5.976727999345122534e-03 9.233672719122345370e+03 0.000000000000000000e+00
-1.054126245744671309e+02 -1.054071990949020261e+02 5.947756353425553803e-03 9.200896576118155281e+03 0.000000000000000000e+00
-1.026439679180214313e+02 -1.026280524058560673e+02 1.083571497613198577e-02 9.167093606348331377e+03 0.000000000000000000e+00
-1.053770024872934812e+02 -1.053785321616609849e+02 6.677922199264859152e-03 9.141076536659760677e+03 0.000000000000000000e+00
-1.053148342024084343e+02 -1.053145895837376713e+02 6.839332279154920584e-03 9.106942414742496112e+03 0.000000000000000000e+00
-1.080701384299111112e+02 -1.080819230037384671e+02 1.211471833276151801e-02 3.499487847944744135e+04 0.000000000000000000e+00
-1.053096319744749678e+02 -1.052980501221666287e+02 9.035970272738945083e-03 3.486994697542222275e+04 0.000000000000000000e+00
-1.053362038367942262e+02 -1.053369154738620068e+02 4.836647842619116316e-03 9.007489717030828615e+03 0.000000000000000000e+00
-9.525213428313664110e+01 -9.385877641346196754e+01 4.537604160513231816e-02 3.464448332833479799e+04 1.000000000000000000e+00
-9.160084320642586420e+01 -9.143355372715303986e+01 3.913367965083357908e-02 2.992250190146793466e+04 1.000000000000000000e+00
-1.052377882278043302e+02 -1.052471874019340135e+02 1.385210979710396403e-02 3.048649112550957943e+04 0.000000000000000000e+00
-1.107111634673683795e+02 -1.107251690251190865e+02 1.167421992344693654e-02 3.037841556522120300e+04 0.000000000000000000e+00
-1.017758014411760428e+02 -1.017619130565727801e+02 2.584968625985248347e-02 3.027476781780367673e+04 0.000000000000000000e+00
-1.014315484417138151e+02 -1.014038253088857431e+02 1.487876880063167088e-02 3.017056172439272996e+04 0.000000000000000000e+00
-1.107074230964059041e+02 -1.107211759691916768e+02 9.906015166166579414e-03 3.009061258105469824e+04 0.000000000000000000e+00
-1.080531640541515799e+02 -1.080538534729387550e+02 7.784754366210689877e-03 2.998889995480423386e+04 0.000000000000000000e+00
-9.980925382203135143e+01 -9.980585421315525707e+01 1.249255635269726217e-02 2.988141199479691568e+04 0.000000000000000000e+00
-1.053955680113655120e+02 -1.053731413860348027e+02 1.342080345594249928e-02 7.766379569147844450e+04 0.000000000000000000e+00
-1.051666759019841635e+02 -1.051611850765200842e+02 1.921432561482846677e-02 7.740484715818127734e+04 0.000000000000000000e+00
-1.080572428528833626e+02 -1.080526971297756802e+02 8.291982651578740440e-03 2.956511309118952340e+04 0.000000000000000000e+00
-9.723624036138500060e+01 -9.725748493919451221e+01 1.801076722148674952e-02 2.946135689356814692e+04 0.000000000000000000e+00
-9.452344967160189526e+01 -9.445885912704545717e+01 2.288385674738980732e-02 7.661290053771773819e+04 0.000000000000000000e+00
-1.025045723607638024e+02 -1.025078076050389200e+02 1.426048761842030332e-02 2.927095122981481472e+04 0.000000000000000000e+00
-1.027602010671804038e+02 -1.027421084019030530e+02 2.230918495009263577e-02 2.916898894502548137e+04 0.000000000000000000e+00
-1.053102995172278185e+02 -1.053059201431823624e+02 9.015321077150919085e-03 2.907524270157748470e+04 0.000000000000000000e+00
-1.026484310928849908e+02 -1.025998561388369126e+02 1.440923335608976751e-02 7.571490619770271587e+04 0.000000000000000000e+00
-1.025265200049809522e+02 -1.025127253292769325e+02 1.350628695360506573e-02 7.553277280267492461e+04 0.000000000000000000e+00
-1.107115930753730311e+02 -1.106892346748582980e+02 1.313739043079728552e-02 7.527878423820309399e+04 0.000000000000000000e+00
-1.080571708944712270e+02 -1.080665922451769063e+02 1.057775502557226077e-02 2.869259684552609542e+04 0.000000000000000000e+00
-1.107593844435558736e+02 -1.107735865570447373e+02 1.092272032152624521e-02 2.859737815904982563e+04 0.000000000000000000e+00
-9.613937956333387547e+01 -9.607274287608484542e+01 1.936145399100112907e-02 2.850670325723823044e+04 0.000000000000000000e+00
-1.052693181838055949e+02 -1.052697220016707860e+02 8.490835314945275117e-03 2.854624629237753834e+04 0.000000000000000000e+00
-1.080912048874365610e+02 -1.080782725846010379e+02 1.239462313615282904e-02 2.844946989590464364e+04 0.000000000000000000e+00
-9.980666885708396308e+01 -9.981202721751112961e+01 1.319840671121694751e-02 2.835841163410335867e+04 0.000000000000000000e+00
-1.024833992580263242e+02 -1.024402984767246494e+02 1.643256438420145557e-02 7.357838437849370530e+04 0.000000000000000000e+00
-1.052459602339657891e+02 -1.052338165983660474e+02 1.150042984285692439e-02 7.339147473108400300e+04 0.000000000000000000e+00
-1.080677219814982237e+02 -1.080276431675152935e+02 1.310220879881516740e-02 7.315090029541679542e+04 0.000000000000000000e+00
-1.053160772495540556e+02 -1.053124995681688603e+02 9.619930224193011872e-03 2.799153016856345130e+04 0.000000000000000000e+00
-9.981935345695985973e+01 -9.982475154983654875e+01 1.059890385483346423e-02 2.789892808918079390e+04 0.000000000000000000e+00
-1.031917866880805974e+02 -1.031840403763294347e+02 2.881691185903385508e-02 2.780737586977123647e+04 0.000000000000000000e+00
-1.051566501819791739e+02 -1.051109682049708169e+02 2.101014388613737030e-02 7.239318366409894952e+04 0.000000000000000000e+00
-1.053463072465524704e+02 -1.053331772192595679e+02 1.187605366637410620e-02 7.221890129988032277e+04 0.000000000000000000e+00
-1.054550018544915702e+02 -1.054128824446248416e+02 1.873670700491536847e-02 7.198764496814996528e+04 0.000000000000000000e+00
-1.080674738549193989e+02 -1.080740393923239253e+02 7.291176293926979017e-03 2.745364356667675747e+04 0.000000000000000000e+00
-1.045665732684519611e+02 -1.044438132477930452e+02 3.542285963194508752e-02 2.736560942026017801e+04 0.000000000000000000e+00
-1.081010239648720130e+02 -1.081009987085771371e+02 1.061521091583651072e-02 2.761944959650227247e+04 0.000000000000000000e+00
-1.025530947489963864e+02 -1.025444206340009430e+02 1.086933076799956148e-02 2.753005388472165941e+04 0.000000000000000000e+00
-1.080641342111617007e+02 -1.080431315119576254e+02 1.096940690913309445e-02 7.131171477669577871e+04 0.000000000000000000e+00
-9.995155692307319839e+01 -9.995649082501489602e+01 1.089511161520794608e-02 2.735547255438003049e+04 0.000000000000000000e+00
-9.727533360549577424e+01 -9.724049492875199974e+01 2.951617434355352509e-02 7.089658325383852934e+04 0.000000000000000000e+00
-9.989699058574915114e+01 -9.983384300866816830e+01 1.755872330236123852e-02 7.070443628472533601e+04 0.000000000000000000e+00
-1.045647214236316529e+02 -1.045340630973789473e+02 2.651440503358696785e-02 7.060162860121100675e+04 0.000000000000000000e+00
-1.080667647089275789e+02 -1.080739614481034181e+02 8.274851203289985274e-03 2.701661743390732954e+04 0.000000000000000000e+00
-1.053356263376018660e+02 -1.053344656149388214e+02 8.499288649857262429e-03 2.693277354147326332e+04 0.000000000000000000e+00
-1.052970923296383603e+02 -1.052723269565984623e+02 9.519057662422572563e-03 6.999924621871844283e+04 0.000000000000000000e+00
-1.067902575719591169e+02 -1.067794620938406922e+02 1.926733510878723965e-02 6.979826988803963468e+04 0.000000000000000000e+00
-1.079695619441895644e+02 -1.079781637507019809e+02 1.028866162173654175e-02 2.670420969475801030e+04 0.000000000000000000e+00
-9.982678667573388509e+01 -9.983950784586237148e+01 2.133707457179833886e-02 2.662293439605273306e+04 0.000000000000000000e+00
-1.080554315066250410e+02 -1.080571967736509578e+02 9.200269532230699251e-03 2.654566152205257822e+04 0.000000000000000000e+00
-1.052886505462761875e+02 -1.053001649229110654e+02 1.093635832994602208e-02 2.646331616370954362e+04 0.000000000000000000e+00
-1.032176766119948326e+02 -1.032122657113923339e+02 2.747771910020587252e-02 6.885213039926486090e+04 0.000000000000000000e+00
-9.927113073128342080e+01 -9.919329537523815077e+01 3.015554320264774227e-02 6.864034714432501642e+04 0.000000000000000000e+00
-1.080563867635980841e+02 -1.080532810867379965e+02 7.313311911934068481e-03 2.624082476132217562e+04 0.000000000000000000e+00
-1.068071370061779390e+02 -1.067880596450550144e+02 1.895494168662014561e-02 6.839030021887872135e+04 0.000000000000000000e+00
-1.053144760679878402e+02 -1.053156428860690852e+02 6.214986743576098732e-03 4.932940263376061012e+03 0.000000000000000000e+00
-1.079691252193211852e+02 -1.079769537087323812e+02 8.568802393709919196e-03 2.600528706735992819e+04 0.000000000000000000e+00
-1.051978435462156369e+02 -1.051775807347645753e+02 1.026150667594905377e-02 6.785058182555303210e+04 0.000000000000000000e+00
-9.759335981175492236e+01 -9.752040589421754646e+01 2.176946700505035664e-02 2.585052625820416506e+04 0.000000000000000000e+00
-1.080712232909675237e+02 -1.080433009648018157e+02 1.016848241546850981e-02 6.750795372059616784e+04 0.000000000000000000e+00
-1.052991457923200187e+02 -1.052664746768499526e+02 1.163800795798672870e-02 6.732760513371696288e+04 0.000000000000000000e+00
-1.026113190780171038e+02 -1.025829275008079264e+02 1.302645340724244150e-02 6.715697886064903287e+04 0.000000000000000000e+00
-1.107595328558806926e+02 -1.107265603528390727e+02 1.309698121013766654e-02 6.697951307628068025e+04 0.000000000000000000e+00
-1.054009123896768756e+02 -1.053775579655240762e+02 1.310435147810980715e-02 6.681082897241224418e+04 0.000000000000000000e+00
-1.080835993175892611e+02 -1.080996842768428507e+02 1.266005302614395603e-02 2.554640463795078176e+04 0.000000000000000000e+00
-1.080619749889962975e+02 -1.080435390973969163e+02 9.857272008555089185e-03 6.648738691527409537e+04 0.000000000000000000e+00
-9.712098397178689879e+01 -9.708387647131718268e+01 1.479311866913222799e-02 6.630050128213620337e+04 0.000000000000000000e+00
-1.106825404387475089e+02 -1.106918072035653609e+02 1.094865819251713938e-02 2.532845757436769782e+04 0.000000000000000000e+00
-1.026945569100018929e+02 -1.026594170888004243e+02 1.480761268760808977e-02 6.595489261311406153e+04 0.000000000000000000e+00
-9.994355863351179892e+01 -9.995573735028824558e+01 1.399727989385588650e-02 2.518690208820446060e+04 0.000000000000000000e+00
-1.052450020507571367e+02 -1.052055894221461756e+02 1.712139194331279909e-02 6.562954361572962080e+04 0.000000000000000000e+00
-1.025610885423930654e+02 -1.025582778731371150e+02 1.092855656371288613e-02 6.548145379090406641e+04 0.000000000000000000e+00
-9.599324315747392689e+01 -9.594529677145247604e+01 1.795431025861270874e-02 2.497479042981085149e+04 0.000000000000000000e+00
-1.080695299958128146e+02 -1.080504219109687085e+02 8.297428104550823649e-03 6.513031258918844833e+04 0.000000000000000000e+00
-9.981796977534082771e+01 -9.978615951815612561e+01 1.337371279771724583e-02 6.495239918114543252e+04 0.000000000000000000e+00
-1.053170812762684534e+02 -1.052959219498729055e+02 1.100862912013494434e-02 6.479369889200240141e+04 0.000000000000000000e+00
-1.025015217579791909e+02 -1.024785756331974653e+02 1.086760355526573789e-02 6.462025286255533138e+04 0.000000000000000000e+00
-1.041758789875150200e+02 -1.041505561281042986e+02 1.702396854062117673e-02 2.468215493807476378e+04 0.000000000000000000e+00
-8.796267898438964039e+01 -8.777964891268086944e+01 6.425642852929085158e-02 2.462802720319229411e+04 1.000000000000000000e+00
-1.024747821828908059e+02 -1.024642186774181738e+02 1.478080603783366032e-02 6.517979804068277008e+04 0.000000000000000000e+00
-9.979987335613576249e+01 -9.978980992022320606e+01 1.408875728292225890e-02 6.499763723445023061e+04 0.000000000000000000e+00
-1.080572393705329119e+02 -1.080558580592328184e+02 7.679354278919687908e-03 2.477197076930023832e+04 0.000000000000000000e+00
-9.985321097156099768e+01 -9.985149023611619157e+01 6.456060121523803617e-03 4.614497718100710699e+03 0.000000000000000000e+00
-1.079992742249214643e+02 -1.079720187390415589e+02 8.214047254620410188e-03 6.447749439835878729e+04 0.000000000000000000e+00
-1.052888158609147098e+02 -1.052859664110589790e+02 8.544533199463149112e-03 2.456390896295161656e+04 0.000000000000000000e+00
-9.998624572158654189e+01 -9.999486031701779609e+01 1.024334339246105695e-02 2.449538220061938773e+04 0.000000000000000000e+00
-1.026243656023751072e+02 -1.025876651841935399e+02 1.203927969362059494e-02 6.397194352842028457e+04 0.000000000000000000e+00
-9.990883085846196821e+01 -9.987511753420994864e+01 1.260920868322864576e-02 6.383034402550491359e+04 0.000000000000000000e+00
-1.053178489431277853e+02 -1.053112951268511210e+02 1.023023324450557728e-02 6.368374403076131421e+04 0.000000000000000000e+00
-1.025991105935752614e+02 -1.025788793997020605e+02 1.061445883673537392e-02 6.350854915477929899e+04 0.000000000000000000e+00
-1.025118061973501398e+02 -1.024837535622389311e+02 1.114657727814153364e-02 6.334447564283889369e+04 0.000000000000000000e+00
-1.041126254356725411e+02 -1.040822060041794686e+02 1.524837228963463014e-02 2.410810934876027022e+04 0.000000000000000000e+00
-9.986242106876410674e+01 -9.984773677698140659e+01 1.886145080948330860e-02 6.301804962608475762e+04 0.000000000000000000e+00
-1.052550271612382318e+02 -1.052397706853145394e+02 1.035874885239067289e-02 6.285096069351545157e+04 0.000000000000000000e+00
-1.052913507572717720e+02 -1.052704412180436861e+02 1.041939881921613922e-02 6.268557942758307036e+04 0.000000000000000000e+00
-1.025629335907251800e+02 -1.025530606758885881e+02 1.239925184816294615e-02 6.252654826956299075e+04 0.000000000000000000e+00
-1.053510020315221709e+02 -1.053276613358976448e+02 9.443531964747634011e-03 6.235924848496403865e+04 0.000000000000000000e+00
-1.053357603446334991e+02 -1.053321112360746525e+02 6.913503249547847326e-03 2.374978590019165858e+04 0.000000000000000000e+00
-1.042720982383415276e+02 -1.043714541530132465e+02 2.399195952542514457e-02 2.368597418139310685e+04 0.000000000000000000e+00
-9.994738267585256608e+01 -9.993244859272391523e+01 1.570726539689977497e-02 6.240380828007593664e+04 0.000000000000000000e+00
-1.107145531750859959e+02 -1.106973952577455407e+02 1.057450024205616561e-02 6.224167552815609088e+04 0.000000000000000000e+00
-1.079986606671156295e+02 -1.080055259241594854e+02 6.830463497780288502e-03 2.371444134258744452e+04 0.000000000000000000e+00
-1.025592686996124598e+02 -1.025515390181215878e+02 1.147282280683220579e-02 6.193034972068635398e+04 0.000000000000000000e+00
-1.053011219614829628e+02 -1.053072352937162037e+02 1.207677158545806921e-02 2.358956848876617732e+04 0.000000000000000000e+00
-1.013778191426545021e+02 -1.012757277567244074e+02 2.193659242936068371e-02 6.162326347634440026e+04 0.000000000000000000e+00
-9.981517210874109480e+01 -9.978511226215644569e+01 1.269667774888679976e-02 6.171832056809384812e+04 0.000000000000000000e+00
-1.019696301977677422e+02 -1.019523863256268044e+02 1.879816013636989580e-02 2.390777007059137031e+04 0.000000000000000000e+00
-1.081764475579991682e+02 -1.081269567528288604e+02 1.822847331872712653e-02 6.141736010276031448e+04 0.000000000000000000e+00
-9.996624438902543375e+01 -9.993861036179518464e+01 1.698867579034792422e-02 6.131618325077371992e+04 0.000000000000000000e+00
-1.018520251252353290e+02 -1.018517059672732472e+02 1.521310063167771211e-02 2.374530425185282729e+04 0.000000000000000000e+00
-1.080163761750278582e+02 -1.080254826030206772e+02 7.117442727688216841e-03 2.368314964395561037e+04 0.000000000000000000e+00
-1.025532142370719697e+02 -1.025453612962952121e+02 1.098480436058878011e-02 6.090089893233250041e+04 0.000000000000000000e+00
-1.052511673534812076e+02 -1.052422609261396644e+02 9.529809342726080351e-03 6.074394240915193222e+04 0.000000000000000000e+00
-1.025725903595750026e+02 -1.025685635073186859e+02 9.519875230505136371e-03 6.058822523414449824e+04 0.000000000000000000e+00
-1.024177614823782392e+02 -1.023822167832340995e+02 1.507938626549512606e-02 6.043169297338095930e+04 0.000000000000000000e+00
-1.079971687591209957e+02 -1.080006212519135005e+02 6.564823063592156727e-03 2.338172435222272179e+04 0.000000000000000000e+00
-1.052017195556834253e+02 -1.051916286196123735e+02 1.294006110039919687e-02 6.015712570643395884e+04 0.000000000000000000e+00
-1.080700559794107249e+02 -1.080788609892766345e+02 7.339871410779635549e-03 2.326175290813846368e+04 0.000000000000000000e+00
-1.025056643091909763e+02 -1.025048147258236497e+02 9.245697175079782906e-03 2.320413740033559952e+04 0.000000000000000000e+00
-9.723821702273623657e+01 -9.725268363045630338e+01 1.328533426582573923e-02 2.314480585679459182e+04 0.000000000000000000e+00
-1.054302019922640596e+02 -1.054350415388906015e+02 1.129751092463948670e-02 2.309107489554281346e+04 0.000000000000000000e+00
-1.080511482456720245e+02 -1.080571689363215739e+02 7.318325550140792821e-03 2.303305903672940622e+04 0.000000000000000000e+00
-1.107797129378458294e+02 -1.107536138443028619e+02 1.024331116512382581e-02 5.931137640738633490e+04 0.000000000000000000e+00
-1.053419283563667790e+02 -1.053385139449242160e+02 6.102089601363163904e-03 2.291742596450224664e+04 0.000000000000000000e+00
-9.712709886879240173e+01 -9.712412520842151764e+01 1.221478250582851317e-02 2.285985299407301136e+04 0.000000000000000000e+00
-9.717337015363493435e+01 -9.715887830259880786e+01 1.898877617995691630e-02 2.280257855585727884e+04 0.000000000000000000e+00
-1.029966273002641373e+02 -1.030280522006749919e+02 1.485750430713394035e-02 4.380484583448978810e+03 0.000000000000000000e+00
-1.079724337532901473e+02 -1.079461673526321732e+02 1.357167791156813595e-02 5.919704572567660944e+04 0.000000000000000000e+00
-1.025332438768716088e+02 -1.025218330311543866e+02 8.742559607509680156e-03 5.906574086412653560e+04 0.000000000000000000e+00
-1.033697349061618667e+02 -1.032853368992372083e+02 2.305970022746117731e-02 5.892170641275995149e+04 0.000000000000000000e+00
-9.977967885467354847e+01 -9.976994916025438442e+01 1.028673207986141938e-02 5.893758482966724114e+04 0.000000000000000000e+00
-1.053596794044901515e+02 -1.053625535973681764e+02 6.978270196143553615e-03 2.285741695263280053e+04 0.000000000000000000e+00
-9.975870876074991145e+01 -9.974430151464719074e+01 1.213489762955321551e-02 5.866053997403335234e+04 0.000000000000000000e+00
-9.719099888039410473e+01 -9.719910295629638597e+01 1.173140049938137947e-02 2.274513549916568081e+04 0.000000000000000000e+00
-9.975251408439240208e+01 -9.975883014411381566e+01 1.314319342842582179e-02 2.269044521078075195e+04 0.000000000000000000e+00
-9.994621656378330954e+01 -9.994371083838872494e+01 1.099992286881444972e-02 2.263553444605216282e+04 0.000000000000000000e+00
-1.031753536276716545e+02 -1.031841976624936734e+02 2.333435664106252305e-02 2.258023078104346496e+04 0.000000000000000000e+00
-9.977544188983590345e+01 -9.977651985800162038e+01 1.019455494715802539e-02 2.252708298967856172e+04 0.000000000000000000e+00
-1.079635877946029865e+02 -1.079536318768253835e+02 8.655503229928905931e-03 5.789117415086916299e+04 0.000000000000000000e+00
-1.026308933447457576e+02 -1.026308344940849651e+02 9.135094017980932568e-03 2.241768202149062199e+04 0.000000000000000000e+00
-1.052642381290255997e+02 -1.052589501970926023e+02 6.611450461280918463e-03 5.765134296883516072e+04 0.000000000000000000e+00
-9.688728457962037055e+01 -9.689528648434328773e+01 2.608111848437532146e-02 2.230928400632043486e+04 0.000000000000000000e+00
-1.107663209509320836e+02 -1.107727353845102272e+02 9.644655716456467312e-03 2.225709853917004875e+04 0.000000000000000000e+00
-1.053397101683526245e+02 -1.053386126194151586e+02 6.122733409621963947e-03 2.220440854119430514e+04 0.000000000000000000e+00
-1.080573924010597437e+02 -1.080551257623782675e+02 4.582480235472992554e-03 4.255331254394115604e+03 0.000000000000000000e+00
-9.984534238578552845e+01 -9.986001277922972008e+01 1.151030926480539271e-02 2.209906361729681885e+04 0.000000000000000000e+00
-1.022350043046918984e+02 -1.021779465634221680e+02 1.799241471641030085e-02 2.205144176475018685e+04 0.000000000000000000e+00
-1.025867890233757009e+02 -1.025713512517896362e+02 1.500331941372524958e-02 5.675325466882486216e+04 0.000000000000000000e+00
-1.057553908565161862e+02 -1.057879064352082565e+02 2.343397347779681977e-02 5.662373253331239539e+04 0.000000000000000000e+00
-1.053186148098958057e+02 -1.052855422621855865e+02 1.090533824405696441e-02 5.651288086051460414e+04 0.000000000000000000e+00
-1.019554000856351621e+02 -1.019642573333422177e+02 1.953183590844052159e-02 5.640419763950756169e+04 0.000000000000000000e+00
-1.053297065123023089e+02 -1.053046101811624311e+02 8.861342808543292565e-03 5.627261133539919683e+04 0.000000000000000000e+00
-9.694121223086443706e+01 -9.695497746631254188e+01 2.782289601256661415e-02 2.182916557384350017e+04 0.000000000000000000e+00
-9.716031080778503792e+01 -9.716550268797710999e+01 1.071834107717542853e-02 2.178167518607308011e+04 0.000000000000000000e+00
-1.080632406550066094e+02 -1.080739736171463790e+02 6.789031057227681853e-03 2.173097603767044347e+04 0.000000000000000000e+00
-1.080446604778071986e+02 -1.080334976721700144e+02 6.994275000118698772e-03 5.579929523777696159e+04 0.000000000000000000e+00
-1.107071188400543207e+02 -1.107233151990953957e+02 8.338243862431291703e-03 2.163222559036293023e+04 0.000000000000000000e+00
-1.080736362605464649e+02 -1.080791791704556886e+02 6.368086452380592420e-03 2.158771987004463153e+04 0.000000000000000000e+00
-1.025264867180077033e+02 -1.025299353137964005e+02 7.029246691946929720e-03 2.153822807165538325e+04 0.000000000000000000e+00
-1.027459341486723190e+02 -1.027382864506018763e+02 1.268423640365599903e-02 5.530955451712542708e+04 0.000000000000000000e+00
-1.059729165177912193e+02 -1.059032013466779176e+02 2.231439619285794859e-02 5.518279809897517407e+04 0.000000000000000000e+00
