0.000000000000000000e+00 0.000000000000000000e+00 0.000000000000000000e+00 0.000000000000000000e+00 0.000000000000000000e+00
-1.061051710313967220e+02 3.019992350608451962e+08 3.503857328432155782e+01 1.734561357574133945e+04 0.000000000000000000e+00
-3.724053675793344155e+05 -3.601034448218859296e+01 1.231584833676590119e+06 3.479257574693008800e+16 0.000000000000000000e+00
-3.039049002553448081e+05 -4.042915327782019119e+01 7.598399207249423489e+05 3.396333131969716400e+16 0.000000000000000000e+00
-1.158139748277282342e+05 -5.387188422207849214e+01 3.381061479522481095e+05 3.323214332816804800e+16 0.000000000000000000e+00
-2.074077029400896281e+05 -5.850935891945871248e+01 1.170999523324124049e+06 4.344534287032084000e+15 0.000000000000000000e+00
-1.491199576573222876e+05 -6.049287783159746112e+01 3.727499755762667628e+05 3.046780696943717120e+17 0.000000000000000000e+00
-1.429531717276740819e+05 -5.540866154087506601e+01 4.749888394668452675e+05 2.983742670249111680e+17 0.000000000000000000e+00
-6.259652386040892452e+04 -5.187269586772919894e+01 3.114910663363337517e+05 3.035544847846309600e+16 0.000000000000000000e+00
-1.235296777005707845e+05 -3.825547394335676898e+01 6.703397043198582251e+05 2.969293111160633600e+16 0.000000000000000000e+00
-9.090145815726928413e+04 -6.165268403488596505e+01 1.927902096078577160e+05 2.905781750749880400e+16 0.000000000000000000e+00
-6.025326957721449435e+04 -6.186545704141480684e+01 2.364304401384801604e+05 2.734772531281153920e+17 0.000000000000000000e+00
-4.132997627766709775e+04 -6.389376883441360633e+01 1.128659786869902600e+05 2.798169165637992000e+16 0.000000000000000000e+00
-9.807700715357158333e+04 -5.617971264844218382e+01 2.858753680225421558e+05 2.746236088086572400e+16 0.000000000000000000e+00
-2.671081723471162841e+05 -2.810862689971748818e+00 1.317168849295505788e+06 2.696483473949666400e+16 0.000000000000000000e+00
-3.748779131859913468e+04 -5.902276781889539592e+01 1.728110921079536784e+05 2.518936828353347200e+17 0.000000000000000000e+00
-2.158395451972726732e+04 -5.551943683460158496e+01 1.420368128427286574e+05 2.470798950295628160e+17 0.000000000000000000e+00
-3.723276404379680753e+04 -6.887498758876553495e+01 1.482243604596052028e+05 2.423777913251960640e+17 0.000000000000000000e+00
-5.455203720917552710e+04 -7.806750073616385066e+01 1.559582830701188068e+05 2.379420346910398400e+17 0.000000000000000000e+00
-4.137587928782589734e+04 -5.118588063909888319e+01 1.574314164215243654e+05 2.338067243819415360e+17 0.000000000000000000e+00
-7.249604603860992938e+04 -4.169946673398772674e+01 3.295043025341065368e+05 2.410110971143764400e+16 0.000000000000000000e+00
-3.233368064785003662e+04 -6.459622049887825312e+01 1.402404789180972730e+05 2.256244939161708480e+17 0.000000000000000000e+00
-1.898943878873996437e+04 -4.747381602600567874e+01 8.509064214348491805e+04 2.328068122638855600e+16 0.000000000000000000e+00
-1.754478813182283193e+04 -5.492921630215207074e+01 1.126379438798331539e+05 2.289430071624308400e+16 0.000000000000000000e+00
-2.838824489739909768e+04 -5.388272652219983172e+01 1.405974112907195231e+05 2.142568302027579200e+17 0.000000000000000000e+00
-1.371712977673951536e+04 -5.002858722103684386e+01 8.590860264766412729e+04 2.214027721469327600e+16 0.000000000000000000e+00
-4.838434047371149063e+04 -4.651047774815410207e+01 2.309872914900407195e+05 2.178440729765318400e+16 0.000000000000000000e+00
-1.224561421205196530e+04 -4.661216947934286026e+01 6.519883447197477653e+04 2.144867425994914800e+16 0.000000000000000000e+00
-2.016442423622589558e+04 -5.391475720181509246e+01 1.427217040071023512e+05 2.007338929594114880e+17 0.000000000000000000e+00
-1.056527564399968833e+04 -5.071417209624799938e+01 6.657563353092648322e+04 2.078745318636334400e+16 0.000000000000000000e+00
-2.170568901970889419e+04 -4.799567056806881737e+01 1.234165315159295860e+05 1.946025544971803520e+17 0.000000000000000000e+00
-1.159453815610054880e+04 -6.176239044984742321e+01 3.207951483706088038e+04 2.016711399499270800e+16 0.000000000000000000e+00
-1.195480307542067021e+04 -6.175249256408694265e+01 9.989905086080281762e+04 1.888376860264184320e+17 0.000000000000000000e+00
-1.360612491884827614e+04 -4.327401185993910815e+01 9.441646693633432733e+04 1.958726721493897200e+16 0.000000000000000000e+00
-2.240107646190095693e+04 -7.214805852131998165e+01 5.800382418240131665e+04 1.930825545551804800e+16 0.000000000000000000e+00
-1.198307214903831482e+04 -5.764966102228900979e+01 3.799663530243319838e+04 1.905871177249301200e+16 0.000000000000000000e+00
-1.129484608907345682e+04 -4.968906580574558518e+01 4.456538332445644483e+04 1.880160347050331600e+16 0.000000000000000000e+00
-1.610175481021776795e+04 -4.872796167905109144e+01 1.122426592874400667e+05 1.757760003990517440e+17 0.000000000000000000e+00
-1.508843228351650760e+04 -4.648816577623939139e+01 1.559397782673795591e+05 1.829508629932231600e+16 0.000000000000000000e+00
-1.944031482389010489e+04 -5.880086848538105215e+01 5.490590027726211702e+04 1.710512554575092800e+17 0.000000000000000000e+00
-1.026278949458897114e+04 -4.903837345640074119e+01 9.089976110047539987e+04 1.688131236148409280e+17 0.000000000000000000e+00
-2.298049785185325891e+04 -6.216292142198411597e+01 5.301359997023078904e+04 1.666011097695318400e+17 0.000000000000000000e+00
-8.570514689827803522e+03 -5.983601896668442777e+01 3.809378207780201046e+04 1.735678145560045800e+16 0.000000000000000000e+00
-7.692098148679826409e+03 -4.291290320204964814e+01 4.923438302548672800e+04 1.713941292078603400e+16 0.000000000000000000e+00
-5.731628158855251968e+03 -5.613709006313078476e+01 3.591131039844045881e+04 1.692552563029255400e+16 0.000000000000000000e+00
-1.030913613997679204e+04 -4.138600730233619629e+01 6.406892863819844206e+04 1.671635750485665200e+16 0.000000000000000000e+00
-6.068715912183281034e+03 -4.070454938148533586e+01 4.337109804764519504e+04 1.651395305892795200e+16 0.000000000000000000e+00
-9.684449801614508033e+03 -6.121995984206168373e+01 5.812538531856016198e+04 1.544801957035038720e+17 0.000000000000000000e+00
-1.652427906863298267e+04 -5.994459276368822032e+01 5.006142520134102233e+04 1.611821263459981800e+16 0.000000000000000000e+00
-5.224644034686498344e+03 -4.950088217720512773e+01 3.800507355056958477e+04 1.593900181380885400e+16 0.000000000000000000e+00
-1.705630792680056766e+04 -5.326898038640302957e+01 1.402770684474443842e+05 1.575323271559402600e+16 0.000000000000000000e+00
-2.183386042640218511e+04 -5.807817844041745303e+01 6.602081739417703648e+04 1.473098611556933440e+17 0.000000000000000000e+00
-4.509552766733337194e+03 -4.597956512484680047e+01 3.711196593313610356e+04 1.539413886897201800e+16 0.000000000000000000e+00
-6.015029247699771076e+03 -5.710750158182815994e+01 2.667491620366128700e+04 1.522042778720967200e+16 0.000000000000000000e+00
-4.799847568403929472e+03 -5.095697000060137327e+01 2.847792426195203734e+04 1.505218709844841200e+16 0.000000000000000000e+00
-2.894053622284904122e+03 -5.361233760582863539e+01 3.308555771325488604e+04 1.488659953639145800e+16 0.000000000000000000e+00
-4.473923920685891062e+03 -4.123268608777206623e+01 5.111022543401321309e+04 1.392567638413341440e+17 0.000000000000000000e+00
-9.737419923380482942e+03 -5.211965215369272642e+01 3.544683971609687433e+04 1.456450416767800400e+16 0.000000000000000000e+00
-3.807848677374888211e+03 -4.234874373850438900e+01 4.859312645426218660e+04 1.441348553449215400e+16 0.000000000000000000e+00
-1.764373598364507779e+04 -6.004850662599293543e+01 4.416196132447192213e+04 1.348160258336155840e+17 0.000000000000000000e+00
-6.422334447407163680e+03 -5.838274347855470836e+01 5.896533205522724893e+04 1.334254207521640480e+17 0.000000000000000000e+00
-1.637894318489683792e+04 -6.392963023452843174e+01 3.422026714416632603e+04 1.396660668390131200e+16 0.000000000000000000e+00
-3.598620328847784549e+03 -5.020329638848614451e+01 2.310791597294938038e+04 1.383762528745629200e+16 0.000000000000000000e+00
-1.028632754699606448e+04 -6.188986232363819084e+01 5.050153513551199285e+04 1.369742123408889000e+16 0.000000000000000000e+00
-3.507798341966234148e+03 -4.752496858508553146e+01 2.348845761836752354e+04 1.356295795477263000e+16 0.000000000000000000e+00
-4.408863272111397237e+03 -6.531115893596232524e+01 3.727885602672381356e+04 1.342821340110998000e+16 0.000000000000000000e+00
-1.931913853934034705e+03 -4.879014235206203409e+01 3.009174926175718792e+04 1.329624760488900000e+16 0.000000000000000000e+00
-3.725733824822120368e+03 -6.030655836926080582e+01 1.994804066012215480e+04 1.316612985304616600e+16 0.000000000000000000e+00
-7.363808345105964690e+03 -6.729596878833032747e+01 2.296119062158029919e+04 1.303933859824982200e+16 0.000000000000000000e+00
-8.505259192571975291e+03 -5.665913713138749586e+01 5.154844903543088731e+04 1.219055466154308960e+17 0.000000000000000000e+00
-6.164955212701112032e+03 -5.552682702962252392e+01 4.701705415293134865e+04 1.279482286335839800e+16 0.000000000000000000e+00
-5.693538431284949183e+03 -6.389767695038867146e+01 2.425355425011916304e+04 1.267553817613754400e+16 0.000000000000000000e+00
-2.799097002934664488e+03 -4.975900783139028505e+01 2.121559674073618226e+04 1.255915232031347600e+16 0.000000000000000000e+00
-2.502226740951184183e+03 -5.629195213152291188e+01 1.573396011535841171e+04 1.244340858828843600e+16 0.000000000000000000e+00
-3.097635194524191320e+03 -5.464825245356892225e+01 5.361052547008195688e+04 1.163209938229800960e+17 0.000000000000000000e+00
-2.953820647958200425e+03 -4.793138924140161805e+01 2.037211219382680429e+04 1.221812016166378600e+16 0.000000000000000000e+00
-2.140948307838756591e+03 -4.029159277552064111e+01 3.288693693187792815e+04 1.210864943826035600e+16 0.000000000000000000e+00
-2.055309168769512326e+03 -5.747461590576274659e+01 3.356113734689745615e+04 1.200076775077196600e+16 0.000000000000000000e+00
-1.518316995143424720e+03 -4.520100412874559481e+01 2.747673234251655231e+04 1.189480382397575200e+16 0.000000000000000000e+00
-1.663348437706939876e+03 -4.449479062200273205e+01 2.023040925444418826e+04 1.179062344176683400e+16 0.000000000000000000e+00
-6.677744775814469904e+03 -5.195167575976717700e+01 2.921098635302932962e+04 1.168829232013837200e+16 0.000000000000000000e+00
-3.986037796772550792e+03 -3.925784459499899981e+01 2.296024971595938041e+04 1.158974641697195600e+16 0.000000000000000000e+00
-8.703242953480686992e+03 -5.909729338903213858e+01 4.428773614438231743e+04 1.083720669516275200e+17 0.000000000000000000e+00
-6.967972699122037739e+03 -5.588561277893987977e+01 2.323332651649918625e+04 1.139480983342320600e+16 0.000000000000000000e+00
-2.627617459280882031e+03 -4.866173903169720205e+01 2.183064408726045804e+04 1.130179553746815200e+16 0.000000000000000000e+00
-8.936887546898797154e+02 -4.774803732821333568e+01 3.100046285716004786e+04 1.120803219355080800e+16 0.000000000000000000e+00
-4.133360509403515607e+03 -6.533926314957010106e+01 2.174876056489595794e+04 1.111546462677782400e+16 0.000000000000000000e+00
-3.327630261231213808e+03 -5.941107323912149951e+01 1.989173622388264630e+04 1.102533686907120600e+16 0.000000000000000000e+00
-2.945914624681230634e+03 -5.602563371654221669e+01 1.738893831520978711e+04 1.093636849979308200e+16 0.000000000000000000e+00
-1.801804710588883609e+03 -4.167208274691409997e+01 2.932216051828232594e+04 1.084872789010610000e+16 0.000000000000000000e+00
-1.606828241744544357e+03 -5.463531193954102605e+01 1.837472773480167234e+04 1.076209790778753800e+16 0.000000000000000000e+00
-2.974525870041921735e+03 -5.478518045301701278e+01 1.677093763123423923e+04 1.067685022199173600e+16 0.000000000000000000e+00
-7.678778312727808952e+02 -5.016145650374718201e+01 1.361966827505743640e+04 1.059333368713226600e+16 0.000000000000000000e+00
-1.990891565901227295e+03 -4.456412781178912752e+01 2.430597771796198504e+04 1.051063015981145600e+16 0.000000000000000000e+00
-2.115802075974177569e+03 -5.641407501989102258e+01 2.228156118652785517e+04 1.042935621919720200e+16 0.000000000000000000e+00
-3.275038202533032745e+03 -6.516083570683080950e+01 1.519729276022751583e+04 1.034937894002596800e+16 0.000000000000000000e+00
-6.202271783247590065e+03 -3.627060224029658997e+01 3.668552162453614437e+04 1.027101949593386200e+16 0.000000000000000000e+00
-8.249567564846947789e+02 -4.929116198540012306e+01 2.381900334402873341e+04 1.019446312063536600e+16 0.000000000000000000e+00
-1.484826473305001855e+03 -4.754684481459818812e+01 2.753948589558891399e+04 1.011786405440795400e+16 0.000000000000000000e+00
-3.653932809651829302e+03 -6.413092828229416398e+01 1.565645887564322948e+04 1.004247733059059400e+16 0.000000000000000000e+00
-1.737737147770822048e+03 -4.540884946453225268e+01 1.984222885577211855e+04 9.968873376171510000e+15 0.000000000000000000e+00
-5.213687472133897245e+02 -4.251268128289073900e+01 1.720589617827332768e+04 9.895743755816608000e+15 0.000000000000000000e+00
-1.580749476660974324e+03 -4.288471425488822319e+01 1.951420138827979463e+04 9.823543730154292000e+15 0.000000000000000000e+00
6.520060953591018915e+01 -5.121170831794231049e+01 2.329103522336899550e+04 9.752503261206508000e+15 0.000000000000000000e+00
-1.536852020312100649e+03 -4.774933371204404864e+01 1.051000542344017595e+04 9.682360723299276000e+15 0.000000000000000000e+00
-2.614099483374180272e+04 -3.217103499070068295e+01 1.786392621489154699e+05 1.296042842683734750e+15 0.000000000000000000e+00
-2.820274745896458626e+02 -5.374568388687463738e+01 1.151281681344217941e+04 9.545198970426354000e+15 0.000000000000000000e+00
-4.289119891831185669e+03 -5.853346409291938812e+01 1.679785044006146200e+04 9.478000239438040000e+15 0.000000000000000000e+00
3.011962785033509135e+03 -5.252796504891183815e+01 2.075062519101810176e+04 9.412703313350300000e+15 0.000000000000000000e+00
-2.283915220899973065e+03 -5.507820186413055552e+01 1.676379144342652944e+04 9.347791785852940000e+15 0.000000000000000000e+00
-1.730740761194336228e+05 -1.097201151504533279e+01 9.529124095110195922e+05 1.252120839831358500e+15 0.000000000000000000e+00
-4.977961328816600144e+02 -6.248197686595553080e+01 1.685363510359780048e+04 9.220371997021772000e+15 0.000000000000000000e+00
-3.330286799651104957e+03 -5.744047430574328672e+01 2.143476705188207779e+04 9.157673799091778000e+15 0.000000000000000000e+00
-2.546173388566588983e+03 -5.314547383868107033e+01 1.845825588722546308e+04 9.096300327038656000e+15 0.000000000000000000e+00
-2.315158145930618048e+02 -5.135086084637989501e+01 1.068850122589666535e+04 9.035579366400170000e+15 0.000000000000000000e+00
-5.443725232600467280e+03 -5.849001109616268934e+01 1.182555766705650240e+04 8.975359044502127000e+15 0.000000000000000000e+00
1.610398567832773551e+03 -5.179613795722625724e+01 1.954240393102369126e+04 8.917575015165798000e+15 0.000000000000000000e+00
-1.927920507474569604e+03 -5.678712597665069950e+01 1.259455441805409282e+04 8.859045971318848000e+15 0.000000000000000000e+00
-3.197126040219515562e+04 -2.009491891944141173e+01 2.028229518239533354e+05 1.187872230130793000e+15 0.000000000000000000e+00
-1.506882135341642424e+03 -4.971574935430495401e+01 1.580977472306079289e+04 8.744343655992543000e+15 0.000000000000000000e+00
1.047582635101862252e+02 -4.738684577341978610e+01 1.968277278152485815e+04 8.688045527092824000e+15 0.000000000000000000e+00
-2.958256398263829760e+04 -3.293335427501860835e+01 1.669020130418477347e+05 1.165402801536382750e+15 0.000000000000000000e+00
-1.822117049974622205e+03 -6.074615272855359649e+01 1.486040850094900452e+04 8.577671656554892000e+15 0.000000000000000000e+00
-1.157514044529758394e+03 -5.874288720008008369e+01 1.253233189231210781e+04 8.523553907266895000e+15 0.000000000000000000e+00
-5.771635104168904945e+03 -5.583937948031452692e+01 1.586972634950053362e+04 8.470021199906375000e+15 0.000000000000000000e+00
-5.212081151810009032e+03 -6.390642746908856964e+01 2.362888121113351372e+04 8.418654722485693000e+15 0.000000000000000000e+00
-1.370700517242774367e+03 -4.457802000077221294e+01 1.318840308283446939e+04 8.367374420034523000e+15 0.000000000000000000e+00
-1.069561689532361925e+03 -4.823085463690168240e+01 1.604385260563857810e+04 8.315826579164754000e+15 0.000000000000000000e+00
-2.121009017189964652e+03 -5.279337170462022044e+01 1.425431962875505815e+04 8.264868725766464000e+15 0.000000000000000000e+00
-9.405756398502271622e+02 -5.592495007081723202e+01 2.053584522402750008e+04 8.214699052181793000e+15 0.000000000000000000e+00
-4.293395288710249588e+03 -5.110482649822801449e+01 1.351767979607463531e+04 8.164956223730330000e+15 0.000000000000000000e+00
-1.683292058764025569e+03 -5.383914881568922794e+01 1.341543794491369226e+04 8.116672771694017000e+15 0.000000000000000000e+00
-1.826953706089640036e+03 -5.794809145563283437e+01 1.499109794120965671e+04 8.068213497418185000e+15 0.000000000000000000e+00
-1.464086496522417292e+03 -4.987498919248904627e+01 2.011882167916127582e+04 8.020347002192558000e+15 0.000000000000000000e+00
-2.094460393386194482e+04 -4.048705621577236258e+01 8.483505558562187070e+04 1.076426520280637875e+15 0.000000000000000000e+00
-3.080160257372772321e+03 -6.397581080485877436e+01 1.602166328349231480e+04 7.926527896819991000e+15 0.000000000000000000e+00
-1.339924674395238981e+03 -4.203133558913305734e+01 1.643950044449591223e+04 7.880585287837868000e+15 0.000000000000000000e+00
-4.681453046770766377e+02 -5.755076124091505818e+01 1.626153035807625929e+04 7.834848251090227000e+15 0.000000000000000000e+00
-3.523794561866670847e+02 -4.766660871984070269e+01 1.895308876469102324e+04 7.789577261650454000e+15 0.000000000000000000e+00
-3.918782131277024746e+03 -6.800151732834791574e+01 2.690154925033294785e+04 7.744823295102554000e+15 0.000000000000000000e+00
-3.515441674932371825e+03 -3.691688205692404523e+01 2.856461242519172811e+04 7.701016780026241000e+15 0.000000000000000000e+00
-1.351541609326377511e+02 -5.191392005508756569e+01 1.622578882103389878e+04 7.657600487334976000e+15 0.000000000000000000e+00
-2.245683445355622098e+03 -3.676247144827694058e+01 2.574238677724940499e+04 7.614346680609733000e+15 0.000000000000000000e+00
-1.546617359659820795e+04 -5.025540495402935193e+01 4.008979948139964836e+04 1.022816140513354125e+15 0.000000000000000000e+00
-1.698414717942243442e+03 -4.727364638964510135e+01 2.345964758794935915e+04 7.529652738874434000e+15 0.000000000000000000e+00
-1.060965085974661633e+03 -5.384858508271934596e+01 1.221257676989506035e+04 7.487921183986492000e+15 0.000000000000000000e+00
2.340991970067843795e+02 -4.443832954377766953e+01 1.261401191797406864e+04 7.446607081120793000e+15 0.000000000000000000e+00
-3.721739677702775225e+03 -5.756603953261031847e+01 1.234357626592016641e+04 7.405703842323026000e+15 0.000000000000000000e+00
-9.748842935282737017e+02 -5.654481975196324584e+01 1.331208383065408088e+04 7.365846938988964000e+15 0.000000000000000000e+00
2.807331027494510636e+03 -4.963962863914117207e+01 2.236399073050486550e+04 7.325858558580077000e+15 0.000000000000000000e+00
-8.768802743849810213e+02 -4.646970957082733378e+01 1.280324375783359574e+04 7.286527633529141000e+15 0.000000000000000000e+00
-2.157876101504079998e+03 -4.478685695916531984e+01 1.398000629559786648e+04 7.247391287900920000e+15 0.000000000000000000e+00
-2.416769544801209122e+02 -6.215868374576979249e+01 9.999481398422260099e+03 7.208829547308459000e+15 0.000000000000000000e+00
-4.763596818053629249e+02 -5.770432855242844994e+01 1.235593608905022847e+04 7.170493580094178000e+15 0.000000000000000000e+00
-1.207783870773855597e+03 -5.544177941930932718e+01 9.675805949760733711e+03 7.132569195195384000e+15 0.000000000000000000e+00
-3.510485549789154902e+03 -6.232694573043735886e+01 1.389389732583484692e+04 7.095098134134287000e+15 0.000000000000000000e+00
8.643235314653720707e+02 -4.558467046265445788e+01 1.664157058839355523e+04 7.058442903244206000e+15 0.000000000000000000e+00
-8.103810399342328310e+02 -5.035122894046835285e+01 1.420783039573743008e+04 7.021717083232971000e+15 0.000000000000000000e+00
-5.856600176293868572e+02 -4.630532678409286973e+01 1.476903364230564330e+04 6.985367141657932000e+15 0.000000000000000000e+00
-3.260268374371808022e+02 -5.391164740553412571e+01 2.179040908944976400e+04 6.949378196464395000e+15 0.000000000000000000e+00
-9.489542595425155014e+02 -5.453829244663534581e+01 8.995989609804362772e+03 6.913749596477469000e+15 0.000000000000000000e+00
-4.242951971618691459e+03 -2.903926636332597511e+01 2.928075836966909264e+04 6.878517582020062000e+15 0.000000000000000000e+00
2.424651908265193924e+03 -4.775653839610531293e+01 9.788739602124132944e+03 6.844001165748548000e+15 0.000000000000000000e+00
-1.299514376215869561e+03 -4.236441786485382011e+01 1.875995784698165153e+04 6.809714863337163000e+15 0.000000000000000000e+00
1.696080419805366546e+03 -5.665346197231055214e+01 1.131889308131355028e+04 6.775554573941216000e+15 0.000000000000000000e+00
7.064232426537200809e+02 -6.043509462376582775e+01 1.069777726240376069e+04 6.741812369211306000e+15 0.000000000000000000e+00
-3.391957473223563284e+03 -4.222305641869199633e+01 2.000539249676070540e+04 6.708302420643273000e+15 0.000000000000000000e+00
1.364932704225648195e+02 -5.292119349961625119e+01 1.172200633248215490e+04 6.675452085277938000e+15 0.000000000000000000e+00
-1.523616243328363635e+04 -3.918173451490071812e+01 5.364696771546467789e+04 8.981892101258870000e+14 0.000000000000000000e+00
2.831761569904629141e+03 -4.481799688243751945e+01 1.910052138682587974e+04 6.610176646409365000e+15 0.000000000000000000e+00
-2.696535519815748557e+03 -6.241307606861297330e+01 1.865025002221752584e+04 6.578201017777454000e+15 0.000000000000000000e+00
-1.731530754982959479e+03 -4.599586350768340992e+01 1.900109144368564739e+04 6.546494927610045000e+15 0.000000000000000000e+00
-1.229597444440238178e+03 -3.703605399248446872e+01 2.415005347500810603e+04 6.514963514811440000e+15 0.000000000000000000e+00
-1.818125520728994161e+03 -5.619447773033617466e+01 1.047153217904816120e+04 6.483683623754117000e+15 0.000000000000000000e+00
-8.362094460463151336e+03 -7.026760714200591451e+01 1.849795977681348813e+04 8.730373738642865000e+14 0.000000000000000000e+00
-2.530824786631623283e+03 -5.784428905232637419e+01 1.287426167099762642e+04 6.422203147915325000e+15 0.000000000000000000e+00
7.619343648552894592e+02 -4.658375233360781920e+01 1.391900859935239532e+04 6.392004919385816000e+15 0.000000000000000000e+00
-2.662240525056840852e+03 -6.311051899792563802e+01 2.400473391752843600e+04 6.361883199139352000e+15 0.000000000000000000e+00
-7.048459686473943293e+02 -5.039049471545850167e+01 2.141946444938834611e+04 6.332193800365871000e+15 0.000000000000000000e+00
-3.388636292696464807e+02 -6.017153876233420817e+01 7.693884198811979331e+03 6.302621281134328000e+15 0.000000000000000000e+00
-1.621987757300725207e+03 -5.385362095124725812e+01 1.268124232841525918e+04 6.273315226460549000e+15 0.000000000000000000e+00
-1.384498876129626296e+04 -2.912093496233710965e+01 6.891484101514030772e+04 8.457464481957056250e+14 0.000000000000000000e+00
-1.339296386122144759e+04 -3.929366564297470887e+01 7.686534987142656464e+05 4.186486855221085625e+14 0.000000000000000000e+00
-1.280980766983679496e+04 -2.863701624048571048e+01 2.891999376202980784e+04 6.211814624810312000e+15 0.000000000000000000e+00
-5.942989333499711938e+04 -3.245958846009244070e+01 3.092334566771872924e+05 8.345177944978557500e+14 0.000000000000000000e+00
-2.727491832824889570e+03 -4.573212875285251044e+01 1.145515571573082161e+04 8.308734585639532500e+14 0.000000000000000000e+00
-9.620011761579196900e+03 -4.386581658316128340e+01 5.332205889852580003e+04 8.272427076245745000e+14 0.000000000000000000e+00
-3.181905603540129960e+03 -5.547507735768668624e+01 3.322069610810195445e+04 8.236408032317400000e+14 0.000000000000000000e+00
-2.533453004843904637e+04 -3.993560598835754405e+01 1.474132071483432956e+05 8.199874111901622500e+14 0.000000000000000000e+00
-1.338151382887503132e+04 -2.805181927419140919e+01 2.857016484106303324e+04 6.051748852417341000e+15 0.000000000000000000e+00
-2.682613798034377396e+03 -5.797417836536089908e+01 1.389571581240096020e+04 6.028238223200814000e+15 0.000000000000000000e+00
-4.400973603463312611e+04 -5.600269585517569482e+01 7.576683480407888419e+04 6.001800032887240000e+15 0.000000000000000000e+00
-4.492249431089730933e+03 -5.381544194166714590e+01 1.705974606274305552e+04 8.057599101815136250e+14 0.000000000000000000e+00
-8.198511080225231126e+03 -4.207100091637013861e+01 3.695821929771323630e+04 8.024227644533917500e+14 0.000000000000000000e+00
-1.453773102083010599e+03 -5.424822253764613578e+01 7.326484590108026168e+03 7.990848511387955000e+14 0.000000000000000000e+00
-2.466486221713945270e+03 -4.660259600284391013e+01 1.084058023117724042e+04 5.905879864597878000e+15 0.000000000000000000e+00
-3.206679608275881037e+03 -3.923670095805588431e+01 1.700691817553493820e+04 7.922284976468223750e+14 0.000000000000000000e+00
-1.624792073073796928e+03 -5.303735753686530074e+01 1.127017331556871977e+04 5.855351995046989000e+15 0.000000000000000000e+00
-4.086217757660662755e+03 -6.705213148445513127e+01 2.295962120110822070e+04 5.830313237823140000e+15 0.000000000000000000e+00
-5.472728605403099209e+02 -5.664863197632683267e+01 1.099729720145693500e+04 5.805765584574027000e+15 0.000000000000000000e+00
-3.014733666846528649e+03 -6.251187680931503365e+01 1.802694646902871318e+04 5.781072283057432000e+15 0.000000000000000000e+00
-1.812488495570141822e+02 -5.491952499438524882e+01 8.631794145195966848e+03 5.756817087157959000e+15 0.000000000000000000e+00
-1.364975247762398794e+03 -4.491830316770071363e+01 1.399893758924631402e+04 7.723707411584403750e+14 0.000000000000000000e+00
8.790691838089842349e+02 -5.228680918208068107e+01 1.042741129256885324e+04 5.708490268171475000e+15 0.000000000000000000e+00
-2.889513069957261905e+03 -6.470198042404375371e+01 1.508301504122996448e+04 5.684640084115803000e+15 0.000000000000000000e+00
-4.016942512446548790e+02 -4.903144324667391629e+01 1.023928044914797101e+04 7.627553667500317500e+14 0.000000000000000000e+00
-1.013409041399578564e+04 -3.299654728254441949e+01 1.776840218402984465e+04 5.637856655017116000e+15 0.000000000000000000e+00
-2.183554155785357580e+03 -5.879341622439863357e+01 7.107046967462380962e+03 7.565493137467133750e+14 0.000000000000000000e+00
-4.195983530632220209e+02 -4.662027268565308447e+01 1.183142525178188225e+04 5.594159578516083000e+15 0.000000000000000000e+00
-2.647748079060809687e+03 -4.384836984914558400e+01 1.236842320252309946e+04 7.504774036092557500e+14 0.000000000000000000e+00
-2.703930539310444146e+03 -5.018747033883180819e+01 9.658517072106094929e+03 7.475096658291477500e+14 0.000000000000000000e+00
-2.496664953549625352e+03 -6.660780807869468845e+01 1.011654548507000254e+04 7.446053486421832500e+14 0.000000000000000000e+00
-9.056248815143480897e+03 -3.427941756139659901e+01 1.993168604753104592e+04 5.504003377320566000e+15 0.000000000000000000e+00
-4.863974118684651330e+03 -7.206851070837953444e+01 2.402965325238186415e+04 7.388421131137596250e+14 0.000000000000000000e+00
-8.370594969741068780e+02 -5.984273916990596831e+01 1.369760651174786472e+04 5.461711064297763000e+15 0.000000000000000000e+00
-2.248340854767709970e+03 -6.098395446985410473e+01 3.601222085080673423e+04 7.330575329085587500e+14 0.000000000000000000e+00
-8.896367928126128390e+03 -3.895743695056525979e+01 2.819815591708449938e+04 5.422851073283399000e+15 0.000000000000000000e+00
-5.148301181523362175e+03 -4.037371507461572406e+01 1.273449970271012899e+04 5.402602775732654000e+15 0.000000000000000000e+00
-5.942051008666865528e+03 -4.016105323361870916e+01 2.345009377805418262e+04 7.244680281208401250e+14 0.000000000000000000e+00
-2.522947668865788728e+03 -5.767122590140859728e+01 1.108231360798615424e+04 5.360856478999924000e+15 0.000000000000000000e+00
-2.120292535539716482e+03 -4.193469311269129918e+01 1.552868257917013580e+04 5.340031456594140000e+15 0.000000000000000000e+00
-1.958565707601839676e+03 -4.186600819286513797e+01 1.261046844707773562e+04 7.161598257637373750e+14 0.000000000000000000e+00
-2.868744704085169360e+03 -6.736638934544249935e+01 1.501485566836492399e+04 5.298601220926322000e+15 0.000000000000000000e+00
7.193273461011704057e+02 -6.108227735368427602e+01 9.080258469721742586e+03 7.106624991243548750e+14 0.000000000000000000e+00
-3.645520119267981499e+03 -4.754230425456383813e+01 1.239842475117043250e+04 5.258299447538773000e+15 0.000000000000000000e+00
-1.803653930435888469e+03 -4.965627402592826201e+01 1.488730120948194417e+04 7.052327154701018750e+14 0.000000000000000000e+00
-3.262378150375327095e+03 -4.034414433650733400e+01 1.261938574637215243e+04 7.025617293138625000e+14 0.000000000000000000e+00
-9.392540691945469007e+03 -6.269589527502594706e+01 4.512577871166232217e+04 5.198687628679899000e+15 0.000000000000000000e+00
-1.213390396015252918e+03 -4.296473399152546335e+01 9.336077790725925297e+03 5.179599901628743000e+15 0.000000000000000000e+00
-1.104997527996776626e+03 -6.387685296859151407e+01 6.661032534092003516e+03 6.947373733650615000e+14 0.000000000000000000e+00
-8.409620756527874619e+02 -4.723563793207529926e+01 9.113870983091481321e+03 6.921437398450921250e+14 0.000000000000000000e+00
-1.690310006592422724e+03 -6.019023061769622274e+01 9.661868861079054113e+03 6.895547996037965000e+14 0.000000000000000000e+00
1.747651811293093488e+03 -6.086449659144975044e+01 1.097181196108065706e+04 5.102171317944587000e+15 0.000000000000000000e+00
-2.789177525558043271e+02 -6.011492055249568978e+01 9.685758190230368200e+03 5.083234603703852000e+15 0.000000000000000000e+00
-2.269821185375563800e+03 -4.498634229260620288e+01 1.138840041800175459e+04 5.064341748030755000e+15 0.000000000000000000e+00
-1.667070722773764282e+04 -7.776676314259326261e+01 4.505221152121802152e+04 6.794104967958146250e+14 0.000000000000000000e+00
-1.557973178418818861e+03 -4.526530412442502183e+01 8.179515070406893756e+03 6.772392913984686250e+14 0.000000000000000000e+00
-1.319224597076186910e+03 -6.178366869833601527e+01 8.204345007393318156e+03 5.009445281164225000e+15 0.000000000000000000e+00
-1.856691058904398233e+03 -4.466744857483971032e+01 8.179581130953615684e+03 4.991148814758317000e+15 0.000000000000000000e+00
1.104546249239938334e+03 -5.179555322606316992e+01 8.338688260832823289e+03 6.698781878900083750e+14 0.000000000000000000e+00
2.316154799894429743e+02 -6.245039717121505163e+01 1.686541987321597480e+04 6.674690211028182500e+14 0.000000000000000000e+00
-3.453825316946255043e+03 -3.849362466038802921e+01 1.943827264093519989e+04 6.650539842250276250e+14 0.000000000000000000e+00
-1.374427701749140397e+03 -5.099349279774969546e+01 6.087173850307996872e+03 6.627178383802911250e+14 0.000000000000000000e+00
-2.552687492018565536e+03 -5.635801808681946312e+01 8.752530589902298743e+03 4.902325387913820000e+15 0.000000000000000000e+00
-2.956527173016685992e+03 -4.502577435759783242e+01 2.256793590123367903e+04 6.580298925039560000e+14 0.000000000000000000e+00
-5.226045362884178758e+00 -6.365567569248296564e+01 2.802472422258196821e+04 6.557158090103327500e+14 0.000000000000000000e+00
-1.909403851978480816e+03 -4.966820054420711017e+01 8.445905444670899669e+03 6.533848982500611250e+14 0.000000000000000000e+00
-1.396949888542992994e+03 -4.108198609480045604e+01 7.894953622291015563e+03 6.511299880880901250e+14 0.000000000000000000e+00
-1.413949597228551283e+03 -5.894765920356849165e+01 5.919515979092167981e+03 6.488653954920967500e+14 0.000000000000000000e+00
-1.266411236434010789e+03 -4.931580298479740065e+01 6.249752953629401418e+03 4.800873092904011000e+15 0.000000000000000000e+00
-1.033895626946585253e+03 -4.649506954075346954e+01 5.854714748658350800e+03 6.443610221607006250e+14 0.000000000000000000e+00
-2.662534863690612838e+03 -6.535074300686868298e+01 1.366275214711416265e+04 6.421327192088357500e+14 0.000000000000000000e+00
-1.261273433805676177e+03 -6.139657777158655705e+01 1.114783122877369169e+04 6.399582885012556250e+14 0.000000000000000000e+00
7.270584181218873709e+01 -5.764047078546954594e+01 7.100177084607347751e+03 6.377562062271483750e+14 0.000000000000000000e+00
-1.408297103921417147e+03 -4.463522158335434398e+01 6.229558333038899946e+03 6.355521076001188750e+14 0.000000000000000000e+00
-6.916673690091120079e+02 -6.361170423337139113e+01 1.133286365737288543e+04 6.334021210121393750e+14 0.000000000000000000e+00
-9.157667260692687705e+02 -4.594257415446401183e+01 9.513354264893743675e+03 6.312321272367918750e+14 0.000000000000000000e+00
-5.467606759613030590e+03 -3.741376438266905780e+01 3.443846993094333448e+05 3.114845806524470000e+14 0.000000000000000000e+00
-2.817770299465628341e+03 -5.088436183208727925e+01 1.614791348994246982e+04 4.684720339254741000e+15 0.000000000000000000e+00
-3.518604556559352204e+03 -4.570441435206630842e+01 2.266542773070498879e+04 6.258074573723408750e+14 0.000000000000000000e+00
-4.069950673347339034e+02 -5.281639014953373135e+01 5.743909316086032959e+03 6.237329748702288750e+14 0.000000000000000000e+00
-1.325404550335486419e+03 -4.791093854470906876e+01 1.020537524416442284e+04 6.216306614855766250e+14 0.000000000000000000e+00
-3.635715031312312931e+03 -7.326273621287302262e+01 1.628005335606707558e+04 6.195602425191905000e+14 0.000000000000000000e+00
-1.934611482050153427e+03 -5.779821529904325672e+01 5.358322203119119877e+03 6.175648286629877500e+14 0.000000000000000000e+00
-6.441311821823706850e+03 -3.781476503175728254e+01 2.029833394074439639e+04 6.155811545496723750e+14 0.000000000000000000e+00
2.556946659586392343e+02 -6.276814296121362702e+01 8.792602985216306479e+03 6.137114267197331250e+14 0.000000000000000000e+00
-5.261552118130843155e+03 -5.421731582799483107e+01 9.660068075738719926e+03 4.563306502232681000e+15 0.000000000000000000e+00
-1.397719125502160750e+03 -4.687391862793591457e+01 7.473116078152204864e+03 6.096543722361385000e+14 0.000000000000000000e+00
-6.629991086962632835e+03 -4.907223320654464516e+01 1.208093444156430087e+04 4.534242763678489000e+15 0.000000000000000000e+00
-1.008833863135660067e+03 -5.014712312958029372e+01 5.704875952980167312e+03 6.056858798335663750e+14 0.000000000000000000e+00
-9.469689906876767054e+03 -4.673107083726040401e+01 2.034823769620620806e+04 4.505593846377561000e+15 0.000000000000000000e+00
-2.041744194779312238e+02 -4.723973079197378411e+01 5.244935620380571891e+03 6.017959551460943750e+14 0.000000000000000000e+00
-7.673842389369849116e+03 -2.942581248790225246e+01 2.073617229082375707e+04 4.477764870269478500e+15 0.000000000000000000e+00
-3.004318160119000822e+02 -6.037455320430530747e+01 6.938290045101616670e+03 5.978951906509000000e+14 0.000000000000000000e+00
6.186861185643356293e+02 -5.582385603002101249e+01 4.313384776705049262e+03 5.959632085206300000e+14 0.000000000000000000e+00
-1.475209644169546664e+03 -5.422831808882606452e+01 3.913956719959220663e+03 5.940539669874562500e+14 0.000000000000000000e+00
-3.166877089565969072e+03 -5.181065640761453750e+01 8.820008172445081073e+03 4.421301553168673500e+15 0.000000000000000000e+00
-3.646131221493077464e+04 -7.929635252676265011e+00 1.385072204777733656e+06 2.915810358778956875e+14 0.000000000000000000e+00
-1.734307877507293597e+03 -6.684577054802527130e+01 7.066584417879545072e+03 5.884236391564888750e+14 0.000000000000000000e+00
-4.450601047265343368e+03 -3.637151543969627454e+01 1.673862256981418250e+04 5.865984471228465000e+14 0.000000000000000000e+00
-3.745203911553253420e+03 -4.491976370151549247e+01 1.420564221321965124e+04 5.848441700072138750e+14 0.000000000000000000e+00
-2.300905912344460376e+03 -5.837300424388347864e+01 6.724619147397061170e+03 5.830902711595771250e+14 0.000000000000000000e+00
-1.056542542836978100e+03 -6.317291433698078862e+01 5.756284939433526233e+03 5.813421365932168750e+14 0.000000000000000000e+00
-1.617178531394351739e+04 -2.875617183961600176e+01 1.209147348530904390e+06 2.860970268165958750e+14 0.000000000000000000e+00
-5.865747947051422670e+02 -6.077502838911215122e+01 8.062570557953023126e+03 5.777378841319212500e+14 0.000000000000000000e+00
-1.032547895451658405e+03 -5.273952612924347960e+01 3.420476416557228276e+03 5.759383720088887500e+14 0.000000000000000000e+00
-6.205926174898631871e+02 -4.510603153734528803e+01 6.266503427636700508e+03 5.741707660605347500e+14 0.000000000000000000e+00
-1.012284811903256923e+03 -4.922564230856892209e+01 8.648705001689579149e+03 4.277062111200700500e+15 0.000000000000000000e+00
7.554212758458452299e+02 -5.454316796124262368e+01 6.451459476181479658e+03 5.706272062307321250e+14 0.000000000000000000e+00
-4.062832771872985177e+03 -4.985868037410292430e+01 9.884544019956147167e+03 5.688795247914802500e+14 0.000000000000000000e+00
1.577231955935712904e+01 -5.356776577439546827e+01 8.243461155974124267e+03 5.673118215840567500e+14 0.000000000000000000e+00
-1.102066031413385645e+03 -5.549209352218761637e+01 5.882236424735622677e+03 5.655733590674568750e+14 0.000000000000000000e+00
-6.921652257490204647e+02 -5.657819287236266348e+01 7.291985384327806059e+03 5.638664990742686250e+14 0.000000000000000000e+00
-3.020666115342290141e+03 -5.386686765647392150e+01 8.150228697547632692e+03 4.200749425428253500e+15 0.000000000000000000e+00
-2.311999818616895936e+03 -4.958952865236978624e+01 6.779236685828429472e+03 5.604561270393535000e+14 0.000000000000000000e+00
2.882819895454565994e+03 -5.513167523836420969e+01 8.791037991427700035e+03 4.175705283354530000e+15 0.000000000000000000e+00
1.843374992043245584e+02 -5.000148053101229095e+01 5.997725194670914789e+03 5.572871199058151875e+14 0.000000000000000000e+00
-3.374376243241364136e+03 -4.952872652291383559e+01 9.555884070069098016e+03 4.151569142025635500e+15 0.000000000000000000e+00
-6.223205717390752397e+03 -4.410356652310478864e+01 1.571236775259114620e+04 4.139376364528696000e+15 0.000000000000000000e+00
-3.631592784216627479e+03 -6.996544804961739317e+01 6.059059286938363584e+03 5.522878689805945000e+14 0.000000000000000000e+00
5.764002011658158153e+01 -4.661156334251778333e+01 6.083135272458274812e+03 5.508674612937939375e+14 0.000000000000000000e+00
-4.533766308528487571e+03 -3.900306507647576382e+01 1.033272951266395830e+04 5.492296406723838750e+14 0.000000000000000000e+00
-1.068414636631007306e+04 -5.801063818241632930e+01 6.560859796294142725e+05 2.700141477218625000e+14 0.000000000000000000e+00
-7.475472846922930330e+02 -5.982675571697453876e+01 7.924183527361300548e+03 5.461845888414434375e+14 0.000000000000000000e+00
-7.777942538906354457e+02 -5.994071613310905633e+01 1.278027578573221581e+04 5.445813160186136250e+14 0.000000000000000000e+00
-6.592419521452393383e+01 -6.680829262521400835e+01 7.396779001372689891e+03 5.429852241909923750e+14 0.000000000000000000e+00
-2.036346694707637653e+03 -4.203115958417392051e+01 7.556405063864952353e+03 5.413943514336889375e+14 0.000000000000000000e+00
-1.155846250201342627e+03 -6.336009810823291843e+01 5.179730252159780321e+03 5.398705767088137500e+14 0.000000000000000000e+00
1.881343546276912093e+02 -5.071399073803641500e+01 4.125916728233079084e+03 5.383211157107510625e+14 0.000000000000000000e+00
-2.826891566355596296e+03 -6.247514510706714219e+01 7.571050584510561748e+03 4.010179890575240000e+15 0.000000000000000000e+00
-7.928072381594334729e+03 -4.208829325348217054e+01 6.039747662360260729e+05 2.637711239939211250e+14 0.000000000000000000e+00
-2.117464113990892656e+03 -6.033406244261740170e+01 5.362969277955547113e+03 5.336615305867468125e+14 0.000000000000000000e+00
-1.015748437838396057e+03 -5.607879917196292041e+01 4.322028968810837796e+03 5.322039717133389375e+14 0.000000000000000000e+00
-4.498769832730758935e+02 -5.898790622617144663e+01 3.882825352214900704e+03 5.306951876149939375e+14 0.000000000000000000e+00
1.217934280234621838e+02 -6.046591288077500081e+01 1.108711418161222173e+04 3.953336785930824000e+15 0.000000000000000000e+00
-6.991128725666785613e+02 -5.131851978547719284e+01 5.358499380613081485e+03 5.276697164223908750e+14 0.000000000000000000e+00
-1.786145406831055880e+03 -4.202803886286873336e+01 6.948581495663451278e+03 5.261756796398055625e+14 0.000000000000000000e+00
-5.726293040462769568e+02 -5.301436194872051288e+01 4.382480093825688527e+03 5.247270674964913750e+14 0.000000000000000000e+00
-5.779108888161950745e+03 -4.118055027526872891e+01 1.955712694194166397e+04 5.232473521447788125e+14 0.000000000000000000e+00
-9.001816497510299087e+01 -6.321367479463114591e+01 6.383311867839094703e+03 5.218847740347126875e+14 0.000000000000000000e+00
-4.417974792222958058e+01 -5.371147945160328874e+01 6.936342905396853894e+03 5.204160019750680625e+14 0.000000000000000000e+00
4.067022300007520244e+02 -5.508311408199762127e+01 4.525324652073866673e+03 5.189554445381409375e+14 0.000000000000000000e+00
2.744376118760555983e+00 -5.370120961943192128e+01 3.026355064731607399e+03 5.175071828991120000e+14 0.000000000000000000e+00
-5.790395640236092731e+02 -4.397535084427359209e+01 5.627534844733632781e+03 5.160629973901936250e+14 0.000000000000000000e+00
-2.676343571401084773e+03 -5.439736305003754779e+01 1.027824452848742476e+04 5.146319976374776250e+14 0.000000000000000000e+00
-5.069471850892296061e+02 -5.586974864422874276e+01 5.608033896093635121e+03 5.132652967068097500e+14 0.000000000000000000e+00
-3.313761146846110933e+03 -6.669823961474749296e+01 6.952922726165945278e+03 5.118484017218865000e+14 0.000000000000000000e+00
-1.060018816915340722e+03 -6.036046642899001569e+01 4.060415483148188287e+03 3.812557490737686000e+15 0.000000000000000000e+00
-6.240530486213974655e+02 -5.782560513296238014e+01 3.482929095586212497e+03 5.091825902737368750e+14 0.000000000000000000e+00
-2.076352541996398941e+03 -5.166200916671085253e+01 6.321106274754254628e+03 5.077921064891538750e+14 0.000000000000000000e+00
-4.119203014131635427e+02 -6.081382962439212037e+01 5.296249296894131476e+03 5.064652848836634375e+14 0.000000000000000000e+00
1.998736751953838393e+02 -5.238175225033052129e+01 7.093936847003557887e+03 5.050848767783259375e+14 0.000000000000000000e+00
-1.454913340202649124e+03 -5.981070483921998715e+01 3.021095874205987911e+03 5.037107135453605625e+14 0.000000000000000000e+00
-1.047833667938597500e+03 -5.912803854291970396e+01 1.169101433041952805e+04 5.023881153809875625e+14 0.000000000000000000e+00
-1.401143285531667061e+03 -5.052683386258726017e+01 5.501870335838526444e+03 5.010348144697203125e+14 0.000000000000000000e+00
4.535412074725609273e+02 -5.465478941343631902e+01 3.950031624471127088e+03 4.997130401276970625e+14 0.000000000000000000e+00
-6.715372353501152247e+01 -6.224722049026318160e+01 4.005749557696087777e+03 4.983723431790720625e+14 0.000000000000000000e+00
-1.711750176117755473e+03 -6.357181978036915382e+01 1.233325140383126745e+04 4.970337618749103750e+14 0.000000000000000000e+00
3.190118691729148850e+02 -6.048846410165059240e+01 3.908447891310559953e+03 4.957203896726144375e+14 0.000000000000000000e+00
-1.359338488421984948e+03 -5.377120852066557433e+01 5.710001176451315587e+03 4.943990016016095000e+14 0.000000000000000000e+00
-6.880158246364444494e+02 -5.837027201324475811e+01 4.179789311113815529e+03 4.931098259673371875e+14 0.000000000000000000e+00
-1.800460600791266188e+02 -5.519020821097124951e+01 4.541685062845189350e+03 4.918072289715856250e+14 0.000000000000000000e+00
-2.341626678340369835e+03 -4.129473775517021039e+01 7.701901291193535144e+03 4.905040890359830000e+14 0.000000000000000000e+00
3.274249001046409830e+02 -5.968625335356085770e+01 2.938984933495298719e+03 4.892706142141081875e+14 0.000000000000000000e+00
-2.627519528681063093e+03 -3.839489106065048674e+01 1.300299080624409908e+04 4.879842275143261250e+14 0.000000000000000000e+00
7.615541427150601521e+02 -5.183561534512698188e+01 3.531926285885259404e+03 4.867406319919566875e+14 0.000000000000000000e+00
-1.145675776585703716e+03 -6.537910610832679481e+01 8.103492415561141570e+03 4.854780016249995000e+14 0.000000000000000000e+00
-1.836464388867607340e+03 -6.499271092119552407e+01 5.616515227736448651e+03 4.842212878359656250e+14 0.000000000000000000e+00
1.869564476087689400e+02 -5.544322322863968822e+01 5.424808513153087006e+03 4.830080339138775000e+14 0.000000000000000000e+00
-1.805000542628113180e+01 -6.752184846108953309e+01 2.495640675575790374e+04 3.596518566368212500e+15 0.000000000000000000e+00
-8.077747557143447921e+02 -4.439343597172246092e+01 5.064762887726848930e+03 4.805293716981515625e+14 0.000000000000000000e+00
-3.960427583179203793e+03 -4.574262053758846491e+01 7.654743648768184357e+03 4.792954309331278750e+14 0.000000000000000000e+00
1.134478649697615765e+03 -6.669036661610364547e+01 5.400383801331428913e+03 4.782368073033635625e+14 0.000000000000000000e+00
6.247070541151333600e+02 -5.793028876394348003e+01 3.940038966093575254e+03 4.770282559794270625e+14 0.000000000000000000e+00
9.923702277110423893e+02 -5.713996924423455681e+01 7.091262665817977904e+03 4.758119143746075625e+14 0.000000000000000000e+00
1.167378739828395192e+04 -5.907789267369169295e+01 6.620002760633905382e+03 4.746060956953575625e+14 0.000000000000000000e+00
6.062287565933074802e+02 -5.672369541166337825e+01 5.299700608359599755e+03 4.752276753331681875e+14 0.000000000000000000e+00
-5.151384259395999834e+02 -7.074261435080254046e+01 7.841186630439285182e+03 4.740232477603440625e+14 0.000000000000000000e+00
9.173333691916195676e+02 -5.360940218539093394e+01 6.569332880974677209e+03 4.728204333370083125e+14 0.000000000000000000e+00
-2.061571749536087736e+02 -7.308030927027640189e+01 1.075744170097641108e+04 4.716335159555273750e+14 0.000000000000000000e+00
1.227759375045890920e+03 -4.994024324687040917e+01 1.450554189700412826e+04 4.704405972051617500e+14 0.000000000000000000e+00
6.694444385748356581e+02 -5.936859541336770008e+01 4.396616015921704275e+03 4.692608738486058750e+14 0.000000000000000000e+00
8.104138571583898738e+02 -5.173893010029993178e+01 3.502838131304046328e+03 4.680894321196401250e+14 0.000000000000000000e+00
-6.115137712438590825e+02 -6.572138131383515258e+01 5.163064273274354491e+03 4.669295096845769375e+14 0.000000000000000000e+00
-4.739364217087859288e+02 -5.534264279512378693e+01 4.282337541217902071e+03 4.657650436937722500e+14 0.000000000000000000e+00
4.352212913226103410e+02 -6.089587806194759878e+01 5.320773518649149082e+03 4.646047491935309375e+14 0.000000000000000000e+00
-4.612541004011640325e+03 -4.005352108595324978e+01 1.033068274998583729e+04 4.634509205294486250e+14 0.000000000000000000e+00
-7.536059905124129727e+02 -4.814432880657130198e+01 3.883488751224106636e+03 4.624571656339868125e+14 0.000000000000000000e+00
-6.248583615658571944e+02 -5.530200540363924944e+01 2.639685439268534083e+03 4.613197299610676875e+14 0.000000000000000000e+00
-5.246966351721202955e+02 -4.663310095068181482e+01 5.421795753984953080e+03 4.601857118411925000e+14 0.000000000000000000e+00
7.582635960859479383e+02 -6.243912758983031352e+01 9.062793884609527595e+03 4.590538329684970625e+14 0.000000000000000000e+00
7.589718893415993080e+02 -5.693166582837345402e+01 3.811305185970437833e+03 4.579298636765125625e+14 0.000000000000000000e+00
-8.411445490046171471e+02 -4.304242588802441816e+01 6.600251884611611786e+03 4.568180643677402500e+14 0.000000000000000000e+00
-5.963373706735437736e+02 -4.034785899343973625e+01 6.881858400441507001e+03 4.557073676670590625e+14 0.000000000000000000e+00
-1.003779350257478654e+03 -5.482259260090648922e+01 4.197053017386193460e+03 4.545977743566216250e+14 0.000000000000000000e+00
-6.881793639912502840e+02 -5.733604272577553473e+01 1.238111919119448612e+04 4.535057355624244375e+14 0.000000000000000000e+00
-4.503069115895777941e+02 -6.287721478478117376e+01 4.834062100927440952e+03 4.524053815670830000e+14 0.000000000000000000e+00
-1.499886816684622318e+03 -4.520900791723099843e+01 6.294862200272350492e+03 4.513104905046493750e+14 0.000000000000000000e+00
-3.741175588205223903e+02 -5.156875613597304664e+01 7.484582193877587088e+03 4.502458899116734375e+14 0.000000000000000000e+00
-1.010028707698336802e+03 -4.828504904714950641e+01 3.993041838888048005e+03 4.491603828101393125e+14 0.000000000000000000e+00
2.063749939232366160e+02 -5.712377061582672866e+01 3.163370622808987719e+03 4.480953131634127500e+14 0.000000000000000000e+00
-3.593108865660731681e+03 -4.578040533179688509e+01 1.057446002546035015e+04 4.470203199377706250e+14 0.000000000000000000e+00
1.443266908831777982e+03 -5.418064305643753187e+01 4.671286321907479760e+03 4.460349159272976875e+14 0.000000000000000000e+00
-1.246738364850636572e+03 -5.942482301253846799e+01 6.299310386876549273e+03 4.450048135123636250e+14 0.000000000000000000e+00
3.074845632361248136e+02 -5.395578031599210789e+01 6.013002426588107483e+03 4.439612337887300625e+14 0.000000000000000000e+00
-6.882342577889794484e+02 -4.814304879708348750e+01 6.065638234754080258e+03 4.429067711564431875e+14 0.000000000000000000e+00
1.326900304139358923e+03 -5.439916144247135321e+01 3.485741563805421720e+03 4.418609539554567500e+14 0.000000000000000000e+00
-2.017400074157631025e+02 -5.726727146406441449e+01 2.659986762273791101e+03 4.408501428038971875e+14 0.000000000000000000e+00
4.419600139054236934e+02 -5.411105079273333018e+01 3.766016718056386253e+03 4.398090902065534375e+14 0.000000000000000000e+00
6.866137113698059693e+02 -6.246121725457760476e+01 3.591339336826668841e+03 4.387770876909577500e+14 0.000000000000000000e+00
-6.126791763298679143e+02 -4.377287408281301140e+01 7.142833122131200980e+03 4.377555404123270625e+14 0.000000000000000000e+00
-2.327962933546863496e+03 -6.607707687959185705e+01 8.096164944290290805e+03 3.254207353947165000e+15 0.000000000000000000e+00
-1.578433698947541416e+03 -4.603347518669022520e+01 5.951053389614205116e+03 4.357155611399121875e+14 0.000000000000000000e+00
-4.544836864186218008e+02 -4.013897250277552331e+01 4.540210518898811642e+03 4.347283926083668750e+14 0.000000000000000000e+00
1.297236869797343388e+02 -5.173628998686154290e+01 7.381981044303924136e+03 4.337184424923692500e+14 0.000000000000000000e+00
-3.068533557640621439e+02 -5.151812635461941170e+01 2.379880775661816642e+03 4.327107922848960625e+14 0.000000000000000000e+00
-6.647301736336667091e+02 -5.932409545094876080e+01 3.314217959610563867e+03 4.317088282854158125e+14 0.000000000000000000e+00
-3.163759059198200703e+02 -4.950252687307224875e+01 3.008037331824108151e+03 4.307169993001031875e+14 0.000000000000000000e+00
-3.118047024542465806e+01 -4.978102868650321255e+01 3.826548610284775805e+03 4.297243578676228750e+14 0.000000000000000000e+00
-1.646222445471212268e+02 -6.384757890906931976e+01 3.698332845693063064e+03 4.287349377290071875e+14 0.000000000000000000e+00
