0.000000000000000000e+00 0.000000000000000000e+00 0.000000000000000000e+00 0.000000000000000000e+00 0.000000000000000000e+00
-1.108720446089459415e+02 -1.106863130254807857e+02 9.630614600919347457e-02 1.172091088995169848e+05 0.000000000000000000e+00
-1.002334508126276091e+02 -1.000296269213255442e+02 1.002133954873888205e-01 2.097035840179105071e+04 0.000000000000000000e+00
-9.418534968292026122e+01 -9.418559572180267025e+01 2.360012561982258728e-01 1.207495111170108721e+05 0.000000000000000000e+00
-9.474860688502519679e+01 -9.452085321776469584e+01 8.884952243051237597e-02 1.172986576480052609e+05 0.000000000000000000e+00
-1.026902674372644100e+02 -1.025526158032744917e+02 8.546369643658502380e-02 1.227421612639017403e+05 0.000000000000000000e+00
-1.080994354007835767e+02 -1.080225529681141836e+02 5.671362212832551514e-02 1.225044694769728812e+05 0.000000000000000000e+00
-1.052551921802400869e+02 -1.052835168804247701e+02 7.395037047344238390e-02 1.205159118208540167e+05 0.000000000000000000e+00
-1.028556795679200349e+02 -1.026592153855686576e+02 8.481669780288371430e-02 1.175647900933352066e+05 0.000000000000000000e+00
-1.053639154240123332e+02 -1.053187648084455503e+02 4.316847691657518110e-02 1.206333037102803646e+05 0.000000000000000000e+00
-1.051985228436312241e+02 -1.051854606788234179e+02 7.037698460298882908e-02 1.181280860600300657e+05 0.000000000000000000e+00
-1.107312932386791715e+02 -1.106595917176983761e+02 5.694251312204773319e-02 1.153354080817353533e+05 0.000000000000000000e+00
-1.080863857209079981e+02 -1.080696443009557015e+02 6.557135764905505648e-02 1.135538643193257012e+05 0.000000000000000000e+00
-1.027059029961278895e+02 -1.026209136244968931e+02 5.806498180423649152e-02 1.110114499538589880e+05 0.000000000000000000e+00
-1.080824938431246807e+02 -1.080703347310976028e+02 5.516567216637324744e-02 1.098337014618216344e+05 0.000000000000000000e+00
-1.053254191917955893e+02 -1.052826972546588991e+02 2.850543701524398121e-02 1.470401967927418809e+03 0.000000000000000000e+00
-1.006344835760829994e+02 -1.004592146570954299e+02 1.038217672169332861e-01 1.053609341995014693e+05 0.000000000000000000e+00
-1.005522174148583758e+02 -1.003963791640721723e+02 6.571857792115345931e-02 1.063709014246685692e+05 0.000000000000000000e+00
-9.459371761215987817e+01 -9.443164109412036566e+01 4.534223221786807395e-02 1.752621111778960540e+03 0.000000000000000000e+00
-9.725494645623993506e+01 -9.712188570809480836e+01 6.079823027325773760e-02 1.057716002229395526e+05 0.000000000000000000e+00
-9.985852032723498439e+01 -9.985500760873971160e+01 4.203306438576548398e-02 1.062537448241170059e+05 0.000000000000000000e+00
-9.999881594257891493e+01 -9.992524670618499272e+01 4.179354108562266523e-02 1.042133791475343605e+05 0.000000000000000000e+00
-1.107947710517508995e+02 -1.107693157952435854e+02 3.555864054296631327e-02 2.546345904965059162e+04 0.000000000000000000e+00
-9.990889918466233155e+01 -9.991713453188894789e+01 2.674196973082559187e-02 2.506686876153007688e+04 0.000000000000000000e+00
-1.080595345367411966e+02 -1.080465795303598497e+02 2.148166269647694415e-02 2.462311772289269356e+04 0.000000000000000000e+00
-1.025300559213430063e+02 -1.025412493188702143e+02 4.019630255637408889e-02 9.766156146698853991e+04 0.000000000000000000e+00
-1.022630291632775084e+02 -1.021831932112953609e+02 8.777233523656065295e-02 9.596396296954339778e+04 0.000000000000000000e+00
-1.052498037145592633e+02 -1.052552793485329943e+02 2.243003501119743975e-02 2.391344752317641178e+04 0.000000000000000000e+00
-1.026041068152266433e+02 -1.025652465900537891e+02 4.004834228399714591e-02 9.333513760192462360e+04 0.000000000000000000e+00
-1.080575046817817935e+02 -1.080444554265920374e+02 1.863790255411374927e-02 2.313145800621778108e+04 0.000000000000000000e+00
-9.980796516125865026e+01 -9.973540715159258241e+01 5.811662459068690778e-02 9.051139770477192360e+04 0.000000000000000000e+00
-1.019617714497542806e+02 -1.018155892579276696e+02 7.257232100105920347e-02 2.260719261891106362e+04 0.000000000000000000e+00
-1.052550663039331340e+02 -1.052597309729189590e+02 2.759152641378936899e-02 2.325315031224087215e+04 0.000000000000000000e+00
-1.107271290544370288e+02 -1.106892400028420553e+02 3.454145358122662907e-02 8.836422540894802660e+04 0.000000000000000000e+00
-1.026004213485956171e+02 -1.026043456940126077e+02 2.203874669829271674e-02 2.266246132001223305e+04 0.000000000000000000e+00
-9.866965299135756595e+01 -9.861955535460657529e+01 4.131284443237776688e-02 1.812179450038545838e+03 0.000000000000000000e+00
-1.053359977890864343e+02 -1.052798675663263452e+02 3.940360493406337705e-02 8.460003764792995935e+04 0.000000000000000000e+00
-1.080391019026234005e+02 -1.080467613768582851e+02 1.527405506972823179e-02 2.180490369402376018e+04 0.000000000000000000e+00
-1.080808588721928061e+02 -1.080884583109747155e+02 3.141233422931570540e-02 2.149649091573930127e+04 0.000000000000000000e+00
-1.107693719376712664e+02 -1.107430034129380232e+02 2.975584757269204156e-02 8.140027686073296354e+04 0.000000000000000000e+00
-1.107667762151796040e+02 -1.107433393116436662e+02 2.804412217971859189e-02 8.033687808001812664e+04 0.000000000000000000e+00
-1.079637850892219291e+02 -1.079420703508563975e+02 3.116488791143164766e-02 7.928631211793732655e+04 0.000000000000000000e+00
-1.106596518186749165e+02 -1.106375854018565263e+02 3.418252295639264554e-02 7.825507398960999853e+04 0.000000000000000000e+00
-1.026048672163589828e+02 -1.026114232096907983e+02 2.543811363696974956e-02 7.724831414022744866e+04 0.000000000000000000e+00
-1.080214632866211417e+02 -1.079952668485124008e+02 2.715945634520581034e-02 7.622221488256247540e+04 0.000000000000000000e+00
-9.701701743957585222e+01 -9.703247068113316232e+01 3.194108864037039502e-02 1.967771725678005168e+04 0.000000000000000000e+00
-1.025056398677971288e+02 -1.025208307672884871e+02 1.825534472291549803e-02 1.944177256498662246e+04 0.000000000000000000e+00
-1.024602694982395121e+02 -1.024554846247056616e+02 2.786516663972161620e-02 7.350620530722878175e+04 0.000000000000000000e+00
-1.024274010027697130e+02 -1.024266249685000929e+02 3.679701048128884711e-02 7.257818119966608356e+04 0.000000000000000000e+00
-9.404417859214750308e+01 -9.389724588066411570e+01 6.171863138429330847e-02 7.167085910342559509e+04 0.000000000000000000e+00
-1.025266605487658751e+02 -1.025034834441749751e+02 2.846994064898400109e-02 7.253463421744071820e+04 0.000000000000000000e+00
-9.726763889623569526e+01 -9.721634747585838454e+01 5.618902621451368068e-02 7.171145753980168956e+04 0.000000000000000000e+00
-1.053062006927286376e+02 -1.052777415786805193e+02 2.650362813327887881e-02 7.107768208529199183e+04 0.000000000000000000e+00
-1.024150360578796750e+02 -1.023585995276181961e+02 4.883538174974791368e-02 7.032103335624623287e+04 0.000000000000000000e+00
-9.966303816954827255e+01 -9.972196565224889753e+01 3.916973032862987314e-02 6.977266599674356985e+04 0.000000000000000000e+00
-1.080782146816912217e+02 -1.080522869913399973e+02 2.222781023884314727e-02 6.929564027433244337e+04 0.000000000000000000e+00
-9.716510742050446936e+01 -9.714451434011441222e+01 5.145249948882191920e-02 6.857126945965629420e+04 0.000000000000000000e+00
-1.026277947433954125e+02 -1.026413718391157772e+02 2.040530342255290550e-02 1.911131968423359649e+04 0.000000000000000000e+00
-1.107545021914522465e+02 -1.107634175097351772e+02 7.281213761983722568e-03 1.838314052376576910e+03 0.000000000000000000e+00
-9.725602515181702756e+01 -9.721013982247444574e+01 4.947579707287650536e-02 6.637304434865836811e+04 0.000000000000000000e+00
-9.994018365741702326e+01 -9.991265145087932353e+01 3.533126250796055773e-02 6.582110952434598585e+04 0.000000000000000000e+00
-1.107054894789948207e+02 -1.107014072317620901e+02 2.099913921948353204e-02 6.517743017998726282e+04 0.000000000000000000e+00
-9.706085098217262441e+01 -9.707919575689747660e+01 3.848351573202361126e-02 6.447746119651708432e+04 0.000000000000000000e+00
-9.989951920562913301e+01 -9.989768987512215404e+01 2.633860796840296892e-02 6.381939078488222731e+04 0.000000000000000000e+00
-9.183901325819175554e+01 -9.175466216327197344e+01 3.426923346612130439e-02 6.314803101230441825e+04 0.000000000000000000e+00
-1.052813913937793160e+02 -1.052864718432979885e+02 1.967903369316798684e-02 6.311734380328437692e+04 0.000000000000000000e+00
-1.052031881298951106e+02 -1.052253355080377020e+02 2.997431379575116531e-02 6.246909200491073716e+04 0.000000000000000000e+00
-1.079909745006726070e+02 -1.079713799280168871e+02 1.743687152791657119e-02 6.187478045971650135e+04 0.000000000000000000e+00
-9.701522577344370291e+01 -9.703179308126631497e+01 3.302035866640595091e-02 6.128560274997669330e+04 0.000000000000000000e+00
-1.027169716184332771e+02 -1.026728850080590263e+02 2.099121830159189281e-02 6.069640399677296955e+04 0.000000000000000000e+00
-1.025778660871615102e+02 -1.025830025467269451e+02 1.506620166861638577e-02 6.027531763044730178e+04 0.000000000000000000e+00
-9.721314799895908720e+01 -9.719256545915156664e+01 3.512180015745910294e-02 5.968632127079010388e+04 0.000000000000000000e+00
-1.052098059051145640e+02 -1.052240350155349091e+02 1.343890677507543138e-02 1.678092776430130471e+04 0.000000000000000000e+00
-9.603545966479721585e+01 -9.605122853434259866e+01 3.022784723056514897e-02 1.663722000669718545e+04 0.000000000000000000e+00
-1.053852650186050113e+02 -1.053995388827483453e+02 1.442033914962747958e-02 1.649101801387465457e+04 0.000000000000000000e+00
-9.157951711569307918e+01 -9.155584984127051484e+01 3.667501122361260107e-02 5.790917289451762917e+04 0.000000000000000000e+00
-1.052985602265236764e+02 -1.053015403272284516e+02 6.003061824588522971e-03 1.637962405391849188e+03 0.000000000000000000e+00
-1.053149213549434506e+02 -1.053198394783683938e+02 1.914858306705646135e-02 5.700818446291610599e+04 0.000000000000000000e+00
-1.080915745329425874e+02 -1.080832752748644765e+02 1.962953493733146648e-02 5.648713530604658445e+04 0.000000000000000000e+00
-1.107619422019607498e+02 -1.107718565114223992e+02 1.367702747777318865e-02 1.582412136937525975e+04 0.000000000000000000e+00
-1.053822689135993187e+02 -1.054017057971008455e+02 1.197645056355773133e-02 1.568974184629089541e+04 0.000000000000000000e+00
-9.993032391847552276e+01 -9.992847065824383890e+01 1.697747279187809821e-02 1.558177528728039215e+04 0.000000000000000000e+00
-1.013722019901773308e+02 -1.014107760164460785e+02 2.717895256601303780e-02 1.544379523273794803e+04 0.000000000000000000e+00
-1.053263667726621264e+02 -1.053381758707446352e+02 1.446094803929182625e-02 1.538204475377134077e+04 0.000000000000000000e+00
-1.080003902719727193e+02 -1.079993317657594218e+02 1.673396221683573146e-02 5.427403561156742217e+04 0.000000000000000000e+00
-1.040889539918757407e+02 -1.041306929541494952e+02 3.089909965860255375e-02 5.380605153026759217e+04 0.000000000000000000e+00
-9.709097643227080709e+01 -9.710341944277278969e+01 1.400381768068533102e-02 1.501161037587282044e+04 0.000000000000000000e+00
-1.107106709487018747e+02 -1.107138894907598683e+02 1.295160139164883324e-02 1.489553622350942715e+04 0.000000000000000000e+00
-1.080613772548042704e+02 -1.080701783504391074e+02 9.976569816579294869e-03 1.477108016481529557e+04 0.000000000000000000e+00
-9.992682107078054798e+01 -9.992566524081571799e+01 1.677277487067573014e-02 1.465404686407408008e+04 0.000000000000000000e+00
-9.909233383100342962e+01 -9.910071740761873116e+01 3.071443362196098897e-02 1.453289231030254086e+04 0.000000000000000000e+00
-7.871311060634943146e+01 -7.807202659941374634e+01 1.875567871311985269e-01 1.663354608215006238e+03 2.200000000000000000e+01
-1.052808125186766688e+02 -1.052854091092864195e+02 1.707343403419087774e-02 5.103140806039598101e+04 0.000000000000000000e+00
-9.666909349631141879e+01 -9.660265583536855161e+01 3.142657161117842768e-02 1.524430296716807243e+04 0.000000000000000000e+00
-1.025607609034705519e+02 -1.025821630727655389e+02 2.061797777783124647e-02 5.042027430097496836e+04 0.000000000000000000e+00
-1.079856669110551763e+02 -1.080007093215611178e+02 9.720251525337205226e-03 1.522968334721130850e+04 0.000000000000000000e+00
-1.052910757475619761e+02 -1.052808903450145124e+02 1.450967228411138843e-02 4.969853191618533310e+04 0.000000000000000000e+00
-1.053107145742372381e+02 -1.053134201190124912e+02 1.341939546080453925e-02 4.931803564406000078e+04 0.000000000000000000e+00
-1.106558827315584494e+02 -1.106419734740691041e+02 2.141546049263940918e-02 4.893611197765792167e+04 0.000000000000000000e+00
-1.080152476894367055e+02 -1.079984499465744250e+02 1.260847963438104999e-02 4.857189884191215970e+04 0.000000000000000000e+00
-1.080734566971228361e+02 -1.080725049158602360e+02 1.871232200647201388e-02 4.822125261748607591e+04 0.000000000000000000e+00
-1.052334592222214837e+02 -1.052164087822765026e+02 1.977840026609701055e-02 4.785584168583663995e+04 0.000000000000000000e+00
-1.024516824529467698e+02 -1.024778170346959598e+02 2.180716851874858406e-02 4.751592943467377336e+04 0.000000000000000000e+00
-1.053729872528153351e+02 -1.053836039403003326e+02 1.877014852017934096e-02 4.720874353980092565e+04 0.000000000000000000e+00
-1.079242543913302512e+02 -1.079225179684202516e+02 9.663663790854299870e-03 1.659627482652433173e+03 0.000000000000000000e+00
-9.977908063674435368e+01 -9.978034188146855854e+01 2.117285981614883475e-02 4.659389343847854616e+04 0.000000000000000000e+00
-1.107156809360404139e+02 -1.107202744787097117e+02 6.635038621814613909e-03 1.635910911183399776e+03 0.000000000000000000e+00
-1.036118441679040671e+02 -1.034664051669662399e+02 2.601432473979601798e-02 4.596089938466715103e+04 0.000000000000000000e+00
-1.026260633432991511e+02 -1.026391311008123779e+02 1.370180027799642458e-02 1.470402436250287428e+04 0.000000000000000000e+00
-1.052753385914295734e+02 -1.052830854417150732e+02 1.710318655415992220e-02 4.663178546381944034e+04 0.000000000000000000e+00
-1.025167822434307254e+02 -1.025309839786361010e+02 7.609104988868786550e-03 1.450733577126015189e+04 0.000000000000000000e+00
-1.016005494849210748e+02 -1.017666343604217758e+02 4.300445975679517696e-02 4.601999060452763661e+04 0.000000000000000000e+00
-1.107632592616111396e+02 -1.107729831420454047e+02 1.127258611865921030e-02 1.492487724407538190e+04 0.000000000000000000e+00
-1.024573273744380231e+02 -1.024589744430144407e+02 2.294548486683955710e-02 4.676117454361129057e+04 0.000000000000000000e+00
-1.052766025866070407e+02 -1.052771973958901270e+02 1.006396798091852528e-02 4.643885845676536701e+04 0.000000000000000000e+00
-1.025105108219105432e+02 -1.025396432433574461e+02 1.958830373271711403e-02 4.612075837114790193e+04 0.000000000000000000e+00
-1.052809339264126578e+02 -1.052909460934204162e+02 8.867454541100083451e-03 1.455501395336795758e+04 0.000000000000000000e+00
-1.080468873341263532e+02 -1.080364133675590068e+02 1.235509145395037242e-02 4.560023867846718349e+04 0.000000000000000000e+00
-1.025699138666373926e+02 -1.025643493917744422e+02 1.241695611175208831e-02 4.530123810868146393e+04 0.000000000000000000e+00
-1.080466824488008939e+02 -1.080311239745123260e+02 1.311932217319488475e-02 4.500151089574402431e+04 0.000000000000000000e+00
-1.018385802195840455e+02 -1.018205723919316341e+02 3.645172435633602104e-02 4.471897781348702119e+04 0.000000000000000000e+00
-1.052666373673986584e+02 -1.052787899541263812e+02 1.374703230383697572e-02 4.444127015171962557e+04 0.000000000000000000e+00
-1.081154862814091899e+02 -1.081000401193602869e+02 1.353711742519662226e-02 4.416027537166258116e+04 0.000000000000000000e+00
-9.985110121959688456e+01 -9.986405429986301385e+01 2.666271286943336719e-02 4.388811730771780276e+04 0.000000000000000000e+00
-1.026523491889213773e+02 -1.026106198719898828e+02 1.518715676585640981e-02 1.383370317959278873e+04 0.000000000000000000e+00
-9.730072785104528066e+01 -9.722185699605651621e+01 2.996196519315899240e-02 4.361507612012164464e+04 0.000000000000000000e+00
-8.634682598319993474e+01 -8.643811712555930171e+01 3.357975026621996123e-02 4.366757342276185955e+04 2.200000000000000000e+01
-9.612292545504881502e+01 -9.609423090445081073e+01 2.577577658791220527e-02 4.379765640519918088e+04 0.000000000000000000e+00
-1.053091835075979503e+02 -1.052981578928969242e+02 1.131734154340754105e-02 4.356859371228324017e+04 0.000000000000000000e+00
-1.053502228295128731e+02 -1.053561768915819670e+02 9.447126881802754214e-03 1.365142659410014676e+04 0.000000000000000000e+00
-9.989446696337205367e+01 -9.985784783913915419e+01 1.605026127708651315e-02 4.308043009875826101e+04 0.000000000000000000e+00
-1.018703347542341078e+02 -1.018461968758132770e+02 2.923062209452106930e-02 4.289334683965703152e+04 0.000000000000000000e+00
-1.053257539887923429e+02 -1.053377368918320229e+02 8.941042867838911584e-03 1.341243785256417141e+04 0.000000000000000000e+00
-1.068743998788142449e+02 -1.069105578339478484e+02 2.677236543457420584e-02 1.333885474634770253e+04 0.000000000000000000e+00
-1.080208903868329315e+02 -1.080298227157905160e+02 8.745572661704602638e-03 1.331427631469109292e+04 0.000000000000000000e+00
-1.080446082736273326e+02 -1.080368045803953123e+02 1.017138321137528272e-02 4.196011963578876748e+04 0.000000000000000000e+00
-9.989604491871845937e+01 -9.984659203064013866e+01 1.950732868627222741e-02 4.171234214085651911e+04 0.000000000000000000e+00
-1.107747972323997487e+02 -1.107541314269511759e+02 1.253285523966679409e-02 4.159781242446561373e+04 0.000000000000000000e+00
-1.042120253728668757e+02 -1.041586805504473858e+02 3.449060804827998317e-02 4.137526363021758880e+04 0.000000000000000000e+00
-1.025637798027429000e+02 -1.025624753408316252e+02 1.263697251854409287e-02 4.125956666670319100e+04 0.000000000000000000e+00
-1.053097153990626964e+02 -1.052757675831516906e+02 1.271471726373504287e-02 4.101839594980123366e+04 0.000000000000000000e+00
-1.025223557437902286e+02 -1.025213455961978752e+02 1.343538775426126111e-02 4.084354837275101454e+04 0.000000000000000000e+00
-1.027117283614267222e+02 -1.026835534899213229e+02 1.417220094168384834e-02 4.060752646665731299e+04 0.000000000000000000e+00
-1.052736285348821923e+02 -1.052849593920057600e+02 7.630745653964423822e-03 1.270230342290633962e+04 0.000000000000000000e+00
-1.053452700553887240e+02 -1.053499507120959606e+02 7.158602300600745705e-03 1.263631220208957711e+04 0.000000000000000000e+00
-1.052273209438180857e+02 -1.052307043023867976e+02 1.240309537430814117e-02 4.001732699559679895e+04 0.000000000000000000e+00
-1.081020946740643751e+02 -1.080797135478459836e+02 1.332860588542028255e-02 3.979187778248406539e+04 0.000000000000000000e+00
-1.026407819667033863e+02 -1.026653376538505000e+02 1.042284733852592502e-02 1.243075254547418081e+04 0.000000000000000000e+00
-1.080499260194540057e+02 -1.080563478062252614e+02 9.143039562821590055e-03 1.239332632302126513e+04 0.000000000000000000e+00
-1.107683066775858265e+02 -1.107492972892804488e+02 1.137682737265093870e-02 3.922381041621707845e+04 0.000000000000000000e+00
-1.052392749869491695e+02 -1.052351317647364368e+02 1.032609138420718595e-02 3.902578411434228474e+04 0.000000000000000000e+00
-1.053034404515369715e+02 -1.052619625497900273e+02 1.435046831873069278e-02 3.881228505565317755e+04 0.000000000000000000e+00
-1.053200356845406134e+02 -1.053302816488944558e+02 8.921809855323654948e-03 1.213120738269007961e+04 0.000000000000000000e+00
-1.080445194093780543e+02 -1.080509451567912578e+02 5.754687683444631267e-03 1.207053150875229585e+04 0.000000000000000000e+00
-9.438129555471107324e+01 -9.438611031920049754e+01 1.202676634020511358e-02 1.200745208410293890e+04 0.000000000000000000e+00
-9.914810892879161486e+01 -9.914516689157332507e+01 1.966061342591301359e-02 1.194353132593450755e+04 0.000000000000000000e+00
-9.597005133329409432e+01 -9.597601773952243320e+01 1.701746861449672521e-02 1.188016566536398932e+04 0.000000000000000000e+00
-1.026952286953324318e+02 -1.026561225783133295e+02 1.251191780240065200e-02 3.773631972334290185e+04 0.000000000000000000e+00
-1.107694930272984521e+02 -1.107553268291431436e+02 1.099806282228338837e-02 3.761515007548203721e+04 0.000000000000000000e+00
-1.025937121179694742e+02 -1.026076857170582031e+02 1.468981001866707069e-02 3.742692986038380332e+04 0.000000000000000000e+00
-9.979395910443309958e+01 -9.980885112411998250e+01 7.963309325106780051e-03 1.164530471922000652e+04 0.000000000000000000e+00
-9.454061086975563910e+01 -9.456723269148659483e+01 2.750771647433564518e-02 3.707074243791463232e+04 0.000000000000000000e+00
-1.052858962891336461e+02 -1.052898658955825937e+02 1.236276685808774915e-02 3.690833390366882668e+04 0.000000000000000000e+00
-1.081185498268736325e+02 -1.081201519454393321e+02 1.067046701544427031e-02 1.150829496979558826e+04 0.000000000000000000e+00
-1.053481309366699605e+02 -1.053590712395145346e+02 6.961920500115025695e-03 1.144953622284952871e+04 0.000000000000000000e+00
-1.054081282885776005e+02 -1.054106076939463037e+02 1.294685619844157184e-02 3.637794433496774582e+04 0.000000000000000000e+00
-1.079891573800497611e+02 -1.079793801921832994e+02 7.996985386002125953e-03 3.619358575338983064e+04 0.000000000000000000e+00
-1.052473468352930439e+02 -1.052592819211646997e+02 6.646481653024306595e-03 1.128571732738920764e+04 0.000000000000000000e+00
-1.031803258399286989e+02 -1.031876311373910511e+02 2.798714566129625186e-02 1.123558362384965039e+04 0.000000000000000000e+00
-9.435869390801526890e+01 -9.431087001136729953e+01 2.782296657780752511e-02 1.118199274626948318e+04 0.000000000000000000e+00
-1.015794912825947733e+02 -1.015604401683136899e+02 1.742184761618022562e-02 1.119037196513198614e+04 0.000000000000000000e+00
-9.432902696910926466e+01 -9.437201853686951836e+01 1.935694465061156902e-02 1.115066749897078262e+04 0.000000000000000000e+00
-1.053340029074501700e+02 -1.053443658118062274e+02 5.852558414393872407e-03 1.116083470593273523e+04 0.000000000000000000e+00
-1.107638453583493146e+02 -1.107722230085699664e+02 8.457357044519700842e-03 1.111122743938850545e+04 0.000000000000000000e+00
-9.721436503504504856e+01 -9.718769239025104412e+01 1.909326267976709998e-02 3.514029380165322800e+04 0.000000000000000000e+00
-1.080107121470031188e+02 -1.080190270384872946e+02 6.055775258366535851e-03 1.101228626101910777e+04 0.000000000000000000e+00
-1.053241139366673167e+02 -1.053315003977400579e+02 7.491420230735162250e-03 1.096212807900932785e+04 0.000000000000000000e+00
-1.025923468415445683e+02 -1.025854497638889882e+02 1.281549899823616542e-02 3.469533591196614725e+04 0.000000000000000000e+00
-1.053787309167582578e+02 -1.053673962118740519e+02 1.039010894512023761e-02 3.453173301863760571e+04 0.000000000000000000e+00
-1.053377170413089772e+02 -1.053339461839776874e+02 9.577657519803887270e-03 3.437341449881745211e+04 0.000000000000000000e+00
-1.052955530100508525e+02 -1.053052078969356415e+02 8.125708529686718681e-03 1.075862442447605099e+04 0.000000000000000000e+00
-1.026610753548181947e+02 -1.026739944843417334e+02 6.803289166932231617e-03 1.071193347207530678e+04 0.000000000000000000e+00
-1.054068946115734491e+02 -1.053945525970772081e+02 1.224713417812190244e-02 3.393158598837156023e+04 0.000000000000000000e+00
-1.107097958405403944e+02 -1.107206576897601025e+02 7.239520345479657192e-03 1.062000529182999344e+04 0.000000000000000000e+00
-1.053709031460936387e+02 -1.053763066816450191e+02 6.890682037312965622e-03 1.057560767717388262e+04 0.000000000000000000e+00
-1.052881643183611118e+02 -1.052870825688626013e+02 1.049577103038324723e-02 3.348693140498337743e+04 0.000000000000000000e+00
-1.025402554842306984e+02 -1.025535161275517169e+02 5.315985485136304027e-03 1.047970609378647714e+04 0.000000000000000000e+00
-1.053264827868456877e+02 -1.053321536144066499e+02 3.863678613002759828e-03 1.428811335635175055e+03 0.000000000000000000e+00
-1.079600294975298169e+02 -1.079443325353694547e+02 1.162028859969436480e-02 3.312280891394987702e+04 0.000000000000000000e+00
-9.839923543250667137e+01 -9.835975625979307324e+01 2.545927729032339271e-02 3.298281580965169269e+04 0.000000000000000000e+00
-1.080386822419144011e+02 -1.080464172405225867e+02 5.674318820365004470e-03 1.031177543049957603e+04 0.000000000000000000e+00
-1.051596600989667394e+02 -1.051681891209191519e+02 1.063710041489005463e-02 1.026793894455597365e+04 0.000000000000000000e+00
-1.080651287868524832e+02 -1.080602698472614094e+02 7.668346689023087213e-03 3.262967790844272167e+04 0.000000000000000000e+00
-1.053192209158163450e+02 -1.053134568361391388e+02 9.017153637402620242e-03 3.248495893147814058e+04 0.000000000000000000e+00
-1.052354948979703835e+02 -1.052386129447152996e+02 9.496188215106143860e-03 1.013659740872047041e+04 0.000000000000000000e+00
-1.052934041380001133e+02 -1.052914228291481606e+02 7.797402631850417626e-03 3.221230396986221967e+04 0.000000000000000000e+00
-1.063839939985286094e+02 -1.063206727676327858e+02 1.727180960390810316e-02 1.004794991217284041e+04 0.000000000000000000e+00
-1.013660108936583697e+02 -1.013677927665770113e+02 1.647953150984955012e-02 3.212896431626399135e+04 0.000000000000000000e+00
-1.053212925241606257e+02 -1.053291135003847501e+02 4.281633607214971847e-03 1.010056165074738783e+04 0.000000000000000000e+00
-1.080019247818530914e+02 -1.080044250037768023e+02 8.227837394491885337e-03 3.186569193695604554e+04 0.000000000000000000e+00
-9.698988817997091871e+01 -9.701258222748914761e+01 1.422479924499689755e-02 1.001556845169713415e+04 0.000000000000000000e+00
-9.732401155248311397e+01 -9.728227156409163001e+01 1.763621498853025493e-02 3.165760677935051353e+04 0.000000000000000000e+00
-9.973351633599121158e+01 -9.975180616539977052e+01 1.280221018951007567e-02 3.159071348934262642e+04 0.000000000000000000e+00
-1.052769764884985193e+02 -1.052854919463528773e+02 6.083582769697796523e-03 9.944101628538777732e+03 0.000000000000000000e+00
-1.067398042706053332e+02 -1.067525452909652159e+02 1.429495317398415434e-02 9.904584948152112702e+03 0.000000000000000000e+00
-9.455038946181258552e+01 -9.445213119424053616e+01 1.965741368346629256e-02 3.132622064747449986e+04 0.000000000000000000e+00
-1.080703947167949792e+02 -1.080766843173301055e+02 5.791491166394348127e-03 9.860908536934053700e+03 0.000000000000000000e+00
-9.981982385475343733e+01 -9.983499313785311813e+01 6.542224495640375226e-03 9.821144059889824348e+03 0.000000000000000000e+00
-9.716078845489936100e+01 -9.712779624946631429e+01 9.233565621983555807e-03 3.132843276674945810e+04 0.000000000000000000e+00
-9.451800001691215414e+01 -9.450693355941045581e+01 1.533204364570072385e-02 3.124243033691259552e+04 0.000000000000000000e+00
-1.052646661781638500e+02 -1.052699899337308409e+02 7.459835977432468027e-03 3.111793945640055972e+04 0.000000000000000000e+00
-1.026202024411652900e+02 -1.026271060568379596e+02 8.625116804957037170e-03 3.099046807127420107e+04 0.000000000000000000e+00
-1.022639393120422397e+02 -1.022203659167734031e+02 1.906789953660522827e-02 9.629308098993356907e+03 0.000000000000000000e+00
-1.025280471108902702e+02 -1.025442774640197143e+02 1.030383415618292900e-02 3.083345174642557686e+04 0.000000000000000000e+00
-9.704711845054173125e+01 -9.702488966651222313e+01 1.398399119432618479e-02 3.071794572786497883e+04 0.000000000000000000e+00
-1.053390528103944490e+02 -1.053339826459774287e+02 6.759499025990211261e-03 3.061170646010911514e+04 0.000000000000000000e+00
-9.187587756255973659e+01 -9.171155944002121885e+01 6.044601468579744591e-02 9.544375189974061868e+03 2.100000000000000000e+01
-1.053680374270157216e+02 -1.053684300319131921e+02 9.879495838741413419e-03 3.054838066206445728e+04 0.000000000000000000e+00
-1.066313333372256977e+02 -1.066696248210271136e+02 1.737575862368303733e-02 9.672843862017634819e+03 0.000000000000000000e+00
-9.903745112667476747e+01 -9.901765311252418655e+01 2.130320788460919948e-02 3.030521531508670523e+04 0.000000000000000000e+00
-1.107510027554280327e+02 -1.107342209949596850e+02 9.585738493329668680e-03 3.019807213712398880e+04 0.000000000000000000e+00
-1.025317277285258086e+02 -1.025429033567250201e+02 6.608713730874695401e-03 9.611938418068493775e+03 0.000000000000000000e+00
-1.079489379690955673e+02 -1.079488525420593419e+02 1.070023992062214997e-02 2.999913718105276712e+04 0.000000000000000000e+00
-1.053015243118900628e+02 -1.053078758788133626e+02 5.831770189303312618e-03 9.541242929939655369e+03 0.000000000000000000e+00
-9.992685066378140846e+01 -9.987627176556850372e+01 1.191969276605430762e-02 2.977223642302790540e+04 0.000000000000000000e+00
-9.699773813107002240e+01 -9.699659324392446536e+01 1.511569082108327709e-02 2.975109984340181109e+04 0.000000000000000000e+00
-1.025687226931784011e+02 -1.025643986438815745e+02 9.654904177359625861e-03 2.963537134825385147e+04 0.000000000000000000e+00
-9.977102164462949929e+01 -9.978106176930867832e+01 1.125038144737743051e-02 2.952128614534056032e+04 0.000000000000000000e+00
-1.079882573031396475e+02 -1.079848056153109752e+02 6.041949955315510309e-03 2.941098933834427953e+04 0.000000000000000000e+00
-1.052880030131820064e+02 -1.052989496322605021e+02 8.363077611801647548e-03 2.929830123195619672e+04 0.000000000000000000e+00
-1.052624801102600145e+02 -1.052590170317155440e+02 6.640622168313002095e-03 2.919054786376814809e+04 0.000000000000000000e+00
-1.030493192619347127e+02 -1.030992753734293501e+02 2.492600685384962697e-02 2.907960613995504536e+04 0.000000000000000000e+00
-1.134417188905892147e+02 -1.134319530181362694e+02 1.381241380953094136e-02 2.904651955326102689e+04 0.000000000000000000e+00
-1.052484656598934123e+02 -1.052628927677793342e+02 7.614835565777180668e-03 9.192344208273547338e+03 0.000000000000000000e+00
-1.079962891998233943e+02 -1.079986888277236261e+02 3.087055669458228010e-03 1.246786203237958716e+03 0.000000000000000000e+00
-1.009913751990224853e+02 -1.009655707295674461e+02 1.092041887692453764e-02 9.139802727831625816e+03 0.000000000000000000e+00
-1.052483028256933153e+02 -1.052456833947816648e+02 6.598803347763857949e-03 2.873774506011237099e+04 0.000000000000000000e+00
-1.079907720875576160e+02 -1.079842453606737962e+02 6.782981115008711315e-03 2.863078569691556913e+04 0.000000000000000000e+00
-9.990439502956093065e+01 -9.990757285918877528e+01 8.173078378242531333e-03 9.062680907508649398e+03 0.000000000000000000e+00
-9.707440021250698692e+01 -9.707355629564187893e+01 1.550501533579066657e-02 2.842496475966138678e+04 0.000000000000000000e+00
-1.080508645751992702e+02 -1.080557111624944042e+02 6.271106392541742416e-03 8.996319149535163888e+03 0.000000000000000000e+00
-1.053950342789017895e+02 -1.054035146796523605e+02 5.857886086609418071e-03 8.964179964391623798e+03 0.000000000000000000e+00
-1.053608951053138725e+02 -1.053351998074882943e+02 7.433250462301288150e-03 2.812724656171406241e+04 0.000000000000000000e+00
-1.018914841305045798e+02 -1.018919802469438025e+02 1.117687409796785415e-02 8.907825420782595756e+03 0.000000000000000000e+00
-1.052457191943494195e+02 -1.052532247088732191e+02 8.890615794271614775e-03 2.795427586222506943e+04 0.000000000000000000e+00
-9.613140262418755810e+01 -9.613503959381553443e+01 9.268001888828427196e-03 1.201909288858145828e+03 0.000000000000000000e+00
-1.107694234317588382e+02 -1.107545991988592675e+02 7.923429181855717179e-03 2.803362856600985106e+04 0.000000000000000000e+00
-1.107736553609260852e+02 -1.107597993844731548e+02 7.984793524742855517e-03 2.794024581143048272e+04 0.000000000000000000e+00
-1.051523588132143203e+02 -1.051530873241765818e+02 1.136958494252074750e-02 2.784659897283320606e+04 0.000000000000000000e+00
-1.079632855381100853e+02 -1.079603842074015176e+02 8.467155424656905641e-03 2.774717132864327505e+04 0.000000000000000000e+00
-1.053977605962580810e+02 -1.053896287777083671e+02 8.511243230901275464e-03 2.764870025808610080e+04 0.000000000000000000e+00
-1.081209066294404693e+02 -1.081261642328162935e+02 7.213012723080095348e-03 8.676839852348757631e+03 0.000000000000000000e+00
-1.053874511723087295e+02 -1.053794117217721151e+02 8.783167128235186069e-03 2.745879225492333353e+04 0.000000000000000000e+00
-1.079674754422984506e+02 -1.079752039258857224e+02 5.183051697990360973e-03 8.617315153371830093e+03 0.000000000000000000e+00
-1.051879051235510900e+02 -1.051942519413541106e+02 1.201980826307602959e-02 2.728436009227874820e+04 0.000000000000000000e+00
-1.053167471406416098e+02 -1.053256444706343444e+02 3.710282942493091460e-03 8.559738072105414176e+03 0.000000000000000000e+00
-9.984612326348594991e+01 -9.986598509249645872e+01 6.031923375935415409e-03 8.532551934662311396e+03 0.000000000000000000e+00
-1.080715434834330892e+02 -1.080773047650329630e+02 4.983668252970955941e-03 8.515825244403236866e+03 0.000000000000000000e+00
-1.016898196746310674e+02 -1.017098867592642364e+02 1.440722117735885634e-02 8.487526530393419307e+03 0.000000000000000000e+00
-7.838440297546399904e+01 -7.882133655990256216e+01 5.426985861003570666e-02 1.145930920062931818e+03 5.000000000000000000e+00
-1.026894559136341201e+02 -1.026955028755473904e+02 8.147020411472907439e-03 2.728198014210333349e+04 0.000000000000000000e+00
-1.107426998154548272e+02 -1.107495030702332031e+02 6.516089077526007398e-03 9.135360890887732239e+03 0.000000000000000000e+00
-1.081025588376135005e+02 -1.080928256064774473e+02 7.424140653917984077e-03 2.709768683278151002e+04 0.000000000000000000e+00
-1.052457827841314355e+02 -1.052487003841641382e+02 5.976584933011254257e-03 2.700864862500295931e+04 0.000000000000000000e+00
-9.904802004453250674e+01 -9.902554822246648314e+01 1.396950885655926997e-02 9.044615662674112173e+03 0.000000000000000000e+00
-1.026343809791366652e+02 -1.026502241606081185e+02 7.468229436977866058e-03 9.028528795146961784e+03 0.000000000000000000e+00
-9.990962165878647738e+01 -9.992631316916539674e+01 7.113893732310755044e-03 9.006503940602187868e+03 0.000000000000000000e+00
-1.016594578825317399e+02 -1.016703321109418710e+02 1.360606984469314371e-02 8.985404410696157356e+03 0.000000000000000000e+00
-1.018690459985694474e+02 -1.018618368772799130e+02 1.862209511787674479e-02 2.666121312142233364e+04 0.000000000000000000e+00
-1.052776939957491606e+02 -1.052870410669496408e+02 5.109089702028400508e-03 8.929707479294245786e+03 0.000000000000000000e+00
-1.107702832307456333e+02 -1.107616395333735255e+02 7.718121254379648084e-03 2.650567197169395513e+04 0.000000000000000000e+00
-9.990239572416149372e+01 -9.986646298736462768e+01 9.343922949316652363e-03 2.642016039485183501e+04 0.000000000000000000e+00
-1.014210672900789376e+02 -1.014575019244044398e+02 1.508883789290050258e-02 2.637475029351166449e+04 0.000000000000000000e+00
-1.080474744134987333e+02 -1.080399751788069267e+02 5.633822327368880403e-03 2.632757081727095283e+04 0.000000000000000000e+00
-1.053750282317190141e+02 -1.053667868422948288e+02 7.559170559355373256e-03 2.624305441899118159e+04 0.000000000000000000e+00
-1.026445253838208345e+02 -1.026906729086838226e+02 2.709797756117911585e-02 2.615953422504250193e+04 0.000000000000000000e+00
-1.045729589120888079e+02 -1.045765703723347855e+02 7.020649193767188392e-03 1.395887639797459542e+03 0.000000000000000000e+00
-1.080729232674900544e+02 -1.080761304918034824e+02 4.887205066586102452e-03 8.727322798325352778e+03 0.000000000000000000e+00
-1.052628471680368847e+02 -1.052651247911563246e+02 5.529313661606274216e-03 2.600520833021531507e+04 0.000000000000000000e+00
-1.079882055735079120e+02 -1.079817420892856319e+02 6.776945951168972943e-03 2.592146004418161101e+04 0.000000000000000000e+00
-1.013794780791470060e+02 -1.014072213190934377e+02 9.634010229361826549e-03 8.643491440517722367e+03 0.000000000000000000e+00
-1.053253315984499920e+02 -1.053301696294476528e+02 7.482804298089191369e-03 2.592261999013871900e+04 0.000000000000000000e+00
-9.977017245693123471e+01 -9.978917140417667042e+01 1.060718218864367159e-02 2.584054053856297469e+04 0.000000000000000000e+00
-1.000960979139716898e+02 -1.000245943840864840e+02 1.838100344901945002e-02 2.576931371534948994e+04 0.000000000000000000e+00
-1.107137221191275245e+02 -1.107090118718282525e+02 6.894741647260937793e-03 2.583094622330027050e+04 0.000000000000000000e+00
-1.079926087316748635e+02 -1.080000438196359909e+02 4.049559833942506515e-03 8.690914658206627792e+03 0.000000000000000000e+00
-1.052543903786348665e+02 -1.052557508134347586e+02 5.991144958305613145e-03 2.567900203513267843e+04 0.000000000000000000e+00
-9.731019631726387331e+01 -9.727154928944334245e+01 1.326405010993149045e-02 2.559830284123411911e+04 0.000000000000000000e+00
-1.052894531211340308e+02 -1.053022737387874770e+02 5.567072781333787766e-03 8.626412550171153271e+03 0.000000000000000000e+00
-1.041224806387669162e+02 -1.041428157886922889e+02 9.714373642906263054e-03 8.604345306620094561e+03 0.000000000000000000e+00
-1.107723708526183799e+02 -1.107624475635962824e+02 6.932033188345065877e-03 2.546450937246532339e+04 0.000000000000000000e+00
-9.991196190893565188e+01 -9.993060215956782599e+01 7.662321332409006286e-03 8.561395676607591668e+03 0.000000000000000000e+00
-1.080548741106304504e+02 -1.080578864672986441e+02 5.560322367817214541e-03 8.545461263417297232e+03 0.000000000000000000e+00
-1.079982267344215927e+02 -1.080052137323606871e+02 5.287218981473162070e-03 8.519406328615643361e+03 0.000000000000000000e+00
-1.027541877171880742e+02 -1.027528144709024076e+02 1.065557998327281222e-02 2.519331388824782698e+04 0.000000000000000000e+00
-9.704065128781405747e+01 -9.705336085124301349e+01 9.110774529607373884e-03 8.469560329899593853e+03 0.000000000000000000e+00
-1.026155608288880501e+02 -1.026099610416126495e+02 1.023934832839914696e-02 2.509329510215499977e+04 0.000000000000000000e+00
-1.080471900299322243e+02 -1.080394023535315995e+02 5.544328915564072750e-03 2.501776416167974457e+04 0.000000000000000000e+00
-1.041940740718006282e+02 -1.042996206437494067e+02 1.499838664704728104e-02 8.397342241268579528e+03 0.000000000000000000e+00
-1.026227185514086671e+02 -1.026331560393246889e+02 7.325919523518525586e-03 2.535809032213403407e+04 0.000000000000000000e+00
-9.701390414122658967e+01 -9.702414994940468773e+01 1.136976149653898781e-02 8.613067628825991051e+03 0.000000000000000000e+00
-1.080221246859196924e+02 -1.080275479383499260e+02 5.325426935597573665e-03 8.590089930973252194e+03 0.000000000000000000e+00
-9.435586347115541628e+01 -9.437280970791097445e+01 1.105851325892091147e-02 8.565154723901603575e+03 0.000000000000000000e+00
-1.051622684816888267e+02 -1.051702683864912586e+02 9.078215223568331105e-03 8.546346258589128411e+03 0.000000000000000000e+00
-1.052568744034972639e+02 -1.052626287751591150e+02 4.973443556446570379e-03 8.523093018043007760e+03 0.000000000000000000e+00
-1.080593783451667207e+02 -1.080623955366531703e+02 6.611675163088050027e-03 2.500047596490542855e+04 0.000000000000000000e+00
-1.080438725428644489e+02 -1.080407403525850611e+02 4.858068929184658144e-03 2.492657392985384649e+04 0.000000000000000000e+00
-1.053020600024337767e+02 -1.052936918980359877e+02 6.833908673589812049e-03 2.485309748350949667e+04 0.000000000000000000e+00
-1.054535816870001810e+02 -1.054577099364818338e+02 1.089340351837086301e-02 2.478193070825790346e+04 0.000000000000000000e+00
-6.175646649781552355e+01 -6.091232157793687918e+01 8.467378324088872810e-02 8.399393958938389915e+03 1.000000000000000000e+00
-1.053013111338690209e+02 -1.053097944882915442e+02 6.444832475825875394e-03 1.052691696262890582e+04 0.000000000000000000e+00
-1.107163646657987641e+02 -1.107215677614128850e+02 5.661746774030170307e-03 1.049816310231128409e+04 0.000000000000000000e+00
-1.107680351924913822e+02 -1.107729559733428033e+02 4.496841200712462829e-03 1.372453938491156350e+03 0.000000000000000000e+00
-1.106762630112200014e+02 -1.106920395586486876e+02 7.818491808165059509e-03 1.044738873242430964e+04 0.000000000000000000e+00
-1.026246317289677705e+02 -1.026335535498340903e+02 4.223655980492967837e-03 1.042396381249854312e+04 0.000000000000000000e+00
-1.052931462864754621e+02 -1.052917696456299694e+02 6.570994840951469192e-03 1.039604014934855149e+04 0.000000000000000000e+00
-1.026173199594733774e+02 -1.026212571080249205e+02 5.507103456614484242e-03 1.036613729538199368e+04 0.000000000000000000e+00
-9.696942786348191134e+01 -9.697142494707831872e+01 1.443793430454377337e-02 1.033677559718556404e+04 0.000000000000000000e+00
-1.052878382110232423e+02 -1.052892785446516513e+02 2.937172691889912597e-03 1.353855850752992865e+03 0.000000000000000000e+00
-1.068905583701018429e+02 -1.068653295768764337e+02 9.778088609195632191e-03 1.350035333298996875e+03 0.000000000000000000e+00
-1.024542832722272294e+02 -1.024617425009835614e+02 8.099407637299759280e-03 1.028572182288657677e+04 0.000000000000000000e+00
-1.079866922703601091e+02 -1.079973813511324465e+02 4.716062253090656971e-03 1.025817102049071036e+04 0.000000000000000000e+00
-1.053111709380757617e+02 -1.053232057205244558e+02 4.526070439164405455e-03 1.023220416915277929e+04 0.000000000000000000e+00
-1.025458488936469195e+02 -1.025474870190524541e+02 3.793425536351429858e-03 1.344969511428145552e+03 0.000000000000000000e+00
-1.026036424326458700e+02 -1.026189749949299994e+02 7.284273532262577726e-03 4.472397395191800751e+04 0.000000000000000000e+00
-1.052937172282240397e+02 -1.053004323041274830e+02 4.413973837122366940e-03 1.015156826803044532e+04 0.000000000000000000e+00
-1.107285722117556048e+02 -1.107253619602483212e+02 6.051765067842574189e-03 1.012430378742237190e+04 0.000000000000000000e+00
-1.025437277533483353e+02 -1.025536568032969456e+02 7.090481279001257034e-03 1.009630845830755425e+04 0.000000000000000000e+00
-9.720490831213056993e+01 -9.723939180661409409e+01 1.087280180516297587e-02 1.007083921263589036e+04 0.000000000000000000e+00
-9.695430181168178763e+01 -9.694071220544169876e+01 1.794036301631168201e-02 1.007407922383635741e+04 0.000000000000000000e+00
-1.107709936223357516e+02 -1.107762134328575456e+02 3.075654122408494513e-03 1.328207388126572596e+03 0.000000000000000000e+00
-1.080786009153071348e+02 -1.080753394426498915e+02 6.032078965925890233e-03 1.002213564153698462e+04 0.000000000000000000e+00
-9.968701807939881121e+01 -9.968370073667698250e+01 1.217776848021126339e-02 9.994766968570276731e+03 0.000000000000000000e+00
-1.026208262540485237e+02 -1.026292484703937475e+02 4.273433283356846760e-03 9.967421686963421962e+03 0.000000000000000000e+00
-1.107719209225554522e+02 -1.107743136369464736e+02 5.269669846954534546e-03 9.941978199996641706e+03 0.000000000000000000e+00
-1.080156316225170201e+02 -1.080196616517166603e+02 4.729571597984142360e-03 9.914992387140819119e+03 0.000000000000000000e+00
-1.107673920428106413e+02 -1.107715311674112399e+02 3.252291519903929406e-03 1.307920656220702313e+03 0.000000000000000000e+00
-1.026199872965440250e+02 -1.026297163311686802e+02 4.382702464587902476e-03 9.864772943082225538e+03 0.000000000000000000e+00
-1.053271592927278419e+02 -1.053332024114989451e+02 4.380659609331579406e-03 9.840454754302312722e+03 0.000000000000000000e+00
-1.053502960469956804e+02 -1.053571604684495497e+02 7.405814011582911860e-03 9.814788431285664046e+03 0.000000000000000000e+00
-1.107481592247267059e+02 -1.107520389208462177e+02 3.315786188732468710e-03 1.294828102312262899e+03 0.000000000000000000e+00
-1.080704220047547466e+02 -1.080728845620303957e+02 3.971773092513033315e-03 9.766871764530878863e+03 0.000000000000000000e+00
-1.080551448303003497e+02 -1.080673154391217992e+02 8.119448663693261403e-03 4.275387974001627299e+04 0.000000000000000000e+00
-1.080934863325312278e+02 -1.081009962639537036e+02 5.276133735693550042e-03 9.715004690686162576e+03 0.000000000000000000e+00
-1.080790710029891528e+02 -1.080756801919814762e+02 5.727017867333911334e-03 9.690677722308137163e+03 0.000000000000000000e+00
-1.107738938739097563e+02 -1.107729004179112877e+02 5.508180533704674746e-03 9.665159682351806623e+03 0.000000000000000000e+00
-1.042601966834592560e+02 -1.042601669488313263e+02 1.347394889578108941e-02 9.639553431073120009e+03 0.000000000000000000e+00
-1.080497655689369054e+02 -1.080553391644903485e+02 4.857833900155617349e-03 9.614052818006339294e+03 0.000000000000000000e+00
-1.052977162616638509e+02 -1.053081403734174586e+02 6.208955003173454931e-03 9.589532928587412243e+03 0.000000000000000000e+00
-1.025524279491710899e+02 -1.025565785114662276e+02 3.976400332977033693e-03 9.567125164124796356e+03 0.000000000000000000e+00
-1.080551009148335311e+02 -1.080638448133977931e+02 6.084107770420370785e-03 9.542395705545290184e+03 0.000000000000000000e+00
-1.032232067662849175e+02 -1.032202718289972978e+02 1.387266128944787853e-02 9.519433198486296533e+03 0.000000000000000000e+00
-1.106537906456340323e+02 -1.106643015659112592e+02 7.394412477245600190e-03 9.494561565242356664e+03 0.000000000000000000e+00
-9.891554836322939082e+01 -9.893266989702620151e+01 1.221585156621210477e-02 9.472538846866538734e+03 0.000000000000000000e+00
-1.107112615967553069e+02 -1.107170909071200242e+02 5.672049104545604133e-03 9.454268235684907268e+03 0.000000000000000000e+00
-1.053513105078654490e+02 -1.053558256831015285e+02 3.369671302804224267e-03 9.430611577480869528e+03 0.000000000000000000e+00
-1.080613043560609441e+02 -1.080557172630640821e+02 4.570901659458576766e-03 9.406763593249068435e+03 0.000000000000000000e+00
-1.017320874539223325e+02 -1.017444804521195323e+02 1.296449231040047202e-02 9.383321885357090650e+03 0.000000000000000000e+00
-9.708538497492524755e+01 -9.708498820562603271e+01 7.127968528732575235e-03 1.247947087714338522e+03 0.000000000000000000e+00
-1.013724798883673515e+02 -1.013862631778301591e+02 8.462295301413933629e-03 9.340031901420361464e+03 0.000000000000000000e+00
-1.025655093013362489e+02 -1.025700111031724191e+02 4.730703375645265059e-03 9.320479565782457939e+03 0.000000000000000000e+00
-1.031917566962988815e+02 -1.031787822165040609e+02 1.215877640875348900e-02 9.297156095288739380e+03 0.000000000000000000e+00
-1.053183364685681624e+02 -1.053271050772096658e+02 3.649119492924758883e-03 9.276499857844321014e+03 0.000000000000000000e+00
-1.053515545165395082e+02 -1.053573656382491777e+02 6.840650146658649837e-03 9.254825506641700485e+03 0.000000000000000000e+00
-9.987394009080873047e+01 -9.987829957354752253e+01 6.785121832629183343e-03 9.232265197865057416e+03 0.000000000000000000e+00
-1.080584492067397235e+02 -1.080588339337916040e+02 5.028060661130187917e-03 9.209442472598879249e+03 0.000000000000000000e+00
-1.080586915920430329e+02 -1.080557405053484246e+02 4.366168756944974715e-03 9.186256928656161108e+03 0.000000000000000000e+00
-9.977726683871061653e+01 -9.976526817491031807e+01 8.353879466817867167e-03 9.163402927007760809e+03 0.000000000000000000e+00
-9.830170325249795837e+01 -9.828504138920231981e+01 1.440581890840229688e-02 9.143768819574373993e+03 0.000000000000000000e+00
-1.107633673346716137e+02 -1.107697864231458595e+02 4.784778347395888913e-03 9.127240959099828615e+03 0.000000000000000000e+00
-1.054207082253441286e+02 -1.054241512606233471e+02 6.669780120139182610e-03 9.105512882876600997e+03 0.000000000000000000e+00
-1.080506791999800953e+02 -1.080515420892878780e+02 4.121478940523704525e-03 9.083227963652687322e+03 0.000000000000000000e+00
-1.025798602412199472e+02 -1.025828415786812116e+02 3.593840984381534674e-03 1.216111789091850369e+03 0.000000000000000000e+00
-9.995070958088987823e+01 -9.996264187910340127e+01 4.798942665384905645e-03 9.039334712310655959e+03 0.000000000000000000e+00
-1.025171944861456410e+02 -1.025274592284923898e+02 5.316550475979036315e-03 9.020408312858442514e+03 0.000000000000000000e+00
-1.080964655314272278e+02 -1.081008530746336760e+02 5.249132997785909555e-03 9.000750947620916122e+03 0.000000000000000000e+00
-1.080357557617506501e+02 -1.080454489531953328e+02 4.395804666906265139e-03 8.979160916408263802e+03 0.000000000000000000e+00
-1.025389818787649290e+02 -1.025432683364922752e+02 5.138006032413574946e-03 8.959430295030768320e+03 0.000000000000000000e+00
-1.053699203238054736e+02 -1.053748996256942121e+02 4.865524060154517196e-03 8.937951516597235241e+03 0.000000000000000000e+00
-1.024721599470798026e+02 -1.024829768265131520e+02 4.900378031712864478e-03 8.916809475323099832e+03 0.000000000000000000e+00
-1.026493202606216926e+02 -1.026555920486965618e+02 4.954783703820376042e-03 8.897862500163859295e+03 0.000000000000000000e+00
-1.026323725609002651e+02 -1.026415874987591224e+02 5.289134494330737825e-03 8.877189248150207277e+03 0.000000000000000000e+00
-1.052712059127811841e+02 -1.052811905447593404e+02 4.065218695112638239e-03 8.857697386551077216e+03 0.000000000000000000e+00
-9.707839248970724100e+01 -9.708351706366528333e+01 7.820497126525730036e-03 8.838567118570019375e+03 0.000000000000000000e+00
-1.019158986466658661e+02 -1.019012783340756982e+02 8.971888084723558809e-03 8.817811461303228498e+03 0.000000000000000000e+00
-1.080426350271421967e+02 -1.080499677246611014e+02 3.601255330673862245e-03 8.801415450289845467e+03 0.000000000000000000e+00
-1.080415639020725251e+02 -1.080487293681494378e+02 3.917602692826806406e-03 8.781578185764579757e+03 0.000000000000000000e+00
-1.080067618974051271e+02 -1.080087608290408241e+02 2.727740519572266487e-03 1.175089245522458441e+03 0.000000000000000000e+00
-1.080789323257401833e+02 -1.080769675735792532e+02 3.997625156507519928e-03 8.741770791848473891e+03 0.000000000000000000e+00
-1.080416792062182907e+02 -1.080487049114974241e+02 3.865876708168305542e-03 8.721042173528965577e+03 0.000000000000000000e+00
-1.079410362606887190e+02 -1.079392159249408110e+02 4.409264149169994478e-03 1.166826129553985766e+03 0.000000000000000000e+00
-9.709650557737268173e+01 -9.710231125364562388e+01 1.115352811953469921e-02 8.685855994221627043e+03 0.000000000000000000e+00
-9.713655992657460558e+01 -9.712656267949360256e+01 7.602578343421617993e-03 8.666184575080163995e+03 0.000000000000000000e+00
-9.979413677037214825e+01 -9.979694679128417079e+01 5.909385381316020931e-03 8.648188547084164384e+03 0.000000000000000000e+00
-1.023792483041454062e+02 -1.023983835285106352e+02 1.010152565057977937e-02 8.627974860856766099e+03 0.000000000000000000e+00
-9.975790320341786810e+01 -9.975223868085038248e+01 8.963984647213886145e-03 8.616339755455290288e+03 0.000000000000000000e+00
-9.975239670590809737e+01 -9.975036948444852669e+01 4.057328347503431215e-03 1.152349040983035366e+03 0.000000000000000000e+00
-9.704860293012137618e+01 -9.703021517497022330e+01 1.015375455086745329e-02 8.576621715473431323e+03 0.000000000000000000e+00
-1.051897106961472161e+02 -1.052054329628555962e+02 5.170200409451654669e-03 8.563277012757418561e+03 0.000000000000000000e+00
-1.025277098936124247e+02 -1.025361800771357537e+02 4.625700094880504445e-03 8.548938590240231861e+03 0.000000000000000000e+00
