0.000000000000000000e+00 0.000000000000000000e+00 0.000000000000000000e+00 0.000000000000000000e+00 0.000000000000000000e+00
-1.055216116745453405e+02 -1.052637692308262416e+02 1.360664898810733381e-01 2.474769521856837091e+05 0.000000000000000000e+00
-1.081511490349341642e+02 -1.079540210943354168e+02 1.073657728765432112e-01 2.509054534769550082e+05 0.000000000000000000e+00
-1.026100506789370854e+02 -1.025519868178688228e+02 1.227232488311452846e-01 7.744813916140940273e+04 0.000000000000000000e+00
-1.054888661895501798e+02 -1.053940091348324302e+02 1.108611525685422039e-01 2.467341816092607041e+05 0.000000000000000000e+00
-1.080306440674964250e+02 -1.079937044251772278e+02 6.611867482654569528e-02 7.619553603061045578e+04 0.000000000000000000e+00
-1.052310280665774371e+02 -1.052515418867837411e+02 6.833347847355397686e-02 7.468245275479300471e+04 0.000000000000000000e+00
-1.107335818468729940e+02 -1.107731575030219915e+02 1.027421892911810075e-01 7.308624436999725003e+04 0.000000000000000000e+00
-1.053592856558795603e+02 -1.053250632068679096e+02 2.730148935229618698e-02 6.175627967877921037e+03 0.000000000000000000e+00
-1.043514709717241828e+02 -1.043229888166452213e+02 1.686800583580718160e-01 7.020300211799165118e+04 0.000000000000000000e+00
-1.028032171166269109e+02 -1.026998037573520861e+02 9.520639602323902051e-02 2.179224207768775523e+05 0.000000000000000000e+00
-1.054039610885770060e+02 -1.053905405315688171e+02 6.657522533144785704e-02 2.150565715773996781e+05 0.000000000000000000e+00
-9.712310410002821470e+01 -9.707561258214984434e+01 9.938687069812086883e-02 5.856903207977535203e+03 0.000000000000000000e+00
-9.988595401890044911e+01 -9.983484526205656095e+01 7.495166944912090567e-02 6.557029598075107788e+04 0.000000000000000000e+00
-1.107030063108879148e+02 -1.107205020733619563e+02 4.765032858345127215e-02 6.457518000868098898e+04 0.000000000000000000e+00
-1.080659291106686481e+02 -1.080346820314258593e+02 5.133112793217537578e-02 2.000622861138284206e+05 0.000000000000000000e+00
-1.053380154208790032e+02 -1.053256489647336025e+02 2.208060767949967043e-02 5.498532281913967381e+03 0.000000000000000000e+00
-1.054871124074162765e+02 -1.054064425672568888e+02 6.951417543055192494e-02 1.932627146550171892e+05 0.000000000000000000e+00
-1.081060766284921613e+02 -1.080645249056652659e+02 6.073784200452014836e-02 6.081607093998444179e+04 0.000000000000000000e+00
-6.455738601157644041e+01 -6.507787938822882268e+01 4.039012348642707639e-01 5.236733311098109880e+03 2.300000000000000000e+01
-1.107837287840495151e+02 -1.107619285460408776e+02 5.772258263140810086e-02 1.949086133713716990e+05 0.000000000000000000e+00
-9.716369501506996187e+01 -9.712964694863521231e+01 4.746311166219223387e-02 5.192151775860946145e+03 0.000000000000000000e+00
-1.080602071356019991e+02 -1.080037380406091927e+02 5.297601370790398778e-02 1.885043557730744069e+05 0.000000000000000000e+00
-1.054013814353019711e+02 -1.053343951370531926e+02 3.359694238698710672e-02 1.858691225951168744e+05 0.000000000000000000e+00
-1.053265427159130070e+02 -1.052892523665607172e+02 5.027261222654343109e-02 6.250444254176589311e+04 0.000000000000000000e+00
-1.080343687095324867e+02 -1.080378683324188103e+02 3.876395244841799453e-02 1.809649935908055049e+05 0.000000000000000000e+00
-1.028422838948317803e+02 -1.026790377816930402e+02 5.419556363467978310e-02 1.781404387479247525e+05 0.000000000000000000e+00
-1.025314096452538308e+02 -1.025306033289106153e+02 4.928295427503349285e-02 6.039167443838566396e+04 0.000000000000000000e+00
-1.080676281871016329e+02 -1.080604911306628537e+02 3.725213209725387192e-02 1.762938071092042665e+05 0.000000000000000000e+00
-1.026450185660082894e+02 -1.026397216964709145e+02 5.048445458497938243e-02 5.862377442116418388e+04 0.000000000000000000e+00
-1.054219170953479932e+02 -1.053642118743107972e+02 4.230603848231664910e-02 1.714033177770522889e+05 0.000000000000000000e+00
-1.053776175469490255e+02 -1.053824895704340463e+02 2.091947251575414571e-02 4.576697606542808899e+03 0.000000000000000000e+00
-9.992947367381761126e+01 -9.984672682048508818e+01 6.624569274010368158e-02 1.669787256589202152e+05 0.000000000000000000e+00
-1.053627401070486940e+02 -1.053565650437044354e+02 1.337163540937996199e-02 4.448199477509869212e+03 0.000000000000000000e+00
-9.461646141625739403e+01 -9.441111576671787020e+01 9.974933606439788381e-02 1.631018539203717664e+05 0.000000000000000000e+00
-1.016450611961882231e+02 -1.016032326498275182e+02 9.553056504548462780e-02 1.644432910716045881e+05 0.000000000000000000e+00
-1.052611683208609321e+02 -1.052629739747097943e+02 2.971229764901451784e-02 1.623715987739581033e+05 0.000000000000000000e+00
-1.053581636029305599e+02 -1.053569910708196176e+02 9.038440462956464846e-03 4.320960851448427093e+03 0.000000000000000000e+00
-8.733232803337580208e+01 -8.767945060088658238e+01 2.340147597698940818e-01 4.264555578102127583e+03 2.000000000000000000e+00
-1.054141802003822050e+02 -1.053985291605759045e+02 1.531506488610838435e-02 4.344227969920048054e+03 0.000000000000000000e+00
-1.080500300516899443e+02 -1.080442175994056839e+02 3.202186833574555136e-02 1.540884669268087309e+05 0.000000000000000000e+00
-1.053338606757376112e+02 -1.053285450505061220e+02 2.290444870759366508e-02 4.999747186087840237e+04 0.000000000000000000e+00
-1.053600598361773990e+02 -1.053409097029914676e+02 2.738190006903120505e-02 1.504497417642734945e+05 0.000000000000000000e+00
-9.734597795447102442e+01 -9.723299986636104109e+01 7.311360516375846330e-02 1.486361127839267428e+05 0.000000000000000000e+00
-9.992101514732429735e+01 -9.984506433209934073e+01 4.687582399627480273e-02 1.479852197189934377e+05 0.000000000000000000e+00
-1.027158202607242288e+02 -1.027015008087309269e+02 1.754918723094023997e-02 4.071550019493797663e+03 0.000000000000000000e+00
-1.080731741245033106e+02 -1.080642021349798654e+02 2.683200787283868474e-02 4.715414534850030759e+04 0.000000000000000000e+00
-1.025760084214362990e+02 -1.025512141725698001e+02 3.862516335475421614e-02 1.434078481792501989e+05 0.000000000000000000e+00
-8.575748299139677044e+01 -8.542918479715348212e+01 2.280232678502851218e-01 3.938485422887833920e+03 1.500000000000000000e+01
-1.106890344100554699e+02 -1.107071337310614467e+02 3.732050201749679413e-02 1.430053850767593540e+05 0.000000000000000000e+00
-1.053137224509156056e+02 -1.053222211543911584e+02 2.743595706226579015e-02 1.414164551456157933e+05 0.000000000000000000e+00
-1.081565012840705009e+02 -1.081170429028183975e+02 3.863585644245726147e-02 1.398352749111023149e+05 0.000000000000000000e+00
-1.026933578088399202e+02 -1.026514809630663905e+02 3.811926968383851783e-02 1.384357673336114385e+05 0.000000000000000000e+00
-1.028255865120085986e+02 -1.029649634678224572e+02 6.072881120986751979e-02 4.399500746357588650e+04 0.000000000000000000e+00
-9.417449799020187129e+01 -9.414768522529230665e+01 1.079842146994571400e-01 1.429327453176123381e+05 0.000000000000000000e+00
-1.080590831045557820e+02 -1.080648457323018334e+02 2.728092872808080688e-02 1.414324257388295373e+05 0.000000000000000000e+00
-1.080296747720956887e+02 -1.080372446694898088e+02 2.408730301821864969e-02 1.399316400823272415e+05 0.000000000000000000e+00
-1.053639253442331949e+02 -1.053561005722742578e+02 1.461519515134521684e-02 3.695743183809498987e+03 0.000000000000000000e+00
-9.771298038708742695e+01 -9.788566019061894963e+01 6.415169511144976078e-02 1.374287956655515882e+05 0.000000000000000000e+00
-1.053027794800693044e+02 -1.052952877810073744e+02 3.785197618199524772e-02 4.248575589798484725e+04 0.000000000000000000e+00
-1.053596130634798129e+02 -1.053756097877029987e+02 1.872041159067511576e-02 4.205693479189773643e+04 0.000000000000000000e+00
-1.024951750878334167e+02 -1.024220763467549773e+02 6.247385441345609802e-02 1.361599454748295539e+05 0.000000000000000000e+00
-9.719192742164410959e+01 -9.723985957599833796e+01 4.854330636523317838e-02 4.124876871590997325e+04 0.000000000000000000e+00
-1.081142727896694424e+02 -1.081278769023480493e+02 2.620189136317133474e-02 4.099231484581286350e+04 0.000000000000000000e+00
-1.080356895303554552e+02 -1.080091253037947752e+02 2.650283488708093591e-02 1.325893817708953284e+05 0.000000000000000000e+00
-1.052645993755641456e+02 -1.052651868336234600e+02 9.404588510862827919e-03 3.574388381303862388e+03 0.000000000000000000e+00
-1.079990330042807187e+02 -1.079921010156943595e+02 6.800003574800525530e-03 3.539864410780186518e+03 0.000000000000000000e+00
-1.054036233771769560e+02 -1.053406344427362882e+02 2.691629166721291183e-02 1.288740608260611043e+05 0.000000000000000000e+00
-1.053553315999112243e+02 -1.053532677982528440e+02 1.656935169363229349e-02 3.917208184815383720e+04 0.000000000000000000e+00
-9.986819415011552792e+01 -9.987856451471333230e+01 4.908892022817040041e-02 3.880673129424995568e+04 0.000000000000000000e+00
-1.025578151048267301e+02 -1.025064786040867375e+02 3.638353658834277138e-02 1.260458526935596747e+05 0.000000000000000000e+00
-9.995751994405350160e+01 -9.995114361746163922e+01 2.647142110934784520e-02 3.817408751211424533e+04 0.000000000000000000e+00
-1.054076489244113617e+02 -1.054042800439267467e+02 7.620795833818785371e-03 3.375314484518622521e+03 0.000000000000000000e+00
-1.024888816170834076e+02 -1.024850108945965701e+02 2.434336786556993981e-02 3.750317533528284548e+04 0.000000000000000000e+00
-1.053859980479240050e+02 -1.053840916097461644e+02 9.855776766760870194e-03 3.367859884458860051e+03 0.000000000000000000e+00
-9.984473635534804714e+01 -9.977201418152819201e+01 5.061194715943500427e-02 1.211679486797719001e+05 0.000000000000000000e+00
-1.025163009575947797e+02 -1.025249977925435729e+02 1.194272668376142842e-02 3.311101276556993980e+03 0.000000000000000000e+00
-1.052777353969644309e+02 -1.052779203809624136e+02 2.236893964367246690e-02 3.621395780765044037e+04 0.000000000000000000e+00
-9.944592397287487984e+01 -9.926283460658706304e+01 5.989514609512964355e-02 1.187462503955604479e+05 0.000000000000000000e+00
-1.031350394053097972e+02 -1.031394469935471250e+02 6.871966142552181356e-02 3.592716127858699474e+04 0.000000000000000000e+00
-1.026418098502804952e+02 -1.026015735634697421e+02 3.513298156440999853e-02 1.189116917018639651e+05 0.000000000000000000e+00
-9.318259644153731358e+01 -9.315607616443151073e+01 6.780269702197451454e-02 3.533534325780841755e+04 0.000000000000000000e+00
-9.716592379359356357e+01 -9.707220282747660178e+01 4.768089567873710216e-02 1.174857954228600429e+05 0.000000000000000000e+00
-9.983186364076016162e+01 -9.983160998996723379e+01 1.322392030860956164e-02 3.177529763917346372e+03 0.000000000000000000e+00
-1.053153532383285977e+02 -1.053192733021151923e+02 2.177839206451843632e-02 3.450033822354548465e+04 0.000000000000000000e+00
-9.986931666989721634e+01 -9.975419533178437348e+01 3.954914697543355367e-02 3.422125705726123124e+04 0.000000000000000000e+00
-1.106752465442086333e+02 -1.106508750292315852e+02 3.274473978678796304e-02 1.144669439084400947e+05 0.000000000000000000e+00
-9.931891449220847790e+01 -9.928308729882394346e+01 2.962539717503103603e-02 3.428586209507793228e+03 0.000000000000000000e+00
-1.080658711300462897e+02 -1.080412708746616772e+02 2.005494269239290958e-02 1.129545299596013065e+05 0.000000000000000000e+00
-9.435607338416986067e+01 -9.425726080245523519e+01 5.785261890661325124e-02 1.121103774384463177e+05 0.000000000000000000e+00
-1.006616193865461355e+02 -1.005531884195399641e+02 5.223569359969659071e-02 1.118129584939084016e+05 0.000000000000000000e+00
-1.053562383525737829e+02 -1.053519480576279506e+02 1.456739755344430183e-02 3.440253818146941921e+04 0.000000000000000000e+00
-1.080310824383665533e+02 -1.080157576899408980e+02 2.144354884187773050e-02 1.108741596519206796e+05 0.000000000000000000e+00
-9.984835183409849435e+01 -9.985585727473699080e+01 2.434544380802845798e-02 3.388829833120869444e+04 0.000000000000000000e+00
-1.026064839782548006e+02 -1.026150886231961152e+02 1.273323779075213186e-02 3.363544244238636747e+04 0.000000000000000000e+00
-1.080473630698837582e+02 -1.080545078138220418e+02 1.201511435943587724e-02 3.338757186109694885e+04 0.000000000000000000e+00
-1.052888670437452276e+02 -1.052823822576064714e+02 1.454561850189945230e-02 3.314196484169153700e+04 0.000000000000000000e+00
-1.079650483949078819e+02 -1.079573499061220474e+02 2.419784230309552156e-02 1.068598337052760471e+05 0.000000000000000000e+00
-1.080840644520446006e+02 -1.080986857734269790e+02 1.475762154896397178e-02 3.266682902435850337e+04 0.000000000000000000e+00
-1.025301150372095123e+02 -1.025339079778010358e+02 7.143714227915547339e-03 3.522719622443824392e+03 0.000000000000000000e+00
-1.107265887361090932e+02 -1.107251784042295952e+02 1.128754005602697341e-02 3.498097996779835739e+03 0.000000000000000000e+00
-1.014636774819780385e+02 -1.014429959394384042e+02 2.809550901866987929e-02 3.197762110196263166e+04 0.000000000000000000e+00
-9.929775429493562910e+01 -9.927553277267921317e+01 2.364003637302195329e-02 3.469892644804862357e+03 0.000000000000000000e+00
-1.107106112787618741e+02 -1.107125929292601114e+02 8.995225347884666309e-03 3.459498308943941083e+03 0.000000000000000000e+00
-1.080524509585654869e+02 -1.080576694742686641e+02 1.287525430957651117e-02 3.134184264939343848e+04 0.000000000000000000e+00
-1.053111331247391291e+02 -1.053086499800926816e+02 1.411420281818687519e-02 3.112439090028825376e+04 0.000000000000000000e+00
-1.080699446526218992e+02 -1.080625513397012440e+02 1.811746931979306072e-02 1.007761858884290705e+05 0.000000000000000000e+00
-1.053567407654839343e+02 -1.053556314008794033e+02 1.263593763980741871e-02 3.069587468280129542e+04 0.000000000000000000e+00
-1.080310099487370508e+02 -1.080266053476585881e+02 1.343925592107526185e-02 3.048582519260444315e+04 0.000000000000000000e+00
-1.053340999266222013e+02 -1.053352269268072803e+02 1.460526226489885712e-02 3.028000816355259667e+04 0.000000000000000000e+00
-1.053176994665975315e+02 -1.053060055933124630e+02 1.739524289114298752e-02 3.007548278323637714e+04 0.000000000000000000e+00
-1.025652138591156159e+02 -1.025613907313548765e+02 1.326362660171946130e-02 2.988267006583784314e+04 0.000000000000000000e+00
-7.309660163819108902e+01 -7.311352786744775756e+01 1.082454981779664427e-01 2.968456400733695773e+04 1.000000000000000000e+00
-1.080035335729972985e+02 -1.079966023561679549e+02 1.175845648953575961e-02 2.949169212469887862e+04 0.000000000000000000e+00
-9.974967213450764802e+01 -9.975593877001983856e+01 3.332620883089253139e-02 9.574043601407378446e+04 0.000000000000000000e+00
-1.052772348353415168e+02 -1.052787417329872568e+02 4.509934412506927219e-03 3.267010738367424892e+03 0.000000000000000000e+00
-9.991821910763920300e+01 -9.991004713017780148e+01 1.982407055547125846e-02 2.892495403032683316e+04 0.000000000000000000e+00
-9.990174551805597503e+01 -9.988993533033736583e+01 1.634437282419716475e-02 2.874248348347297724e+04 0.000000000000000000e+00
-9.974023608162518428e+01 -9.975191219922777464e+01 3.814122327194399698e-02 9.333895881127029133e+04 0.000000000000000000e+00
-1.053089140901480505e+02 -1.052937016421983856e+02 2.300439022088583002e-02 9.275256670413221582e+04 0.000000000000000000e+00
-9.718996660597728976e+01 -9.714543280857876084e+01 2.994622669405691551e-02 9.217971868539016577e+04 0.000000000000000000e+00
-1.080028483981479042e+02 -1.079905431043669779e+02 1.622611404972765584e-02 2.805622036088329332e+04 0.000000000000000000e+00
-9.981052158602048507e+01 -9.981621146473763417e+01 1.192465097036096190e-02 3.157239101118594590e+03 0.000000000000000000e+00
-1.024963778068748752e+02 -1.024929318453845184e+02 3.284187307941395517e-02 9.068029825503339816e+04 0.000000000000000000e+00
-1.026281030955445885e+02 -1.026247854121053535e+02 1.350741204744690914e-02 2.755539180201424097e+04 0.000000000000000000e+00
-1.107723305100811046e+02 -1.107757325747869572e+02 7.593160692786237939e-03 3.100048473234458470e+03 0.000000000000000000e+00
-1.025661987535249153e+02 -1.025520064828913860e+02 1.818632169346764277e-02 8.902724373490759172e+04 0.000000000000000000e+00
-1.080533083714246203e+02 -1.080424754275683483e+02 1.714172462238598010e-02 8.849968952919016010e+04 0.000000000000000000e+00
-1.053192786697413368e+02 -1.053273487627656664e+02 1.251674066825710085e-02 2.690456808325264501e+04 0.000000000000000000e+00
-1.080491322336364561e+02 -1.080549045486383477e+02 9.664675044518301547e-03 2.674692254969594069e+04 0.000000000000000000e+00
-9.198875665443037519e+01 -9.185463711576164769e+01 3.764322245494952646e-02 8.694310268131394696e+04 0.000000000000000000e+00
-1.080295710158126781e+02 -1.080424119551370410e+02 1.655358441057957694e-02 8.734521745437542268e+04 0.000000000000000000e+00
-1.052829586810986058e+02 -1.052737678635437248e+02 1.298048099540946750e-02 2.633431972323612717e+04 0.000000000000000000e+00
-1.026528152168994126e+02 -1.026680944229184433e+02 1.595580320339073585e-02 2.618547554714167200e+04 0.000000000000000000e+00
-9.856616428909134697e+01 -9.858852074476351390e+01 3.831783184344235427e-02 8.590135634810618649e+04 0.000000000000000000e+00
-1.053996670168396435e+02 -1.054086460819372633e+02 1.220731251459297381e-02 2.590922787425516435e+04 0.000000000000000000e+00
-1.053101966967372647e+02 -1.053072552327565319e+02 9.366596936485250061e-03 2.576496027843659613e+04 0.000000000000000000e+00
-1.026454631942340114e+02 -1.026355035748954663e+02 2.435592947946953191e-02 8.446390147893519315e+04 0.000000000000000000e+00
-1.080762903859174884e+02 -1.080781853141313604e+02 1.133011599063826584e-02 2.547288304317937218e+04 0.000000000000000000e+00
-1.054299832978440605e+02 -1.054312031493821138e+02 1.384957938019235231e-02 2.532923222852466279e+04 0.000000000000000000e+00
-9.981510714479775004e+01 -9.982947807693003028e+01 1.841264459126153163e-02 2.518715782013034914e+04 0.000000000000000000e+00
-1.107267382697315838e+02 -1.107273739226999680e+02 1.444784358701059306e-02 2.505647184974435731e+04 0.000000000000000000e+00
-1.107669835942237881e+02 -1.107768250413029421e+02 1.282261119463495684e-02 2.491739451272933002e+04 0.000000000000000000e+00
-1.052860706300656517e+02 -1.052824552058282848e+02 9.398500736637845077e-03 2.478509649048535357e+04 0.000000000000000000e+00
-1.053860866001078023e+02 -1.053954130502302178e+02 1.480517087688343163e-02 2.464980051522365102e+04 0.000000000000000000e+00
-1.027044685545047713e+02 -1.027096014103526898e+02 1.384820892678851993e-02 2.451999485181664932e+04 0.000000000000000000e+00
-1.081195962259997856e+02 -1.081294502007044400e+02 1.387181060856672657e-02 2.438822915039282452e+04 0.000000000000000000e+00
-1.052640068417070438e+02 -1.052640283124241023e+02 1.086349700066934279e-02 2.426192874206785928e+04 0.000000000000000000e+00
-1.000598380024400598e+02 -1.000579675209720989e+02 2.899195576663068583e-02 7.963900839487138728e+04 0.000000000000000000e+00
-9.473330922491042827e+01 -9.467483855408464422e+01 5.321268171102936512e-02 7.921335291502904147e+04 0.000000000000000000e+00
-1.054214074659421954e+02 -1.054272661497970489e+02 1.309154942309384041e-02 2.394342518763406770e+04 0.000000000000000000e+00
-1.025176140742571818e+02 -1.025253815063832974e+02 1.601283409550494780e-02 7.852202779176866170e+04 0.000000000000000000e+00
-1.042598295716976224e+02 -1.042628816894832653e+02 2.541242570109263771e-02 2.369376336388655182e+04 0.000000000000000000e+00
-1.080912807888048519e+02 -1.081050778640509691e+02 1.190388387823444576e-02 2.357014860509083519e+04 0.000000000000000000e+00
-9.997514876966651798e+01 -9.995185748396468739e+01 2.899113994424619423e-02 7.729908716891147196e+04 0.000000000000000000e+00
-1.080761014561934132e+02 -1.080802346803143905e+02 9.354577357315254846e-03 2.333591820712359549e+04 0.000000000000000000e+00
-1.054173437138441898e+02 -1.054113271485376515e+02 6.275158935961968817e-03 2.718499475513541711e+03 0.000000000000000000e+00
-1.080263792442025732e+02 -1.080268807881326012e+02 1.201806956924716431e-02 2.310420306718465145e+04 0.000000000000000000e+00
-1.080556120223259171e+02 -1.080572026290825107e+02 5.886049701775405985e-03 2.695203823827601354e+03 0.000000000000000000e+00
-1.024411554409829819e+02 -1.024528698606830233e+02 2.369818288358808284e-02 7.543036655610444723e+04 0.000000000000000000e+00
-1.026283587256046417e+02 -1.025737689244938622e+02 3.179377614643869726e-02 7.505610007063137891e+04 0.000000000000000000e+00
-1.053136559932945033e+02 -1.053113361578486717e+02 1.000401438427524561e-02 2.265203842883739708e+04 0.000000000000000000e+00
-1.025587912565752760e+02 -1.025581976970695166e+02 1.217313466337743323e-02 2.253910137927756659e+04 0.000000000000000000e+00
-1.107709703558256962e+02 -1.107752208864930168e+02 1.082531857292308788e-02 2.242703166503520697e+04 0.000000000000000000e+00
-1.080474970553361374e+02 -1.080500366549426303e+02 7.082553110934792714e-03 2.231702880311050103e+04 0.000000000000000000e+00
-1.053549833154699797e+02 -1.053551475256307697e+02 1.101870373754953135e-02 2.220740589557266867e+04 0.000000000000000000e+00
-1.052196379697143982e+02 -1.052098058670274412e+02 1.232033222612046591e-02 2.209858647229076814e+04 0.000000000000000000e+00
-1.080082071504948402e+02 -1.080087458537859249e+02 1.087588412045046096e-02 2.199493519719403048e+04 0.000000000000000000e+00
-1.080462117499202037e+02 -1.080503129327000522e+02 7.984959810953441359e-03 2.188823212268339557e+04 0.000000000000000000e+00
-1.107626881902553322e+02 -1.107427225414184448e+02 1.761309842122922575e-02 7.202336601009865990e+04 0.000000000000000000e+00
-1.025823461971998256e+02 -1.025871172862656806e+02 1.463004903118629747e-02 2.168013791801092884e+04 0.000000000000000000e+00
-1.053290528490356905e+02 -1.053370247033329008e+02 8.379929443888900834e-03 2.157754879049130250e+04 0.000000000000000000e+00
-1.107237129763688586e+02 -1.107170369048782703e+02 1.129415459340602813e-02 2.147749147889620144e+04 0.000000000000000000e+00
-9.940904983261964389e+01 -9.934558994639458263e+01 3.135661643802002685e-02 7.068675467786667286e+04 0.000000000000000000e+00
-1.052615692361578681e+02 -1.052628381911213609e+02 9.968661908106244904e-03 2.128406783124304638e+04 0.000000000000000000e+00
-1.081260578656026468e+02 -1.081220895056133884e+02 6.592787785185931157e-03 2.492567747661611065e+03 0.000000000000000000e+00
-9.709091348592778559e+01 -9.703466268461650657e+01 2.938789408507795631e-02 6.989601847376584192e+04 0.000000000000000000e+00
-1.018782075694807645e+02 -1.019059770738531228e+02 2.607299824808342534e-02 2.098994856894185068e+04 0.000000000000000000e+00
-9.663301508871009560e+01 -9.661091718950315510e+01 2.624512550462378135e-02 2.091997619999337985e+04 0.000000000000000000e+00
-1.025308699476294407e+02 -1.025293647871111062e+02 1.044450519928990379e-02 2.084086896718558637e+04 0.000000000000000000e+00
-1.080252416938723456e+02 -1.080295578221761303e+02 8.823099632204525755e-03 2.074537468150202403e+04 0.000000000000000000e+00
-9.976863699474522207e+01 -9.976887653069475448e+01 1.489611797695014443e-02 2.065145947033291668e+04 0.000000000000000000e+00
-1.080462532988326956e+02 -1.080464907729407003e+02 8.948797472279943974e-03 2.055759520447889008e+04 0.000000000000000000e+00
-9.711322067289415827e+01 -9.710723288978336143e+01 1.891882252489186095e-02 6.799129015292157419e+04 0.000000000000000000e+00
-9.593772417668682806e+01 -9.595107617554182866e+01 2.000814268535449150e-02 2.037336110318929786e+04 0.000000000000000000e+00
-1.080743972999091085e+02 -1.080748554489489379e+02 6.973908582139624716e-03 2.028714996144482939e+04 0.000000000000000000e+00
-1.080526405831827361e+02 -1.080575791687533211e+02 9.025059919021496263e-03 2.019663212601188570e+04 0.000000000000000000e+00
-9.709563893871863627e+01 -9.707929637796900124e+01 2.122740703300120269e-02 6.726477289351602667e+04 0.000000000000000000e+00
-1.107470440753717469e+02 -1.107526809629719509e+02 1.075271604107032146e-02 2.002082295050465837e+04 0.000000000000000000e+00
-1.041243311957496473e+02 -1.041637039361889236e+02 2.602111609801185943e-02 1.993414835198685978e+04 0.000000000000000000e+00
-1.026038717514130525e+02 -1.026076748464888198e+02 7.611717355515737991e-03 1.989953334474471922e+04 0.000000000000000000e+00
-1.044835327064291590e+02 -1.044847416827892346e+02 1.875371075221575132e-02 1.981312526395468012e+04 0.000000000000000000e+00
-1.080678527772396933e+02 -1.080670882477638628e+02 9.622253551089671175e-03 1.972703252527784571e+04 0.000000000000000000e+00
-1.026740711255470444e+02 -1.026173592144843099e+02 1.532799436156488497e-02 6.563724251000954246e+04 0.000000000000000000e+00
-1.026347959478813436e+02 -1.026270780320362803e+02 1.319626392697388628e-02 6.548878675454566110e+04 0.000000000000000000e+00
-1.079639852817413583e+02 -1.079647146735308922e+02 1.263282842762711126e-02 6.521030717456065759e+04 0.000000000000000000e+00
-1.107338116889356598e+02 -1.107101211445254023e+02 1.385331210711230818e-02 6.493170421729401278e+04 0.000000000000000000e+00
-1.053531135644738725e+02 -1.053530980165790254e+02 8.685922937396986857e-03 1.931392278351848654e+04 0.000000000000000000e+00
-1.079859287726602588e+02 -1.079847869107627645e+02 1.406895945720746874e-02 6.440828588560809294e+04 0.000000000000000000e+00
-1.053255436194968695e+02 -1.053316602846679615e+02 8.097067400396564321e-03 1.915380251866193794e+04 0.000000000000000000e+00
-1.053474522693185094e+02 -1.053490423173839474e+02 1.107870307914892404e-02 1.907467504160266617e+04 0.000000000000000000e+00
-1.107495892083319973e+02 -1.107501714361066121e+02 1.001843119046507899e-02 1.899494553552852085e+04 0.000000000000000000e+00
-8.498780079718902414e+01 -8.510127240058562847e+01 4.961475566362042594e-02 2.278522405474539937e+03 1.000000000000000000e+00
-1.053516571639964070e+02 -1.053553543140680233e+02 7.301165082394691849e-03 1.904859909065682950e+04 0.000000000000000000e+00
-1.052764273049461394e+02 -1.052737085528966503e+02 1.261220811391873357e-02 1.897033157257004495e+04 0.000000000000000000e+00
-9.920533875144887759e+01 -9.919528859079287031e+01 2.221702374389504867e-02 1.889256493544873592e+04 0.000000000000000000e+00
-1.107251378502596424e+02 -1.107146424637612370e+02 1.323769775412347340e-02 6.475379166790122690e+04 0.000000000000000000e+00
-1.053983707056309385e+02 -1.054046777831844963e+02 7.283522015952018959e-03 1.874282594700990376e+04 0.000000000000000000e+00
-1.080692849259944666e+02 -1.080722459848797143e+02 7.315746338604757655e-03 1.866825751832776950e+04 0.000000000000000000e+00
-9.997714302816594056e+01 -9.996216335429734556e+01 1.474724385726233419e-02 6.397438756850278878e+04 0.000000000000000000e+00
-1.107699271432515928e+02 -1.107729320325901057e+02 6.029501552584443959e-03 2.305097272912845710e+03 0.000000000000000000e+00
-1.052673072990141776e+02 -1.052660789849611263e+02 5.018888853229537365e-03 2.296201915365656987e+03 0.000000000000000000e+00
-1.025811393395892139e+02 -1.025822153677735855e+02 1.225217190946019906e-02 1.837231424159550079e+04 0.000000000000000000e+00
-1.052648838595698066e+02 -1.052556974841043882e+02 1.148711408614358671e-02 1.829919881370330404e+04 0.000000000000000000e+00
-1.107253280968444500e+02 -1.107256654113550667e+02 5.001250273465535426e-03 2.269879513006535490e+03 0.000000000000000000e+00
-1.024997361524372366e+02 -1.024778387352155988e+02 1.542114154956107999e-02 1.815847960004086417e+04 0.000000000000000000e+00
-9.870327127132253509e+01 -9.871266281180183455e+01 1.393820950207258144e-02 2.260766072352614628e+03 0.000000000000000000e+00
-9.994556224978637715e+01 -9.994870888494318706e+01 1.426404181842365684e-02 1.813273776329028260e+04 0.000000000000000000e+00
-1.080291937086956153e+02 -1.080238378515509936e+02 9.041840521719267387e-03 1.806207734254084062e+04 0.000000000000000000e+00
-1.041874783768690520e+02 -1.041746981707950255e+02 1.669866546142191946e-02 1.799295297070766901e+04 0.000000000000000000e+00
-9.718382653141534888e+01 -9.718918914415681343e+01 1.715256003774875970e-02 1.792960807850680430e+04 0.000000000000000000e+00
-1.068003612795760802e+02 -1.068030006466023565e+02 2.191988300375828300e-02 1.786183918166437434e+04 0.000000000000000000e+00
-1.080668645546500244e+02 -1.080706526425096143e+02 7.710263870356546569e-03 1.779332969223035616e+04 0.000000000000000000e+00
-1.080547900884362349e+02 -1.080571300722382659e+02 5.588469183062286239e-03 1.772570612513571177e+04 0.000000000000000000e+00
-1.079529395094068889e+02 -1.079388434107244450e+02 1.099328430097759081e-02 1.765827588469789043e+04 0.000000000000000000e+00
-1.026552928535668201e+02 -1.026670895634971004e+02 7.765038931621499711e-03 1.759780473925911429e+04 0.000000000000000000e+00
-9.717803180626272308e+01 -9.714757275109151635e+01 1.797816128954307993e-02 6.037387314696286921e+04 0.000000000000000000e+00
-1.079707589092068503e+02 -1.079616525351062393e+02 1.439177235728512395e-02 6.017913223426214245e+04 0.000000000000000000e+00
-1.052797050201549780e+02 -1.052779350707573371e+02 5.915127569001516969e-03 1.740426620760792503e+04 0.000000000000000000e+00
-1.017839490921796681e+02 -1.017964093478946381e+02 1.824526486968677461e-02 1.733925704676279202e+04 0.000000000000000000e+00
-1.080787575007825154e+02 -1.080769522962269775e+02 4.511090707294727713e-03 2.170427021955744749e+03 0.000000000000000000e+00
-1.079923204817527278e+02 -1.079571384659468549e+02 1.448473466675608001e-02 5.932865808048483450e+04 0.000000000000000000e+00
-1.013169902001385339e+02 -1.013186720496129567e+02 2.085125417425070724e-02 1.715681386800409746e+04 0.000000000000000000e+00
-1.080520532629059716e+02 -1.080549283233700635e+02 6.006048038806766770e-03 1.709355752869153002e+04 0.000000000000000000e+00
-1.067988733910147801e+02 -1.068000879789255748e+02 1.983206748114687765e-02 1.703102299703224708e+04 0.000000000000000000e+00
-1.080723244754916976e+02 -1.080743824256795023e+02 6.706889329121885727e-03 1.696870389858103226e+04 0.000000000000000000e+00
-1.053180249144979257e+02 -1.052959363370173946e+02 1.139011627056873283e-02 5.852722791714820778e+04 0.000000000000000000e+00
-1.025026664348361294e+02 -1.025013392798360599e+02 1.167375714116072188e-02 1.684752756314840735e+04 0.000000000000000000e+00
-1.080916648585252915e+02 -1.080988753754185154e+02 7.657692843976121426e-03 1.678647280153295287e+04 0.000000000000000000e+00
-1.027489238268034768e+02 -1.027503650840436507e+02 1.376546108916879875e-02 1.672784665609559306e+04 0.000000000000000000e+00
-1.052862575520667576e+02 -1.052838690726466240e+02 9.160861635096009814e-03 1.666785249173169359e+04 0.000000000000000000e+00
-1.107205013551695600e+02 -1.107171108331771023e+02 8.201163881643835224e-03 1.660833888289778406e+04 0.000000000000000000e+00
-1.079249101494272622e+02 -1.079129527578566297e+02 1.156508856752069651e-02 1.654941921274351262e+04 0.000000000000000000e+00
-1.107777413818616736e+02 -1.107641661225283798e+02 1.102995779705681113e-02 5.715092067594925174e+04 0.000000000000000000e+00
-1.107740609754501122e+02 -1.107770890634953815e+02 7.437583616957201688e-03 1.643630371968199688e+04 0.000000000000000000e+00
-1.052591400395985914e+02 -1.052571888085550285e+02 6.873168448621587608e-03 1.637862113978651905e+04 0.000000000000000000e+00
-9.997384090761487130e+01 -9.998026501267629840e+01 9.922963414232039217e-03 1.632111284214527404e+04 0.000000000000000000e+00
-1.053109739439185120e+02 -1.053166838138642305e+02 7.740637425510260572e-03 1.626543567811264438e+04 0.000000000000000000e+00
-1.080590925451291611e+02 -1.080498503885750097e+02 9.850770648573068528e-03 5.618444752643934771e+04 0.000000000000000000e+00
-1.067868780961889286e+02 -1.067845028069360751e+02 1.509414276665783407e-02 1.615340693676601586e+04 0.000000000000000000e+00
-1.053094953436423253e+02 -1.053161477634380105e+02 9.561460867517888179e-03 5.585685838101804256e+04 0.000000000000000000e+00
-1.080729453630416259e+02 -1.080804138988580547e+02 8.990708930814316283e-03 1.604183635322540795e+04 0.000000000000000000e+00
-1.107742632840755732e+02 -1.107770586679367568e+02 7.125362075739607830e-03 1.598848074402427301e+04 0.000000000000000000e+00
-1.052714847048805780e+02 -1.052685492643381338e+02 9.153278084041779547e-03 1.593386954785485977e+04 0.000000000000000000e+00
-1.024666533553553762e+02 -1.024597287581297849e+02 1.020974940270837940e-02 1.587958996155114619e+04 0.000000000000000000e+00
-1.026462696541211983e+02 -1.026510641877311940e+02 8.582930434998886637e-03 1.582661468200462150e+04 0.000000000000000000e+00
-1.054737273626774083e+02 -1.054778226784387840e+02 1.113636983910044030e-02 1.577362132176871819e+04 0.000000000000000000e+00
-1.026414987526102038e+02 -1.026341681662707543e+02 1.228741863873226633e-02 5.458412218894735270e+04 0.000000000000000000e+00
-1.026380945430976652e+02 -1.026398139939972225e+02 7.683355461518898838e-03 1.566824989652544355e+04 0.000000000000000000e+00
-1.026254708845409027e+02 -1.026242723176302576e+02 1.067704903823853135e-02 1.561555934138405973e+04 0.000000000000000000e+00
-1.052924138342516187e+02 -1.052897353224777817e+02 6.532497944642974043e-03 1.556320668661730633e+04 0.000000000000000000e+00
-1.107197951019612958e+02 -1.107171050528623653e+02 7.465638362665456829e-03 1.551143107097594293e+04 0.000000000000000000e+00
-1.107731358328090465e+02 -1.107681871141326297e+02 1.052672544691587476e-02 5.368205243663017609e+04 0.000000000000000000e+00
-1.080519264731769766e+02 -1.080547303934793462e+02 4.880056961176906967e-03 1.540869666961514667e+04 0.000000000000000000e+00
-1.080248784280157679e+02 -1.080232871895474176e+02 6.077349311085717201e-03 1.535792664348032486e+04 0.000000000000000000e+00
-9.984102927018807350e+01 -9.984480655892130585e+01 7.072887490558286624e-03 1.982182847588141613e+03 0.000000000000000000e+00
-9.600041075708014660e+01 -9.599270261238170576e+01 1.950448557187042797e-02 1.525719824429670007e+04 0.000000000000000000e+00
-1.053279627016140552e+02 -1.053088464044214447e+02 1.143658426069918410e-02 5.285853702510997391e+04 0.000000000000000000e+00
-9.935053945903797512e+01 -9.934433303327301701e+01 1.385095515379820320e-02 1.515931384808870280e+04 0.000000000000000000e+00
-1.079879662815990713e+02 -1.079849531821710116e+02 7.229109598533568250e-03 1.511149590600867487e+04 0.000000000000000000e+00
-1.106973033607595909e+02 -1.106850388643735954e+02 1.063660629551317280e-02 5.237563767167721380e+04 0.000000000000000000e+00
-9.966399270110659359e+01 -9.965878895223129064e+01 1.957695827806045855e-02 5.221082215061392344e+04 0.000000000000000000e+00
-1.081259598101720059e+02 -1.081300367007970493e+02 7.915676310628718890e-03 1.496909631321936649e+04 0.000000000000000000e+00
-9.695371801917542598e+01 -9.694202608593741388e+01 2.123271511878870033e-02 5.187572212793087238e+04 0.000000000000000000e+00
-1.080576093892699561e+02 -1.080585261543433830e+02 5.644190362819076316e-03 1.487635271565349285e+04 0.000000000000000000e+00
-1.079995775448729063e+02 -1.079976800125677130e+02 5.861803285706286386e-03 1.482887134807197435e+04 0.000000000000000000e+00
-9.696241135018686919e+01 -9.693737961328410790e+01 2.107004982316972377e-02 5.138626446063334151e+04 0.000000000000000000e+00
-1.018550494370772839e+02 -1.018654526615739542e+02 2.071026765603676406e-02 5.124013723021350597e+04 0.000000000000000000e+00
-1.025498692823517359e+02 -1.025463684702482112e+02 7.707683092066477601e-03 1.469093829913584159e+04 0.000000000000000000e+00
-1.080470138543598466e+02 -1.080501131121578737e+02 4.444131456877900566e-03 1.464495565899085705e+04 0.000000000000000000e+00
-1.107721813671527826e+02 -1.107745989644788835e+02 3.433701875128688640e-03 1.905499231265027447e+03 0.000000000000000000e+00
-1.079978856859845138e+02 -1.079834069705045181e+02 8.994375149924634105e-03 5.061524344613342691e+04 0.000000000000000000e+00
-1.053852173551275371e+02 -1.053781667450353723e+02 3.092548241525472016e-03 1.894450343498936945e+03 0.000000000000000000e+00
-1.054871823196267400e+02 -1.054812703517946630e+02 5.975318710265290455e-03 1.890043104480087322e+03 0.000000000000000000e+00
-1.080264462654936182e+02 -1.080243809007888416e+02 6.232602897720537945e-03 1.442201219389850849e+04 0.000000000000000000e+00
-1.080023149951425268e+02 -1.079988612811008153e+02 5.120388350706836858e-03 1.437753924606114742e+04 0.000000000000000000e+00
-1.025342596528474388e+02 -1.025373267875999659e+02 6.006343533009089915e-03 1.433357758400711646e+04 0.000000000000000000e+00
-1.080252896664614468e+02 -1.080227288846292879e+02 3.231080689953110159e-03 1.868662710657230036e+03 0.000000000000000000e+00
-1.052526515934473821e+02 -1.052517117534802793e+02 5.647427416748814280e-03 1.424599171100861895e+04 0.000000000000000000e+00
-6.577527141845855851e+01 -6.560257014735859116e+01 6.735597087792975779e-02 1.420246774237499267e+04 2.200000000000000000e+01
-1.080550015684038101e+02 -1.080536595470581887e+02 3.434949439951524505e-03 1.881160103045880987e+03 0.000000000000000000e+00
-1.009690725637684068e+02 -1.010021820049585557e+02 1.538052556682601053e-02 1.432401995846449972e+04 0.000000000000000000e+00
-1.042216767030388809e+02 -1.041934444410589435e+02 2.366191955929057567e-02 4.915916239483110257e+04 0.000000000000000000e+00
-1.080266359508877940e+02 -1.080236739462042834e+02 6.115807964323836943e-03 1.426934984616532893e+04 0.000000000000000000e+00
-1.080744082169977673e+02 -1.080749074109496348e+02 5.131797281155863789e-03 1.422666401050506101e+04 0.000000000000000000e+00
-1.080635303222416610e+02 -1.080469376409936189e+02 8.166073538440779198e-03 4.873899049902956176e+04 0.000000000000000000e+00
-1.024478311358926987e+02 -1.024340629453042055e+02 1.266524317210566963e-02 1.414168756147107342e+04 0.000000000000000000e+00
-1.026312588285509975e+02 -1.026322858555071775e+02 6.065727854345386895e-03 1.410394028237723433e+04 0.000000000000000000e+00
-1.052353764712653827e+02 -1.052197308114011634e+02 1.376156010020729639e-02 4.831948898513206950e+04 0.000000000000000000e+00
-1.053334674355856322e+02 -1.053362795886506973e+02 4.603217183427976526e-03 1.402538922412107058e+04 0.000000000000000000e+00
-1.107736140623291163e+02 -1.107771957597836945e+02 6.145244874262371058e-03 1.398408728529121254e+04 0.000000000000000000e+00
-1.026232486576960810e+02 -1.026176477884869200e+02 8.423758502663088177e-03 4.790182259840456391e+04 0.000000000000000000e+00
-9.979169285728177385e+01 -9.978963747695883058e+01 8.282264423659403685e-03 1.390238704424420212e+04 0.000000000000000000e+00
-9.980105736004438199e+01 -9.980826683518641573e+01 8.237473172935402474e-03 1.386173883823727556e+04 0.000000000000000000e+00
-1.107839030850482658e+02 -1.107667745567070767e+02 1.106265873685467055e-02 4.752524317901315953e+04 0.000000000000000000e+00
-9.989246709301725957e+01 -9.986054695057589470e+01 1.374489978376614713e-02 4.739476305774313369e+04 0.000000000000000000e+00
-1.053075208826984692e+02 -1.053028340155000109e+02 6.311154282262647526e-03 1.374292232121023699e+04 0.000000000000000000e+00
-1.053109632789909540e+02 -1.053077338578720372e+02 5.564206782837018660e-03 1.370380072804926385e+04 0.000000000000000000e+00
-1.081051054443702952e+02 -1.081085910064621061e+02 6.005544165066960781e-03 1.366454122843114237e+04 0.000000000000000000e+00
-1.080113430538287815e+02 -1.079983700547637397e+02 7.453366619331211647e-03 4.687915188836521702e+04 0.000000000000000000e+00
-1.026914677551102244e+02 -1.026968234671825826e+02 6.162422876588490028e-03 1.358723108983143175e+04 0.000000000000000000e+00
-1.027234747309029501e+02 -1.026840506467972460e+02 1.234329845463022837e-02 1.354915801809521872e+04 0.000000000000000000e+00
-1.107745532071568846e+02 -1.107765296085630240e+02 6.142903896215692709e-03 1.355098048669204036e+04 0.000000000000000000e+00
-1.080517001184567363e+02 -1.080547218402480922e+02 4.432151476336403106e-03 1.351251354428758896e+04 0.000000000000000000e+00
-9.720063146331457915e+01 -9.720647320093696919e+01 1.336095134866121734e-02 1.347437865881943617e+04 0.000000000000000000e+00
-1.053599170009960915e+02 -1.053549612410065635e+02 7.294152674804485655e-03 4.611107292273474013e+04 0.000000000000000000e+00
-1.080527663280555402e+02 -1.080552846463087064e+02 5.110552868088502967e-03 1.339906029113945442e+04 0.000000000000000000e+00
-1.067980189963278264e+02 -1.067963901875215669e+02 1.602197576160884970e-02 1.336150780556856262e+04 0.000000000000000000e+00
-1.026025380060124803e+02 -1.026070879262828441e+02 7.819249841265453471e-03 4.584632006164098129e+04 0.000000000000000000e+00
-1.079837859212436797e+02 -1.079835430220076518e+02 6.970277585760009491e-03 1.328701939711840350e+04 0.000000000000000000e+00
-1.080608218730401973e+02 -1.080613555421121674e+02 6.521032922463952837e-03 1.324992037711766534e+04 0.000000000000000000e+00
-1.107184734341795149e+02 -1.107171348410247305e+02 6.302143489225490482e-03 1.321303578081634078e+04 0.000000000000000000e+00
-1.107208062752589370e+02 -1.107189363985470720e+02 5.904380415439783140e-03 1.317639602683916382e+04 0.000000000000000000e+00
-1.080742282149595468e+02 -1.080757532356667809e+02 2.174962619817887455e-03 1.728811150673142265e+03 0.000000000000000000e+00
-1.025870415516357355e+02 -1.025863664034294231e+02 4.683576907750625594e-03 1.310373908633851715e+04 0.000000000000000000e+00
-9.900300450846063427e+01 -9.902650089040169235e+01 8.133886595867197492e-03 1.719324533456761401e+03 0.000000000000000000e+00
-1.025972036214432848e+02 -1.026021892733764247e+02 6.816109668000684164e-03 1.304475055036472259e+04 0.000000000000000000e+00
-1.053744692884289691e+02 -1.053781713163406693e+02 5.147894786629430945e-03 1.300961114956568599e+04 0.000000000000000000e+00
-1.025605336837102186e+02 -1.025630329938381919e+02 5.679019447775852415e-03 1.297443978736804638e+04 0.000000000000000000e+00
-1.026563641484793123e+02 -1.026643893175901496e+02 1.235748388516006054e-02 4.458339111096878332e+04 0.000000000000000000e+00
-1.107702126236657847e+02 -1.107742184084888635e+02 6.855541321806119665e-03 1.290531262580196017e+04 0.000000000000000000e+00
-1.025242039731830772e+02 -1.025196846474441230e+02 7.314843585874542149e-03 1.287079123773234824e+04 0.000000000000000000e+00
-9.442308061977394118e+01 -9.439347374582150962e+01 2.475891835802274815e-02 1.283648083643587233e+04 0.000000000000000000e+00
-1.026852076521997361e+02 -1.026864082033071099e+02 7.806707577760065020e-03 1.281483964905426910e+04 0.000000000000000000e+00
-1.107285653609226870e+02 -1.107151496454564352e+02 8.419586339126509597e-03 4.412272764349223871e+04 0.000000000000000000e+00
-1.080450550400501584e+02 -1.080469668116129185e+02 4.509909186838759187e-03 1.274623782565625697e+04 0.000000000000000000e+00
-1.026001807246279327e+02 -1.026051119083750223e+02 6.471932816380546183e-03 1.271226108239656060e+04 0.000000000000000000e+00
-1.053049931680900642e+02 -1.053090345940560297e+02 6.682617809706852853e-03 1.267889926312590069e+04 0.000000000000000000e+00
-1.047331077324058413e+02 -1.046625702563973164e+02 2.910753059779512888e-02 1.264558124679320099e+04 0.000000000000000000e+00
-9.990547008726451850e+01 -9.991118474361135782e+01 7.268370807228126916e-03 1.268654622616691995e+04 0.000000000000000000e+00
-1.025630174765370555e+02 -1.025655751187745892e+02 4.908408506319561319e-03 1.265363864703896252e+04 0.000000000000000000e+00
-1.025616032700986722e+02 -1.025587748988818788e+02 6.201650330592348159e-03 1.262036755619570067e+04 0.000000000000000000e+00
-1.018612039254596056e+02 -1.018461196793734445e+02 1.730493559945769227e-02 4.325681996113510831e+04 0.000000000000000000e+00
-1.080976206517478033e+02 -1.081009586457674061e+02 8.228170943966205478e-03 1.256181117703012205e+04 0.000000000000000000e+00
-1.053305846669295107e+02 -1.053158548707787219e+02 8.221798683080837333e-03 4.303596925633339561e+04 0.000000000000000000e+00
-9.873931912998294536e+01 -9.874217001660828430e+01 8.945086604524844776e-03 1.746196642286882479e+03 0.000000000000000000e+00
-1.010440496069512477e+02 -1.009879140788276288e+02 1.295032829940734841e-02 1.247190373649820685e+04 0.000000000000000000e+00
-9.437131284677562348e+01 -9.433792489737457743e+01 1.719124931746056004e-02 4.282405696102597722e+04 0.000000000000000000e+00
-1.026644657401655252e+02 -1.026264358217097907e+02 1.116231095775101385e-02 4.273966042531229323e+04 0.000000000000000000e+00
-1.052984264250841733e+02 -1.053013325264478794e+02 2.789724334149929451e-03 1.748551461870605181e+03 0.000000000000000000e+00
-1.080539991879366823e+02 -1.080538501587013371e+02 4.112363912967311082e-03 1.241895064990558421e+04 0.000000000000000000e+00
-1.080425458713818472e+02 -1.080273180260732460e+02 8.987567137987807070e-03 4.244763694636384025e+04 0.000000000000000000e+00
-1.080759132214828639e+02 -1.080766322718830992e+02 3.816562536478142198e-03 1.235539170014387855e+04 0.000000000000000000e+00
-9.724618191001326295e+01 -9.726675149842643009e+01 1.071537203433841658e-02 1.232381525385241184e+04 0.000000000000000000e+00
-9.709163368163238772e+01 -9.709309924600887598e+01 7.352352207825425638e-03 1.727989695814039123e+03 0.000000000000000000e+00
-1.041930679884222428e+02 -1.042083593564989883e+02 1.273221556127803605e-02 1.227719072494340253e+04 0.000000000000000000e+00
-1.080878694659877368e+02 -1.080883906131259238e+02 7.974901579244329103e-03 1.225135192407101749e+04 0.000000000000000000e+00
-1.107320627266108630e+02 -1.107213940046059690e+02 8.285188747253785513e-03 4.187666653409689752e+04 0.000000000000000000e+00
-1.025660260007665272e+02 -1.025604644179170464e+02 5.700362498790105190e-03 1.218952612282749215e+04 0.000000000000000000e+00
-1.043114271522729695e+02 -1.042511922810055864e+02 1.695179749803131172e-02 4.166944772633710090e+04 0.000000000000000000e+00
-1.052551388501225631e+02 -1.052530710388959960e+02 6.018662119256966425e-03 1.213584069000375894e+04 0.000000000000000000e+00
-9.707954138596444693e+01 -9.709063207421752395e+01 1.175994181945571627e-02 1.210554237056289276e+04 0.000000000000000000e+00
-1.028655098384444813e+02 -1.029908308188734622e+02 1.726374117332559258e-02 1.207847448123790309e+04 0.000000000000000000e+00
-9.985460554357845808e+01 -9.984898821131078250e+01 8.157973260638948579e-03 1.701777214479096074e+03 0.000000000000000000e+00
-1.052854960670158135e+02 -1.052850399608054488e+02 5.885125743008329940e-03 1.233308759656629991e+04 0.000000000000000000e+00
-1.024900380318940023e+02 -1.024874137487749124e+02 7.397147805622986474e-03 1.230250139152794145e+04 0.000000000000000000e+00
-1.025125116719316338e+02 -1.025135505817498967e+02 6.737953711308023418e-03 1.227220576990067457e+04 0.000000000000000000e+00
-1.053356393733924961e+02 -1.053316324496878877e+02 5.954567686346609774e-03 4.185243051035964163e+04 0.000000000000000000e+00
-1.025845679940934048e+02 -1.025814442529014912e+02 6.205189338196926904e-03 1.221179190425510751e+04 0.000000000000000000e+00
-1.107691386995550005e+02 -1.107721627532688302e+02 4.975213198808337012e-03 1.218207262174456991e+04 0.000000000000000000e+00
-1.080004457799366691e+02 -1.079961754792784632e+02 4.740135200039367371e-03 1.215245326332066361e+04 0.000000000000000000e+00
-1.025601492780105986e+02 -1.025588063828024019e+02 4.641122270542884232e-03 1.212321339143656405e+04 0.000000000000000000e+00
-9.968760748060354615e+01 -9.967948509935538937e+01 1.366934275246961365e-02 1.209371461388476746e+04 0.000000000000000000e+00
-1.080498856548816491e+02 -1.080472472321707897e+02 5.242028357386572732e-03 4.127519590430738754e+04 0.000000000000000000e+00
-1.024364729164376229e+02 -1.024216552491298131e+02 1.030804176267168838e-02 1.203585735681204096e+04 0.000000000000000000e+00
-1.052577972511884781e+02 -1.052560788643928191e+02 6.818034221990029384e-03 1.201093465357386594e+04 0.000000000000000000e+00
-1.052660871200503010e+02 -1.052680293404244480e+02 6.308668288352844121e-03 1.198198723400130802e+04 0.000000000000000000e+00
-1.054298707317183101e+02 -1.054326964809060314e+02 6.480486383603076099e-03 1.195320158586461730e+04 0.000000000000000000e+00
-1.053136015393254752e+02 -1.053094381187503217e+02 5.060941859237045454e-03 1.192469918584734114e+04 0.000000000000000000e+00
-1.025026298061851691e+02 -1.025051069389634790e+02 8.789227169728497033e-03 4.070687132233836019e+04 0.000000000000000000e+00
-1.033498694874004258e+02 -1.032914383004204240e+02 1.435838466291345511e-02 1.186819966063651736e+04 0.000000000000000000e+00
-1.079554271890427515e+02 -1.079307026278405885e+02 9.790485475330675674e-03 4.059421244229409785e+04 0.000000000000000000e+00
-8.758920480023569155e+01 -8.766725662027880617e+01 2.088469745769790109e-02 1.188455125190444051e+04 1.000000000000000000e+00
-9.927558425491983485e+01 -9.926621593033060265e+01 1.288431547422812587e-02 1.195494064143949618e+04 0.000000000000000000e+00
-1.026343779217194623e+02 -1.026349111662571119e+02 4.174486003429711198e-03 1.192843938685099238e+04 0.000000000000000000e+00
-1.053092718817679980e+02 -1.053080942230783421e+02 4.087190213649426369e-03 1.190023861355262670e+04 0.000000000000000000e+00
-1.026120629197800582e+02 -1.026145252305795310e+02 4.117888872608163782e-03 1.187222616508259125e+04 0.000000000000000000e+00
-1.080763662165270063e+02 -1.080775062292857598e+02 4.805447933168473934e-03 1.184439222082980450e+04 0.000000000000000000e+00
-1.053071762599411301e+02 -1.053061423428326862e+02 4.295687526800912211e-03 1.181662731122841979e+04 0.000000000000000000e+00
-1.041464791763014972e+02 -1.041683606798994646e+02 1.186459708971040160e-02 1.178899961730998803e+04 0.000000000000000000e+00
-1.053183936036673458e+02 -1.053201223234678565e+02 6.585016073058276402e-03 1.177154927414032500e+04 0.000000000000000000e+00
-1.068982724446217958e+02 -1.069157851022640813e+02 1.238336764160588056e-02 1.685263568596331197e+03 0.000000000000000000e+00
-1.026889394445563397e+02 -1.026953488032576303e+02 5.341304583974656670e-03 1.174292019365416854e+04 0.000000000000000000e+00
-1.017894204796429989e+02 -1.017864371521191345e+02 1.180782059259364095e-02 1.171664086809227047e+04 0.000000000000000000e+00
-1.018905453666897358e+02 -1.018983709803392088e+02 1.035654566278285116e-02 1.168974838011860083e+04 0.000000000000000000e+00
-1.063267402819440264e+02 -1.063633363209419969e+02 1.196947260484892278e-02 1.166387602944726495e+04 0.000000000000000000e+00
-9.990047358148699175e+01 -9.988401462097093031e+01 8.082417680341213648e-03 3.977423406322616211e+04 0.000000000000000000e+00
-1.081020412034600042e+02 -1.081045377285507527e+02 4.998091456296980747e-03 1.163879609131611323e+04 0.000000000000000000e+00
-9.993636469449492665e+01 -9.991488822714923401e+01 9.899709135169956417e-03 3.960015141900465096e+04 0.000000000000000000e+00
-1.107737969337394901e+02 -1.107773313723164534e+02 4.921100063125539818e-03 1.158569845259218528e+04 0.000000000000000000e+00
