0.000000000000000000e+00 0.000000000000000000e+00 0.000000000000000000e+00 0.000000000000000000e+00 0.000000000000000000e+00
-1.082729352495333046e+02 -1.080273778099269890e+02 1.792083754319718225e-01 1.316313347803216311e+05 0.000000000000000000e+00
-1.054016460288889334e+02 -1.053114219773881786e+02 1.577453420072705281e-01 2.165888825142732094e+04 0.000000000000000000e+00
-1.025018793257953575e+02 -1.024381593247126006e+02 2.227953235892319861e-01 1.310114050403623842e+05 0.000000000000000000e+00
-1.051597013167259007e+02 -1.051930916980173265e+02 5.515155653176952166e-02 2.133597203491825712e+04 0.000000000000000000e+00
-1.080656625247028444e+02 -1.080251688700713117e+02 9.123638705207470778e-02 1.235451791469092423e+05 0.000000000000000000e+00
-1.035080486249781444e+02 -1.035600800665833958e+02 7.930664982902292659e-02 2.026210741794982823e+04 0.000000000000000000e+00
-9.993721611360727763e+01 -9.983840851190294075e+01 1.339341676170427153e-01 1.987491649702186260e+04 0.000000000000000000e+00
-1.107612493451766511e+02 -1.106980741182796919e+02 8.900895408253593766e-02 1.169175342913235800e+05 0.000000000000000000e+00
-1.052398417418747272e+02 -1.052447773022936843e+02 4.809753579708749699e-02 1.905443420524632893e+04 0.000000000000000000e+00
-1.023571189840390616e+02 -1.024232098611531825e+02 1.008578808178568070e-01 1.856761397740875327e+04 0.000000000000000000e+00
-9.985067444490179867e+01 -9.982409450013336993e+01 3.445962361608086166e-02 1.831051092830509879e+04 0.000000000000000000e+00
-1.080838586158698860e+02 -1.080452579197261969e+02 5.148351753820765153e-02 1.063422976311472885e+05 0.000000000000000000e+00
-1.080591749667501489e+02 -1.080704565351343405e+02 2.945807186532949443e-02 1.756424232329097867e+04 0.000000000000000000e+00
-1.024379482966457715e+02 -1.021422401842351206e+02 6.171225090155189191e-02 1.718142976536749120e+04 0.000000000000000000e+00
-1.080035759550836900e+02 -1.079808796056927491e+02 5.127835610916489650e-02 1.023757413472448534e+05 0.000000000000000000e+00
-1.026841989810385343e+02 -1.026052474484180266e+02 4.782496730093108855e-02 2.239664998721182201e+04 0.000000000000000000e+00
-1.026436685535171307e+02 -1.026383202273025574e+02 4.903703883851957129e-02 2.256753994144548051e+04 0.000000000000000000e+00
-1.043478415015497802e+02 -1.042445596559977901e+02 6.926107289886576646e-02 9.632385434301126224e+04 0.000000000000000000e+00
-1.080636017074564990e+02 -1.080597093494484255e+02 5.113259458040120969e-02 9.580553561219200492e+04 0.000000000000000000e+00
-1.053493869849310869e+02 -1.053283521824621118e+02 2.390546587838886586e-02 2.152683008281994989e+04 0.000000000000000000e+00
-1.000908964969086128e+02 -1.000745328444836275e+02 8.019107819484970479e-02 2.116729967277549076e+04 0.000000000000000000e+00
-1.053619292017613134e+02 -1.053331522737630479e+02 2.663666869815731544e-02 2.076331722486722356e+04 0.000000000000000000e+00
-1.079929200287727156e+02 -1.079788051834780020e+02 3.617846237458238745e-02 8.867970449829559948e+04 0.000000000000000000e+00
-1.052909026378143125e+02 -1.052941191206526668e+02 2.595754834603382355e-02 2.009538444838425130e+04 0.000000000000000000e+00
-1.079264976913071905e+02 -1.079219043906670095e+02 3.926074479680389390e-02 8.544218158543134632e+04 0.000000000000000000e+00
-1.002247525111331043e+02 -1.002886183616573987e+02 5.423324412253465593e-02 1.947126822074976735e+04 0.000000000000000000e+00
-1.080131252387485716e+02 -1.080128276003343757e+02 2.410346685602285377e-02 1.940048026565049804e+04 0.000000000000000000e+00
-1.080333806892713540e+02 -1.080438653220974885e+02 1.611253378555793647e-02 1.905976798296545894e+04 0.000000000000000000e+00
-1.079735043707240010e+02 -1.079856366604285398e+02 1.626903385590785373e-02 1.874829298316247514e+04 0.000000000000000000e+00
-1.080558791177200249e+02 -1.080575491991080241e+02 3.209049802097054677e-02 7.874342445410748769e+04 0.000000000000000000e+00
-1.080758171025644714e+02 -1.080585238647731785e+02 3.065510803458278491e-02 7.743121582127688453e+04 0.000000000000000000e+00
-1.107592972835238925e+02 -1.107560103835193530e+02 3.426780281184137189e-02 7.620335341064061504e+04 0.000000000000000000e+00
-9.981504044740486847e+01 -9.978339176368923802e+01 4.984401703704119391e-02 7.497417658947137534e+04 0.000000000000000000e+00
-1.008547055025380246e+02 -1.008929171152051936e+02 4.656812591768883652e-02 7.390809882251196541e+04 0.000000000000000000e+00
-1.107560473356562625e+02 -1.107636891517613691e+02 1.938357004155481442e-02 1.722178680401085876e+04 0.000000000000000000e+00
-1.080091875340169452e+02 -1.080061721464987556e+02 2.399902117176313729e-02 7.180981018449286057e+04 0.000000000000000000e+00
-1.080618738583857379e+02 -1.080541236979752853e+02 2.402176314768853307e-02 7.072266152761560807e+04 0.000000000000000000e+00
-1.080878688765557456e+02 -1.080952185276948683e+02 1.763882231810463136e-02 1.647486211046022800e+04 0.000000000000000000e+00
-1.052937515496440000e+02 -1.052852511375513558e+02 2.630841650770173942e-02 6.867227446126143332e+04 0.000000000000000000e+00
-1.080356004696545114e+02 -1.080323817546794913e+02 2.186453987091925566e-02 6.768713159703527344e+04 0.000000000000000000e+00
-1.079596081307499134e+02 -1.079493327129766840e+02 2.893538187502197115e-02 6.672113598238339182e+04 0.000000000000000000e+00
-9.968541728836757443e+01 -9.967930645968527870e+01 3.517454360321060902e-02 1.555907455443404615e+04 0.000000000000000000e+00
-1.026381342058230501e+02 -1.026328866015090426e+02 1.954690198557633429e-02 1.534297019378361074e+04 0.000000000000000000e+00
-9.706068484527202145e+01 -9.703194383538854595e+01 4.743471073162339874e-02 6.400869423342687514e+04 0.000000000000000000e+00
-1.053843177472842001e+02 -1.053810881831174413e+02 1.338916702523358995e-02 1.494767404301446913e+04 0.000000000000000000e+00
-1.080434284714967532e+02 -1.080371011782096389e+02 2.147206320681331257e-02 6.238710491091035510e+04 0.000000000000000000e+00
-1.053194903628033217e+02 -1.053430478309831528e+02 1.624610858142332137e-02 1.455812780753586776e+04 0.000000000000000000e+00
-1.080430124253668680e+02 -1.080460540795586013e+02 1.390821101265758176e-02 1.442949549801715330e+04 0.000000000000000000e+00
-1.079813822246569828e+02 -1.079734434399623808e+02 2.326712940370529933e-02 6.002409195609641756e+04 0.000000000000000000e+00
-1.080418575164604107e+02 -1.080383401917901125e+02 1.718404230056044812e-02 5.927138320396315976e+04 0.000000000000000000e+00
-1.106486042454639289e+02 -1.106476839914368639e+02 2.625689740339108569e-02 5.853151983751207445e+04 0.000000000000000000e+00
-1.039359431823943680e+02 -1.039769583059705127e+02 3.288842564639713612e-02 5.780865241178995348e+04 0.000000000000000000e+00
-1.052222044309564524e+02 -1.052065671667557467e+02 3.116666450186171208e-02 5.728001770595215930e+04 0.000000000000000000e+00
-9.720590140473677820e+01 -9.715041784072168696e+01 3.201010021890677432e-02 5.661527503557983437e+04 0.000000000000000000e+00
-1.031807824224288765e+02 -1.031474545764071564e+02 3.691338532598088806e-02 1.340757896322526358e+04 0.000000000000000000e+00
-1.080810343131718980e+02 -1.080853818175209256e+02 2.287829330194174685e-02 5.598657384580250800e+04 0.000000000000000000e+00
-1.063024313855634944e+02 -1.063469353703673619e+02 2.743137657790357953e-02 1.315138080059006461e+04 0.000000000000000000e+00
-1.026610049383037193e+02 -1.026624925021617400e+02 1.523399954652875261e-02 1.314788943393001864e+04 0.000000000000000000e+00
-6.586414386351442829e+01 -6.567935985281910405e+01 5.776431299625841426e-02 1.299861993406326110e+04 1.000000000000000000e+00
-9.730240461550611997e+01 -9.726765303875832558e+01 3.549181701388154364e-02 5.542459726325598604e+04 0.000000000000000000e+00
-1.004927868927715764e+02 -1.005281512220862510e+02 3.651810592072459588e-02 1.399128232583639510e+04 0.000000000000000000e+00
-1.051869722216633249e+02 -1.051962191706520144e+02 1.637043822693035403e-02 1.389786113378868140e+04 0.000000000000000000e+00
-1.017278340238803906e+02 -1.017355063773240147e+02 3.291757154511275318e-02 5.388439200669994898e+04 0.000000000000000000e+00
-1.053792607010866220e+02 -1.053931097555718566e+02 1.555636987291731700e-02 1.362691589556139661e+04 0.000000000000000000e+00
-1.080477043306155451e+02 -1.080394121412101214e+02 1.920867794997039787e-02 5.279962665999712772e+04 0.000000000000000000e+00
-1.026352086571490929e+02 -1.026380590148071690e+02 1.269356337918121046e-02 1.336019101376757499e+04 0.000000000000000000e+00
-1.026365715859640630e+02 -1.026283863487114871e+02 1.858964247044307683e-02 5.171285276688495651e+04 0.000000000000000000e+00
-1.008027149621482010e+02 -1.008106381780835363e+02 2.868270311821550372e-02 1.309137828072186494e+04 0.000000000000000000e+00
-1.026361002764076886e+02 -1.026287994013440112e+02 1.781054902608386614e-02 5.081361326109705260e+04 0.000000000000000000e+00
-1.053668778551436986e+02 -1.053686205675726200e+02 2.099513286716730640e-02 5.030579215309283609e+04 0.000000000000000000e+00
-1.080498865191374875e+02 -1.080510735687938109e+02 1.053347045344856132e-02 1.270827389196458716e+04 0.000000000000000000e+00
-1.107045937639405651e+02 -1.107142094256804086e+02 1.249877139888822160e-02 1.258250109095574953e+04 0.000000000000000000e+00
-1.052251022069729345e+02 -1.052262671095062387e+02 1.192085695229032349e-02 1.246725394861944369e+04 0.000000000000000000e+00
-1.053659351697526319e+02 -1.053803448694517755e+02 2.231131833598713060e-02 4.835318180405813473e+04 0.000000000000000000e+00
-1.052767241106457732e+02 -1.052674090147178561e+02 1.425530863338430633e-02 4.790536150593767525e+04 0.000000000000000000e+00
-1.107057758894707860e+02 -1.106987365625156770e+02 1.710772421488649525e-02 4.745699493922892725e+04 0.000000000000000000e+00
-9.984651945382921667e+01 -9.983057637327642908e+01 1.761255530197804522e-02 1.200106874676545340e+04 0.000000000000000000e+00
-1.080527939917498799e+02 -1.080396646642167440e+02 1.441540347531976296e-02 4.658868847894172359e+04 0.000000000000000000e+00
-1.062280267393444859e+02 -1.062962951530315792e+02 2.767715380291686442e-02 4.617175894888363109e+04 0.000000000000000000e+00
-1.107554251075399065e+02 -1.107622271186234428e+02 1.111843332762588697e-02 1.171456967940642971e+04 0.000000000000000000e+00
-9.867831563078004820e+01 -9.873410657818814684e+01 2.290181066986778438e-02 1.161227635737850505e+04 0.000000000000000000e+00
-9.710539459963629838e+01 -9.706654253847959524e+01 2.669291490734932576e-02 4.552819534398977703e+04 0.000000000000000000e+00
-9.651369239031990332e+01 -9.647750462582887110e+01 4.105494717928373505e-02 4.523962797963672347e+04 0.000000000000000000e+00
-1.080566082297400214e+02 -1.080386896298266493e+02 1.378678805317449726e-02 4.492707835643798171e+04 0.000000000000000000e+00
-7.664557453959005784e+01 -7.646618310230344662e+01 8.702797761483073435e-02 2.151074823845272022e+03 1.000000000000000000e+00
-9.722817189940273863e+01 -9.722319607796289631e+01 2.300884189943506672e-02 4.454237904034399253e+04 0.000000000000000000e+00
-1.053774775506195596e+02 -1.053885056475823632e+02 1.576360181746140621e-02 4.416080146550551581e+04 0.000000000000000000e+00
-1.025076971881681374e+02 -1.025231381883639159e+02 1.360683932173562503e-02 1.115834015391977118e+04 0.000000000000000000e+00
-1.079808887659436891e+02 -1.079888383239499490e+02 7.927513298042034376e-03 1.108041057851397636e+04 0.000000000000000000e+00
-9.908632353999523446e+01 -9.908606126897049649e+01 2.720340799323922587e-02 4.309349088280223805e+04 0.000000000000000000e+00
-1.053460059767853352e+02 -1.053590595572181172e+02 1.473994387320356342e-02 1.090893131552624254e+04 0.000000000000000000e+00
-1.081158469013125085e+02 -1.081190776658813206e+02 9.464093976298841929e-03 2.127835257664008168e+03 0.000000000000000000e+00
-1.053031328182900950e+02 -1.053085730004245164e+02 1.578899802186140011e-02 1.075277667347070019e+04 0.000000000000000000e+00
-1.053733375069558633e+02 -1.053858020568824685e+02 1.436510963237589041e-02 4.176048566594310978e+04 0.000000000000000000e+00
-1.008792474422016596e+02 -1.009114126515694778e+02 1.585049320978408963e-02 1.058217296707462992e+04 0.000000000000000000e+00
-1.052338460045280328e+02 -1.052051467187171738e+02 2.313005737668805128e-02 4.134397607596027956e+04 0.000000000000000000e+00
-9.863992387176563170e+01 -9.865365190097951142e+01 3.567739027612711056e-02 4.107390474177131546e+04 0.000000000000000000e+00
-1.042508977087234427e+02 1.896342372773446321e+09 2.308753885447319121e+01 4.076143885713104100e+04 0.000000000000000000e+00
-1.872235934452794492e+06 -2.456498194980054706e+01 1.171418626371991448e+07 3.855651446167198400e+16 0.000000000000000000e+00
-4.715981212656348944e+05 -4.194022239740830571e+01 2.268280579473160673e+06 3.826750635827468000e+16 0.000000000000000000e+00
-8.301085235544349998e+05 -4.372953204192018006e+01 1.968206117072371067e+06 2.268159309645423040e+17 0.000000000000000000e+00
-2.210436206075493246e+05 -4.933277814722433163e+01 5.283445282985494705e+05 2.253928205418875520e+17 0.000000000000000000e+00
-7.907258217711150646e+05 -3.648870078799644290e+01 2.229142781463129073e+07 2.703721936713634000e+16 0.000000000000000000e+00
-3.655676454318407923e+05 -3.419105942284986099e+01 1.994364313467217609e+06 2.222930187546252160e+17 0.000000000000000000e+00
-3.946648094462156296e+05 -4.784019542955084603e+01 2.407012263090488501e+06 3.687355004449727200e+16 0.000000000000000000e+00
-1.190038001635931432e+05 -5.741233348881197429e+01 3.889044516430511721e+05 2.190806593463357440e+17 0.000000000000000000e+00
-1.679451744305454195e+05 -4.982588621306058485e+01 6.237635091907759197e+05 2.176017344737352000e+17 0.000000000000000000e+00
-2.640876954253911972e+05 -4.703770577514904261e+01 6.092494769319898915e+05 2.161254490756229120e+17 0.000000000000000000e+00
-1.351643561169710010e+05 -4.972696885649001075e+01 1.013473801230007783e+06 3.582505075844171600e+16 0.000000000000000000e+00
-1.075809824527278543e+05 -5.384282193217153178e+01 2.479440455094539793e+05 2.132958557427851520e+17 0.000000000000000000e+00
-1.334230684251487255e+05 -6.038772273692156034e+01 4.308017901063035242e+05 2.119833658256369600e+17 0.000000000000000000e+00
-4.866700216113980860e+05 -5.506771128467084253e+01 9.282507992450948805e+05 1.964113057719684864e+18 0.000000000000000000e+00
-6.940325787029042840e+04 -5.931265621576370961e+01 2.050784618450653506e+05 2.091987519935907520e+17 0.000000000000000000e+00
-1.994146429896894842e+05 -5.414759569875287326e+01 6.099132529895164771e+05 2.078489886507937280e+17 0.000000000000000000e+00
-1.059662326975278556e+06 -1.279135993269180815e+01 9.812382517821928486e+06 3.435804651937840400e+16 0.000000000000000000e+00
-2.458446659368015826e+05 -2.617977983615570636e+01 1.107367230434799800e+06 2.051308827693671360e+17 0.000000000000000000e+00
-9.761079816561378539e+04 -5.643106163691700061e+01 3.895109339648771565e+05 3.389272123148829600e+16 0.000000000000000000e+00
-7.633552717440389097e+04 -6.201438251348019293e+01 1.906658790321667911e+05 2.024457574133584960e+17 0.000000000000000000e+00
-5.043418838120810688e+04 -5.497186603845656805e+01 1.260058114573841885e+05 2.012192063116666880e+17 0.000000000000000000e+00
-1.861249864033795893e+05 -4.757883968469715796e+01 7.534743975630529458e+05 3.323110565561422400e+16 0.000000000000000000e+00
-5.199527208691276610e+04 -5.985245002575671691e+01 1.944740529753615265e+05 1.986475177856813440e+17 0.000000000000000000e+00
-2.412381461250726134e+05 -4.342393630599247700e+01 5.980717115720373113e+05 1.839746471525121024e+18 0.000000000000000000e+00
-1.146988308128975332e+05 -5.593650345060064666e+01 2.636459100837919395e+05 1.828944648502148352e+18 0.000000000000000000e+00
-2.388040192668698728e+04 -4.805258382044802801e+01 2.222368273007961689e+05 1.948177155729946880e+17 0.000000000000000000e+00
-9.577560112642310560e+04 -4.898336676625352482e+01 5.315248338025677949e+05 3.219411786247883600e+16 0.000000000000000000e+00
-1.073466628144457936e+05 -6.803948676058594458e+01 2.567149193354181771e+05 1.794315490890403840e+18 0.000000000000000000e+00
-4.653621739020384848e+04 -5.378303702684197418e+01 2.351228197938047815e+05 1.910964520451416320e+17 0.000000000000000000e+00
-8.235192900251410902e+04 -5.658719264888441103e+01 2.408705510717903962e+05 1.899147956413536640e+17 0.000000000000000000e+00
-1.686419550162032247e+05 -4.854637477336751061e+01 8.760308486055949470e+05 3.139720664129067600e+16 0.000000000000000000e+00
-9.569064495984464884e+04 -4.678718919896302708e+01 5.298772975492202677e+05 1.876567965467276160e+17 0.000000000000000000e+00
-8.420944225328415632e+04 -5.713192633987594604e+01 4.257001786776449298e+05 3.101382944010362800e+16 0.000000000000000000e+00
-3.787663432337716222e+04 -4.727165974530318948e+01 1.645914023299521359e+05 1.854550061171811840e+17 0.000000000000000000e+00
-8.586533955827504396e+05 -1.936734211846152220e+01 6.576828852474432439e+06 3.064088502444956800e+16 0.000000000000000000e+00
-5.298305973924323916e+04 -5.278142209161984511e+01 2.399273031696423714e+05 3.045693047926306400e+16 0.000000000000000000e+00
-2.343231014787964523e+04 -4.551589502766355366e+01 1.482639742282605148e+05 1.821052255248152000e+17 0.000000000000000000e+00
-3.562732518875468522e+05 -1.857375454388476754e+01 1.870622339436106384e+06 3.009770991530337600e+16 0.000000000000000000e+00
-4.229872466075047851e+04 -5.805840445205319611e+01 1.177471296003216703e+05 1.799470245125163200e+17 0.000000000000000000e+00
-1.458250509310141206e+04 -4.810335267356660438e+01 1.032570161557031097e+05 1.789297052603564800e+17 0.000000000000000000e+00
-2.423253469456546009e+04 -6.066339398753797951e+01 1.131650107703348040e+05 1.778727016006411520e+17 0.000000000000000000e+00
-2.888053334496915340e+04 -6.459858095040998194e+01 1.211029594321760524e+05 1.768407162182359040e+17 0.000000000000000000e+00
-1.764215698077157140e+04 -6.262548691390531275e+01 8.930589860398590099e+04 1.758271102924840960e+17 0.000000000000000000e+00
-7.341018666274845600e+03 -6.032869584552052089e+01 8.425597468113305513e+04 1.748117237548720320e+17 0.000000000000000000e+00
-5.047767817953415215e+04 -6.706212921705014196e+01 2.501048866407459427e+05 2.889326061083515200e+16 0.000000000000000000e+00
-6.044389790005795658e+04 -4.849585561232141373e+01 1.649586486732184130e+05 1.727982580292777600e+17 0.000000000000000000e+00
-1.507198868981935084e+04 -4.447641543113912377e+01 9.715035029354115250e+04 1.718872642696161280e+17 0.000000000000000000e+00
-5.286346588146686554e+04 -7.112368801904909787e+01 2.376666576238921843e+05 1.591307237691581952e+18 0.000000000000000000e+00
-5.830002796272002161e+04 -6.195096482777439206e+01 2.432259438661583117e+05 2.824747845470497200e+16 0.000000000000000000e+00
-1.673501002509705722e+04 -5.021853925849493550e+01 8.027075130728166550e+04 1.689950094165054080e+17 0.000000000000000000e+00
-2.028850115195475519e+04 -6.194350245997764404e+01 7.506659321007523977e+04 1.680573005403544000e+17 0.000000000000000000e+00
-2.343944231544714421e+05 -2.867667034730328979e+01 3.988750934315018822e+05 1.555991853115774720e+18 0.000000000000000000e+00
-1.680256126808002591e+04 -5.439651460844987696e+01 1.021983502569773991e+05 1.663440867771737600e+17 0.000000000000000000e+00
-1.197364974028430879e+04 -5.216749594864567996e+01 1.250863007304168714e+05 1.654346354246392960e+17 0.000000000000000000e+00
-1.613431190731190145e+04 -4.844190471288171551e+01 1.594454070200440765e+05 1.645301337090439680e+17 0.000000000000000000e+00
-5.138116566411778331e+04 -4.818547872970415824e+01 1.662584703321622219e+05 1.523543242012188928e+18 0.000000000000000000e+00
-6.660452301646396518e+04 -5.056025264368568628e+01 2.042981478046929114e+05 1.515384162507346176e+18 0.000000000000000000e+00
-3.831837994812428951e+04 -5.257902006800343031e+01 3.204768815707907779e+05 2.689549436022302400e+16 0.000000000000000000e+00
-2.193438587149791420e+04 -6.319795515644306505e+01 1.422651213188991533e+05 1.610094360503325440e+17 0.000000000000000000e+00
-1.689124475133791566e+04 -4.310269937844120136e+01 1.926981194791398302e+05 1.601599366916311680e+17 0.000000000000000000e+00
-2.612393602395057678e+04 -6.781487838432335025e+01 8.337703262445877772e+04 1.593131769389489920e+17 0.000000000000000000e+00
-6.218751105299964547e+04 -6.040694827377868847e+01 1.368158549155234941e+05 1.584951896808731520e+17 0.000000000000000000e+00
-5.047399884832836688e+04 -5.894119586189697202e+01 1.727210733262391877e+05 1.577546080434488320e+17 0.000000000000000000e+00
-4.832258253565244377e+04 -6.551531442374751180e+01 8.425963695030020608e+04 1.569750546003761920e+17 0.000000000000000000e+00
-4.675536093506962061e+03 -4.107797770805826332e+01 9.819728472899046028e+04 1.562410947450202560e+17 0.000000000000000000e+00
-2.222432210378907621e+04 -6.212522435525457354e+01 5.994734000926165754e+04 1.554324773117720960e+17 0.000000000000000000e+00
-1.088946020590141416e+04 -5.689333301642220420e+01 8.030326629059547849e+04 1.546520328686310400e+17 0.000000000000000000e+00
-4.988281525933183730e+04 -5.802679623875732062e+01 1.578657590497415222e+05 1.538634179876646400e+17 0.000000000000000000e+00
-1.530250665688514709e+04 -5.542122762326388141e+01 9.027754351341942674e+04 1.531268725537786880e+17 0.000000000000000000e+00
-1.851700298767350614e+04 -5.166078219996376930e+01 1.127111588263532176e+05 1.523575211968110400e+17 0.000000000000000000e+00
-7.100319954199716449e+03 -5.248609278501633923e+01 5.375762510119366198e+04 1.515977520239912960e+17 0.000000000000000000e+00
7.654950770679861307e+02 -5.912397658872816919e+01 7.005089708766664262e+04 1.508382132175253760e+17 0.000000000000000000e+00
-1.874859274434484541e+04 -5.788867107055730798e+01 7.790131742888447479e+04 1.500842985351972800e+17 0.000000000000000000e+00
-3.024374954841006547e+05 -2.385385950131799504e+01 2.358051941756413318e+06 2.479756481597444000e+16 0.000000000000000000e+00
-6.048591756040230393e+03 -4.693632261968834740e+01 8.402152243046612421e+04 1.486119767478154880e+17 0.000000000000000000e+00
-2.692911184564232826e+03 -6.565684318799100083e+01 9.941404986889555585e+04 1.478812871288723520e+17 0.000000000000000000e+00
-1.709888668530620635e+04 -6.902792304710230553e+01 9.539910405670478940e+04 1.471568666174226560e+17 0.000000000000000000e+00
-1.393180227581784129e+04 -5.471799824943376933e+01 1.116583037632565974e+05 1.464477937344672320e+17 0.000000000000000000e+00
-1.528028342186473310e+04 -2.789729107550817488e+01 2.131924034261268389e+05 1.457422659196981760e+17 0.000000000000000000e+00
-1.308524154806509614e+04 -6.751316914436114303e+01 8.529936896166342194e+04 1.450412191281123840e+17 0.000000000000000000e+00
-2.739474142287299037e+04 -6.128185464434769614e+01 7.558565507084249111e+04 1.443495654295756160e+17 0.000000000000000000e+00
-2.786612753595039248e+04 -4.593585777157014149e+01 1.420896592329688719e+05 2.385667628571785200e+16 0.000000000000000000e+00
-2.996364641316235065e+03 -6.175717652492014764e+01 9.864417987186080427e+04 1.430019218968565600e+17 0.000000000000000000e+00
-3.928477865066751838e+04 -5.213050674739992019e+01 4.200381796482116915e+05 2.363514511080377200e+16 0.000000000000000000e+00
-1.923800248978845775e+04 -7.608978039592679465e+01 9.441439891581689881e+04 1.416715549677302880e+17 0.000000000000000000e+00
-3.412034602922201157e+04 -4.941727190589091379e+01 1.610866476821997785e+05 1.309987063467299840e+18 0.000000000000000000e+00
-2.565625279266946018e+04 -6.509060903049805802e+01 5.707953262770579022e+04 1.403640608739532480e+17 0.000000000000000000e+00
-3.885837904505431652e+04 -3.982815740677691707e+01 3.311073514033590909e+05 2.320098706600012800e+16 0.000000000000000000e+00
-5.727821125444956124e+04 -6.304376500644849557e+01 1.531509242403445533e+05 1.291950023916765696e+18 0.000000000000000000e+00
-5.810188197258859873e+04 -3.870881974355614830e+01 2.526344366260245733e+05 2.299101851212918400e+16 0.000000000000000000e+00
4.755526624063029885e+03 -5.991582777290351203e+01 6.517034770485550689e+04 1.378275325144561920e+17 0.000000000000000000e+00
-7.543112413153052330e+03 -5.709128585136311784e+01 5.403185172377045819e+04 1.371992436515420800e+17 0.000000000000000000e+00
-5.894324581134133041e+04 -5.601108006439393705e+01 1.779156835154144792e+05 1.268600190791464960e+18 0.000000000000000000e+00
-1.249954020056873560e+04 -5.243016114722150434e+01 8.033465893176394457e+04 1.359609921589340160e+17 0.000000000000000000e+00
-1.356127113077417016e+04 -5.818591509815197327e+01 4.695410471540650178e+04 1.353534198955051520e+17 0.000000000000000000e+00
-1.170721171238459647e+04 -5.764224847205660751e+01 7.013884812514757505e+04 1.347536589008552160e+17 0.000000000000000000e+00
-1.693095741949975491e+03 -6.789092990505572800e+01 6.309478981009872950e+04 1.341566021406013600e+17 0.000000000000000000e+00
-8.019113208334892988e+03 -5.740737569010406105e+01 7.012539545496918436e+04 1.335606107557847520e+17 0.000000000000000000e+00
-3.052779127858206630e+04 -5.459611666600815028e+01 9.049258574225661869e+04 1.329718619882596160e+17 0.000000000000000000e+00
-6.412637931440956891e+03 -4.165745954807911744e+01 1.067041716818866262e+05 1.324113810300757600e+17 0.000000000000000000e+00
-6.676309073737822473e+03 -4.555247013905777465e+01 8.350600728547824838e+04 1.318317249899451520e+17 0.000000000000000000e+00
-3.685390779888443649e+04 -4.766100575108956150e+01 1.131678224356800929e+05 1.312574524501184320e+17 0.000000000000000000e+00
-2.477501731543708593e+04 -6.800289039427187276e+01 7.773877755060433992e+04 1.307168607094332160e+17 0.000000000000000000e+00
-5.327163905502017587e+04 -5.748342557948656406e+01 3.432277342147754389e+05 2.162030675071729200e+16 0.000000000000000000e+00
-4.602570187249220908e+03 -4.939634446623957587e+01 6.078693467052671622e+04 1.296105265205840960e+17 0.000000000000000000e+00
-2.368459548216499388e+04 -5.674438966260271400e+01 1.082792853514450835e+05 1.290551019671676160e+17 0.000000000000000000e+00
-2.643625499997287989e+03 -5.797846133527360735e+01 5.971048649710106838e+04 2.134625464233229200e+16 0.000000000000000000e+00
-9.592934644641354680e+03 -5.242920147338644199e+01 6.165212733895831479e+04 2.125570359089073200e+16 0.000000000000000000e+00
-6.011560226658359170e+03 -6.513067163489516531e+01 5.937100916538224556e+04 1.274375316457927520e+17 0.000000000000000000e+00
-1.503195492480136454e+04 -4.786052156173862926e+01 7.431996130152513797e+04 1.269011553087253920e+17 0.000000000000000000e+00
-6.281197031096275896e+04 -3.838250189497317422e+01 5.898486215237864526e+05 2.099086420080108400e+16 0.000000000000000000e+00
-5.998963543428108096e+03 -5.379154330939978479e+01 1.359872591646813962e+05 2.090422574070664800e+16 0.000000000000000000e+00
-2.089891045661643147e+03 -6.905237748382073448e+01 7.779460133750572277e+04 1.253299391863026720e+17 0.000000000000000000e+00
-2.975205336542520672e+04 -4.805819239170526913e+01 1.584353272249763540e+05 2.073191415158212400e+16 0.000000000000000000e+00
-1.077174790763854980e+04 -6.168763593774998810e+01 6.345354285363700910e+04 2.064922900485190800e+16 0.000000000000000000e+00
-6.693922782989963889e+04 -5.996466217171058588e+01 1.390407157759921975e+05 1.149131549694686848e+18 0.000000000000000000e+00
-7.308478741247206926e+03 -5.734006448308450388e+01 3.503242888189994846e+04 2.048186514454844400e+16 0.000000000000000000e+00
-3.722229327032342553e+03 -6.161094733490462261e+01 7.025255473528425500e+04 1.227755941160194560e+17 0.000000000000000000e+00
2.072144232178106904e+02 -5.903246714177178944e+01 4.733720163833464903e+04 1.222770375360992320e+17 0.000000000000000000e+00
-1.365090977740753442e+04 -5.997919729786045195e+01 7.870434650476391835e+04 2.023534375915882800e+16 0.000000000000000000e+00
1.021314553478732705e+02 -5.154200090596093986e+01 5.708278616376239370e+04 1.212935967098754240e+17 0.000000000000000000e+00
-4.726695829747058451e+04 -6.178213987052210143e+01 2.425745995726537367e+05 2.007495336520194400e+16 0.000000000000000000e+00
-6.423896367155946791e+03 -7.155345364630450433e+01 6.657460631599796761e+04 1.203235699984725760e+17 0.000000000000000000e+00
-5.870304395621642470e+03 -6.015036733881635911e+01 7.449049792528440594e+04 1.198455278446353600e+17 0.000000000000000000e+00
-3.882736646635457873e+03 -4.985636658942483734e+01 4.111815869410023151e+04 1.193710010373281120e+17 0.000000000000000000e+00
-7.263768658328801394e+03 -5.856739358596964706e+01 8.642425146509433398e+04 1.976130899126923200e+16 0.000000000000000000e+00
-3.323773847661167383e+04 -3.364549821467915081e+01 2.123088771517795685e+05 1.968407299939983600e+16 0.000000000000000000e+00
-8.914462388738989830e+03 -6.366450900215154007e+01 4.917299110821386421e+04 1.179737929249989760e+17 0.000000000000000000e+00
-1.039977765026129782e+04 -5.624939666167237107e+01 4.474601225059339049e+04 1.953248362467187600e+16 0.000000000000000000e+00
-8.418185712754726410e+03 -6.781469202177260058e+01 5.366709499216286349e+04 1.170586202204595360e+17 0.000000000000000000e+00
-2.062269255199190229e+04 -3.717798850199528005e+01 1.520964177360930771e+05 1.166072261486601120e+17 0.000000000000000000e+00
-1.076319620087929070e+04 -5.440325534761169735e+01 7.676767174646598869e+04 1.161627327690037280e+17 0.000000000000000000e+00
-1.068812048265989870e+04 -5.262322200384008397e+01 1.007890340159127518e+05 1.923533627084052000e+16 0.000000000000000000e+00
-5.068513850268907845e+03 -5.406912537669228414e+01 3.772481059867592558e+04 1.152821378398931360e+17 0.000000000000000000e+00
-7.323661468831822276e+03 -5.444124716737534442e+01 4.741617624743920896e+04 1.148430704211147680e+17 0.000000000000000000e+00
-1.407158603902719915e+04 -5.281977450778556715e+01 9.718272790662129410e+04 1.901745599997055600e+16 0.000000000000000000e+00
-1.118941016595531255e+04 -6.490411125617238497e+01 5.073238348528699862e+04 1.139749320697694240e+17 0.000000000000000000e+00
-4.423356394497863948e+04 -3.591085382112119362e+01 4.028681470742957899e+05 1.887618731349079600e+16 0.000000000000000000e+00
2.630369851336814463e+03 -4.344077830645014160e+01 4.679290026951743494e+04 1.131295665545811200e+17 0.000000000000000000e+00
-8.155275344677548856e+04 -2.254621522190634053e+01 6.272098741406686604e+05 1.873592789941724000e+16 0.000000000000000000e+00
-5.594349430259317160e+03 -5.614720631535342932e+01 5.169772327931767359e+04 1.866739766212973600e+16 0.000000000000000000e+00
-1.874784361884091049e+04 -3.612417579534817946e+01 8.428411539001736674e+04 1.118696146493023360e+17 0.000000000000000000e+00
-9.218581362314522266e+03 -7.295223483816951671e+01 4.728376553972428519e+04 1.852985027626671600e+16 0.000000000000000000e+00
7.877406241369433701e+03 -5.347411812994830171e+01 4.214666218509653845e+04 1.110524724130911200e+17 0.000000000000000000e+00
-1.018573063069675118e+04 -5.858509303126484724e+01 6.044706251425738446e+04 1.839532126717337200e+16 0.000000000000000000e+00
-2.579803534506261349e+04 -6.232791687192410990e+01 4.705097245508977358e+04 1.102411865664701440e+17 0.000000000000000000e+00
8.406168753150850534e+02 -5.642648619498125129e+01 7.544314406316583336e+04 1.826674310581115200e+16 0.000000000000000000e+00
-7.087304231533687562e+04 -3.897614175710649675e+01 3.534912848029057495e+05 1.820044649673199200e+16 0.000000000000000000e+00
-8.221275036847218871e+02 -6.239757940302062877e+01 5.685764829939902120e+04 1.813731710255716400e+16 0.000000000000000000e+00
5.166343128811568022e+03 -5.789570279798093821e+01 4.522705803453403496e+04 1.807196390851178400e+16 0.000000000000000000e+00
3.242628623577766120e+03 -5.889406316273660735e+01 3.967235957099257212e+04 1.800752997884035400e+16 0.000000000000000000e+00
-3.352689164198003709e+03 -6.636507397519052631e+01 7.363973706246266374e+04 1.794329687445504800e+16 0.000000000000000000e+00
-2.191614645254053175e+04 -8.348220928940345686e+01 4.404818065398492035e+04 1.075251476540329440e+17 0.000000000000000000e+00
-8.566539181360974908e+03 -4.768245316941484901e+01 6.316584987918133265e+04 1.782093498561282400e+16 0.000000000000000000e+00
-8.565052030395716429e+03 -4.231648117292948541e+01 6.472347536529323406e+04 1.775865722076380800e+16 0.000000000000000000e+00
-9.073606100887991488e+03 -5.171411836360420011e+01 4.153546137972744327e+04 1.064058126426564320e+17 0.000000000000000000e+00
-1.240440709098055959e+04 -6.034580628063032037e+01 3.112220870642905720e+04 1.060336455227922080e+17 0.000000000000000000e+00
-2.287382781649287790e+04 -3.745877191449023513e+01 1.213649976744523883e+05 1.757391680375064200e+16 0.000000000000000000e+00
-8.587096838483586907e+03 -7.097004069972253149e+01 3.661618654941253772e+04 1.052982455722466880e+17 0.000000000000000000e+00
-8.855989246325567365e+03 -5.226266563166002754e+01 5.106306803740085888e+04 1.049336358056319840e+17 0.000000000000000000e+00
9.616013264549896121e+03 -6.020073899630648384e+01 7.045074821331900603e+04 1.739492759874330600e+16 0.000000000000000000e+00
7.398436400927603245e+02 -6.308111419453272362e+01 3.368294160355846543e+04 1.733562172885086200e+16 0.000000000000000000e+00
-3.785812131239101291e+03 -6.251073086950532343e+01 4.615633313625493611e+04 1.038765129501548000e+17 0.000000000000000000e+00
-3.763934868443757296e+03 -6.146140904512144232e+01 6.976676400844892487e+04 1.721669575826922600e+16 0.000000000000000000e+00
-3.924676595514640212e+03 -4.796845145955748535e+01 5.166422617932841968e+04 1.715794701527835800e+16 0.000000000000000000e+00
6.262513978059403598e+03 -5.546092533490538301e+01 4.191529667908400734e+04 1.709969489200787400e+16 0.000000000000000000e+00
-1.694117905406281352e+03 -5.172667455217865751e+01 5.038327921354409045e+04 1.704224513696514400e+16 0.000000000000000000e+00
-3.666951615824364126e+03 -6.047343678743345663e+01 5.062321598783021909e+04 1.698459873419712400e+16 0.000000000000000000e+00
6.814782708305865526e+03 -5.582167073257438972e+01 4.388847598305706197e+04 1.692747725501753000e+16 0.000000000000000000e+00
-6.511882596966810524e+03 -6.295366919280196072e+01 3.655575403089114116e+04 1.014583474440682080e+17 0.000000000000000000e+00
-1.697465405432507396e+03 -5.826505656263176292e+01 1.078905365162880335e+05 1.681505820242511000e+16 0.000000000000000000e+00
-3.256060984842479229e+02 -4.969011906468702477e+01 5.052937681208839058e+04 1.675892409536200000e+16 0.000000000000000000e+00
-1.176401613133214414e+04 -5.440499905061179220e+01 4.350356255225608766e+04 1.004488201563947200e+17 0.000000000000000000e+00
-1.149491076915059239e+04 -5.056737211776619034e+01 6.747565079293101735e+04 1.664791205112812200e+16 0.000000000000000000e+00
-1.539833287170622498e+04 -6.332643844110555165e+01 6.257798646566805837e+04 9.978975463310587200e+16 0.000000000000000000e+00
-4.227094769667834044e+03 -5.471254328815086865e+01 4.827793343974040909e+04 1.653934543085160400e+16 0.000000000000000000e+00
3.709793535789474845e+03 -5.346503982604220795e+01 3.434550237493352324e+04 9.914040243057654400e+16 0.000000000000000000e+00
-1.421826971658505499e+03 -5.899617566277206748e+01 3.496206142801768146e+04 1.643133693926283800e+16 0.000000000000000000e+00
-5.238281862950883806e+03 -4.740941782076445321e+01 5.251855485884474183e+04 9.849370472556686400e+16 0.000000000000000000e+00
-1.457502933816518635e+04 -4.270306579967846972e+01 9.402756670792517252e+04 1.632463888742582400e+16 0.000000000000000000e+00
1.811610080280341208e+03 -5.168768807973754775e+01 4.612759356934075913e+04 1.627284801865087400e+16 0.000000000000000000e+00
-5.087146987566724420e+03 -5.357767798190140951e+01 6.484732521248619742e+04 1.622031666848850800e+16 0.000000000000000000e+00
-1.166586649759672582e+03 -5.293681732122540495e+01 6.396759990272292634e+04 1.616831452091014400e+16 0.000000000000000000e+00
-9.463005315611138940e+03 -4.118936542088644615e+01 1.056668040589567681e+05 1.611641790848283800e+16 0.000000000000000000e+00
3.281339921296574175e+03 -5.912491597823196798e+01 2.868309335458739224e+04 1.606520261597739400e+16 0.000000000000000000e+00
-1.244339835548494011e+04 -5.765200614313050664e+01 5.831570563608130760e+04 1.601419618261505400e+16 0.000000000000000000e+00
-5.087542464566417038e+03 -6.593569096279254893e+01 4.764599580304308620e+04 1.596485972628963400e+16 0.000000000000000000e+00
-6.544536013234406710e+03 -6.790730455901928053e+01 5.391594291148433695e+04 1.591457782965186600e+16 0.000000000000000000e+00
-1.943005049419589341e+03 -4.303543412879414376e+01 4.408716796290090133e+04 1.586476243781973600e+16 0.000000000000000000e+00
-9.653887066361494362e+03 -6.885181102802104647e+01 7.508018561167651205e+04 1.581485298865034400e+16 0.000000000000000000e+00
-3.436224843838252127e+03 -6.879468419169241145e+01 2.000420274553680501e+05 1.576586618328892800e+16 0.000000000000000000e+00
-3.943637052953243256e+03 -5.089441938919186015e+01 3.561102710626996122e+04 1.571653039168661000e+16 0.000000000000000000e+00
-9.995882137250155210e+02 -5.409240468151627113e+01 7.391184314561716747e+04 1.566775279961246000e+16 0.000000000000000000e+00
3.097375630802474916e+03 -4.243880871185609749e+01 4.082151274143078626e+04 1.561902454620153600e+16 0.000000000000000000e+00
5.686234962071292102e+03 -6.141036874049797945e+01 2.954552361917843155e+04 1.557073188420721800e+16 0.000000000000000000e+00
-2.334235519169829786e+03 -5.580227307916780433e+01 2.772157443873164448e+04 1.552323752771987600e+16 0.000000000000000000e+00
-1.285427701892144978e+04 -7.868639725866961498e+01 2.344554632293437899e+05 1.547549994577810000e+16 0.000000000000000000e+00
-1.445321704899426550e+04 -5.033034500719905679e+01 5.683078698338171671e+04 9.279487920333086400e+16 0.000000000000000000e+00
-5.480383487247861922e+03 -4.330688692121088224e+01 6.606821417208026105e+04 1.538086279698844400e+16 0.000000000000000000e+00
-9.481209170948714018e+03 -5.646676276701747810e+01 3.472251778181845293e+04 9.223241319772998400e+16 0.000000000000000000e+00
-1.986702708562836051e+03 -4.932728846339823292e+01 5.080420874588273000e+04 1.528757016562086000e+16 0.000000000000000000e+00
3.488826317021623254e+03 -5.814584946147947164e+01 2.186022107853260241e+04 1.524121656094842600e+16 0.000000000000000000e+00
-3.559927235454320908e+03 -4.134959021465664364e+01 4.333290803691403562e+04 1.519539316199870000e+16 0.000000000000000000e+00
-1.176466697393916547e+04 -6.740307945567684555e+01 5.846480111768412462e+04 9.112648166695824000e+16 0.000000000000000000e+00
6.923166961735114455e+02 -5.711949919801790543e+01 3.308933511196287145e+04 1.510449845982902600e+16 0.000000000000000000e+00
3.516113385553471744e+03 -4.628660225262282069e+01 2.558421768394766696e+04 1.505921376520613200e+16 0.000000000000000000e+00
7.726378113925457001e+02 -5.416178331040932648e+01 2.610871893005970560e+04 1.501447209467484200e+16 0.000000000000000000e+00
-1.918772657896280289e+05 -1.067098932678958434e+01 1.623212325298715010e+07 1.070268848607738400e+16 0.000000000000000000e+00
-4.994319451320916414e+01 -5.744834256067585443e+01 5.168113518497123005e+04 1.493122964539644600e+16 0.000000000000000000e+00
-6.078040062468498945e+02 -5.944130661283796258e+01 1.939763648441273472e+04 1.488698781935606800e+16 0.000000000000000000e+00
1.401085261371918023e+03 -5.333715062331221191e+01 3.227935575815931224e+04 1.484301217667897800e+16 0.000000000000000000e+00
7.537232036662288010e+03 -5.860179189083838480e+01 2.272970708217139691e+04 1.479933088911819400e+16 0.000000000000000000e+00
-4.612932143640704453e+03 -5.034214737404881390e+01 8.888160128859728866e+04 1.475711373968018000e+16 0.000000000000000000e+00
-3.320908282603137195e+03 -6.107774100118117389e+01 7.626169327662506839e+04 1.471400643686266400e+16 0.000000000000000000e+00
1.886975296221673489e+03 -6.014867384643284964e+01 3.382159289035939582e+04 1.467110892231121000e+16 0.000000000000000000e+00
-7.725218724182890728e+05 -7.570967974294047664e+00 3.688403884730034042e+05 9.014287195750947200e+16 0.000000000000000000e+00
-1.761997579521033913e+05 -1.076879845323581897e+01 1.056428001483297721e+07 1.042349195121434800e+16 0.000000000000000000e+00
-9.600285683088004589e+02 -5.579402608253889184e+01 2.774941494782137306e+04 1.455079255592350600e+16 0.000000000000000000e+00
8.833373494083061814e+02 -4.997190084420782341e+01 4.548428810872169561e+04 1.450881230752137600e+16 0.000000000000000000e+00
-8.875945341703481972e+03 -6.195709783511574642e+01 2.395852139859372255e+04 1.446707149350932600e+16 0.000000000000000000e+00
-3.045897881723940372e+03 -4.721128864225617150e+01 3.555077699382455467e+04 1.442714100555980600e+16 0.000000000000000000e+00
-6.187872825363278389e+04 -5.620834739332248375e+01 1.217389158574160683e+05 8.341589312060583680e+17 0.000000000000000000e+00
-1.533588963819574565e+04 -7.089674547806376381e+01 1.120923347962979693e+06 1.024531503449352400e+16 0.000000000000000000e+00
8.324714250024408102e+02 -6.339401953835763948e+01 3.287453841655922588e+04 1.430627935963333600e+16 0.000000000000000000e+00
-1.041562078638654202e+04 -4.929835062157923176e+01 1.102328221256623801e+05 1.426570659580906800e+16 0.000000000000000000e+00
-3.391366004046052694e+03 -5.801386648496972498e+01 6.585615240216432721e+04 1.422569207672706600e+16 0.000000000000000000e+00
-4.449824637472722679e+04 -2.046086546208631063e+01 2.299385021713669703e+05 1.418563240253240200e+16 0.000000000000000000e+00
2.155969516388140619e+03 -6.522947726828550685e+01 2.886076236180288106e+04 1.414719024572865200e+16 0.000000000000000000e+00
-1.169544354647211730e+05 -2.117677739890536515e+01 2.243814235967960849e+05 1.410759467044501200e+16 0.000000000000000000e+00
-6.367639977063890547e+04 -5.733035190461235686e+01 1.021573698184562818e+05 8.161215944847594240e+17 0.000000000000000000e+00
-1.923543340092524886e+03 -5.120088300347327248e+01 3.686171675817411597e+04 1.403925451593438000e+16 0.000000000000000000e+00
-7.618681110098958015e+03 -5.413239829704000527e+01 3.528963309578307963e+04 1.400025131289613600e+16 0.000000000000000000e+00
-3.027948203496485949e+05 -5.206291373708025638e+00 1.650446572503359988e+06 1.396227642551323800e+16 0.000000000000000000e+00
4.284523720258846879e+03 -5.667931936868475873e+01 3.313395532338049088e+04 1.392502779158617400e+16 0.000000000000000000e+00
-7.644731930820271373e+02 -5.199007276563714441e+01 2.596985448950895079e+04 1.388688866479615200e+16 0.000000000000000000e+00
-2.142260185554623604e+02 -5.021996209266138322e+01 3.860763312730660982e+04 1.384869289811256600e+16 0.000000000000000000e+00
-6.239551770227029920e+03 -4.807411825184968279e+01 2.057929953568313795e+04 1.381069957709027000e+16 0.000000000000000000e+00
-5.135325562948361039e+03 -5.796577614329749650e+01 5.420668331326732005e+04 1.377370564707775000e+16 0.000000000000000000e+00
-1.787475837467517704e+04 -4.786088593225812815e+01 6.126642989779013442e+04 1.373635084184119600e+16 0.000000000000000000e+00
2.194643079348839819e+03 -6.551370880645647787e+01 1.907564014181734092e+04 1.370129705293717200e+16 0.000000000000000000e+00
4.813656752767041326e+03 -5.604654028814731959e+01 4.253220523023704300e+04 1.366423274316170600e+16 0.000000000000000000e+00
-1.539853451599925756e+04 -6.530933110076293246e+01 5.084927173204021528e+04 1.362752393898470200e+16 0.000000000000000000e+00
-5.759198067124933004e+03 -4.773077679318713251e+01 4.580673370736830839e+04 1.359292470322900800e+16 0.000000000000000000e+00
-8.460760585258714855e+03 -4.398649417273441031e+01 5.164511386217139807e+04 1.355669244181064600e+16 0.000000000000000000e+00
3.631653904736973345e+03 -5.673894720998280405e+01 2.909868559689055110e+04 1.352095616385151400e+16 0.000000000000000000e+00
7.983765356724150479e+03 -6.606350082284697578e+01 2.875318936240887706e+04 1.348497816491396200e+16 0.000000000000000000e+00
-2.205752514857798815e+03 -5.345310347784929661e+01 4.822735910248356231e+04 1.345005784720692800e+16 0.000000000000000000e+00
-1.119993748732469976e+04 -5.277978430835852919e+01 6.833789156467335124e+04 1.341428768841848200e+16 0.000000000000000000e+00
-3.916127177249267697e+04 -3.178318586195133832e+01 3.022923024183504749e+06 9.538749307428320000e+15 0.000000000000000000e+00
-8.186114608496427536e+02 -6.409156425182735006e+01 2.840586008342682908e+04 1.334982241373759200e+16 0.000000000000000000e+00
-3.235699909319356084e+04 -3.325746800677207204e+01 2.971089716040635016e+06 9.488413455726702000e+15 0.000000000000000000e+00
1.089246965420432389e+03 -6.337440386080299959e+01 3.802123734359083755e+04 1.327949177803293000e+16 0.000000000000000000e+00
-8.681666202117688954e+03 -4.552779597005602596e+01 4.784412370289866521e+04 1.324460473271073600e+16 0.000000000000000000e+00
-8.608504632893949747e+03 -4.321449182837702097e+01 5.432556490438878973e+04 1.321061451713604000e+16 0.000000000000000000e+00
-8.416193065440282226e+03 -5.943272242042026932e+01 7.662350556718755979e+04 1.317667492908950400e+16 0.000000000000000000e+00
-3.483549267429858446e+03 -4.694807648286450785e+01 2.424873618455198812e+04 1.314265794243982600e+16 0.000000000000000000e+00
-1.276677319067530334e+03 -6.933702079545766139e+01 4.412574071196704608e+04 1.310869648361420800e+16 0.000000000000000000e+00
6.155968318330124021e+03 -5.447950645690006866e+01 4.098685517338674981e+04 1.307470641098472400e+16 0.000000000000000000e+00
-1.743181214674860239e+05 -2.381353563400724127e+01 1.263970249348562211e+05 8.197184885452753600e+16 0.000000000000000000e+00
-1.619734727898612618e+03 -4.862868493346346099e+01 2.262725327229194954e+04 1.301025103659551000e+16 0.000000000000000000e+00
-9.227910006541758776e+03 -4.032803975776825212e+01 6.095147765630648792e+04 1.297681075071610400e+16 0.000000000000000000e+00
-2.671868711300194263e+02 -4.942924173783788433e+01 3.471875789448093565e+04 1.294406952609383800e+16 0.000000000000000000e+00
-5.235685605183243752e+02 -6.033038776410421633e+01 2.221288617177432752e+04 1.291092224321782800e+16 0.000000000000000000e+00
1.842016897154040635e+03 -6.018238148600523374e+01 2.323264290897102910e+04 1.287794791399171200e+16 0.000000000000000000e+00
-2.104058591950684786e+03 -5.405482873230063490e+01 2.255673097043765665e+04 1.284520172478716000e+16 0.000000000000000000e+00
3.431029198201373219e+03 -5.379857061384457495e+01 1.760273826927794653e+04 1.281263379476899600e+16 0.000000000000000000e+00
-1.151508102864027023e+02 -5.113102015214405327e+01 2.304207445856703998e+04 1.278040595310878600e+16 0.000000000000000000e+00
2.869941115558147430e+03 -7.276707285222008181e+01 4.344517069910013379e+04 1.274809106200796600e+16 0.000000000000000000e+00
3.218668077195994556e+03 -5.851894227589230724e+01 2.483438461468567402e+04 1.271602207808061600e+16 0.000000000000000000e+00
6.473897077354602516e+03 -6.666029833950045713e+01 2.420997608343592583e+04 1.268420559453173000e+16 0.000000000000000000e+00
-2.104861707267351449e+03 -4.990566858533701122e+01 2.070146256744132552e+04 1.265311342371638000e+16 0.000000000000000000e+00
-8.106989511260762811e+02 -5.653921323567001167e+01 3.104826883914287828e+04 1.262152469260971200e+16 0.000000000000000000e+00
-2.945288934481330216e+03 -5.982020668632143412e+01 1.997745822192009655e+04 1.259001825799750600e+16 0.000000000000000000e+00
1.953665654612705112e+02 -5.205517682327465678e+01 3.282129612191134947e+04 1.255881997311868000e+16 0.000000000000000000e+00
5.843350267941132188e+02 -5.309348368180317834e+01 3.282051562781124085e+04 1.252761856303050200e+16 0.000000000000000000e+00
-4.921164987897500396e+02 -5.843357503320894608e+01 1.686222096276408411e+04 1.249657527176474600e+16 0.000000000000000000e+00
-1.137769771227613091e+03 -5.254126807167299518e+01 5.650495631786950980e+04 1.246568496459195800e+16 0.000000000000000000e+00
-9.321564540497027338e+03 -5.418485016236533625e+01 2.471825947933126736e+04 1.243495410681659000e+16 0.000000000000000000e+00
-3.993252446457743645e+03 -4.481110756402097195e+01 3.926050724499868375e+04 1.240577241400992600e+16 0.000000000000000000e+00
-8.598283296377398074e+03 -5.491476832372724459e+01 1.337828836547115119e+06 8.813998146002214000e+15 0.000000000000000000e+00
-9.337030874304473400e+03 -4.752009494242951604e+01 3.672230739142322273e+04 1.234542606020069600e+16 0.000000000000000000e+00
2.298649242975749075e+03 -4.708479655182695467e+01 2.493395017745988298e+04 1.231629046465062600e+16 0.000000000000000000e+00
-4.496323472969513386e+04 -6.252260879587539932e+01 1.019582752741208533e+05 7.748775842220456000e+16 0.000000000000000000e+00
-1.430482948012650013e+02 -5.572263752738798104e+01 1.941518694696751118e+04 1.225733763374475800e+16 0.000000000000000000e+00
-2.224325922481715679e+03 -5.299844876094599044e+01 1.923364709478578516e+04 1.222762249405282600e+16 0.000000000000000000e+00
1.843465660704299808e+03 -6.125550799795843915e+01 1.661583327466740957e+04 1.219813554703981000e+16 0.000000000000000000e+00
2.829048811923712492e+02 -7.826634655600118151e+01 3.166363170367572093e+04 1.216877972161542600e+16 0.000000000000000000e+00
-1.577548047784427181e+05 -1.232785139849206502e+01 8.838868214002717286e+06 8.644499764905256000e+15 0.000000000000000000e+00
-1.225930177677422762e+03 -5.633433701659970438e+01 5.954454500020671549e+04 1.211034854315244000e+16 0.000000000000000000e+00
-8.771178363505750895e+02 -5.595227100555489130e+01 2.613405533034948166e+04 1.208134793666322800e+16 0.000000000000000000e+00
5.868212926043197513e+02 -6.356648400635467766e+01 2.468287783842341378e+04 1.205249068231758600e+16 0.000000000000000000e+00
-1.830722218008432537e+04 -7.118431359031224304e+01 1.738182259070659522e+06 8.562171914599411000e+15 0.000000000000000000e+00
-1.056022433471679688e+04 -4.805285472227394905e+01 4.594859931707110081e+04 1.199524302935210600e+16 0.000000000000000000e+00
-5.212511493386700749e+02 -6.088700733384053621e+01 1.727935270477696395e+04 1.196775326206968800e+16 0.000000000000000000e+00
-1.411359425458125770e+03 -4.307493920300514390e+01 4.179774995656251849e+04 1.193942968498884000e+16 0.000000000000000000e+00
-2.053927006167359650e+03 -6.635975827081017542e+01 1.493530155596646182e+04 1.191125561892108000e+16 0.000000000000000000e+00
-1.204170645740814507e+03 -5.924185943048105685e+01 2.143673002914653262e+04 1.188327229648346600e+16 0.000000000000000000e+00
-1.235665799172595143e+03 -4.338479239921337438e+01 1.773558449499063136e+04 1.185536299518421200e+16 0.000000000000000000e+00
-4.735236448198556900e+02 -5.961568884402905866e+01 2.490186370522728612e+04 1.182759008876557800e+16 0.000000000000000000e+00
-1.035785127826873213e+04 -6.805882768528898907e+01 5.751842639864867670e+04 1.179992505893470800e+16 0.000000000000000000e+00
-2.626130816247314215e+02 -4.913733975529008546e+01 2.000685201648743532e+04 1.177302647678233600e+16 0.000000000000000000e+00
