0.000000000000000000e+00 0.000000000000000000e+00 0.000000000000000000e+00 0.000000000000000000e+00 0.000000000000000000e+00
-1.026406241246648250e+02 -1.025039130391752877e+02 9.493916256064086068e-02 1.353607583669960441e+05 0.000000000000000000e+00
-9.455235154757669136e+01 -9.428827225336600293e+01 3.755598780133858616e-01 1.346935149985497992e+05 0.000000000000000000e+00
-9.863968829391966153e+01 -9.861792684433260092e+01 1.460666977160975655e-01 1.327280901888434892e+05 0.000000000000000000e+00
-9.472430289649717849e+01 -9.428349308667290529e+01 1.179467823640621693e-01 3.133342944736521531e+04 0.000000000000000000e+00
-1.052783422112590870e+02 -1.051879112635673721e+02 9.457889528393503831e-02 1.363870253991037607e+05 0.000000000000000000e+00
-9.716305959869805520e+01 -9.701077226103699047e+01 1.241911574342538516e-01 1.341966180004769994e+05 0.000000000000000000e+00
-9.722791779001902057e+01 -9.715542519827938861e+01 1.258038123780152451e-01 4.146554925430021103e+04 0.000000000000000000e+00
-1.026393122745460147e+02 -1.026114984797983993e+02 5.387502595287001206e-02 4.079627875259997381e+04 0.000000000000000000e+00
-1.079520574943914255e+02 -1.080271261166935375e+02 1.194923734016582334e-01 1.275761128105268290e+05 0.000000000000000000e+00
-1.053504863631153654e+02 -1.053438155603040656e+02 6.768923509780097603e-02 1.253119031649490935e+05 0.000000000000000000e+00
-1.017379016489479255e+02 -1.017596329488718254e+02 1.715195923410758050e-01 1.225339805025622918e+05 0.000000000000000000e+00
-1.053107736434400579e+02 -1.053269167366062078e+02 8.359577998393726006e-02 1.198997232003636891e+05 0.000000000000000000e+00
-1.053097255671906112e+02 -1.053254538322673568e+02 4.017427547573716035e-02 1.173928266143350193e+05 0.000000000000000000e+00
-1.080625446520619306e+02 -1.080724667239035028e+02 6.151367370623839204e-02 1.149953859006874263e+05 0.000000000000000000e+00
-1.055246228961246970e+02 -1.055560216148355295e+02 1.377666656205109585e-01 3.544003016709836811e+04 0.000000000000000000e+00
-1.053085726007180938e+02 -1.052808051682486195e+02 5.192286725427596589e-02 3.476196420521823893e+04 0.000000000000000000e+00
-1.053133676035383104e+02 -1.053473646013849532e+02 3.948946082526871848e-02 1.133961432930771698e+05 0.000000000000000000e+00
-1.012891254258114060e+02 -1.013158041637941693e+02 4.395357945859024867e-02 1.114118383795296686e+05 0.000000000000000000e+00
-1.025643763609040775e+02 -1.025430015255129490e+02 4.281648767508003384e-02 3.287390562717652938e+04 0.000000000000000000e+00
-9.429227557672032844e+01 -9.427043346008160540e+01 6.226105284301710480e-02 3.232370150024274699e+04 0.000000000000000000e+00
-1.026930269280350956e+02 -1.026640564040672103e+02 5.275106131040017271e-02 1.057061785349267448e+05 0.000000000000000000e+00
-1.106767171264503986e+02 -1.106578538048476048e+02 5.978194841458714381e-02 1.039375298896896275e+05 0.000000000000000000e+00
-1.026540595666237152e+02 -1.026770167016226765e+02 4.204547615021728829e-02 1.021529917802545679e+05 0.000000000000000000e+00
-1.025521159185538238e+02 -1.025498386740180194e+02 3.766347158907323855e-02 1.004644112315314997e+05 0.000000000000000000e+00
-1.025969158260912621e+02 -1.025188333915079113e+02 5.925992549184553454e-02 9.876290017503673153e+04 0.000000000000000000e+00
-9.990736756590634116e+01 -9.989509902028865440e+01 3.314349217811279891e-02 2.984445029779492688e+04 0.000000000000000000e+00
-1.025444768322455786e+02 -1.025255930453844684e+02 2.638583410247402269e-02 2.937642916248002803e+04 0.000000000000000000e+00
-1.053303212756699736e+02 -1.053722061810888846e+02 3.541151662002817863e-02 9.544692463075838168e+04 0.000000000000000000e+00
-1.052141144351169970e+02 -1.051999632810886141e+02 4.347299206623118223e-02 9.417937353857795824e+04 0.000000000000000000e+00
-1.080201893742622019e+02 -1.080474740302693135e+02 4.237957910669237077e-02 9.273325473975716159e+04 0.000000000000000000e+00
-1.052069312165128281e+02 -1.051744929778917452e+02 3.579171215099793274e-02 9.141090652593970299e+04 0.000000000000000000e+00
-9.997029847669374192e+01 -9.994686501936446632e+01 4.696345353523344313e-02 9.016510359627126309e+04 0.000000000000000000e+00
-1.052877911381476110e+02 -1.052925693503123767e+02 3.447612278101286343e-02 8.888526969921927957e+04 0.000000000000000000e+00
-1.079976427802996426e+02 -1.079769691852367259e+02 2.499371236457344561e-02 2.659348056644705139e+04 0.000000000000000000e+00
-1.015562488700852413e+02 -1.016081797572432919e+02 1.162718416715183001e-01 8.636257707832122105e+04 0.000000000000000000e+00
-1.053041894426356038e+02 -1.053555130657524472e+02 2.866305167464134121e-02 8.527011360197381873e+04 0.000000000000000000e+00
-1.079821010692617165e+02 -1.079936399981243085e+02 2.234746925214441474e-02 8.440391665240933071e+04 0.000000000000000000e+00
-1.080521745819172850e+02 -1.080560366663284810e+02 2.536096676020830470e-02 2.518888144014291902e+04 0.000000000000000000e+00
-9.209950469272614271e+01 -9.202532770500870640e+01 6.569164946096933688e-02 2.484548587708523337e+04 0.000000000000000000e+00
-9.976240051883597459e+01 -9.992147887845679577e+01 6.199368973536421162e-02 2.482196071024717457e+04 0.000000000000000000e+00
-8.905593221243351820e+01 -8.893325897108051947e+01 6.500848736924072502e-02 2.581099335577209786e+04 2.800000000000000000e+01
-9.978654768610233816e+01 -9.978398658631114415e+01 4.096522571903973148e-02 8.582593911877549544e+04 0.000000000000000000e+00
-1.006846906661317718e+02 -1.006245553316890664e+02 7.453987060380332097e-02 2.589800956163552837e+04 0.000000000000000000e+00
-1.018030486581318002e+02 -1.018170044455577852e+02 2.514766221866668316e-02 4.279752692754052077e+03 0.000000000000000000e+00
-1.024704675530155527e+02 -1.024516456833553093e+02 2.242455435231476002e-02 2.543046847543554395e+04 0.000000000000000000e+00
-1.080321031755322849e+02 -1.080473224946425574e+02 2.775482318115628927e-02 8.219415157698243274e+04 0.000000000000000000e+00
-1.107415941729999815e+02 -1.107712955725405379e+02 3.237752108954952690e-02 8.120851742140180431e+04 0.000000000000000000e+00
-1.024940205760247949e+02 -1.024637954792851531e+02 1.696128439241876076e-02 2.460509601413339260e+04 0.000000000000000000e+00
-9.977696822166259949e+01 -9.980108767339545750e+01 3.287011072796185845e-02 2.441206527496071067e+04 0.000000000000000000e+00
-9.710383535836326985e+01 -9.708390023241150857e+01 2.936161342717378761e-02 4.150154654417231541e+03 0.000000000000000000e+00
-1.080005565457659742e+02 -1.079819315603009784e+02 2.043430058593977139e-02 2.389334180557453874e+04 0.000000000000000000e+00
-1.053063183446077318e+02 -1.053079702798419248e+02 1.518122085894990127e-02 2.365288288028789611e+04 0.000000000000000000e+00
-7.527994483995858843e+01 -7.498525652176749645e+01 2.322764099624790302e-01 4.029861612365946257e+03 1.700000000000000000e+01
-1.025831348743394642e+02 -1.025689058729783483e+02 1.842921023287830487e-02 2.371502361162112720e+04 0.000000000000000000e+00
-1.106781153594889844e+02 -1.106602049683881432e+02 2.659967924280445470e-02 2.346850689380747644e+04 0.000000000000000000e+00
-9.708141638245173510e+01 -9.704918247938641684e+01 3.583646763780723443e-02 2.323583006149857465e+04 0.000000000000000000e+00
-1.013609198768351831e+02 -1.013277260341609747e+02 4.313581390412642852e-02 7.324165317005664110e+04 0.000000000000000000e+00
-1.026115487057408302e+02 -1.026408425829252309e+02 2.191649216694488422e-02 2.310755329318595614e+04 0.000000000000000000e+00
-9.701220813173418378e+01 -9.703814201664538075e+01 2.651426187304913376e-02 2.293778036228615383e+04 0.000000000000000000e+00
-9.726408880288023795e+01 -9.727362846185336309e+01 3.904372182224909865e-02 7.100679017296132224e+04 0.000000000000000000e+00
-9.961421803710047129e+01 -9.950780396296751462e+01 3.718087977919536796e-02 2.253269172947749757e+04 0.000000000000000000e+00
-9.693928515926029377e+01 -9.690569450958157915e+01 4.206000972745368299e-02 2.301704348871546608e+04 0.000000000000000000e+00
-9.694199857513626739e+01 -9.695541077214178927e+01 2.357877249715624457e-02 2.283796245663728405e+04 0.000000000000000000e+00
-1.052792162522469965e+02 -1.052689491475418748e+02 1.567913950690262570e-02 6.879517972290675971e+04 0.000000000000000000e+00
-1.107513788398586030e+02 -1.107716026076279690e+02 2.895044234599577007e-02 6.811097121885592060e+04 0.000000000000000000e+00
-1.080474574506788343e+02 -1.080716325641471371e+02 2.080625260975187477e-02 6.747100543895419105e+04 0.000000000000000000e+00
-1.053149639176434249e+02 -1.052911695269521601e+02 2.260362796050195688e-02 6.685854373277867853e+04 0.000000000000000000e+00
-1.107647489149366038e+02 -1.107712035278858451e+02 1.865132698532724967e-02 2.179557825701106776e+04 0.000000000000000000e+00
-1.052556640478265990e+02 -1.052536392923984181e+02 1.630379039977012876e-02 6.566486038302267843e+04 0.000000000000000000e+00
-1.080552384619794992e+02 -1.080667435086623129e+02 1.561608119253550704e-02 2.139018487946605092e+04 0.000000000000000000e+00
-1.080577256893191276e+02 -1.080728431390652844e+02 2.090092161567614487e-02 2.119777558550637696e+04 0.000000000000000000e+00
-1.026004529805164367e+02 -1.026019595854025823e+02 1.449050394092003292e-02 2.101719064207761767e+04 0.000000000000000000e+00
-9.911245513090401005e+01 -9.911223073121075799e+01 3.692171997756749785e-02 6.326400914594042115e+04 0.000000000000000000e+00
-1.079931936632551555e+02 -1.079911919545795769e+02 1.046958937706829636e-02 2.063331868755463074e+04 0.000000000000000000e+00
-1.043021768160582923e+02 -1.043339642229939273e+02 3.781920325333703453e-02 2.044446682403727755e+04 0.000000000000000000e+00
-9.449981108104164207e+01 -9.451816280104200985e+01 4.415419788799796602e-02 6.208324250658994424e+04 0.000000000000000000e+00
-9.743698315790598485e+01 -9.736413761972855241e+01 4.994443737310199499e-02 6.154673360279670305e+04 0.000000000000000000e+00
-1.053133895399456605e+02 -1.053136018338588116e+02 1.382326388114652957e-02 1.995460718488832936e+04 0.000000000000000000e+00
-1.080449356525794400e+02 -1.080442130662320892e+02 1.655251922449701985e-02 6.083596031464597036e+04 0.000000000000000000e+00
-9.920705435217665524e+01 -9.924060067195264878e+01 2.524131586653730747e-02 1.960957498893485536e+04 0.000000000000000000e+00
-1.025511996933660015e+02 -1.025625336785602002e+02 1.695255230014990067e-02 1.950826395215758021e+04 0.000000000000000000e+00
-1.053157990941753042e+02 -1.053362777147192020e+02 1.730894510518008605e-02 5.931653050668492506e+04 0.000000000000000000e+00
-1.106960531761806834e+02 -1.106897101476498051e+02 2.175797563729682180e-02 5.884323328888523247e+04 0.000000000000000000e+00
-1.080574669575785833e+02 -1.080672894996534978e+02 1.695721490751080085e-02 5.834718733319645980e+04 0.000000000000000000e+00
-9.977684186917072395e+01 -9.974085955736198628e+01 1.910430868525302833e-02 1.889221302718724110e+04 0.000000000000000000e+00
-1.025325701925438153e+02 -1.025269147357630715e+02 1.248597951860783324e-02 1.882360968482146563e+04 0.000000000000000000e+00
-9.719765731475062864e+01 -9.710546833403893174e+01 2.712108774337453759e-02 5.709062115884971718e+04 2.000000000000000000e+00
-1.018329315837193292e+02 -1.018278370390117971e+02 4.652566469870741267e-02 5.724176596838223486e+04 0.000000000000000000e+00
-1.025787208722326227e+02 -1.025684976523439929e+02 1.188418246032950029e-02 1.844314509831823307e+04 0.000000000000000000e+00
-1.080341985933196440e+02 -1.080519890809643755e+02 1.379215628312760976e-02 5.632305713342974195e+04 0.000000000000000000e+00
-9.437075940309854616e+01 -9.436992756670541382e+01 2.078196605663016130e-02 1.816062254348526767e+04 0.000000000000000000e+00
-1.025524818643536094e+02 -1.025671297020248574e+02 1.786008543897489934e-02 5.546414561629547825e+04 0.000000000000000000e+00
-1.029737405671205011e+02 -1.029860273305707494e+02 2.957528825556003660e-02 1.787546142590639647e+04 0.000000000000000000e+00
-1.080770492986101630e+02 -1.080944326229541588e+02 1.414791142399543511e-02 1.774357055580813903e+04 0.000000000000000000e+00
-1.052303704744018233e+02 -1.052357980218000222e+02 1.351866199282053711e-02 1.762893727588595721e+04 0.000000000000000000e+00
-9.978104524621073779e+01 -9.979106028410389229e+01 2.602722719285919042e-02 5.423334105717946659e+04 0.000000000000000000e+00
-9.983382545365006422e+01 -9.983774654813132088e+01 1.414762010606360372e-02 5.382552352762614464e+04 0.000000000000000000e+00
-1.053855044668662231e+02 -1.053837345950660875e+02 1.361564968681657113e-02 1.723660541787042894e+04 0.000000000000000000e+00
-9.433352467354018245e+01 -9.428746481696953197e+01 2.874897977840144489e-02 1.710702964955624702e+04 0.000000000000000000e+00
-1.025896788757701472e+02 -1.025988214343143454e+02 1.057695948381459639e-02 1.708128620076410152e+04 0.000000000000000000e+00
-9.715732794474814682e+01 -9.717507003293439993e+01 1.265686141872739492e-02 1.696008599405498535e+04 0.000000000000000000e+00
-1.052628594630420196e+02 -1.052158279171948863e+02 2.209693345577226978e-02 5.196532157116212329e+04 0.000000000000000000e+00
-7.278304952410518069e+01 -7.268755184824357229e+01 9.820980289003353181e-02 1.679978868493133268e+04 4.000000000000000000e+00
-9.718227990742119005e+01 -9.716286961984380355e+01 2.138566719641663005e-02 1.678573245568161656e+04 0.000000000000000000e+00
-1.052754301342541510e+02 -1.052765577408206923e+02 1.373695477785432870e-02 5.208155905232144141e+04 0.000000000000000000e+00
-9.169634236308934305e+01 -9.165829931005112030e+01 2.469914908132930451e-02 1.656600481844817114e+04 0.000000000000000000e+00
-9.982031797643823268e+01 -9.980078886474643696e+01 1.617346236243241003e-02 5.143526772029761196e+04 0.000000000000000000e+00
-1.024852797792268149e+02 -1.024711202921747457e+02 1.447514384632677710e-02 1.640642956318133656e+04 0.000000000000000000e+00
-1.079747920699897463e+02 -1.079726320328351932e+02 1.100764331003257178e-02 1.630383437872810828e+04 0.000000000000000000e+00
-9.723895539364723106e+01 -9.720775629917552862e+01 2.258000804395338124e-02 1.619087753082563540e+04 0.000000000000000000e+00
-1.025466828981803928e+02 -1.025308135585267308e+02 1.038396586557868012e-02 1.612591790470370506e+04 0.000000000000000000e+00
-1.025124749237534871e+02 -1.024946207846714543e+02 1.311181641292028487e-02 1.603217009060842611e+04 0.000000000000000000e+00
-1.081005543587393731e+02 -1.080977939460264849e+02 1.541895597611744363e-02 4.943724030930700974e+04 0.000000000000000000e+00
-9.966858932376386804e+01 -9.963718686789079015e+01 2.355158628275657792e-02 1.584305018388532881e+04 0.000000000000000000e+00
-1.107647877538752965e+02 -1.107749553065117993e+02 1.672566779340684331e-02 4.897713932443460362e+04 0.000000000000000000e+00
-9.990396758255688781e+01 -9.991959664280439313e+01 1.478369373174702808e-02 1.567845747159318307e+04 0.000000000000000000e+00
-1.079222967751657336e+02 -1.079171991992869408e+02 1.180211076407862957e-02 1.559002913634919423e+04 0.000000000000000000e+00
-9.952876674036605209e+01 -9.946979788456614813e+01 2.647200176183648473e-02 1.548916233989147804e+04 0.000000000000000000e+00
-1.081003063960599917e+02 -1.081200986261435304e+02 1.282979035707893477e-02 1.553949664164689966e+04 0.000000000000000000e+00
-1.041427287840015907e+02 -1.041483341028180689e+02 1.917120531555570329e-02 4.766408733156337985e+04 0.000000000000000000e+00
-1.051751773377333166e+02 -1.051669900290707460e+02 1.120942603797243226e-02 1.536525809990919333e+04 0.000000000000000000e+00
-1.008281752123633197e+02 -1.008816065140557612e+02 2.030575113760199266e-02 1.527081294325338604e+04 0.000000000000000000e+00
-1.053853820064988440e+02 -1.053955505841775135e+02 1.001701189019794241e-02 1.530959216009516967e+04 0.000000000000000000e+00
-1.053186327758966740e+02 -1.053342677332503854e+02 1.468040437972345340e-02 4.682022574806814373e+04 0.000000000000000000e+00
-1.053209114384363545e+02 -1.053316586624811890e+02 1.482181364632175792e-02 4.654047751275202609e+04 0.000000000000000000e+00
-1.026032902979844437e+02 -1.026011234159671801e+02 1.162119889149100527e-02 1.503990391131448632e+04 0.000000000000000000e+00
-1.052030846706621645e+02 -1.051945185979883348e+02 1.038941454922210836e-02 1.494689714044011998e+04 0.000000000000000000e+00
-9.972920691668693394e+01 -9.972412591769740686e+01 1.148648949973499200e-02 1.485946236615821181e+04 0.000000000000000000e+00
-9.989654794971907847e+01 -9.990845862485798534e+01 1.421854935781742720e-02 4.542617001226732100e+04 0.000000000000000000e+00
-1.080076053854100167e+02 -1.080248651489194884e+02 1.298106148975884666e-02 4.515700393327212805e+04 0.000000000000000000e+00
-9.903522705230112422e+01 -9.905916871460652828e+01 1.996363957812152812e-02 1.460730492222828070e+04 0.000000000000000000e+00
-1.080478973992854179e+02 -1.080518720086063809e+02 1.086335175243938016e-02 4.471589682285467279e+04 0.000000000000000000e+00
-1.026401782825845430e+02 -1.026375082301567971e+02 1.238917345621748552e-02 1.445880926237813583e+04 0.000000000000000000e+00
-1.053267299188925534e+02 -1.053258561614189261e+02 7.375944620155351281e-03 1.437307380333038418e+04 0.000000000000000000e+00
-1.025959480955542915e+02 -1.025830824590039043e+02 9.185372966187066793e-03 1.428807247430517054e+04 0.000000000000000000e+00
-1.062655060615218048e+02 -1.062518188493168054e+02 2.284394548756107229e-02 3.175522439541284257e+03 0.000000000000000000e+00
-1.036235448741693546e+02 -1.036732218443868732e+02 2.198312165296318482e-02 4.361710246717912378e+04 0.000000000000000000e+00
-9.982945031087902521e+01 -9.984067552922128641e+01 1.551641947526562204e-02 4.349341051151924330e+04 0.000000000000000000e+00
-1.053212898111643625e+02 -1.053211725515530048e+02 5.327018285362102208e-03 1.401575852958989344e+04 0.000000000000000000e+00
-1.080568239353124653e+02 -1.080492702030547321e+02 7.224069774913831517e-03 1.393520115304777937e+04 0.000000000000000000e+00
-9.598951162133012360e+01 -9.600559766592202493e+01 1.748067876587705224e-02 1.385841767759004870e+04 0.000000000000000000e+00
-1.026123196700427371e+02 -1.026100214622301507e+02 1.047001017889578542e-02 1.379003290954596196e+04 0.000000000000000000e+00
-1.025491379978245590e+02 -1.025483338780126843e+02 6.279500624851098306e-03 1.371237525453796843e+04 0.000000000000000000e+00
-1.051911565797899044e+02 -1.051898789013255993e+02 8.408858535095932799e-03 1.363545266354162959e+04 0.000000000000000000e+00
-9.800304067836513866e+01 -9.802541633684622013e+01 2.131609711753622641e-02 1.355938376947478901e+04 0.000000000000000000e+00
-1.080241985888619922e+02 -1.080209340165679777e+02 8.885825231143815867e-03 1.350583601131055366e+04 0.000000000000000000e+00
-1.053131314727135219e+02 -1.053057246343530693e+02 1.281405715695694940e-02 4.144035081817713217e+04 0.000000000000000000e+00
-1.025615063773791462e+02 -1.025520391122175710e+02 7.378090451673528782e-03 1.335828028512109813e+04 0.000000000000000000e+00
-1.080623734778071992e+02 -1.080502161948337232e+02 6.866738097434538571e-03 2.997161663635018158e+03 0.000000000000000000e+00
-1.080630478479328644e+02 -1.080725676280345056e+02 8.296985368847547768e-03 1.322250561391269730e+04 0.000000000000000000e+00
-9.426334252036912176e+01 -9.427831158629126662e+01 1.674000941440628720e-02 1.315573903552001866e+04 0.000000000000000000e+00
-1.080606341354101545e+02 -1.080735497960429115e+02 1.057352335104710592e-02 4.035131051987046521e+04 0.000000000000000000e+00
-1.025087852185543937e+02 -1.025052782755601442e+02 9.959353430987385319e-03 1.302849283907571953e+04 0.000000000000000000e+00
-1.053390836253731777e+02 -1.053581814726282602e+02 1.223148314503024262e-02 3.993190671200626821e+04 0.000000000000000000e+00
-1.026238367288805335e+02 -1.026154840102795447e+02 1.024620463223434481e-02 1.289230548347924196e+04 0.000000000000000000e+00
-1.024839148153671147e+02 -1.024715876113581032e+02 1.133011456708069714e-02 1.282739555769965591e+04 0.000000000000000000e+00
-1.053290504569546044e+02 -1.053224979031423345e+02 1.144873319607685180e-02 1.276737588899926959e+04 0.000000000000000000e+00
-1.081004646224215406e+02 -1.081171780190195619e+02 1.147323204192284528e-02 1.270290982570607775e+04 0.000000000000000000e+00
-1.024662653030208759e+02 -1.024692680129792421e+02 9.127574371195662159e-03 1.265135971205158421e+04 0.000000000000000000e+00
-1.044424360203376665e+02 -1.044148830501221710e+02 2.604632325347501845e-02 2.854101371760662460e+03 0.000000000000000000e+00
-1.107214475409476222e+02 -1.107143486342025938e+02 9.364344116887461655e-03 2.850855300059035926e+03 0.000000000000000000e+00
-1.024630244927370057e+02 -1.024683860048819781e+02 7.280488761517226771e-03 1.251040018595978472e+04 0.000000000000000000e+00
-1.041421376069578315e+02 -1.041774561260163381e+02 1.393925368034620339e-02 1.244814009005333901e+04 0.000000000000000000e+00
-1.026138934418378312e+02 -1.026334696483588829e+02 9.816515586334832733e-03 3.897099639618415677e+04 0.000000000000000000e+00
-9.984956332506466481e+01 -9.986003223715286481e+01 1.282270985264719228e-02 3.879340377662070387e+04 0.000000000000000000e+00
-1.080733219877478035e+02 -1.080755369748507775e+02 7.624722425582920043e-03 1.235052934204729354e+04 0.000000000000000000e+00
-1.080507393295903569e+02 -1.080496065897021793e+02 6.554680337351774348e-03 1.228933012924337345e+04 0.000000000000000000e+00
-8.484338660998984949e+01 -8.452174084125644526e+01 6.398014306839085175e-02 3.822608549779577879e+04 2.100000000000000000e+01
-9.699355443074426830e+01 -9.699797012873618485e+01 1.369184017926376555e-02 1.229181744819039886e+04 0.000000000000000000e+00
-9.441212388562355784e+01 -9.442018787685648817e+01 1.351322800125318371e-02 1.223255012123530651e+04 0.000000000000000000e+00
-1.044415256927539986e+02 -1.044217109430292396e+02 2.018760152362061161e-02 1.217540362393678151e+04 0.000000000000000000e+00
-9.969207403763371644e+01 -9.969434988328573866e+01 1.198459385090656915e-02 2.749195208317094057e+03 0.000000000000000000e+00
-1.052247106836007333e+02 -1.052284740995852559e+02 7.251010227754904787e-03 2.736144856704963786e+03 0.000000000000000000e+00
-8.027420140377473956e+01 -8.070036938871380983e+01 1.136719943318659359e-01 2.723705971514806151e+03 2.000000000000000000e+00
-1.079977477383768587e+02 -1.080039413994203414e+02 9.261918336436145496e-03 3.954435413186993537e+04 0.000000000000000000e+00
-1.025345144930405610e+02 -1.025320013892715991e+02 6.995680010618800758e-03 1.253434055579698361e+04 0.000000000000000000e+00
-9.441550225352517600e+01 -9.442412881925098134e+01 3.012310563616911463e-02 3.917214509582495521e+04 0.000000000000000000e+00
-1.053366173557284498e+02 -1.053427285684055050e+02 9.415954279941643468e-03 1.257400152275447726e+04 0.000000000000000000e+00
-1.026667936417459543e+02 -1.026789085512654509e+02 8.460263122285167220e-03 1.251663182996554860e+04 0.000000000000000000e+00
-1.025371812567523904e+02 -1.025400973086744330e+02 1.136643174085584344e-02 3.864510947361413855e+04 0.000000000000000000e+00
-1.107104515937304257e+02 -1.107144918833874385e+02 1.004869510158692449e-02 1.240951980895539964e+04 0.000000000000000000e+00
-9.990862848131904173e+01 -9.993936207081544865e+01 1.204639887747394403e-02 3.830171325750300457e+04 0.000000000000000000e+00
-9.988091677372899824e+01 -9.986997698299848025e+01 1.416603200787409401e-02 3.816614788275134924e+04 0.000000000000000000e+00
-1.080657413293657072e+02 -1.080737363810062988e+02 7.157404447644183897e-03 1.225107224114442761e+04 0.000000000000000000e+00
-1.052906724118880817e+02 -1.052770502832313753e+02 1.266806093457207606e-02 3.783406937663298595e+04 0.000000000000000000e+00
-1.018444969171873424e+02 -1.018467182514884399e+02 2.195017130052463739e-02 3.766978541362743999e+04 0.000000000000000000e+00
-1.017707881065082205e+02 -1.018030149893249359e+02 2.490261332486129464e-02 1.211091886059995522e+04 0.000000000000000000e+00
-1.052535163978319872e+02 -1.052595655940080377e+02 9.630212143573907077e-03 1.208663455176445677e+04 0.000000000000000000e+00
-1.053828621880761034e+02 -1.053861271554000467e+02 7.454105109715499639e-03 1.203402042469961088e+04 0.000000000000000000e+00
-1.080131848363518117e+02 -1.079924988714489871e+02 1.187296894747297445e-02 3.720303587163771590e+04 0.000000000000000000e+00
-1.079823485436187696e+02 -1.079776093202265201e+02 1.096342556626000823e-02 3.705570607727111928e+04 0.000000000000000000e+00
-9.990225938813847506e+01 -9.991040283893676133e+01 7.240831554494868948e-03 1.187531833977119641e+04 0.000000000000000000e+00
-1.051625364141232097e+02 -1.051666504783697746e+02 1.015488782364099528e-02 1.182545619994752633e+04 0.000000000000000000e+00
-9.991081607512427354e+01 -9.991214790787219613e+01 7.079715222989764120e-03 1.177452209208232307e+04 0.000000000000000000e+00
-9.717756187755414032e+01 -9.719750350500464720e+01 9.261365351594148462e-03 1.172315119180974762e+04 0.000000000000000000e+00
-1.081007327611651476e+02 -1.081057354557284071e+02 7.466296084434814045e-03 1.168782010199602519e+04 0.000000000000000000e+00
-1.081164965858034606e+02 -1.081276472336563188e+02 8.966580887176949996e-03 1.163850524513877826e+04 0.000000000000000000e+00
-1.025104843892648461e+02 -1.025127089905750211e+02 6.982780958376683632e-03 1.159398239258903959e+04 0.000000000000000000e+00
-1.053536017885795530e+02 -1.053543366609416836e+02 5.210455479666237406e-03 1.154440245516035611e+04 0.000000000000000000e+00
-1.051909024352815720e+02 -1.051637944897038892e+02 1.361347548743996848e-02 3.574404442681233195e+04 0.000000000000000000e+00
-1.013738481080085450e+02 -1.013901323605781499e+02 1.879512840009005953e-02 3.562122147053150547e+04 0.000000000000000000e+00
-1.080460895650546718e+02 -1.080468467196234315e+02 5.319202718295428650e-03 1.142768660006951541e+04 0.000000000000000000e+00
-1.053282595283771172e+02 -1.053307933553555955e+02 8.183983709426185041e-03 3.533189144723832578e+04 0.000000000000000000e+00
-1.026625586291388714e+02 -1.026739243403724373e+02 1.210616761736247292e-02 3.518371131190014421e+04 0.000000000000000000e+00
-1.053278311567678003e+02 -1.053300731972267243e+02 4.130606177318800476e-03 1.128739460274959492e+04 0.000000000000000000e+00
-1.025598019543251951e+02 -1.025578579620526938e+02 5.382084470204859944e-03 1.124052341908269227e+04 0.000000000000000000e+00
-1.107102046646780877e+02 -1.107167988032718711e+02 8.090625868699376916e-03 1.119411610415173709e+04 0.000000000000000000e+00
-1.044136644102321725e+02 -1.043929291777017454e+02 2.369924334243411063e-02 3.460888422725933924e+04 0.000000000000000000e+00
-1.053229196493208377e+02 -1.053135355293540698e+02 6.562923005655064979e-03 1.112018595103622101e+04 0.000000000000000000e+00
-1.052065932058637117e+02 -1.052056525966813325e+02 7.167783022093898379e-03 1.107810370761335435e+04 0.000000000000000000e+00
-1.053698480846304193e+02 -1.053846249068831611e+02 1.086419235263906893e-02 3.420181217835700954e+04 0.000000000000000000e+00
-1.053303290795026328e+02 -1.053352212822363470e+02 5.439196517981223326e-03 1.098816060534549979e+04 0.000000000000000000e+00
-1.052581993119917882e+02 -1.052589461116405829e+02 8.887767236995171294e-03 3.394290003550026449e+04 0.000000000000000000e+00
-1.000363153393327025e+02 -1.000104311733720834e+02 1.224733597235912706e-02 2.538839589921391507e+03 0.000000000000000000e+00
-1.053320042458083066e+02 -1.053337888902710233e+02 5.023928118747865261e-03 1.085913771973908661e+04 0.000000000000000000e+00
-8.105506705955255597e+01 -8.120894027723183228e+01 4.285708920332594735e-02 1.081581606956388350e+04 2.000000000000000000e+00
-9.986273521104355666e+01 -9.985912301965339566e+01 8.106139789306828283e-03 1.110065886898923600e+04 0.000000000000000000e+00
-1.080551135223890071e+02 -1.080659776021263951e+02 7.422998577019742847e-03 1.105706997112273166e+04 0.000000000000000000e+00
-1.053266440259822900e+02 -1.053309399684683143e+02 5.821800523007323452e-03 1.101781249197210309e+04 0.000000000000000000e+00
-1.107276672972513154e+02 -1.107225923590164740e+02 1.017544571738975522e-02 3.324044860476632311e+04 0.000000000000000000e+00
-1.107316347963197245e+02 -1.107264681550578018e+02 1.068492844912016619e-02 3.311093746678213938e+04 0.000000000000000000e+00
-1.014151134815291755e+02 -1.013961231860227343e+02 9.591313762578549534e-03 2.502003154101723339e+03 0.000000000000000000e+00
-1.053287350508761051e+02 -1.053242132869016672e+02 6.724012749313908362e-03 1.085206244414370667e+04 0.000000000000000000e+00
-1.080017371831032591e+02 -1.079968265100087876e+02 7.064048400084006578e-03 3.283546310712615377e+04 0.000000000000000000e+00
-9.999555505186799564e+01 -1.000008739401073825e+02 9.911914835410347638e-03 1.076913129353191289e+04 0.000000000000000000e+00
-1.026134115065601833e+02 -1.025965396528150393e+02 1.307505455772339266e-02 3.258769990718033660e+04 0.000000000000000000e+00
-1.079955798448612398e+02 -1.079995678092973463e+02 5.901902128020275473e-03 1.069216499137665051e+04 0.000000000000000000e+00
-1.053318506311960618e+02 -1.053353370823616046e+02 6.156646077823939994e-03 1.065185140957024669e+04 0.000000000000000000e+00
-1.080696407248815518e+02 -1.080750545407569234e+02 5.330112120401163563e-03 1.061182958981834236e+04 0.000000000000000000e+00
-1.056002554269646083e+02 -1.055777481920016498e+02 2.624983718455902934e-02 1.057277115455223066e+04 0.000000000000000000e+00
-1.080480562614868774e+02 -1.080539602932335725e+02 6.712560765207187773e-03 3.199312191585325490e+04 0.000000000000000000e+00
-9.988184125778559519e+01 -9.988852391908898198e+01 1.409186308367021967e-02 3.187421053362637758e+04 0.000000000000000000e+00
-1.081177687023358658e+02 -1.081220571977121807e+02 8.740947012482531281e-03 3.175633526903562597e+04 0.000000000000000000e+00
-1.025566162947557132e+02 -1.025578792655178830e+02 4.843939971023521369e-03 1.043587007203929534e+04 0.000000000000000000e+00
-1.054018765545507961e+02 -1.054057029823648293e+02 6.404184616938341824e-03 1.039706880389310390e+04 0.000000000000000000e+00
-1.080700369524048767e+02 -1.080744344291579040e+02 5.120029678984002602e-03 1.035923288823729308e+04 0.000000000000000000e+00
-1.007923097341505638e+02 -1.007722394076292431e+02 1.170270332711671399e-02 1.032175950031518369e+04 0.000000000000000000e+00
-1.017699281609491777e+02 -1.017617981039249742e+02 1.564992283982471338e-02 3.118303246756862063e+04 0.000000000000000000e+00
-1.053721728818643868e+02 -1.053796188526966660e+02 5.342511748046320508e-03 1.026120664784091241e+04 0.000000000000000000e+00
-1.080486875422154043e+02 -1.080561969362113359e+02 8.853276312835344636e-03 3.096034843660353363e+04 0.000000000000000000e+00
-9.978399150255810923e+01 -9.979398602690133657e+01 8.418760560733765802e-03 1.018885743873077627e+04 0.000000000000000000e+00
-1.053422646811149974e+02 -1.053302076574900212e+02 5.756285709042193756e-03 1.015533502292668891e+04 0.000000000000000000e+00
-9.661758518727887690e+01 -9.656130149188157930e+01 1.651610566868883315e-02 3.063224966855402818e+04 0.000000000000000000e+00
-9.980771429261051253e+01 -9.982230136734486337e+01 6.991601212592269375e-03 1.014894677033990956e+04 0.000000000000000000e+00
-1.014001787844549796e+02 -1.014154900089648947e+02 1.262415010660506744e-02 2.340327602127705632e+03 0.000000000000000000e+00
-9.863964025651944212e+01 -9.868468331780806579e+01 1.414083991693978852e-02 1.019321985922394560e+04 0.000000000000000000e+00
-1.053262298243920441e+02 -1.053251103572990104e+02 4.597109468384979504e-03 2.329562575236887369e+03 0.000000000000000000e+00
-9.977441030039818770e+01 -9.977807958015182521e+01 1.167087816496904101e-02 3.061498184427147862e+04 0.000000000000000000e+00
-1.026729871016003415e+02 -1.026876835036399171e+02 7.398684116364679167e-03 1.014738461541132529e+04 0.000000000000000000e+00
-1.107479343149769448e+02 -1.107493715192957495e+02 8.154654422651596776e-03 1.011916266407371040e+04 0.000000000000000000e+00
-1.024938533722724969e+02 -1.024968662403715172e+02 8.315219080114275019e-03 1.008375407063274906e+04 0.000000000000000000e+00
-1.027028328468170031e+02 -1.027140792042224291e+02 7.359626504780745170e-03 1.004888886383164754e+04 0.000000000000000000e+00
-1.080625365474984818e+02 -1.080571391967680768e+02 6.002369066308448770e-03 1.001865752148276079e+04 0.000000000000000000e+00
-8.169432675230983421e+01 -8.149326814737567304e+01 5.099781695784635221e-02 3.003803426477934045e+04 2.600000000000000000e+01
-1.052644234041788280e+02 -1.052612056368183033e+02 9.216089203644925801e-03 3.067519429050576582e+04 0.000000000000000000e+00
-9.164733026997021170e+01 -9.166157534590772116e+01 3.491201830321497696e-02 3.056981230266294733e+04 0.000000000000000000e+00
-1.080214224711293127e+02 -1.080218412434083319e+02 5.379037918142982357e-03 9.902999561810524028e+03 0.000000000000000000e+00
-1.052347449719600831e+02 -1.052242943973034812e+02 8.161039448815654920e-03 3.036638502655311095e+04 0.000000000000000000e+00
-9.996237874196731354e+01 -9.997352122153625942e+01 7.358085213511291432e-03 9.836201651368937746e+03 0.000000000000000000e+00
-1.014272885997785210e+02 -1.014472869144195926e+02 9.642683767457332911e-03 9.807172475843684879e+03 0.000000000000000000e+00
-1.026660133449868368e+02 -1.026778097876532883e+02 8.566749830618969677e-03 9.784886694118349624e+03 0.000000000000000000e+00
-9.708319869376296651e+01 -9.708135245081965081e+01 8.080652868322346985e-03 9.756527613921116426e+03 0.000000000000000000e+00
-9.986549204376258615e+01 -9.986891453762612514e+01 6.425098507275701226e-03 9.723817129928002032e+03 0.000000000000000000e+00
-1.025945587500289662e+02 -1.025886070252561382e+02 6.369298762799551622e-03 9.691462694154111887e+03 0.000000000000000000e+00
-1.024727973226783320e+02 -1.024776282246727561e+02 7.678337927398339036e-03 2.210057098667888113e+03 0.000000000000000000e+00
-9.864086106234158535e+01 -9.865276503721781864e+01 1.151369509751570125e-02 9.631874193016759818e+03 0.000000000000000000e+00
-1.053044153216774816e+02 -1.053049334301709337e+02 5.808964473345617704e-03 9.604060115574095107e+03 0.000000000000000000e+00
-1.052722033160726198e+02 -1.052741919983949543e+02 5.777541101814904351e-03 2.949761865032636342e+04 0.000000000000000000e+00
-9.560491298915768255e+01 -9.561473541399755049e+01 1.769482155878648877e-02 9.540832351304103213e+03 0.000000000000000000e+00
-1.134476630161950510e+02 -1.134464232771600649e+02 1.247641035271667732e-02 9.512168478868583406e+03 0.000000000000000000e+00
-9.997367235846267874e+01 -9.995942358445088871e+01 1.169391001486067005e-02 2.948860236848159184e+04 0.000000000000000000e+00
-1.052571697656502181e+02 -1.052627888751700453e+02 7.189755202223166962e-03 2.939862675784327439e+04 0.000000000000000000e+00
-1.107723068513219005e+02 -1.107758131137510702e+02 6.081823140022081693e-03 9.421887503780828411e+03 0.000000000000000000e+00
-1.080149779943221802e+02 -1.080180955682784258e+02 5.722348136952985775e-03 9.391755046000005677e+03 0.000000000000000000e+00
-1.026321219126061379e+02 -1.026381236610129832e+02 4.248038863868525312e-03 9.361645096410513361e+03 0.000000000000000000e+00
-1.081146584060831941e+02 -1.081255091836339517e+02 7.193203369187048564e-03 9.332527277790299195e+03 0.000000000000000000e+00
-1.080005407116846357e+02 -1.079954517720628644e+02 6.137104043237872480e-03 2.894294384736345455e+04 0.000000000000000000e+00
-1.107737223559221889e+02 -1.107729275330237044e+02 6.184348517774695617e-03 2.163571014802958871e+03 0.000000000000000000e+00
-1.080982220000695122e+02 -1.081046121206307902e+02 6.098124772955817313e-03 9.250465691475090352e+03 0.000000000000000000e+00
-1.080540341349084201e+02 -1.080559166404117093e+02 7.289345731604347442e-03 2.866776028083755955e+04 0.000000000000000000e+00
-1.023027135039831421e+02 -1.022167643499321912e+02 1.228502127498702808e-02 9.193464829075484886e+03 0.000000000000000000e+00
-1.027069719070732674e+02 -1.027220496198400639e+02 1.260325571726539015e-02 2.851499752738760799e+04 0.000000000000000000e+00
-1.054211494343089583e+02 -1.054323733920582100e+02 7.049242941245125946e-03 9.340749707986677095e+03 0.000000000000000000e+00
-1.026422971134805380e+02 -1.026455621829169473e+02 5.567777857900673560e-03 9.315580208680003125e+03 0.000000000000000000e+00
-9.983067228762396894e+01 -9.983091673254163823e+01 1.215874009964555691e-02 2.828167560233340555e+04 0.000000000000000000e+00
-1.053282885520880683e+02 -1.053307638949848410e+02 5.700760340940522371e-03 2.819329171177390890e+04 0.000000000000000000e+00
-1.054165129112548698e+02 -1.054152997313246942e+02 6.130945004166338773e-03 9.229300835676340284e+03 0.000000000000000000e+00
-1.026153729133576178e+02 -1.026167108364525689e+02 5.387442029835564673e-03 9.200630738846048189e+03 0.000000000000000000e+00
-1.026112416306520032e+02 -1.026157038696837276e+02 6.432873603786606193e-03 9.172181553135267677e+03 0.000000000000000000e+00
-1.106559646662162919e+02 -1.106645624208444474e+02 7.923339164613692198e-03 9.144359396839874535e+03 0.000000000000000000e+00
-1.080533901994442800e+02 -1.080533244146149201e+02 3.727501714427009557e-03 9.118438261521148888e+03 0.000000000000000000e+00
-1.081001092361877767e+02 -1.080995786064528943e+02 1.120959895246103656e-02 2.768596599941106979e+04 0.000000000000000000e+00
-1.053296746590171864e+02 -1.053313577572363613e+02 5.958547286874296689e-03 9.065810116094888144e+03 0.000000000000000000e+00
-1.080048422453730979e+02 -1.080060186226976953e+02 4.599164019135951707e-03 9.038244124011655003e+03 0.000000000000000000e+00
-1.053741224857021166e+02 -1.053794867058068547e+02 6.526943440162972371e-03 2.743436763844661255e+04 0.000000000000000000e+00
-1.043919124814298556e+02 -1.044354083884110764e+02 1.673493109190409348e-02 2.735207904922489615e+04 0.000000000000000000e+00
-1.080584260753954595e+02 -1.080536300594005894e+02 6.363323975482280612e-03 2.732073539142348818e+04 0.000000000000000000e+00
-9.693237510789694511e+01 -9.694522697151970192e+01 1.417024354173226745e-02 8.935495876149065225e+03 0.000000000000000000e+00
-1.079696992430439764e+02 -1.079719588848969209e+02 4.941979455505357381e-03 8.913360843210344683e+03 0.000000000000000000e+00
-1.042659161937605177e+02 -1.042530439278595935e+02 1.496346448270913926e-02 8.886832396589265045e+03 0.000000000000000000e+00
-1.026674055489776123e+02 -1.026613481778470458e+02 6.609985023812640741e-03 8.864093491215920949e+03 0.000000000000000000e+00
-1.107258605255537134e+02 -1.107164217940615742e+02 8.141330388689535860e-03 2.696400235830371457e+04 0.000000000000000000e+00
-1.079993378736635066e+02 -1.079949772645964998e+02 6.078353990609516172e-03 2.688640540071078431e+04 0.000000000000000000e+00
-1.081180763388059205e+02 -1.081242459835824121e+02 5.653917658262507494e-03 8.786680829380145951e+03 0.000000000000000000e+00
-1.026515688104122717e+02 -1.026592014307876042e+02 4.753731979668407784e-03 8.761978935762774199e+03 0.000000000000000000e+00
-9.722135027009845487e+01 -9.721822121980538611e+01 1.060865677388024911e-02 2.666436394028150971e+04 0.000000000000000000e+00
-1.026764262909487968e+02 -1.026881238169578126e+02 5.965285701684816012e-03 8.712477835482930459e+03 0.000000000000000000e+00
-9.701022658399314480e+01 -9.701831843831573110e+01 9.183868644318367302e-03 8.690965139957688734e+03 0.000000000000000000e+00
-1.053020401918880822e+02 -1.053040134799029346e+02 6.929378039389153324e-03 2.644199359880950215e+04 0.000000000000000000e+00
-9.975591583116866445e+01 -9.975684350975576820e+01 8.691065943548683184e-03 8.644287449708430358e+03 0.000000000000000000e+00
-1.080084161123977680e+02 -1.080071620763863081e+02 6.970556707243917224e-03 2.629347875277823186e+04 0.000000000000000000e+00
-1.080233785282615031e+02 -1.080229867719424846e+02 5.514163644110225103e-03 8.594483358345063607e+03 0.000000000000000000e+00
-1.107270507182453372e+02 -1.107269931119645463e+02 5.882457580247210313e-03 8.569715528416085363e+03 0.000000000000000000e+00
-1.054447405045292498e+02 -1.054546932533867789e+02 8.907081053716792152e-03 2.607076420019108991e+04 0.000000000000000000e+00
-1.025125902867425651e+02 -1.025179641376348769e+02 5.911355799534452615e-03 8.523702018314681482e+03 0.000000000000000000e+00
-9.707563577430335044e+01 -9.707872412548564967e+01 8.425832568604288073e-03 2.037814486972722989e+03 0.000000000000000000e+00
-1.053513033425305991e+02 -1.053528719781212857e+02 5.576619227615388884e-03 2.587382773058166276e+04 0.000000000000000000e+00
-1.026524786195997763e+02 -1.026382022840594033e+02 6.866347031277903086e-03 8.457323690957135113e+03 0.000000000000000000e+00
-1.046376382426849148e+02 -1.045956826494884524e+02 1.785961070506979220e-02 8.438616196297050919e+03 0.000000000000000000e+00
-1.026450832516574962e+02 -1.026465571751128891e+02 3.850119007013750629e-03 2.045657654715038916e+03 0.000000000000000000e+00
-1.080044953678991675e+02 -1.080060745869721330e+02 4.215451050203188228e-03 8.431474027912958263e+03 0.000000000000000000e+00
-1.051952562233676929e+02 -1.051972046728622274e+02 4.868413715263845802e-03 8.407856259427522673e+03 0.000000000000000000e+00
-1.053094676755706871e+02 -1.053034237623640053e+02 5.297570947211653440e-03 8.384415067443600492e+03 0.000000000000000000e+00
-8.131357458062686305e+01 -8.142432790743494309e+01 3.844635844768829608e-02 8.362025369526752911e+03 2.000000000000000000e+00
-1.079711509219543331e+02 -1.079718819710330280e+02 4.531347951274840823e-03 8.460374910738899416e+03 0.000000000000000000e+00
-1.080555427048457773e+02 -1.080575453979089389e+02 6.527939325938607665e-03 2.563691863630642183e+04 0.000000000000000000e+00
-1.080553728731915015e+02 -1.080580093024987747e+02 5.171502652809364421e-03 8.413627554246721047e+03 0.000000000000000000e+00
-1.009233045045480850e+02 -1.009873233889459243e+02 1.621759631659408854e-02 8.390596276956157453e+03 0.000000000000000000e+00
-1.041621386851880544e+02 -1.041697604022549228e+02 1.435391886402515894e-02 2.544743442014144966e+04 0.000000000000000000e+00
-1.026189838097411808e+02 -1.026237715518716271e+02 5.537158146252018666e-03 8.431118102719583476e+03 0.000000000000000000e+00
-1.018863851882475444e+02 -1.018731884520336735e+02 9.700425711730839562e-03 8.408574520086423945e+03 0.000000000000000000e+00
-1.080273410260188029e+02 -1.080302414660680341e+02 5.873457311790670002e-03 8.390284503826454966e+03 0.000000000000000000e+00
-1.032763240912221079e+02 -1.032495881997750189e+02 1.570409711734805855e-02 2.518444746351632421e+04 0.000000000000000000e+00
-1.080671340343351829e+02 -1.080724925328408261e+02 4.624411342754106494e-03 8.346384746872212418e+03 0.000000000000000000e+00
-9.872862191504546558e+01 -9.875138058316240119e+01 8.677035506003422799e-03 8.324526362142840298e+03 0.000000000000000000e+00
-1.107821799832541956e+02 -1.107750751647449476e+02 7.629059323773342872e-03 2.507109350709168211e+04 0.000000000000000000e+00
-1.107656804040885561e+02 -1.107716096896395044e+02 4.901704586828476221e-03 8.291867107163378023e+03 0.000000000000000000e+00
-1.079919104828036325e+02 -1.079904051346116205e+02 5.365352893690957491e-03 8.270540701531686864e+03 0.000000000000000000e+00
-1.080396494952880602e+02 -1.080286095018032171e+02 6.285038032731302647e-03 2.487201947813702645e+04 0.000000000000000000e+00
-1.053297690497032733e+02 -1.053318136322995713e+02 4.331306600772392816e-03 8.226438121480863629e+03 0.000000000000000000e+00
-1.026061679647899041e+02 -1.026042964947545784e+02 6.028720613919395788e-03 8.204594311410524824e+03 0.000000000000000000e+00
-1.079947897159007653e+02 -1.079976172306079576e+02 3.371677253625189434e-03 8.182816751030028172e+03 0.000000000000000000e+00
-1.052915619396176226e+02 -1.052998306741900620e+02 9.169254033471740950e-03 2.461166109484268236e+04 0.000000000000000000e+00
-9.978887365144899491e+01 -9.979164588330236541e+01 8.715962497493691050e-03 2.454825639230638626e+04 0.000000000000000000e+00
-1.025591272698103609e+02 -1.025611567675156550e+02 3.373728378609273590e-03 8.121912812194902472e+03 0.000000000000000000e+00
-1.079784165369297710e+02 -1.079712547541885641e+02 6.928766535264696547e-03 2.442202418192200639e+04 0.000000000000000000e+00
-1.042423849213606104e+02 -1.042586829549261438e+02 1.060957171953582148e-02 8.079509932739260876e+03 0.000000000000000000e+00
-1.080100476162782996e+02 -1.080134978919159181e+02 5.240738778262629682e-03 8.064604526584294945e+03 0.000000000000000000e+00
-6.472030851436481669e+01 -6.468876195051808509e+01 8.008397052698036644e-02 8.043833307134883398e+03 2.000000000000000000e+00
-1.025590175903250412e+02 -1.025627449084910978e+02 4.512453810279837621e-03 8.025547583779708475e+03 0.000000000000000000e+00
-1.053721836035981738e+02 -1.053798219508706495e+02 4.916323066868175280e-03 8.004999367791238001e+03 0.000000000000000000e+00
-1.080005756014565748e+02 -1.079983440786807449e+02 4.695993115438575234e-03 2.411068786887737588e+04 0.000000000000000000e+00
-8.090027994639517317e+01 -8.084676981259072193e+01 4.499298444298160948e-02 1.927335294550299295e+03 1.000000000000000000e+00
-1.026543590162699644e+02 -1.026595913466858576e+02 5.143469082206494555e-03 8.327189005132957391e+03 0.000000000000000000e+00
-1.025001156904906736e+02 -1.025053562232536848e+02 5.656380431219467167e-03 2.474963857054696564e+04 0.000000000000000000e+00
-1.045942515399665780e+02 -1.046357777529977824e+02 1.736559517416676537e-02 8.285363580421340885e+03 0.000000000000000000e+00
-1.053270301212269118e+02 -1.053265807711546671e+02 5.515274055468585152e-03 8.296254371403076220e+03 0.000000000000000000e+00
-1.053001160771074467e+02 -1.053023589677829364e+02 4.107448543804742211e-03 8.275099587532347869e+03 0.000000000000000000e+00
-1.080283365093017096e+02 -1.080231301218388325e+02 3.058760502388734558e-03 1.907330263355242096e+03 0.000000000000000000e+00
-9.979811167232288938e+01 -9.979721768671984705e+01 6.227325560535307107e-03 8.233196707154873366e+03 0.000000000000000000e+00
-9.593097336408975195e+01 -9.593812537534395801e+01 1.511236249390875488e-02 8.212363568663295155e+03 0.000000000000000000e+00
-9.993315588066003841e+01 -9.990922739730450530e+01 1.089942527410623502e-02 2.494238065487957283e+04 0.000000000000000000e+00
-9.712349850859907008e+01 -9.710092296306225990e+01 1.062120238903318734e-02 2.489351209356981053e+04 0.000000000000000000e+00
-9.705868697003141676e+01 -9.705619905211777620e+01 8.935272292238926814e-03 8.178294002308294694e+03 0.000000000000000000e+00
-1.080533305876191150e+02 -1.080549142458972085e+02 3.207426234797610808e-03 8.157919005669892613e+03 0.000000000000000000e+00
-1.053414079295820045e+02 -1.053388925048081717e+02 4.300517299761670575e-03 8.137582781634107050e+03 0.000000000000000000e+00
-1.025769134163964935e+02 -1.025762232547181299e+02 6.035056211963164483e-03 8.117443050670978664e+03 0.000000000000000000e+00
-1.107825390798879823e+02 -1.107731096430114661e+02 7.634083086126991664e-03 2.459895107271850793e+04 0.000000000000000000e+00
-1.053417198028042918e+02 -1.053346676042201722e+02 3.645368140672556462e-03 8.079252206747059972e+03 0.000000000000000000e+00
-9.724745987990158369e+01 -9.723861046366781125e+01 1.034523960165738624e-02 8.060469080247040438e+03 0.000000000000000000e+00
-1.134495878384799994e+02 -1.134460420590592378e+02 9.095122450392532920e-03 8.042149802152605844e+03 0.000000000000000000e+00
-9.422188995957574775e+01 -9.423811705648766690e+01 1.293338720009939644e-02 8.022525832694291239e+03 0.000000000000000000e+00
-1.053032318549146709e+02 -1.052989559071143049e+02 4.779044418916359588e-03 8.008183589154387846e+03 0.000000000000000000e+00
-1.080210430664016457e+02 -1.080211355044349517e+02 5.068008963303381222e-03 2.425205321636454391e+04 0.000000000000000000e+00
-1.081028527580452163e+02 -1.080969940026228500e+02 6.325414690105187095e-03 2.419277370801316283e+04 0.000000000000000000e+00
-1.043274246673344265e+02 -1.043455485674344629e+02 8.094745032928238673e-03 7.950143179156268161e+03 0.000000000000000000e+00
-1.080588840355707561e+02 -1.080554837331950893e+02 3.210123501061905998e-03 7.937738578433293696e+03 0.000000000000000000e+00
-9.991592573723893622e+01 -9.992969260357595829e+01 5.758023382452541125e-03 7.918736889889324630e+03 0.000000000000000000e+00
-1.053224083537548665e+02 -1.053210811130675211e+02 4.128493042412392615e-03 1.864373623461875241e+03 0.000000000000000000e+00
-9.706419152408419393e+01 -9.708626465521743398e+01 1.063910417125526163e-02 2.393738710612385330e+04 0.000000000000000000e+00
-1.026973859618226754e+02 -1.027028967897992828e+02 5.671306847393807124e-03 7.874672597615219274e+03 0.000000000000000000e+00
-1.080190023591043058e+02 -1.080228367584534226e+02 4.763791516862434655e-03 7.856557398217192713e+03 0.000000000000000000e+00
-1.052998093259299566e+02 -1.053026204969166599e+02 3.818332001749644069e-03 7.838021504794291104e+03 0.000000000000000000e+00
-1.080528396516825751e+02 -1.080543958755262395e+02 2.760877750852559070e-03 7.819429454931093460e+03 0.000000000000000000e+00
-1.024990629054850331e+02 -1.025004201411086484e+02 6.700405153602992728e-03 7.800817185968600825e+03 0.000000000000000000e+00
-1.042913831346973410e+02 -1.042848069329251217e+02 1.147285945817166572e-02 7.782286968296331906e+03 0.000000000000000000e+00
-1.041504264923421061e+02 -1.041720672813838036e+02 8.412567102922997517e-03 7.764689885073557889e+03 0.000000000000000000e+00
-1.081222975958172867e+02 -1.081249753036524197e+02 5.321426724020671302e-03 7.756297329490775155e+03 0.000000000000000000e+00
-9.444391737596266978e+01 -9.445120550951251914e+01 1.100391450636400460e-02 7.738165843566472176e+03 0.000000000000000000e+00
-1.079637949023571366e+02 -1.079664082919755685e+02 5.215789836580277464e-03 7.720929387547599617e+03 0.000000000000000000e+00
-1.052851942415707782e+02 -1.052840244327167198e+02 3.055111528822232643e-03 7.702914976790561923e+03 0.000000000000000000e+00
-9.657117597116970842e+01 -9.653876253017070042e+01 1.225500012711253951e-02 7.684878874292953697e+03 0.000000000000000000e+00
-9.382624974695413300e+01 -9.379062323622463282e+01 1.861580721345325665e-02 7.688097546726639848e+03 1.000000000000000000e+00
-1.081012189456075845e+02 -1.081032992602443272e+02 4.309758217410458031e-03 7.691004960256655067e+03 0.000000000000000000e+00
-1.026734152988444890e+02 -1.026792559018726223e+02 3.878382758332362280e-03 7.673194902110958537e+03 0.000000000000000000e+00
-1.042999274097782632e+02 -1.042551814537799970e+02 1.235343617563643658e-02 2.312767232348560356e+04 0.000000000000000000e+00
-1.080630556240276832e+02 -1.080571382431319165e+02 3.868576281906515799e-03 7.638406758875615196e+03 0.000000000000000000e+00
-1.081223538934377615e+02 -1.081246506321732141e+02 5.173379392922596021e-03 7.621495491558547656e+03 0.000000000000000000e+00
-1.134492918124778953e+02 -1.134462403841201024e+02 8.309985125219278290e-03 7.604046034660895202e+03 0.000000000000000000e+00
