0.000000000000000000e+00 0.000000000000000000e+00 0.000000000000000000e+00 0.000000000000000000e+00 0.000000000000000000e+00
-1.085171399256623772e+02 -1.080128303415208961e+02 2.833626236799955400e-01 1.271760967694708379e+05 0.000000000000000000e+00
-1.000060292812586766e+02 -9.977983592331734997e+01 2.130587848336382706e-01 1.335428245880275208e+05 0.000000000000000000e+00
-9.985338578920128327e+01 -9.978148288653173381e+01 1.054895377884877694e-01 1.331273315131653508e+05 0.000000000000000000e+00
-1.107068570948707844e+02 -1.107141795970932776e+02 9.176806749359345261e-02 3.286676739986478788e+04 0.000000000000000000e+00
-1.054139170458105781e+02 -1.053673605263613524e+02 8.061744617204023855e-02 3.198282255383699157e+04 0.000000000000000000e+00
-1.054691679941530680e+02 -1.053536802726958257e+02 9.422278501901086567e-02 1.234999753239621932e+05 0.000000000000000000e+00
-1.025396861953969960e+02 -1.025202494913172018e+02 8.911611234309806118e-02 1.223345846158071217e+05 0.000000000000000000e+00
-1.026449554543764577e+02 -1.026084103889231613e+02 7.940058999711147036e-02 2.998148054523277096e+04 0.000000000000000000e+00
-1.026396702625286395e+02 -1.025754647039200620e+02 7.360577114596582315e-02 1.164343165520675393e+05 0.000000000000000000e+00
-1.079020203390904840e+02 -1.079661767210018866e+02 8.296485213009079096e-02 1.143274617413803935e+05 0.000000000000000000e+00
-1.054194822185841645e+02 -1.053646070517486777e+02 5.960803903193005737e-02 1.122610859675171814e+05 0.000000000000000000e+00
-1.039639912894412106e+02 -1.040519962344478841e+02 9.500271813693751677e-02 1.102326687008022272e+05 0.000000000000000000e+00
-9.879971247115231847e+01 -9.866703446673864164e+01 6.237043956185128746e-02 2.761135016844040729e+04 0.000000000000000000e+00
-9.993912405055870352e+01 -9.988172261743707736e+01 6.332864833978542329e-02 2.862022335273270437e+04 0.000000000000000000e+00
-9.988661174463315717e+01 -9.986587691221056673e+01 4.913527335802293783e-02 2.830032531804155587e+04 0.000000000000000000e+00
-1.080450465433630569e+02 -1.080408218396774487e+02 5.486920098966487774e-02 1.031281616215606482e+05 0.000000000000000000e+00
-1.025655373843176221e+02 -1.025093747035081151e+02 7.477562045580807282e-02 1.010259012115792139e+05 0.000000000000000000e+00
-1.052541831051214984e+02 -1.052400740589405359e+02 3.138237977072213386e-02 2.671067503363674405e+04 0.000000000000000000e+00
-1.014888753016302303e+02 -1.014234210047777651e+02 4.650330736356828726e-02 9.747277333571201598e+04 0.000000000000000000e+00
-1.051652280628426439e+02 -1.051599148859563968e+02 4.795357858411937457e-02 9.627065449401549995e+04 0.000000000000000000e+00
-1.052947970163652371e+02 -1.052882407755610927e+02 4.669611879580433389e-02 9.445788157742377371e+04 0.000000000000000000e+00
-1.080285436424452001e+02 -1.080357200535574549e+02 4.138702040102027607e-02 9.271582816939322220e+04 0.000000000000000000e+00
-1.053082032989164247e+02 -1.052888766009953940e+02 4.241043315522435159e-02 9.103784530508273747e+04 0.000000000000000000e+00
-9.723064861303818418e+01 -9.706283016038480582e+01 9.624427373713702327e-02 8.947069960494013503e+04 0.000000000000000000e+00
-1.027275005335762046e+02 -1.026736981901943579e+02 3.765813236466759167e-02 2.528114161269582473e+04 0.000000000000000000e+00
-1.107165779403709962e+02 -1.106964788093741134e+02 4.900001498824013701e-02 8.944414897940924857e+04 0.000000000000000000e+00
-1.080690671018046345e+02 -1.080340899290138452e+02 4.324859957932299798e-02 8.797567672354620299e+04 0.000000000000000000e+00
-1.079894782825594604e+02 -1.079817713079622905e+02 2.831787453853851222e-02 8.667574288435565541e+04 0.000000000000000000e+00
-1.080138006667645811e+02 -1.080017034647747209e+02 3.092087833826336063e-02 8.526350688327950775e+04 0.000000000000000000e+00
-1.026835835084838351e+02 -1.026598324443495187e+02 4.344526472263193773e-02 8.390826220801983436e+04 0.000000000000000000e+00
-1.040202293338966371e+02 -1.041349348358967006e+02 4.661110991100379797e-02 8.265560900831133767e+04 0.000000000000000000e+00
-1.027244600843610698e+02 -1.026992429291654929e+02 5.260482238198317673e-02 8.298599632690846920e+04 0.000000000000000000e+00
-1.026471028957256095e+02 -1.025881551001180583e+02 3.935427421490307609e-02 8.178655966578584048e+04 0.000000000000000000e+00
-1.053212212174702387e+02 -1.053030935064824121e+02 3.871248531326342696e-02 8.099094942763210565e+04 0.000000000000000000e+00
-9.701632465597238308e+01 -9.698431650615856370e+01 5.366300004942547303e-02 7.982279134416482702e+04 0.000000000000000000e+00
-1.080971436171716817e+02 -1.080732645463288009e+02 4.035118138172755914e-02 7.875855710354365874e+04 0.000000000000000000e+00
-1.053882049127402780e+02 -1.053840757836862707e+02 3.575553685151423161e-02 7.768472502485447330e+04 0.000000000000000000e+00
-9.853537221629666476e+01 -9.858126147106888482e+01 4.829736736645085654e-02 7.657702117474476108e+04 0.000000000000000000e+00
-9.951490319894702452e+01 -9.919204455537190768e+01 8.302067574724679433e-02 7.572790738783871348e+04 0.000000000000000000e+00
-9.718136314636764439e+01 -9.701880500620644909e+01 6.421143797898316852e-02 8.228323774368978047e+04 0.000000000000000000e+00
-1.053055358211141908e+02 -1.053077143707550647e+02 2.070612200887182730e-02 2.589108208798841588e+04 0.000000000000000000e+00
-9.716177635390606326e+01 -9.719902088114352523e+01 6.637406488390677761e-02 8.239084330690729257e+04 0.000000000000000000e+00
-1.052955824061410084e+02 -1.052923735944976187e+02 2.715774840207951443e-02 2.521649376909251805e+04 0.000000000000000000e+00
-1.080037777027188213e+02 -1.079885028154745186e+02 2.137356683817106043e-02 8.037011036510206759e+04 0.000000000000000000e+00
-1.053808253921201867e+02 -1.053929272049359724e+02 1.642832157622516748e-02 2.456595522516544952e+04 0.000000000000000000e+00
-9.719314598720008291e+01 -9.711791785487719153e+01 6.396756520178513428e-02 7.835710035813502327e+04 0.000000000000000000e+00
-9.634312097079325099e+01 -9.625667972205805256e+01 6.387088739776167201e-02 7.783860947487465455e+04 0.000000000000000000e+00
-1.024908570606216500e+02 -1.024937489916540443e+02 2.585769144214454876e-02 7.749444542915001512e+04 0.000000000000000000e+00
-1.079668527008035426e+02 -1.079663821526085314e+02 1.997361268843375962e-02 2.417687851590390710e+04 0.000000000000000000e+00
-1.080355112179869082e+02 -1.080298606928603391e+02 2.888100994369840330e-02 7.560524044262061943e+04 0.000000000000000000e+00
-1.107387283103302735e+02 -1.107368798220683175e+02 3.244110580096199598e-02 7.469762868017496658e+04 0.000000000000000000e+00
-1.079706292947156072e+02 -1.079716289775952873e+02 1.864870373500124301e-02 2.332617839425777856e+04 0.000000000000000000e+00
-9.994909126631411311e+01 -9.988530670669653944e+01 2.923813239975375788e-02 2.305195280625371379e+04 0.000000000000000000e+00
-8.737308984296142000e+01 -8.464144140111929460e+01 7.262940111798027454e-01 4.136144896851256817e+03 0.000000000000000000e+00
-1.052868333964104011e+02 -1.052909225319036892e+02 2.100479466583880100e-02 2.295893759934926493e+04 0.000000000000000000e+00
-9.164619658781866463e+01 -9.162041252434960370e+01 6.184494351814938395e-02 7.121140245895794942e+04 0.000000000000000000e+00
-9.936652623221198155e+01 -9.923078132657283845e+01 4.599486335301386508e-02 7.045776188706453831e+04 0.000000000000000000e+00
-9.997399228002421978e+01 -1.000033158714805950e+02 3.593591572882282037e-02 7.124254606262825837e+04 0.000000000000000000e+00
-1.017986274749574420e+02 -1.017010043418022178e+02 7.091764575228401424e-02 7.053268423246969178e+04 0.000000000000000000e+00
-1.026147166168803295e+02 -1.026237714533896224e+02 1.988413674990936394e-02 7.034769132741735666e+04 0.000000000000000000e+00
-9.693274576803648301e+01 -9.695357720067448781e+01 5.633637174293736061e-02 6.959975698179166648e+04 0.000000000000000000e+00
-9.971651210943905141e+01 -9.973867184171929523e+01 3.788659898585938074e-02 6.889522822859066946e+04 0.000000000000000000e+00
-1.042222402129271188e+02 -1.041449090373903203e+02 2.678610753769521818e-02 2.135198524998559878e+04 0.000000000000000000e+00
-1.053697722816702935e+02 -1.053317315558477247e+02 2.323375659033204838e-02 6.750311645762932312e+04 0.000000000000000000e+00
-9.922039339537947455e+01 -9.918214904419060929e+01 3.286287077899011089e-02 2.137689958161655159e+04 0.000000000000000000e+00
-1.080010041229967754e+02 -1.080163685053804556e+02 2.377221069770243250e-02 6.682294575453358993e+04 0.000000000000000000e+00
-1.000373853045481241e+02 -1.000350956267986078e+02 4.067306777631479742e-02 2.104933661152053537e+04 0.000000000000000000e+00
-1.107151269580154604e+02 -1.107263458851526678e+02 2.232320905204589201e-02 2.083820769730060056e+04 0.000000000000000000e+00
-1.107203873713191911e+02 -1.107136850274974478e+02 2.342067228609989032e-02 6.497438517672182934e+04 0.000000000000000000e+00
-1.080464888709335014e+02 -1.080534935139634456e+02 1.592870523800414204e-02 2.044311473715468674e+04 0.000000000000000000e+00
-1.040633302119820911e+02 -1.040979582016110072e+02 2.355894974855658394e-02 2.024853096163008013e+04 0.000000000000000000e+00
-1.052943210471049156e+02 -1.052987293116084828e+02 1.688474316944173215e-02 2.014265454077033064e+04 0.000000000000000000e+00
-1.025528963584698658e+02 -1.025643852256061308e+02 1.462895216813281211e-02 1.995237237247602388e+04 0.000000000000000000e+00
-1.080228792785460001e+02 -1.080262854254721390e+02 1.702820573723604763e-02 1.977430925509639201e+04 0.000000000000000000e+00
-9.983420470798938595e+01 -9.982449047906655437e+01 1.883715350546030440e-02 1.959019595097234560e+04 0.000000000000000000e+00
-1.041184866184520246e+02 -1.041506019555007470e+02 2.603962933736385724e-02 1.941608339244944000e+04 0.000000000000000000e+00
-1.043808311455809559e+02 -1.043584993443065514e+02 5.741114729338930855e-02 1.930341091025029527e+04 0.000000000000000000e+00
-1.052605530562004077e+02 -1.052597246024696034e+02 1.503406078755529368e-02 1.913907321798592966e+04 0.000000000000000000e+00
-9.867996887842316767e+01 -9.865702635396010578e+01 2.678178513305622122e-02 1.896678027507145089e+04 0.000000000000000000e+00
-1.080222329407969681e+02 -1.080213142219993614e+02 1.398788059536101858e-02 1.883144377597474522e+04 0.000000000000000000e+00
-1.021410095458723220e+02 -1.021015274965847368e+02 4.197891521245425417e-02 5.991044114394541248e+04 0.000000000000000000e+00
-1.080314966034973310e+02 -1.080123692408352838e+02 1.785237144691993391e-02 5.948999496247923526e+04 0.000000000000000000e+00
-1.041106549567166297e+02 -1.041177787469200950e+02 2.309648241770650978e-02 1.852974271894929552e+04 0.000000000000000000e+00
-1.106822403830653769e+02 -1.106556761405414022e+02 2.124942285005715706e-02 5.912991215121078130e+04 0.000000000000000000e+00
-1.067792779261078095e+02 -1.068330036947750017e+02 2.445342487496732220e-02 5.867944848422190262e+04 0.000000000000000000e+00
-1.079753757515108390e+02 -1.079646991777311769e+02 1.454687835534064326e-02 5.840695764429235714e+04 0.000000000000000000e+00
-9.988799327137893158e+01 -9.987583577619913910e+01 1.806876203169793110e-02 1.791896728721384716e+04 0.000000000000000000e+00
-1.107185671532133142e+02 -1.107266692284713798e+02 1.571718027477984544e-02 1.778018806437255625e+04 0.000000000000000000e+00
-1.026720360845177566e+02 -1.026804565464140495e+02 1.714442056224637495e-02 1.763811957055278617e+04 0.000000000000000000e+00
-1.080669660506271583e+02 -1.080764622538946327e+02 1.426139592238791914e-02 1.749830789314628055e+04 0.000000000000000000e+00
-1.053604224099105267e+02 -1.053719412544890019e+02 1.772986509131477956e-02 5.605562025422094302e+04 0.000000000000000000e+00
-1.052748152905680428e+02 -1.052792599571633190e+02 1.646862594503201507e-02 5.561367671612872800e+04 0.000000000000000000e+00
-1.053476719547568052e+02 -1.053492562856593082e+02 1.242295745613913871e-02 5.517019414171267999e+04 0.000000000000000000e+00
-1.008587058372729786e+02 -1.008054077372239590e+02 3.514802024905326616e-02 1.696403589927864232e+04 0.000000000000000000e+00
-1.079993351005527984e+02 -1.079962379602866918e+02 1.046194984496332143e-02 1.694916684259562317e+04 0.000000000000000000e+00
-1.080465372489549765e+02 -1.080536148829801704e+02 1.184188478271357495e-02 1.681765342182852328e+04 0.000000000000000000e+00
-9.727255414170316783e+01 -9.727808315809740236e+01 2.538167227141024593e-02 5.423961866054298298e+04 0.000000000000000000e+00
-1.052198860583391706e+02 -1.052260246034686872e+02 1.267198614973998917e-02 1.656391147175942751e+04 0.000000000000000000e+00
-1.107546466704566939e+02 -1.107511207290075959e+02 1.730010640235918676e-02 1.644016852492782346e+04 0.000000000000000000e+00
-1.053323081644559238e+02 -1.053179371203384846e+02 1.455130326298256956e-02 5.301266550041084702e+04 0.000000000000000000e+00
-1.025687957662470922e+02 -1.025799570118141020e+02 1.097131627958171547e-02 1.619856535269775850e+04 0.000000000000000000e+00
-1.080628992554156866e+02 -1.080735097787243717e+02 1.151175372788196261e-02 1.608576729224555493e+04 0.000000000000000000e+00
-9.716169037162298139e+01 -9.715196377925670390e+01 1.468958776049215584e-02 1.597429676930591268e+04 0.000000000000000000e+00
-1.026342022442547517e+02 -1.026278279359257795e+02 1.397686191414235571e-02 1.586255023255044398e+04 0.000000000000000000e+00
-1.053066989777048121e+02 -1.053314962362477161e+02 2.195895461426813564e-02 5.114512715677412052e+04 0.000000000000000000e+00
-1.107669160905982579e+02 -1.107732359739121648e+02 1.382069850993607706e-02 1.565404465665333555e+04 0.000000000000000000e+00
-1.107675939316910529e+02 -1.107731946252595918e+02 1.303565858457607710e-02 1.554423265887370144e+04 0.000000000000000000e+00
-9.344344045008071475e+01 -9.350277761386301734e+01 4.279102834746099232e-02 5.009926279681867891e+04 0.000000000000000000e+00
-9.935647008434588656e+01 -9.933009576924757766e+01 2.111974643477771557e-02 1.554788293169724238e+04 0.000000000000000000e+00
-9.707795190459820844e+01 -9.709434286024935545e+01 1.864589165509486848e-02 1.547538616113249191e+04 0.000000000000000000e+00
-1.052298548348609017e+02 -1.052488109519092063e+02 1.909107559637245738e-02 4.953541533275990514e+04 0.000000000000000000e+00
-1.052848903583758187e+02 -1.052924242871871314e+02 1.248726275349929318e-02 4.921271232572736335e+04 0.000000000000000000e+00
-1.107168851801762059e+02 -1.107160927598381619e+02 1.157740799298957735e-02 1.518741365321864396e+04 0.000000000000000000e+00
-9.985689965218431041e+01 -9.982259772277319598e+01 2.350679497102309626e-02 1.508346912841523772e+04 0.000000000000000000e+00
-1.023048469442683626e+02 -1.022663058028240357e+02 4.046923387829947510e-02 1.504026972616352396e+04 0.000000000000000000e+00
-1.080477108543396270e+02 -1.080521986696190169e+02 8.247600825481754896e-03 1.498040795077345683e+04 0.000000000000000000e+00
-1.018727837375876391e+02 -1.018312084035691925e+02 1.906695083322825640e-02 1.488111407128126484e+04 0.000000000000000000e+00
-1.042531076427925143e+02 -1.042035364751401119e+02 3.709536801193919625e-02 4.770614346487422881e+04 0.000000000000000000e+00
-9.992575847991396643e+01 -9.995256384220726886e+01 1.738920279240314948e-02 1.478794044836471221e+04 0.000000000000000000e+00
-1.079927335061291274e+02 -1.079948740966936072e+02 7.714476399944152941e-03 1.473335018799877980e+04 0.000000000000000000e+00
-1.079869793544770431e+02 -1.079941747999731518e+02 9.923352331488912575e-03 1.463736471129874371e+04 0.000000000000000000e+00
-9.972558851837378313e+01 -9.973289194885526854e+01 2.368186933098634719e-02 4.667089196220181475e+04 0.000000000000000000e+00
-1.026011363474978708e+02 -1.025855980338197497e+02 1.630423605431764386e-02 1.445311142633830787e+04 0.000000000000000000e+00
-1.012790671406317671e+02 -1.012121914458724632e+02 2.861481127274172892e-02 4.608960529572078667e+04 0.000000000000000000e+00
-1.053023160144920638e+02 -1.053111264244764840e+02 9.460861528047521604e-03 1.477293693690742293e+04 0.000000000000000000e+00
-9.890115339466962041e+01 -9.895958723671620305e+01 1.838500656135396566e-02 1.468368462679152071e+04 0.000000000000000000e+00
-1.107171203567169471e+02 -1.107166988039083151e+02 1.050074494884200606e-02 1.476666488284627121e+04 0.000000000000000000e+00
-1.053348849671877332e+02 -1.053327976999094062e+02 1.460872869911751352e-02 1.467441981929428948e+04 0.000000000000000000e+00
-1.027049085233027483e+02 -1.027286139914009908e+02 1.356971030000600140e-02 1.458339336764107975e+04 0.000000000000000000e+00
-1.025130333023466420e+02 -1.025251127294829558e+02 1.215647813777597820e-02 1.452561043222593435e+04 0.000000000000000000e+00
-8.784284050103583752e+01 -8.775915311122322748e+01 3.206088969754193607e-02 1.444381429880528412e+04 1.000000000000000000e+00
-1.053269391572740403e+02 -1.053324606187083674e+02 7.749493677526490300e-03 1.460728994170131045e+04 0.000000000000000000e+00
-1.017876113651737455e+02 -1.017982905596616376e+02 1.847811999312507641e-02 1.452031959969103991e+04 0.000000000000000000e+00
-1.079978327620882368e+02 -1.080005823130554745e+02 6.762317281903078466e-03 1.443814871009916715e+04 0.000000000000000000e+00
-1.017062868715240569e+02 -1.017105525413734028e+02 2.088021743074388800e-02 1.435211276546479530e+04 0.000000000000000000e+00
-1.054540893536825337e+02 -1.054475602900457432e+02 1.852510690882641295e-02 4.361192146130615583e+04 0.000000000000000000e+00
-9.715452620777746517e+01 -9.712428796101553985e+01 1.413283660111869580e-02 1.419328314099347335e+04 0.000000000000000000e+00
-1.054122282034975626e+02 -1.054208822042122193e+02 1.128460529974487959e-02 1.415767539124440555e+04 0.000000000000000000e+00
-1.053567337881449362e+02 -1.053623011497463438e+02 1.019271198094114962e-02 1.407905594199372536e+04 0.000000000000000000e+00
-1.107199138614716389e+02 -1.107238704863572423e+02 1.084062560219684057e-02 1.399869079046087791e+04 0.000000000000000000e+00
-1.053400279762460769e+02 -1.053517083279469517e+02 8.459150542398541361e-03 1.391869315541976539e+04 0.000000000000000000e+00
-1.000384173247537234e+02 -1.000080657566291791e+02 2.085051600561290547e-02 4.223544398740657925e+04 0.000000000000000000e+00
-9.698580960246235350e+01 -9.703028564767090813e+01 1.854543279124715519e-02 1.380853495560967531e+04 0.000000000000000000e+00
-1.024800556286821234e+02 -1.024754102081754183e+02 1.653980166815167269e-02 4.190996072154085414e+04 0.000000000000000000e+00
-1.053041103395715083e+02 -1.052968726680284419e+02 1.353626629300791299e-02 4.167421996653607493e+04 0.000000000000000000e+00
-1.025754587948553649e+02 -1.025829193475525898e+02 8.244592618142464538e-03 1.366309110350188530e+04 0.000000000000000000e+00
-1.080706715428382410e+02 -1.080800015643755501e+02 8.731008628746915815e-03 1.358941617990792474e+04 0.000000000000000000e+00
-9.982862680394856625e+01 -9.983541627996073942e+01 1.002912371667969565e-02 1.351828712127721519e+04 0.000000000000000000e+00
-1.026529510191923578e+02 -1.025318962928970024e+02 3.727076116545123552e-02 1.344588574345379493e+04 0.000000000000000000e+00
-1.041742311923724316e+02 -1.041625964258190038e+02 1.255459345035503903e-02 1.375554260225041435e+04 0.000000000000000000e+00
-1.079759541314186748e+02 -1.079784009335656378e+02 1.125669128289952248e-02 4.079908938259606657e+04 0.000000000000000000e+00
-1.080718361741931801e+02 -1.080636754397418002e+02 1.076389377369801024e-02 4.057770372171651252e+04 0.000000000000000000e+00
-1.053975446787983543e+02 -1.054044807084597579e+02 1.186493316691286139e-02 1.353991732966090422e+04 0.000000000000000000e+00
-1.053516589638747121e+02 -1.053592630515965567e+02 6.773604144488013477e-03 1.346934728240577169e+04 0.000000000000000000e+00
-9.977239561663859035e+01 -9.977090814736106950e+01 1.725502088237527987e-02 1.339998006885387258e+04 0.000000000000000000e+00
-9.941408587601515023e+01 -9.940830431122383004e+01 2.193961003211225211e-02 1.332870451856134787e+04 0.000000000000000000e+00
-1.023718575064919492e+02 -1.023932352756461768e+02 1.495186757937892914e-02 1.325900099731364389e+04 0.000000000000000000e+00
-1.080003359339158351e+02 -1.079948897664221192e+02 9.038903441187920440e-03 3.935538662857661984e+04 0.000000000000000000e+00
-1.080909480202216599e+02 -1.080950536345479946e+02 1.417633722311900830e-02 3.915078544224127108e+04 0.000000000000000000e+00
-1.053522503846393903e+02 -1.053586245958091325e+02 8.494879516403564326e-03 1.308218290849278310e+04 0.000000000000000000e+00
-1.045993765750997539e+02 -1.045683838305762237e+02 1.980819513675679058e-02 3.875770356258819811e+04 0.000000000000000000e+00
-1.052441601169506384e+02 -1.052449469494810614e+02 1.023670373577490952e-02 1.294925265107271662e+04 0.000000000000000000e+00
-9.987402491470969323e+01 -9.987043380317817309e+01 1.210606503977917914e-02 1.288291284619716316e+04 0.000000000000000000e+00
-9.983266765029556211e+01 -9.984241598479781032e+01 7.673607960938156995e-03 1.281805358124041777e+04 0.000000000000000000e+00
-1.053328722997083275e+02 -1.053358442969464477e+02 8.864473897559222576e-03 1.275729548456873454e+04 0.000000000000000000e+00
-1.025814245367666615e+02 -1.025782345467303429e+02 7.920018474343497664e-03 1.269318564986978890e+04 0.000000000000000000e+00
-1.081571566128836110e+02 -1.081740768666555113e+02 1.695793958514378239e-02 1.263002262474185773e+04 0.000000000000000000e+00
-1.080514664179034980e+02 -1.080560224223220587e+02 6.796485120810050011e-03 1.257913809867264717e+04 0.000000000000000000e+00
-1.054131856942228609e+02 -1.053891471039654988e+02 1.392264736611486045e-02 3.728903600398003618e+04 0.000000000000000000e+00
-9.470125852930399901e+01 -9.464646861870640748e+01 3.028873237775222410e-02 3.713173385133156989e+04 0.000000000000000000e+00
-1.024851152399522505e+02 -1.024844783695066752e+02 7.799759926539804808e-03 1.246426826304402857e+04 0.000000000000000000e+00
-1.080534205954344031e+02 -1.080479914958086454e+02 9.632355388196331414e-03 3.688622790225746576e+04 0.000000000000000000e+00
-1.053269283543771166e+02 -1.053317664638871918e+02 6.547867289091862178e-03 1.234280742705303965e+04 0.000000000000000000e+00
-9.729812127952394007e+01 -9.736401326974070969e+01 1.936213494558586268e-02 1.228386159054016571e+04 0.000000000000000000e+00
-1.052606365884293780e+02 -1.052629500933913960e+02 7.294445072798869459e-03 1.238297639746812820e+04 0.000000000000000000e+00
-9.866543795496014013e+01 -9.861788174600512491e+01 1.639611041666262300e-02 1.232366207036003470e+04 0.000000000000000000e+00
-1.106644340735345224e+02 -1.106684528564901768e+02 1.140093665989776357e-02 1.235742569929564525e+04 0.000000000000000000e+00
-9.407642194309467243e+01 -9.412422730372148294e+01 2.810559720748790138e-02 3.650240513319135061e+04 0.000000000000000000e+00
-1.053469367087448347e+02 -1.053485156777622507e+02 8.950014748150424485e-03 1.248018990141930226e+04 0.000000000000000000e+00
-9.914505557484798715e+01 -9.910284092283231416e+01 2.904018369798485807e-02 3.625306708070414606e+04 0.000000000000000000e+00
-1.025563114794170332e+02 -1.025602664149303678e+02 1.024722356733919967e-02 1.236403449321751214e+04 0.000000000000000000e+00
-1.080518889869221937e+02 -1.080601057939441034e+02 7.128609125252744101e-03 1.230695068381036981e+04 0.000000000000000000e+00
-1.023109460325395617e+02 -1.022341413927455704e+02 2.033853009236987266e-02 1.225257586997470207e+04 0.000000000000000000e+00
-1.079704556327803289e+02 -1.079701481168718118e+02 8.463973971914678582e-03 1.240242170481597714e+04 0.000000000000000000e+00
-1.002910935132095460e+02 -1.003125002523331375e+02 1.646073264388988461e-02 1.234527966736056806e+04 0.000000000000000000e+00
-1.025568332985330073e+02 -1.025636045022167337e+02 9.534717363398899359e-03 3.554030052564987272e+04 0.000000000000000000e+00
-1.080516394545359162e+02 -1.080543738954460053e+02 5.878872466666487835e-03 1.224978569799341676e+04 0.000000000000000000e+00
-9.736287617858496901e+01 -9.734449866986474831e+01 2.023846599213193279e-02 1.219441196347921323e+04 0.000000000000000000e+00
-1.052563707016943084e+02 -1.052558142211940293e+02 6.559991933305492177e-03 1.215184323537214914e+04 0.000000000000000000e+00
-1.026068622165768431e+02 -1.026155255835395650e+02 6.194050791969368114e-03 1.209713648777644448e+04 0.000000000000000000e+00
-1.026512536615041995e+02 -1.026673033549475065e+02 8.549280829940783880e-03 1.204589183829383546e+04 0.000000000000000000e+00
-1.024212167117548233e+02 -1.024207581468150323e+02 1.050395230270617652e-02 1.200309011903831015e+04 0.000000000000000000e+00
-9.700912620404841391e+01 -9.703508386353085768e+01 1.671584823946063378e-02 1.194973674716462665e+04 0.000000000000000000e+00
-1.052702343058033989e+02 -1.052762167751653095e+02 1.197609298235084024e-02 3.438850229456747184e+04 0.000000000000000000e+00
-1.053033736007629386e+02 -1.052909352805370418e+02 9.890369608002892374e-03 3.423827063276042463e+04 0.000000000000000000e+00
-1.080043902414556101e+02 -1.080070497851662878e+02 6.043600158842653107e-03 1.181717216142703182e+04 0.000000000000000000e+00
-1.052825029591876671e+02 -1.052840746833435617e+02 6.574970469710579753e-03 1.176585206115478832e+04 0.000000000000000000e+00
-1.053530168154784263e+02 -1.053389120646640436e+02 1.144230426607584228e-02 3.380165807384808431e+04 0.000000000000000000e+00
-1.052789292104954200e+02 -1.052768336152538069e+02 6.011316428598216001e-03 1.166527549218631066e+04 0.000000000000000000e+00
-1.000075331063570445e+02 -1.000139242043818939e+02 1.431755229136376199e-02 1.161525076002338938e+04 0.000000000000000000e+00
-1.053251622810801109e+02 -1.053236574724977430e+02 6.410201354419677554e-03 1.156716651361719232e+04 0.000000000000000000e+00
-1.054015663078229039e+02 -1.054137476990924398e+02 9.847504473719232224e-03 1.151786968599013380e+04 0.000000000000000000e+00
-1.026341822242373212e+02 -1.026480365383305298e+02 8.514966268838655011e-03 1.147489172722243165e+04 0.000000000000000000e+00
-1.052806812657049989e+02 -1.052701848868963452e+02 1.054633101340026781e-02 3.300637045595343807e+04 0.000000000000000000e+00
-1.080767621646020302e+02 -1.080797095510429102e+02 6.940325964118626741e-03 1.138632443979521486e+04 0.000000000000000000e+00
-8.905883848869370922e+01 -8.903596143406657859e+01 2.318378691860959601e-02 1.133879917455297982e+04 2.000000000000000000e+00
-1.053049420643258429e+02 -1.053037922825386516e+02 7.367984022766836325e-03 1.130808938503093123e+04 0.000000000000000000e+00
-1.054009460686055775e+02 -1.054073178525767389e+02 6.433528903976636591e-03 1.126105772922337019e+04 0.000000000000000000e+00
-1.080756260870085157e+02 -1.080807352111325343e+02 6.180114582635910445e-03 1.121590408408222174e+04 0.000000000000000000e+00
-1.027132982807674750e+02 -1.027291195405096289e+02 1.262457597815073995e-02 3.222622916504851673e+04 0.000000000000000000e+00
-1.018731674713503281e+02 -1.018664334607543793e+02 1.257262923676347871e-02 1.113276938979913211e+04 0.000000000000000000e+00
-1.053606991092686656e+02 -1.053665625232278842e+02 7.758038524417456595e-03 1.108876005821311628e+04 0.000000000000000000e+00
-1.080441215967270523e+02 -1.080406320390746231e+02 8.607523231653757545e-03 1.104471689685320416e+04 0.000000000000000000e+00
-1.026486305083500810e+02 -1.026539527579539737e+02 8.198278513412033189e-03 1.100025149660694115e+04 0.000000000000000000e+00
-1.079979026694425812e+02 -1.079988851382642281e+02 5.314203097994103266e-03 1.095681952164307404e+04 0.000000000000000000e+00
-9.936227715446584341e+01 -9.935097898824524520e+01 1.225545557695014234e-02 1.091268853301337549e+04 0.000000000000000000e+00
-9.658192489583997542e+01 -9.656578388516435041e+01 1.555742630903297376e-02 1.087327610145962535e+04 0.000000000000000000e+00
-1.052821129601030208e+02 -1.052772754265019444e+02 5.578937196919498027e-03 3.126904836071085811e+04 0.000000000000000000e+00
-1.053532554014498572e+02 -1.053573039550041699e+02 6.045809152689056790e-03 1.079605743592420004e+04 0.000000000000000000e+00
-1.025253818723981993e+02 -1.025216287322569144e+02 9.888208470483860965e-03 3.102587861964848344e+04 0.000000000000000000e+00
-1.053539289421102580e+02 -1.053571541638895752e+02 5.340477162211588504e-03 1.071171365418866480e+04 0.000000000000000000e+00
-1.080553842792665620e+02 -1.080586830632021957e+02 5.726484854961693023e-03 1.066991349567928228e+04 0.000000000000000000e+00
-1.053334438241821118e+02 -1.053292490816486975e+02 7.198082486968679534e-03 3.066849238026127205e+04 0.000000000000000000e+00
-1.107593096705041091e+02 -1.107456406911393003e+02 1.021427625330461469e-02 3.054935028561926447e+04 0.000000000000000000e+00
-1.026418062567176719e+02 -1.026263421284866979e+02 9.980984712739188885e-03 3.043735269732440065e+04 0.000000000000000000e+00
-1.053550253413704354e+02 -1.053611449939077715e+02 5.065419274606693112e-03 1.050705397320013253e+04 0.000000000000000000e+00
-1.080741185544506351e+02 -1.080736773131271775e+02 7.895416067631524232e-03 3.021813570738054477e+04 0.000000000000000000e+00
-1.080751423877665900e+02 -1.080774000757113242e+02 5.971389215122258239e-03 1.042759372073782288e+04 0.000000000000000000e+00
-1.079656965561628823e+02 -1.079655781369179124e+02 8.332764054653741051e-03 1.038778753783764114e+04 0.000000000000000000e+00
-1.080521754310594531e+02 -1.080544556869044470e+02 4.779183179665782467e-03 1.034814597670393232e+04 0.000000000000000000e+00
-1.054051293617110474e+02 -1.054132853945151993e+02 6.328646560298372206e-03 1.030898436888042670e+04 0.000000000000000000e+00
-1.106620284240918295e+02 -1.106654948325770533e+02 8.673841449887592300e-03 1.027236848502234352e+04 0.000000000000000000e+00
-1.025335647877113416e+02 -1.025398751151285239e+02 6.694481526100839498e-03 1.023415593304387221e+04 0.000000000000000000e+00
-1.054711392883162233e+02 -1.054787847161922798e+02 1.219242387698311197e-02 1.019700890840413194e+04 0.000000000000000000e+00
-1.107196240473050608e+02 -1.107217147941336606e+02 6.703864866964540439e-03 1.016095240523329630e+04 0.000000000000000000e+00
-9.988466141434524559e+01 -9.988285813175443195e+01 1.045958010538541177e-02 2.923312797149316611e+04 0.000000000000000000e+00
-1.052569211850309898e+02 -1.052584380326233600e+02 6.805663760477854290e-03 1.008563998886477384e+04 0.000000000000000000e+00
-9.875938853120484850e+01 -9.871934816945267244e+01 1.747411715522941000e-02 1.004838413053441946e+04 0.000000000000000000e+00
-9.995874963960979187e+01 -9.995303034090032668e+01 9.479414250696132499e-03 1.005785669035536012e+04 0.000000000000000000e+00
-1.107045873703446262e+02 -1.106921737428108088e+02 8.290253199765664979e-03 2.886781887959645246e+04 0.000000000000000000e+00
-9.972860769080686794e+01 -9.973939155022097225e+01 7.998790124709748151e-03 9.985947848887935834e+03 0.000000000000000000e+00
-9.975806904141956011e+01 -9.976353385417260711e+01 6.624104283417256260e-03 9.953471497406326307e+03 0.000000000000000000e+00
-1.069251274297875938e+02 -1.069113703361455805e+02 1.656587143527541231e-02 9.918328716408806940e+03 0.000000000000000000e+00
-1.053756908056826518e+02 -1.053749165247556618e+02 7.431647226287591522e-03 9.887037782839957799e+03 0.000000000000000000e+00
-9.990393453331826379e+01 -9.991597625995758847e+01 6.767062352367715639e-03 9.851358584435311059e+03 0.000000000000000000e+00
-1.079730442336736900e+02 -1.079713855806807743e+02 6.406552630751654286e-03 9.820641298012800689e+03 0.000000000000000000e+00
-9.911345437045127937e+01 -9.910589061475408812e+01 1.150855221657373986e-02 9.785519747186659515e+03 0.000000000000000000e+00
-1.107732350554642125e+02 -1.107764835516654927e+02 6.886549565736710572e-03 9.752336618292911226e+03 0.000000000000000000e+00
-1.025794152236560990e+02 -1.025710026518673459e+02 1.072647691271196371e-02 2.806139151809500981e+04 0.000000000000000000e+00
-1.107715083087895067e+02 -1.107771219012024346e+02 6.460161245208344803e-03 9.684930540448844113e+03 0.000000000000000000e+00
-1.023285192985613037e+02 -1.022518147640426349e+02 1.652342959510525247e-02 9.651740248089581655e+03 0.000000000000000000e+00
-1.080355876870141145e+02 -1.080293847580382192e+02 7.984851524296825848e-03 2.797907783863221266e+04 0.000000000000000000e+00
-1.053535273060482211e+02 -1.053473147327812285e+02 6.187561996220667000e-03 9.744921653235207486e+03 0.000000000000000000e+00
-1.025382616586366851e+02 -1.025393529632411287e+02 9.011112499630781134e-03 2.778489762898933259e+04 0.000000000000000000e+00
-1.045649145854055035e+02 -1.045597914845391330e+02 1.097738835702513453e-02 9.678433841926807872e+03 0.000000000000000000e+00
-1.052803253832213244e+02 -1.052788851821206890e+02 4.721015200166488700e-03 9.645745876860080898e+03 0.000000000000000000e+00
-9.508342488398155012e+01 -9.498176007885517436e+01 2.563819628238642526e-02 9.612460273419792429e+03 2.000000000000000000e+00
-9.657278312604853454e+01 -9.655105460088958580e+01 1.269447159668519315e-02 9.782416459178282821e+03 0.000000000000000000e+00
-1.026789728032755420e+02 -1.026670628498180662e+02 1.070837521415239461e-02 2.786851907152409694e+04 0.000000000000000000e+00
-1.043698883830487034e+02 -1.043969615840907608e+02 1.419419735962779323e-02 9.730239996568598144e+03 0.000000000000000000e+00
-1.081047759822129990e+02 -1.081089864325961258e+02 6.258433055272146113e-03 9.717476221105725926e+03 0.000000000000000000e+00
-1.016305661063959462e+02 -1.016238554977000206e+02 1.299191034888107395e-02 9.684987185702693750e+03 0.000000000000000000e+00
-1.080510634721258469e+02 -1.080474251574688935e+02 5.959551228348784757e-03 9.653563162392902086e+03 0.000000000000000000e+00
-1.052797967536839394e+02 -1.052802402656596428e+02 4.081673481095566235e-03 9.621353880515785931e+03 0.000000000000000000e+00
-1.025607043088384813e+02 -1.025566598395972022e+02 5.627764913990800956e-03 9.588963030603932566e+03 0.000000000000000000e+00
-1.080836588882943374e+02 -1.080802081848401457e+02 3.820783997945525166e-03 2.273769710436485184e+03 0.000000000000000000e+00
-1.080622401561617352e+02 -1.080508871254095595e+02 7.992834562524602296e-03 2.720452262877449175e+04 0.000000000000000000e+00
-9.992480021789134526e+01 -9.993336965539651828e+01 5.936777458923485004e-03 9.495046590135158112e+03 0.000000000000000000e+00
-1.025336530145862639e+02 -1.025367230133284551e+02 5.400500324351851719e-03 9.465799705465558873e+03 0.000000000000000000e+00
-1.053461694451303998e+02 -1.053464229530563472e+02 6.028092132793228322e-03 9.434706512939508684e+03 0.000000000000000000e+00
-1.006821609931302390e+02 -1.006295035980016905e+02 1.950690068246627856e-02 2.686307746509986464e+04 0.000000000000000000e+00
-1.042157834475997760e+02 -1.042225052156747864e+02 1.249710949337746145e-02 9.411148769580611770e+03 0.000000000000000000e+00
-1.053350625995172436e+02 -1.053281193477928781e+02 7.247903157472020651e-03 2.676779700543645959e+04 0.000000000000000000e+00
-1.053543357413925179e+02 -1.053491575328318959e+02 6.211181999073633365e-03 2.668190715160735999e+04 0.000000000000000000e+00
-1.026916423973513446e+02 -1.026699604568453026e+02 1.317925806321905424e-02 2.659580995038382753e+04 0.000000000000000000e+00
-9.183902760305367963e+01 -9.186699774932074547e+01 2.066993486776210615e-02 2.652334770362173367e+04 0.000000000000000000e+00
-1.024568256586248793e+02 -1.024612131796683343e+02 6.433058342412856928e-03 9.287304578383123953e+03 0.000000000000000000e+00
-1.053824274810522468e+02 -1.053793242748517400e+02 7.899054485769054293e-03 2.637685323360542316e+04 0.000000000000000000e+00
-1.054487692497483664e+02 -1.054378761274564340e+02 1.122230552084457593e-02 2.629237905279180632e+04 0.000000000000000000e+00
-1.107158789406573476e+02 -1.107169476447621719e+02 6.116942444362269415e-03 9.198704542516456058e+03 0.000000000000000000e+00
-1.107702493044626522e+02 -1.107752718867337194e+02 6.021118311174594555e-03 9.169375107503261461e+03 0.000000000000000000e+00
-9.597535771301964758e+01 -9.596738339781147431e+01 1.300698607587481848e-02 2.189845227795298797e+03 0.000000000000000000e+00
-6.860185897704926106e+01 -6.856877854172242337e+01 9.288239731999700655e-02 9.153992622251807916e+03 2.100000000000000000e+01
-1.017858334620491405e+02 -1.018032455585279479e+02 1.570652315195276288e-02 9.129366054671867460e+03 0.000000000000000000e+00
-1.054081179280707801e+02 -1.054157605801546111e+02 6.996553587947667088e-03 9.107683455134932956e+03 0.000000000000000000e+00
-1.026512695726443098e+02 -1.026628761449558311e+02 5.862339588227638738e-03 9.080893356217466135e+03 0.000000000000000000e+00
-1.054279429293985118e+02 -1.054231208554960659e+02 7.913005881076195375e-03 2.593356903035744836e+04 0.000000000000000000e+00
-1.080537001214415938e+02 -1.080473078290953453e+02 5.587974804325898312e-03 2.585323308232855197e+04 0.000000000000000000e+00
-1.053491956149365194e+02 -1.053479988584548863e+02 4.920863328987672321e-03 2.577401704769344360e+04 0.000000000000000000e+00
-1.052800414387342443e+02 -1.052836969617764851e+02 8.111106954679710157e-03 8.972696481230488644e+03 0.000000000000000000e+00
-1.080465533468160402e+02 -1.080408205433892590e+02 6.954081114929637833e-03 2.561513342286049374e+04 0.000000000000000000e+00
-1.045831496566111696e+02 -1.045583716864014434e+02 1.170089143525824410e-02 2.553711284056077784e+04 0.000000000000000000e+00
-1.025627222872602857e+02 -1.025549698077934266e+02 5.664021112687318664e-03 8.890769263143945864e+03 0.000000000000000000e+00
-1.053382611305981271e+02 -1.053407913073524611e+02 5.427557383898427325e-03 8.865481625682565209e+03 0.000000000000000000e+00
-1.053094853693897619e+02 -1.053101379077206303e+02 5.318008037150027782e-03 8.838568420034882365e+03 0.000000000000000000e+00
-9.858595716316298763e+01 -9.857012308040982873e+01 1.125030749830907041e-02 8.811627960869529488e+03 0.000000000000000000e+00
-1.052574391452614861e+02 -1.052574393944710351e+02 6.291212406153713112e-03 2.518009097505851605e+04 0.000000000000000000e+00
-1.080566477860858186e+02 -1.080505248486722252e+02 5.376925417694183341e-03 2.510379085675195165e+04 0.000000000000000000e+00
-1.080001679659874299e+02 -1.079899917104332019e+02 5.853655234782947567e-03 2.502903248336908655e+04 0.000000000000000000e+00
-1.080547689938353528e+02 -1.080527934117419022e+02 5.607688415698541991e-03 2.495682880994090010e+04 0.000000000000000000e+00
-1.053091369397316441e+02 -1.053055443731896474e+02 7.352753214248504421e-03 2.488199563399715771e+04 0.000000000000000000e+00
-1.018239060297300824e+02 -1.018293137042690546e+02 1.217374613789024354e-02 8.661406836823420235e+03 0.000000000000000000e+00
-1.080769573618549089e+02 -1.080746029500442660e+02 4.559732878814906631e-03 8.636218195541358000e+03 0.000000000000000000e+00
-1.079960760377717577e+02 -1.079914412789786979e+02 4.515683244697098891e-03 2.122174931815293348e+03 0.000000000000000000e+00
-1.053639149740439933e+02 -1.053665627312231834e+02 5.661812158971176075e-03 8.585161201498780429e+03 0.000000000000000000e+00
-1.019696259755322103e+02 -1.019516661935383581e+02 9.198960454924666463e-03 8.559940260840996416e+03 0.000000000000000000e+00
-1.080067155940790400e+02 -1.080089012228828267e+02 5.029229420064560037e-03 8.543120528701572766e+03 0.000000000000000000e+00
-1.041816322534223787e+02 -1.042018651857407718e+02 1.125798540517735161e-02 8.518127841557810825e+03 0.000000000000000000e+00
-1.052134412991467514e+02 -1.052146036437510048e+02 6.674602284423733663e-03 8.503271950944023047e+03 0.000000000000000000e+00
-1.052801962191163483e+02 -1.052811207249116876e+02 5.582277436136815971e-03 8.478479518393076432e+03 0.000000000000000000e+00
-1.018740768789390501e+02 -1.018562329455287028e+02 9.036724949336607041e-03 8.453786285125916038e+03 0.000000000000000000e+00
-9.998381673002339198e+01 -9.997708206935030262e+01 1.087752194162721828e-02 8.437728074908965937e+03 0.000000000000000000e+00
-9.712184551284710210e+01 -9.712073790160887654e+01 1.244448213305433294e-02 8.414110905531626486e+03 0.000000000000000000e+00
-1.025355611248567556e+02 -1.025386017638204805e+02 4.755755697144541279e-03 8.389809115754473169e+03 0.000000000000000000e+00
-1.067688408679005079e+02 -1.067797368890641536e+02 8.736767178187717503e-03 8.365895658634151914e+03 0.000000000000000000e+00
-1.080800472697056733e+02 -1.080709039270358431e+02 6.036345651734109641e-03 2.402407315516803646e+04 0.000000000000000000e+00
-1.052488523463498780e+02 -1.052479727047623612e+02 5.851088021236270503e-03 8.321223696929846483e+03 0.000000000000000000e+00
-1.053263539741741113e+02 -1.053207078305641460e+02 5.882238455632925189e-03 2.388917087912225907e+04 0.000000000000000000e+00
-9.716439296462885977e+01 -9.719137310358399873e+01 1.296107795979865689e-02 8.274786305435412942e+03 0.000000000000000000e+00
-1.037322033296309201e+02 -1.037078170468208071e+02 1.076273064976910124e-02 8.270529000406915657e+03 0.000000000000000000e+00
-9.987430262493013799e+01 -9.988971064909786435e+01 1.023281539160024976e-02 8.261213271645812711e+03 0.000000000000000000e+00
-1.027131443357520482e+02 -1.027025937118966965e+02 1.008016657627969388e-02 2.365758607257831682e+04 0.000000000000000000e+00
-9.983470950114435993e+01 -9.983424656463638769e+01 6.579221417388182724e-03 8.223093179814512041e+03 0.000000000000000000e+00
-1.052000096986366628e+02 -1.052016760441356809e+02 4.585066970511514524e-03 8.200004611535046934e+03 0.000000000000000000e+00
-1.026148033667486885e+02 -1.025864518795501539e+02 1.007903102610104018e-02 8.177134780432741536e+03 0.000000000000000000e+00
-1.107748060283023221e+02 -1.107654349988918057e+02 7.014108269113980901e-03 2.340671424240819397e+04 0.000000000000000000e+00
-9.412973304127308438e+01 -9.411406292448450017e+01 3.617809330995513245e-02 8.151948522664331904e+03 0.000000000000000000e+00
-1.080516629719322168e+02 -1.080518409557981983e+02 4.034833805333043130e-03 8.129944893054314889e+03 0.000000000000000000e+00
-1.017927472024343984e+02 -1.017737532568367982e+02 8.884278185349763976e-03 8.107429400013248596e+03 0.000000000000000000e+00
-1.079700332204955942e+02 -1.079696032831625416e+02 5.300347271899334169e-03 8.093833256322447596e+03 0.000000000000000000e+00
-9.984558062859017014e+01 -9.984420385349389448e+01 6.596924124103917784e-03 8.071537147152106627e+03 0.000000000000000000e+00
-1.107742479064640975e+02 -1.107765954165204789e+02 5.322637229100791144e-03 8.049423205775271526e+03 0.000000000000000000e+00
-9.715062536812321525e+01 -9.714416050687007953e+01 1.547576417274401650e-02 2.299172331268654671e+04 0.000000000000000000e+00
-1.107671448563999661e+02 -1.107721188720478409e+02 5.309828372239784079e-03 8.007410409945541687e+03 0.000000000000000000e+00
-6.547026021211561897e+01 -6.542813587346066129e+01 5.211772747292580527e-02 7.986205364855767584e+03 1.000000000000000000e+00
-1.025913526164450502e+02 -1.025862988474504931e+02 6.407228678161996233e-03 7.978754824253203878e+03 0.000000000000000000e+00
-1.053148096492232639e+02 -1.053175311102666001e+02 4.467098786380519805e-03 7.957934633722466060e+03 0.000000000000000000e+00
-1.025645818721696685e+02 -1.025641908149783177e+02 3.944875609968470295e-03 7.936627399390024948e+03 0.000000000000000000e+00
-1.026020554692935463e+02 -1.026038697622351492e+02 5.116467903163769877e-03 7.915243235235971042e+03 0.000000000000000000e+00
-9.704644994421401805e+01 -9.704971439911840037e+01 6.734586515256385172e-03 7.894052705317116306e+03 0.000000000000000000e+00
-1.026332701828920193e+02 -1.026221525432055444e+02 7.675858835921323294e-03 7.873120163069311275e+03 0.000000000000000000e+00
-9.980491136462600821e+01 -9.981435780657035650e+01 5.862105146184744264e-03 7.855330862759856245e+03 0.000000000000000000e+00
-1.080115474917093934e+02 -1.080023263101392956e+02 6.043710198633875721e-03 2.241395938978157938e+04 0.000000000000000000e+00
-1.080673957853463349e+02 -1.080655713104140574e+02 5.025087235555417316e-03 7.815875531100072294e+03 0.000000000000000000e+00
-1.052147105478482416e+02 -1.052099733846571041e+02 5.828832734617682594e-03 7.795228810635842819e+03 0.000000000000000000e+00
-1.081037469053621010e+02 -1.080972065899449888e+02 6.601598255985311262e-03 2.223889859828870976e+04 0.000000000000000000e+00
-1.053029729344861494e+02 -1.053027119101880373e+02 4.336171923358832746e-03 7.754700984164473084e+03 0.000000000000000000e+00
-9.579560219771204288e+01 -9.581903373423541836e+01 1.290568699081522802e-02 7.734297638146207646e+03 0.000000000000000000e+00
-1.080270422493269393e+02 -1.080241915107419288e+02 5.148743180300302362e-03 7.726067660617585716e+03 0.000000000000000000e+00
-1.026631541644589021e+02 -1.026661090840296708e+02 5.943616956980454606e-03 7.706105379816037384e+03 0.000000000000000000e+00
-9.998477911843779964e+01 -9.997338758801778624e+01 7.391082105498908428e-03 7.686211976781093654e+03 0.000000000000000000e+00
-1.052635807523852094e+02 -1.052639987133004240e+02 3.927582875481402426e-03 7.669475423032728031e+03 0.000000000000000000e+00
-1.107043120092412636e+02 -1.106919482126103986e+02 6.200087560416094566e-03 2.185302507795195197e+04 0.000000000000000000e+00
-1.024623626538823942e+02 -1.024689234060900702e+02 5.498422969658243661e-03 7.630312147379809176e+03 0.000000000000000000e+00
-1.078943917530737338e+02 -1.078758222329357466e+02 1.067322289430515901e-02 2.174430213011884189e+04 0.000000000000000000e+00
-1.024929742495271086e+02 -1.024966010469902642e+02 6.754739400634761533e-03 7.594943043007774577e+03 0.000000000000000000e+00
-9.692865601804189168e+01 -9.694149740300510132e+01 1.193120831967636915e-02 7.575773043192053592e+03 0.000000000000000000e+00
-9.986264689311721554e+01 -9.986784287403143878e+01 5.111459829884358770e-03 7.559964405004245236e+03 0.000000000000000000e+00
-1.053238878487716192e+02 -1.053292804562263996e+02 5.580246697967319869e-03 7.541258435735793682e+03 0.000000000000000000e+00
-1.080490734909682260e+02 -1.080494498139850066e+02 3.355208771616941064e-03 7.522748494937134637e+03 0.000000000000000000e+00
-1.052609111437213159e+02 -1.052623578913193541e+02 4.049736203154697019e-03 7.503613747094390419e+03 0.000000000000000000e+00
-9.698105087938276370e+01 -9.698402838443230678e+01 7.595258887880877025e-03 7.484628820908435955e+03 0.000000000000000000e+00
-1.038839682379697962e+02 -1.038775281687096879e+02 1.684278693122911313e-02 7.465881746344572093e+03 0.000000000000000000e+00
-1.024748597868115070e+02 -1.023840036459098712e+02 1.267144412389692963e-02 7.447557941875547840e+03 0.000000000000000000e+00
-1.014880709732269111e+02 -1.014936875186812415e+02 1.273983516347337863e-02 2.150998077510770236e+04 0.000000000000000000e+00
-1.107220139289944285e+02 -1.107115170569061178e+02 6.310310941422082182e-03 2.145667043063851452e+04 0.000000000000000000e+00
-1.026017056627108985e+02 -1.026027630569667366e+02 3.855421782747209865e-03 7.564541355456242854e+03 0.000000000000000000e+00
-1.026166342959726165e+02 -1.026193461196864121e+02 3.986819335759817472e-03 7.545646983559280670e+03 0.000000000000000000e+00
-9.698759293418014238e+01 -9.699698025750217312e+01 9.418658214422719055e-03 7.527016529201807316e+03 0.000000000000000000e+00
-1.025985521005635803e+02 -1.025924738738995643e+02 6.495353882697311662e-03 7.510144395396574510e+03 0.000000000000000000e+00
-1.053359037465741039e+02 -1.053362082127980983e+02 4.058778467038169288e-03 7.492327222833444466e+03 0.000000000000000000e+00
-9.977305273553170650e+01 -9.976936780151889650e+01 5.508811165850297648e-03 7.473785156551243745e+03 0.000000000000000000e+00
-1.052757749319808624e+02 -1.052740052247145286e+02 3.451765863414112644e-03 7.455663254227827565e+03 0.000000000000000000e+00
-1.053114368633177804e+02 -1.053118157107416550e+02 4.323043459010228635e-03 7.437380148481885954e+03 0.000000000000000000e+00
-1.080031130566922855e+02 -1.080000641584238963e+02 3.904773409690096356e-03 7.419107795382923541e+03 0.000000000000000000e+00
-9.831594736484019847e+01 -9.832937161688641936e+01 7.427530359840173180e-03 7.401150222448072782e+03 0.000000000000000000e+00
-1.107015658130355291e+02 -1.106869471733088943e+02 6.191598405674598495e-03 2.092927377381624683e+04 0.000000000000000000e+00
-1.024560819562802436e+02 -1.024657435217146286e+02 1.467940499984238430e-02 7.368767611732227124e+03 0.000000000000000000e+00
-1.080517392547879609e+02 -1.080548087785828528e+02 3.393198893805377848e-03 7.353080788421438228e+03 0.000000000000000000e+00
-1.052450992329763011e+02 -1.052408883581156260e+02 6.389918092139326190e-03 2.078408288620496023e+04 0.000000000000000000e+00
-1.052158828989478394e+02 -1.052146011902839575e+02 5.312109151947901065e-03 7.317794408676671083e+03 0.000000000000000000e+00
-1.080021735403840353e+02 -1.080011889720683484e+02 2.844920913574662015e-03 7.300147679255399453e+03 0.000000000000000000e+00
-1.080259089560027661e+02 -1.080239265633018704e+02 4.188541385306319455e-03 7.282585287853817135e+03 0.000000000000000000e+00
-1.024858183015707880e+02 -1.024788057974206481e+02 4.562691769927282315e-03 7.265190782636547738e+03 0.000000000000000000e+00
-1.026257758125250916e+02 -1.026239819083543381e+02 4.524947673694186025e-03 7.248940838978788634e+03 0.000000000000000000e+00
-1.053503822530785925e+02 -1.053547853128646778e+02 4.157927985909267918e-03 7.231692360782937612e+03 0.000000000000000000e+00
-1.025324048144065756e+02 -1.025346344858721181e+02 3.971671133375924423e-03 7.214852008828633188e+03 0.000000000000000000e+00
-1.081046699285206500e+02 -1.081087820541570181e+02 4.567468060377321074e-03 7.197768859487706322e+03 0.000000000000000000e+00
-1.023745564591106643e+02 -1.023878315679437634e+02 8.289004189951333298e-03 7.181043546586876801e+03 0.000000000000000000e+00
-1.053340206755844264e+02 -1.053349244594993337e+02 2.896345984435176862e-03 7.168276147431221943e+03 0.000000000000000000e+00
-9.660328336202832133e+01 -9.659097321197877761e+01 1.138523163864735635e-02 7.151350158046955585e+03 0.000000000000000000e+00
-1.053456117254533666e+02 -1.053461066124914396e+02 4.084803472370187802e-03 7.137617347963448992e+03 0.000000000000000000e+00
-1.025381725871701519e+02 -1.025406916140352820e+02 6.045351936873816397e-03 2.018808006196532006e+04 0.000000000000000000e+00
-1.053134478426612901e+02 -1.053123354716328350e+02 3.998393950210936236e-03 7.104129157936353295e+03 0.000000000000000000e+00
-1.013849723842028681e+02 -1.013966735761591025e+02 1.155244468571005670e-02 7.087528445482890675e+03 0.000000000000000000e+00
-1.025096056109585305e+02 -1.025115007060697536e+02 4.270934827900957527e-03 7.073950599170255373e+03 0.000000000000000000e+00
-9.990848644981061000e+01 -9.991642151215101819e+01 3.766871451183453640e-03 7.057526021093144664e+03 0.000000000000000000e+00
-1.080499335118222177e+02 -1.080479890946105996e+02 4.824959814219921712e-03 1.998844819303317854e+04 0.000000000000000000e+00
-9.981887901083260317e+01 -9.982242065233265294e+01 4.089867480933729108e-03 7.026199706102179334e+03 0.000000000000000000e+00
