0.000000000000000000e+00 0.000000000000000000e+00 0.000000000000000000e+00 0.000000000000000000e+00 0.000000000000000000e+00
-1.082074775006750258e+02 -1.080179881779657052e+02 8.860400252338285210e-02 2.788715617705136538e+03 0.000000000000000000e+00
-9.209591087084416472e+01 -9.168179084727704264e+01 2.250512878246682114e-01 1.429906407833574340e+05 0.000000000000000000e+00
-1.024154764715282511e+02 -1.023371405774669256e+02 1.843015300058454820e-01 2.533467052153983241e+04 0.000000000000000000e+00
-1.052646535209979533e+02 -1.052470674832736535e+02 5.192830369099387527e-02 2.466989173959820255e+04 0.000000000000000000e+00
-1.053423122133477108e+02 -1.052875417057434646e+02 8.913994577941629360e-02 1.417199506418564415e+05 0.000000000000000000e+00
-9.993880978448187591e+01 -9.983138766925554819e+01 8.504870347961870913e-02 1.383668450564694358e+05 0.000000000000000000e+00
-1.025166968804812200e+02 -1.025327215737343067e+02 2.746718003999534113e-02 2.325750740602733276e+04 0.000000000000000000e+00
-9.722516478518517147e+01 -9.714764279000826264e+01 4.692198321475472139e-02 2.268166135576661327e+04 0.000000000000000000e+00
-9.923653160284207786e+01 -9.922103020225289072e+01 1.126906600375106732e-01 1.329523456894449773e+05 0.000000000000000000e+00
-1.082179490622366700e+02 -1.080666144636521153e+02 5.234561006743983919e-02 2.234548409932353388e+04 0.000000000000000000e+00
-9.997362622742667781e+01 -9.995090441898807399e+01 9.115920364849174062e-02 2.436895936180651188e+04 0.000000000000000000e+00
-1.052812282567916782e+02 -1.052460106113934444e+02 4.211038015562838799e-02 1.314834368283383083e+05 0.000000000000000000e+00
-9.972962822344079825e+01 -9.981814777950582140e+01 3.589222020757577153e-02 2.325448332521736302e+04 0.000000000000000000e+00
-9.965493435293423374e+01 -9.974384113644858019e+01 4.933713750455096664e-02 2.387247963246178188e+04 0.000000000000000000e+00
-1.053872209111715534e+02 -1.053054524341460620e+02 3.777712841685525874e-02 2.419246345298571759e+04 0.000000000000000000e+00
-9.741000957512095226e+01 -9.715124443673094845e+01 8.739865951101871699e-02 2.461257182398810983e+04 0.000000000000000000e+00
-1.054183024781239055e+02 -1.053690949917828732e+02 6.399928998867819574e-02 1.249344507825117762e+05 0.000000000000000000e+00
-9.720949066894337420e+01 -9.724277857600733910e+01 5.364153823724970849e-02 2.722523852782541144e+04 0.000000000000000000e+00
-1.052708920510947195e+02 -1.052807865378825198e+02 3.905465124009829120e-02 2.678911410326962869e+04 0.000000000000000000e+00
-1.026187855989512769e+02 -1.025429355690084066e+02 4.060305202335809382e-02 1.191459084819684940e+05 0.000000000000000000e+00
-8.878101991963717410e+01 -8.889021417463007424e+01 1.014308913626415093e-01 2.585407205886488737e+04 0.000000000000000000e+00
-1.053889082673207156e+02 -1.053737081030889726e+02 2.128493038176875601e-02 3.439557086609876933e+03 0.000000000000000000e+00
-1.020988368924922014e+02 -1.019102031573949318e+02 8.084003519037975816e-02 2.553726874365812182e+04 0.000000000000000000e+00
-1.026557123845934854e+02 -1.026387458010164977e+02 2.009971682346551117e-02 3.500200483731787699e+03 0.000000000000000000e+00
-1.106980978025264903e+02 -1.107039079723460731e+02 5.413251952597226968e-02 1.115325463620064547e+05 0.000000000000000000e+00
-1.025801786538731477e+02 -1.025614411668747294e+02 5.913409475892806438e-02 1.095477316651791043e+05 0.000000000000000000e+00
-1.106587231269838298e+02 -1.106818780840112879e+02 2.784192246934808976e-02 2.583001906495850199e+04 0.000000000000000000e+00
-8.290542105839443821e+01 -8.310284512130502321e+01 1.824689014359139050e-01 1.058433735682078259e+05 1.000000000000000000e+00
-9.737339965702783218e+01 -9.723616836965943833e+01 8.258652639878956425e-02 1.056183869544677436e+05 0.000000000000000000e+00
-9.982780412818186733e+01 -9.993999625375235496e+01 8.900465968146524520e-02 1.058148857419103442e+05 0.000000000000000000e+00
-9.699661772431868201e+01 -9.699657607475342047e+01 7.195663725838703784e-02 2.614028876552981092e+04 0.000000000000000000e+00
-1.107276862100402042e+02 -1.107116678012218358e+02 4.122700990740714444e-02 1.035898946668614954e+05 0.000000000000000000e+00
-1.051555769864451975e+02 -1.052247412765385377e+02 3.534487651023721783e-02 2.533096635936301027e+04 0.000000000000000000e+00
-1.053150529269697415e+02 -1.053284267441781594e+02 2.758325582745830076e-02 2.541371387039055116e+04 0.000000000000000000e+00
-9.929803666952096819e+01 -9.920124837153619524e+01 5.666824225042449426e-02 2.504388961386563096e+04 0.000000000000000000e+00
-1.054614523140481452e+02 -1.054124069493683464e+02 3.168808177126046510e-02 2.527828810085932128e+04 0.000000000000000000e+00
-1.081968241109929778e+02 -1.081615722180101073e+02 5.202240429479571687e-02 9.835127335000304447e+04 0.000000000000000000e+00
-9.976319468259357848e+01 -9.976670153087714255e+01 4.301218014705742582e-02 9.704984071813008632e+04 0.000000000000000000e+00
-1.026038985724799915e+02 -1.025999050766956913e+02 1.403614437849086058e-02 2.445501119595574346e+04 0.000000000000000000e+00
-9.643048620799429216e+01 -9.639052047985195770e+01 6.704043332371030506e-02 9.431060400403200765e+04 0.000000000000000000e+00
-9.928607230965023689e+01 -9.923442112825064498e+01 4.182842795757176629e-02 2.376941572668900699e+04 0.000000000000000000e+00
-1.107856201679831685e+02 -1.107649985284227796e+02 3.521085236269454882e-02 9.340886386494876933e+04 0.000000000000000000e+00
-9.915152637518059464e+01 -9.912416723278857944e+01 2.851562097954990493e-02 2.332325760640196677e+04 0.000000000000000000e+00
-1.081302925007337876e+02 -1.080911535771266330e+02 2.806736547466710113e-02 9.196839281460441998e+04 0.000000000000000000e+00
-1.052699707628259773e+02 -1.052713250845026494e+02 2.725445486626889430e-02 9.093092497506499058e+04 0.000000000000000000e+00
-1.053259828974453143e+02 -1.053500322759477825e+02 1.814043369160677627e-02 2.253526770623628909e+04 0.000000000000000000e+00
-1.019948289081623329e+02 -1.018790889119855763e+02 4.523712668201764625e-02 8.887102418315700197e+04 0.000000000000000000e+00
-1.028182209235384619e+02 -1.027291979976589715e+02 4.045893736238379695e-02 8.911715883344334725e+04 0.000000000000000000e+00
-1.080824162661654952e+02 -1.080425796079155418e+02 2.348657422181544066e-02 8.885487745148697286e+04 0.000000000000000000e+00
-9.993792229681210415e+01 -9.993392513823000911e+01 2.790700078521273636e-02 2.196176017205333483e+04 0.000000000000000000e+00
-1.079522637201029340e+02 -1.079851576505942887e+02 2.765755643302678438e-02 8.686977306829078589e+04 0.000000000000000000e+00
-9.997549276609460378e+01 -9.991167773046993261e+01 3.800942413594614322e-02 8.593386839082374354e+04 0.000000000000000000e+00
-1.025145836275957407e+02 -1.024935261113452469e+02 2.197163950508613725e-02 2.120898482815028183e+04 0.000000000000000000e+00
-1.080526332016432178e+02 -1.080524647371766918e+02 7.623120235865518679e-03 2.534476460612711435e+03 0.000000000000000000e+00
-1.081019578613923358e+02 -1.080867627129405406e+02 2.622690942445687901e-02 8.337482732512865914e+04 0.000000000000000000e+00
-9.908943605790523179e+01 -9.911697903746461691e+01 4.645164020897807333e-02 8.243039347930495569e+04 0.000000000000000000e+00
-9.985403187577227868e+01 -9.991342343332156872e+01 5.491507611254998339e-02 8.155154633688127797e+04 0.000000000000000000e+00
-1.041777645522382159e+02 -1.041741669426562567e+02 4.140329324726205878e-02 2.423371663560434627e+03 0.000000000000000000e+00
-1.024860526352784831e+02 -1.025345134951213311e+02 2.939463535481294520e-02 8.038705252394700074e+04 0.000000000000000000e+00
-1.107181421678563140e+02 -1.107182112668452021e+02 1.932769158931675266e-02 1.987974881837860448e+04 0.000000000000000000e+00
-1.032476202726580112e+02 -1.031853108419152250e+02 4.070575003296625360e-02 1.966097412362000250e+04 0.000000000000000000e+00
-1.107670114285340759e+02 -1.107657229511850829e+02 1.762322696488920551e-02 1.966164927212399925e+04 0.000000000000000000e+00
-1.080721383337082244e+02 -1.080669216715925387e+02 2.255143149227591126e-02 7.773653900914995756e+04 0.000000000000000000e+00
-1.107604349006133049e+02 -1.107678132124049739e+02 1.595784065819739680e-02 1.924312904561159303e+04 0.000000000000000000e+00
-1.106524245598563283e+02 -1.106624515534210929e+02 1.953931071691213800e-02 1.904496217614189663e+04 0.000000000000000000e+00
-9.713327994007795496e+01 -9.714537567537131224e+01 1.738369994158989532e-02 2.230958523154918566e+03 0.000000000000000000e+00
-1.081173018470061464e+02 -1.081402906341419623e+02 3.517919463187103163e-02 7.478643128753622295e+04 0.000000000000000000e+00
-1.079354049520216705e+02 -1.079317197648448854e+02 2.765152175106301222e-02 7.406842232890707965e+04 0.000000000000000000e+00
-1.052377824131685458e+02 -1.052361326551525877e+02 1.632349540141964789e-02 1.839290216114318537e+04 0.000000000000000000e+00
-1.053616304620708206e+02 -1.053548434422448707e+02 9.283488770018734001e-03 1.820917111921935430e+04 0.000000000000000000e+00
-1.080548222970451491e+02 -1.080513975109696361e+02 1.238507258439200398e-02 1.803339981538224310e+04 0.000000000000000000e+00
-8.857373778617139237e+01 -8.872218354089608283e+01 1.590639269206260420e-01 1.785769054804265761e+04 0.000000000000000000e+00
-1.053947610185675359e+02 -1.053939648502993407e+02 1.393058647958807759e-02 1.784152708239488129e+04 0.000000000000000000e+00
-1.053197720775199002e+02 -1.053322546887991678e+02 1.174914431460977356e-02 1.766984080862502378e+04 0.000000000000000000e+00
-8.747722373261875362e+01 -8.738362608485694238e+01 7.004177605988948230e-02 2.055085069628226393e+03 1.000000000000000000e+00
-1.026800470629892601e+02 -1.026780737242596473e+02 8.774890909845581288e-03 2.058018582934069855e+03 0.000000000000000000e+00
-9.980563207006294135e+01 -9.982232663331922140e+01 1.356568966770834751e-02 1.748733001751891425e+04 0.000000000000000000e+00
-1.026008607912176274e+02 -1.026056535303927291e+02 8.850807932567461220e-03 1.734526828660546744e+04 0.000000000000000000e+00
-1.080777360892453771e+02 -1.080738857900123691e+02 1.060329493937524868e-02 1.718739846785599002e+04 0.000000000000000000e+00
-1.051629192578874097e+02 -1.051749097415500955e+02 1.627598089154867408e-02 1.703250619136340174e+04 0.000000000000000000e+00
-1.079909786049806968e+02 -1.079986981431281095e+02 1.006596277375329009e-02 1.689203329776970713e+04 0.000000000000000000e+00
-9.985634464153693557e+01 -9.983365410539812501e+01 1.489506659980195484e-02 1.674512491628068528e+04 0.000000000000000000e+00
-1.080526552302382299e+02 -1.080468347328138350e+02 1.555255758499473999e-02 6.725376287900359603e+04 0.000000000000000000e+00
-1.053577834061187275e+02 -1.053431889026330168e+02 1.534081811116637557e-02 6.666630542861003778e+04 0.000000000000000000e+00
-1.107676649188614562e+02 -1.107670987841183887e+02 1.248754329612498590e-02 1.635538970364592933e+04 0.000000000000000000e+00
-1.080575910202948080e+02 -1.080519726312187458e+02 9.839357237288454475e-03 1.621424792795861140e+04 0.000000000000000000e+00
-1.053126738799525555e+02 -1.053234820486164836e+02 1.031189845459515829e-02 1.607855524670665363e+04 0.000000000000000000e+00
-1.053304851020251363e+02 -1.053196157271455178e+02 1.625508311412971613e-02 6.447229552114709077e+04 0.000000000000000000e+00
-1.026355468383276559e+02 -1.026289867407768810e+02 8.186822324537813139e-03 1.581719883292738086e+04 0.000000000000000000e+00
-1.080828151462404350e+02 -1.080696833963133656e+02 1.174108636008712285e-02 1.568927183028228319e+04 0.000000000000000000e+00
-9.871306564488284607e+01 -9.870729740372928518e+01 3.588076263235847468e-02 6.298882286886372458e+04 0.000000000000000000e+00
-1.027365004626211373e+02 -1.027001288241450823e+02 1.684316592887220854e-02 1.546519535733602061e+04 0.000000000000000000e+00
-1.079927732997615237e+02 -1.079944590377918985e+02 4.723049380624003667e-03 1.798118938218207859e+03 0.000000000000000000e+00
-1.016108126776952219e+02 -1.015983793076560886e+02 2.462704378981737247e-02 1.531204314321282618e+04 0.000000000000000000e+00
-1.080389323891572531e+02 -1.080431205695306573e+02 8.715387100926593258e-03 1.519952439129824961e+04 0.000000000000000000e+00
-1.025807577259654835e+02 -1.025646448554420829e+02 1.180447770227986866e-02 1.507999797765626863e+04 0.000000000000000000e+00
-1.053615685918784379e+02 -1.053227827875894604e+02 1.804823716453003365e-02 6.017367497992800054e+04 0.000000000000000000e+00
-9.705517024129039783e+01 -9.706869256190140050e+01 1.216888352473631703e-02 1.489151640801370377e+04 0.000000000000000000e+00
-1.032379644337316478e+02 -1.032164262327915765e+02 2.628923725565211061e-02 1.478815802874781366e+04 0.000000000000000000e+00
-1.053748289582989912e+02 -1.053805746571133852e+02 9.313571172447802221e-03 1.469496169361787361e+04 0.000000000000000000e+00
-1.080743443994827118e+02 -1.080632017683053192e+02 1.368685230054327365e-02 5.846009607993157260e+04 0.000000000000000000e+00
-1.042951703925246534e+02 -1.043235986596459952e+02 3.556607392917249949e-02 1.447580822545428236e+04 0.000000000000000000e+00
-1.014118566634344347e+02 -1.014274155857059725e+02 2.743557349678505883e-02 1.439841546577262852e+04 0.000000000000000000e+00
-9.913307169249834772e+01 -9.915495404317070438e+01 2.813422106900159356e-02 1.429993317074214610e+04 0.000000000000000000e+00
-1.036622754106071795e+02 -1.036832204165270639e+02 3.575478258250247565e-02 5.756625988704625343e+04 0.000000000000000000e+00
-1.054120997073494408e+02 -1.054042038625952102e+02 1.050938195844076245e-02 1.412498920143132636e+04 0.000000000000000000e+00
-1.017834342354170900e+02 -1.017942983071420002e+02 2.613219103607512805e-02 1.822436569202290229e+03 0.000000000000000000e+00
-1.052821235339450112e+02 -1.052579879685517881e+02 1.658308309180418424e-02 5.751543466191760672e+04 0.000000000000000000e+00
-1.026666105702359033e+02 -1.026671459155437276e+02 1.198420254499680919e-02 1.797703346047272362e+03 0.000000000000000000e+00
-1.053565429948014724e+02 -1.053576811568995311e+02 5.004406025209005328e-03 1.784951754750721420e+03 0.000000000000000000e+00
-1.026272621701488390e+02 -1.026254892524418665e+02 7.077136558902304142e-03 1.772332897932060632e+03 0.000000000000000000e+00
-1.026322272010512933e+02 -1.026302570318252947e+02 1.629195229962411909e-02 5.623439522632746957e+04 0.000000000000000000e+00
-9.992097272802806174e+01 -9.991379293863107591e+01 8.446656642996106315e-03 1.403636809177882606e+04 0.000000000000000000e+00
-1.053465763529008967e+02 -1.053464879888803409e+02 6.394821550858241152e-03 1.394293513506019735e+04 0.000000000000000000e+00
-1.080199507675553861e+02 -1.080175286755798680e+02 6.224888857520152578e-03 1.726066348973706681e+03 0.000000000000000000e+00
-1.026330485853628431e+02 -1.026301740333637156e+02 5.956139688945103275e-03 1.714510114650755440e+03 0.000000000000000000e+00
-9.668007355013887150e+01 -9.665494668791842514e+01 1.580897617704824301e-02 1.367003661309588097e+04 0.000000000000000000e+00
-1.042700798813928031e+02 -1.042317652815253695e+02 2.523934959531951017e-02 1.361562053903215019e+04 0.000000000000000000e+00
-1.107567705595345018e+02 -1.107654576721701858e+02 9.232748578056245922e-03 1.359209023306841300e+04 0.000000000000000000e+00
-1.107054906332170532e+02 -1.107146486238001160e+02 9.423904381319082521e-03 1.350609718766404876e+04 0.000000000000000000e+00
-9.982127375956778792e+01 -9.984170300322693947e+01 1.460037016859066887e-02 1.342160930302871202e+04 0.000000000000000000e+00
-9.996298932230176604e+01 -9.995910813630138136e+01 7.318693336880119533e-03 1.686584091281149995e+03 0.000000000000000000e+00
-1.054158895655498753e+02 -1.053899100437804037e+02 1.414146778236890362e-02 5.257568149873073708e+04 0.000000000000000000e+00
-1.052716429629095529e+02 -1.052734584465396210e+02 6.697489804831232955e-03 1.319320175203337567e+04 0.000000000000000000e+00
-1.027006208852470621e+02 -1.026589108251941411e+02 1.711279084451165083e-02 5.194330838125723676e+04 0.000000000000000000e+00
-1.027524940666802564e+02 -1.027246750198649323e+02 1.482869543291105881e-02 1.303977124499954698e+04 0.000000000000000000e+00
-1.052124069211584612e+02 -1.052083174620949961e+02 6.565462779842733999e-03 1.637208886853947206e+03 0.000000000000000000e+00
-9.460654412639121347e+01 -9.453317786667368239e+01 2.312420148686199911e-02 5.118221811826143676e+04 0.000000000000000000e+00
-1.006379666366698018e+02 -1.006870334757312264e+02 1.823632252823828917e-02 1.662477536429832753e+03 0.000000000000000000e+00
-1.025671854274472423e+02 -1.025731854197613160e+02 5.947307317594094887e-03 1.703469529657764269e+03 0.000000000000000000e+00
-9.705075601997761225e+01 -9.704127237798186911e+01 2.450123826405716659e-02 5.055132301420629665e+04 0.000000000000000000e+00
-9.869644674010395136e+01 -9.864060155459713997e+01 3.490078930997490836e-02 5.024416799783278111e+04 0.000000000000000000e+00
-1.107629488898246422e+02 -1.107699119376032542e+02 9.051258079131360712e-03 1.271383902774895250e+04 0.000000000000000000e+00
-1.053320836924469148e+02 -1.053371488386507906e+02 8.161950573618671073e-03 1.263867319863951161e+04 0.000000000000000000e+00
-1.080516192163777305e+02 -1.080543643720492639e+02 8.914173566111653277e-03 1.256332675347783152e+04 0.000000000000000000e+00
-9.981427566511786154e+01 -9.982657542244736248e+01 8.585260795239054235e-03 1.248790970162545273e+04 0.000000000000000000e+00
-1.054004880279843661e+02 -1.053962767368911102e+02 6.914507134066945337e-03 1.242132412061046125e+04 0.000000000000000000e+00
-1.053266612560343418e+02 -1.052881526036421320e+02 1.854552340313104716e-02 4.864005128777716891e+04 0.000000000000000000e+00
-9.995080947340774458e+01 -9.993157847602586230e+01 1.317965203178414479e-02 1.229721103376196334e+04 0.000000000000000000e+00
-1.080995597128019057e+02 -1.081016614293682778e+02 8.249634465174781120e-03 1.224591719079830546e+04 0.000000000000000000e+00
-1.025584160771201709e+02 -1.025454734647312023e+02 1.023420672087274608e-02 4.787814631342067878e+04 0.000000000000000000e+00
-1.080479748239164621e+02 -1.080512185954616058e+02 5.421858810924911308e-03 1.210947003211454648e+04 0.000000000000000000e+00
-1.025441188286861660e+02 -1.025483585009410490e+02 5.976619231397095784e-03 1.605721708399977160e+03 0.000000000000000000e+00
-1.054035121823221317e+02 -1.054076563248372338e+02 5.582252344043780665e-03 1.597616713647069673e+03 0.000000000000000000e+00
-1.080042167238386810e+02 -1.080034139931178601e+02 4.623483743261956602e-03 1.589411837518558514e+03 0.000000000000000000e+00
-1.107458227640311037e+02 -1.107388063997368732e+02 1.441618879578467766e-02 4.657712127802842588e+04 0.000000000000000000e+00
-1.080489150658876554e+02 -1.080502788665366438e+02 5.746320753566551247e-03 1.178798652710899842e+04 0.000000000000000000e+00
-1.054816165960631054e+02 -1.054777796557530110e+02 1.094533340028005196e-02 1.562838810216044976e+03 0.000000000000000000e+00
-1.080489546462744812e+02 -1.080505753687573076e+02 5.641179785356871187e-03 1.166841809396732970e+04 0.000000000000000000e+00
-1.026311032217852102e+02 -1.026431773469735163e+02 9.041460705578045071e-03 1.160363347563661773e+04 0.000000000000000000e+00
-1.019838388970548522e+02 -1.019284759591701430e+02 2.030138353777264162e-02 1.537711172224367147e+03 0.000000000000000000e+00
-1.052872358522679548e+02 -1.052850607084762231e+02 4.099580059187681903e-03 1.562904150429570564e+03 0.000000000000000000e+00
-1.062230658314435345e+02 -1.061578779559804104e+02 2.062725364825096497e-02 1.142651734749399293e+04 0.000000000000000000e+00
-9.972651326257745552e+01 -9.972672277349118986e+01 1.614560333217015739e-02 4.476925955180945311e+04 0.000000000000000000e+00
-1.052014225968716232e+02 -1.051984894912853008e+02 9.150986063309028001e-03 1.148461909488764832e+04 0.000000000000000000e+00
-9.988608550531129993e+01 -9.989849586273385285e+01 7.371483014070944785e-03 1.142297538623380024e+04 0.000000000000000000e+00
-9.979773765231706761e+01 -9.978677836624466124e+01 9.599138347076032959e-03 1.136914036305730770e+04 0.000000000000000000e+00
-1.107551632865914257e+02 -1.107512165814164717e+02 6.770314529046178760e-03 1.683439163324646415e+03 0.000000000000000000e+00
-9.712076105580727869e+01 -9.712004708786358265e+01 1.077596819841499833e-02 1.126727542835197164e+04 0.000000000000000000e+00
-9.910767214005939252e+01 -9.912028899381826363e+01 1.655853766693148044e-02 1.120812818097852505e+04 0.000000000000000000e+00
-1.107641337602635900e+02 -1.107726631719271069e+02 7.446735888206577197e-03 1.115680283239547134e+04 0.000000000000000000e+00
-8.994254301200010104e+01 -9.000073181797867505e+01 4.366178079292694358e-02 1.110195677002177945e+04 2.100000000000000000e+01
-1.080221892966634840e+02 -1.080262410548609324e+02 7.039176525757434404e-03 1.111637020342299002e+04 0.000000000000000000e+00
-1.023376593709976987e+02 -1.023577019415889140e+02 2.901739063624720824e-02 1.105966909983988444e+04 0.000000000000000000e+00
-1.080515039962730270e+02 -1.080535170483820337e+02 5.054238531758534735e-03 1.696364953683670137e+03 0.000000000000000000e+00
-9.980770417346856505e+01 -9.982487582975747387e+01 9.359585127630111467e-03 1.096320491495164970e+04 0.000000000000000000e+00
-1.018501486264058826e+02 -1.018371185680141480e+02 1.153454704869050738e-02 1.092123046359853834e+04 0.000000000000000000e+00
-1.041051139679821489e+02 -1.041344945980698782e+02 1.330298573714528906e-02 1.087432663608787334e+04 0.000000000000000000e+00
-1.051704069841032947e+02 -1.051741048301112471e+02 1.113158173922274181e-02 1.085316303137641080e+04 0.000000000000000000e+00
-1.107658224566855978e+02 -1.107738686725358974e+02 6.921149623916073891e-03 1.079985185873011869e+04 0.000000000000000000e+00
-1.107163423359717029e+02 -1.107063737078454864e+02 1.183839477039795585e-02 4.227085730841284385e+04 0.000000000000000000e+00
-9.988194886977287013e+01 -9.988396121755386048e+01 6.930916173328419833e-03 1.069570987588688149e+04 0.000000000000000000e+00
-1.026738637632255546e+02 -1.026680250294028411e+02 8.752085394963797504e-03 1.064310141769809161e+04 0.000000000000000000e+00
-9.976504500999634217e+01 -9.975697746924164733e+01 1.276948337341518580e-02 4.168707816280348197e+04 0.000000000000000000e+00
-1.025272473218678613e+02 -1.024913085961218826e+02 1.503741003611603309e-02 4.148664976515110175e+04 0.000000000000000000e+00
-9.906559197273672623e+01 -9.907247898317837098e+01 1.546998581710646095e-02 1.617692012043979503e+03 0.000000000000000000e+00
-1.027070519653639025e+02 -1.027103837135768316e+02 5.845813216236213881e-03 1.611086163555571147e+03 0.000000000000000000e+00
-6.855932845610612958e+01 -6.860202952699972911e+01 6.442480940552430813e-02 1.039837561262921918e+04 1.000000000000000000e+00
-1.080529191670560181e+02 -1.080532461781543674e+02 3.823347944703729250e-03 1.633611556472260190e+03 0.000000000000000000e+00
-9.708224649566945175e+01 -9.709641758925096156e+01 5.811461402265623993e-03 1.625781944719747116e+03 0.000000000000000000e+00
-1.054012753983108297e+02 -1.054044958130725007e+02 6.075691848179228492e-03 1.027317081649145075e+04 0.000000000000000000e+00
-9.970536606926997081e+01 -9.970381374754299486e+01 1.579153698156894256e-02 4.044887454468518263e+04 0.000000000000000000e+00
-9.977617573373288451e+01 -9.978553653410776292e+01 7.938010355257775139e-03 1.017734931744903588e+04 0.000000000000000000e+00
-9.437171779982406861e+01 -9.435620838306380165e+01 1.705832097419437629e-02 1.013321781752114111e+04 0.000000000000000000e+00
-1.052838528545608199e+02 -1.052889773210040119e+02 6.218628456202112895e-03 1.009477529166549539e+04 0.000000000000000000e+00
-1.036839908639959589e+02 -1.036631138789902309e+02 1.472993930749484821e-02 1.004902972345466333e+04 0.000000000000000000e+00
-9.656560603395350029e+01 -9.656710954924339774e+01 1.188715040719169613e-02 1.002019135539168383e+04 0.000000000000000000e+00
-9.697119767920997901e+01 -9.697523616166616023e+01 1.079492172978403254e-02 1.599259796053401942e+03 0.000000000000000000e+00
-1.055816987006481469e+02 -1.056141389386002487e+02 2.175844902806081671e-02 9.930007858495006076e+03 0.000000000000000000e+00
-1.080755113178629614e+02 -1.080787036581023557e+02 5.993367553215901353e-03 9.919397127235681182e+03 0.000000000000000000e+00
-9.471528936720358161e+01 -9.464350147729683727e+01 2.459156863149617595e-02 3.921242311764309852e+04 0.000000000000000000e+00
-6.797057284721472570e+01 -6.768626146702432322e+01 5.606072431101092463e-02 9.916219608975692609e+03 1.000000000000000000e+00
-1.054067839737190724e+02 -1.054062443867006635e+02 6.489213393409433255e-03 1.073112781374784572e+04 0.000000000000000000e+00
-1.080740678067443099e+02 -1.080782868499542388e+02 8.055382229665968355e-03 1.068321237621070577e+04 0.000000000000000000e+00
-1.080398502654397674e+02 -1.080462193098871353e+02 6.434397718859164589e-03 1.063636854425768070e+04 0.000000000000000000e+00
-1.028878459196240982e+02 -1.029713828832819473e+02 1.923030824582558362e-02 1.059111038301479130e+04 0.000000000000000000e+00
-1.025684932128794884e+02 -1.025681204924043186e+02 6.787811366088381329e-03 1.078000999695505743e+04 0.000000000000000000e+00
-1.013881195735745422e+02 -1.014452019461262182e+02 1.614300925661122169e-02 4.757041724462595448e+04 0.000000000000000000e+00
-1.080524982938236178e+02 -1.080554801511654404e+02 6.369669258564133324e-03 1.077206442484929903e+04 0.000000000000000000e+00
-1.032738508970259943e+02 -1.032755923772483868e+02 2.750071669069987373e-02 4.729739684920918080e+04 0.000000000000000000e+00
-1.068262481980464003e+02 -1.068511608435182296e+02 1.365856777835410506e-02 1.072294951795064117e+04 0.000000000000000000e+00
-1.025822420745901979e+02 -1.025788202978620092e+02 7.234891298611507288e-03 1.069923613460848537e+04 0.000000000000000000e+00
-1.025953912413174720e+02 -1.025959062337347518e+02 6.928140057583264712e-03 1.065388554577226569e+04 0.000000000000000000e+00
-1.025549382594212489e+02 -1.025580398683477199e+02 2.722719303991498387e-03 1.593941234183527513e+03 0.000000000000000000e+00
-1.053091327443922296e+02 -1.053111869614590574e+02 7.434663228313121222e-03 1.056382231424298334e+04 0.000000000000000000e+00
-1.052763234640460723e+02 -1.052740159677984906e+02 5.647892473104460832e-03 1.051919649756890612e+04 0.000000000000000000e+00
-1.080433285115853721e+02 -1.080440048774221111e+02 5.382296294871719879e-03 1.047502365653341440e+04 0.000000000000000000e+00
-9.595385641273446709e+01 -9.589606798108513885e+01 1.808006954661283555e-02 1.567786109611521169e+03 1.000000000000000000e+00
-1.080224162134890236e+02 -1.080279422615768681e+02 5.586318946778028212e-03 1.039030311470758534e+04 0.000000000000000000e+00
-1.025702146288220007e+02 -1.025312517443006897e+02 1.135961252134219494e-02 4.563005555956599710e+04 0.000000000000000000e+00
-9.091148230510398776e+01 -9.084598295736374496e+01 3.525454908286874273e-02 1.593221897653396809e+03 9.000000000000000000e+00
-1.081023543517199812e+02 -1.081029178081777360e+02 4.338366481837481123e-03 1.606755246116625813e+03 0.000000000000000000e+00
-1.026380506740286762e+02 -1.026488292404790315e+02 8.687355115017164967e-03 1.023376967091589358e+04 0.000000000000000000e+00
-1.080194864888668036e+02 -1.080213704510374129e+02 6.492962253545813377e-03 1.019646773137220225e+04 0.000000000000000000e+00
-1.015557169655729837e+02 -1.015628020410548515e+02 1.150192868457354349e-02 1.015492071433786077e+04 0.000000000000000000e+00
-1.080411771889876746e+02 -1.080467834508697536e+02 5.062850760264822267e-03 1.011542188597149470e+04 0.000000000000000000e+00
-1.107068849646147299e+02 -1.107158641835778212e+02 6.850455180760654794e-03 1.007570950686399556e+04 0.000000000000000000e+00
-1.054042015220464918e+02 -1.054014638184756620e+02 5.199321685806603151e-03 1.003827053786801844e+04 0.000000000000000000e+00
-9.979679639913184985e+01 -9.978707577580831867e+01 6.466535652605486829e-03 9.998195573101620539e+03 0.000000000000000000e+00
-9.702522291211408856e+01 -9.703827452371550066e+01 1.202096048709547400e-02 9.962073699145623323e+03 0.000000000000000000e+00
-1.054341508222889701e+02 -1.054300571374301825e+02 8.091624108177706762e-03 9.928808500272107267e+03 0.000000000000000000e+00
-1.079926466545758359e+02 -1.079950288770886999e+02 5.583400048343995122e-03 9.889833877301036409e+03 0.000000000000000000e+00
-1.053595706882184970e+02 -1.053608042338767632e+02 5.616986387613007690e-03 9.850912986761166394e+03 0.000000000000000000e+00
-9.989198726329354372e+01 -9.988873286572201948e+01 7.334777250134210010e-03 9.812133990939159048e+03 0.000000000000000000e+00
-1.026554415954230706e+02 -1.026681900144810839e+02 9.395163855114001955e-03 9.774139829547430054e+03 0.000000000000000000e+00
-9.980249781494553929e+01 -9.980871878184868251e+01 5.620499457910380775e-03 9.741847781771735754e+03 0.000000000000000000e+00
-1.080671111467862033e+02 -1.080689164407187235e+02 5.860387982498515592e-03 9.705095093685880784e+03 0.000000000000000000e+00
-1.080466077224335208e+02 -1.080526612612974873e+02 4.698324391597182882e-03 9.667599985787293917e+03 0.000000000000000000e+00
-1.017256987635689001e+02 -1.017714815005996201e+02 1.604866240272193045e-02 9.631616356907170484e+03 0.000000000000000000e+00
-1.025116786917745628e+02 -1.025100992935522299e+02 4.042714937174329663e-03 1.502440719843586066e+03 0.000000000000000000e+00
-1.052780401243089443e+02 -1.052780389985336029e+02 5.009950273623411249e-03 9.623471102995374167e+03 0.000000000000000000e+00
-1.025905122241644136e+02 -1.025930919934984757e+02 4.559550078352055634e-03 1.491056780568688737e+03 0.000000000000000000e+00
-1.053816820264881358e+02 -1.053829834016483176e+02 6.869246164475504256e-03 9.550266476863031130e+03 0.000000000000000000e+00
-1.026415852052767832e+02 -1.026438408780497440e+02 4.660745988797887311e-03 9.514140026498809675e+03 0.000000000000000000e+00
-1.026041931349826086e+02 -1.026084223570949945e+02 4.254526370346533616e-03 9.478386715689099219e+03 0.000000000000000000e+00
-1.025331371929854640e+02 -1.025353811600533049e+02 4.394267026161244490e-03 9.443258190410622774e+03 0.000000000000000000e+00
-1.080726518828562632e+02 -1.080743342453732367e+02 4.526706419313120816e-03 9.408033540354452271e+03 0.000000000000000000e+00
-1.053426814168448971e+02 -1.053393221914450493e+02 6.364260773395745939e-03 9.372981911138016585e+03 0.000000000000000000e+00
-9.984276455709286324e+01 -9.985005734336171201e+01 5.094752026278234931e-03 9.338433944891290594e+03 0.000000000000000000e+00
-9.926329208605034182e+01 -9.923770840252467451e+01 1.249357103318443629e-02 9.305666852672335153e+03 0.000000000000000000e+00
-1.024768892032039247e+02 -1.024677421231020560e+02 8.704837137528642979e-03 9.292989116952867334e+03 0.000000000000000000e+00
-1.107137436532303809e+02 -1.107232078046566102e+02 7.018955922508089348e-03 9.261190846512505232e+03 0.000000000000000000e+00
-1.053052986625083065e+02 -1.053029484737556629e+02 3.336806434598933550e-03 1.464717664913629051e+03 0.000000000000000000e+00
-1.079966049224949529e+02 -1.080002468242868758e+02 4.075860514566312896e-03 9.197036646719467171e+03 0.000000000000000000e+00
-1.079729664724092828e+02 -1.079675394157370363e+02 7.746770152371059391e-03 9.163980735175486188e+03 0.000000000000000000e+00
-1.052875270031686341e+02 -1.052875525477793133e+02 6.245479809122863289e-03 9.131727683584054830e+03 0.000000000000000000e+00
-1.080189799555071914e+02 -1.080229887214249800e+02 5.230558337348253234e-03 9.098746812161654816e+03 0.000000000000000000e+00
-9.862230183712931364e+01 -9.871285109410862901e+01 1.627718151712511871e-02 9.066625369414356101e+03 0.000000000000000000e+00
-9.993869209271478837e+01 -9.993604502357435138e+01 6.066360682479212708e-03 9.262896406748948721e+03 0.000000000000000000e+00
-1.080197951957864291e+02 -1.080209462482938392e+02 5.556916603297665583e-03 9.230057162500690538e+03 0.000000000000000000e+00
-1.107797774097609107e+02 -1.107753286102142027e+02 4.266170573320776822e-03 1.469888414786887552e+03 0.000000000000000000e+00
-1.080763621840205246e+02 -1.080780519342919774e+02 6.470638539874349997e-03 9.170073063524447207e+03 0.000000000000000000e+00
-1.053514387685262790e+02 -1.053488605543484056e+02 4.898390984702975272e-03 9.137725804180818159e+03 0.000000000000000000e+00
-1.080431741838424955e+02 -1.080465250627786276e+02 4.419346277302254287e-03 9.105822250836383319e+03 0.000000000000000000e+00
-1.026067437836896090e+02 -1.026086084876881301e+02 3.694876027959573608e-03 9.074235105279709387e+03 0.000000000000000000e+00
-1.080195847739348380e+02 -1.080186403445752887e+02 5.577500148536385441e-03 9.042587350933365087e+03 0.000000000000000000e+00
-1.080195978863647497e+02 -1.080216209827246274e+02 4.658834457398610893e-03 9.011087500296029248e+03 0.000000000000000000e+00
-1.080584073846503799e+02 -1.080563315953528019e+02 3.494506849881761842e-03 1.435039169351001192e+03 0.000000000000000000e+00
-1.030137952697289307e+02 -1.030472984845531670e+02 1.360857094770614138e-02 8.951859037213034753e+03 0.000000000000000000e+00
-1.080218746776596674e+02 -1.080230805199136483e+02 5.730264456372880996e-03 8.953358942266142549e+03 0.000000000000000000e+00
-1.080745509486393416e+02 -1.080751788496651784e+02 2.976354155713816473e-03 1.425885222313581153e+03 0.000000000000000000e+00
-1.053549348294669130e+02 -1.053545319801858682e+02 3.349024963415811029e-03 1.420977816065614206e+03 0.000000000000000000e+00
-1.080745750302957475e+02 -1.080750262979268399e+02 4.644682769941725631e-03 8.863971031437644342e+03 0.000000000000000000e+00
-1.043449814252798973e+02 -1.043470082610246692e+02 1.453187225450320620e-02 8.833804784401472716e+03 0.000000000000000000e+00
-1.079930672599905535e+02 -1.079955270008773311e+02 3.850146942636218251e-03 8.803886124614416985e+03 0.000000000000000000e+00
-1.053064365404446789e+02 -1.053085717452540848e+02 5.272319332028977366e-03 8.774324834688779447e+03 0.000000000000000000e+00
-1.107167983290808166e+02 -1.107260824327813822e+02 5.885537599866656928e-03 8.744906936447723638e+03 0.000000000000000000e+00
-1.042584385291852271e+02 -1.042596857130942851e+02 8.108269012347010113e-03 1.400896837689988843e+03 0.000000000000000000e+00
-1.026462578999835387e+02 -1.026212884007956774e+02 9.726370101066989654e-03 3.831573248345078173e+04 0.000000000000000000e+00
-1.080502684323928833e+02 -1.080520006699871374e+02 5.388196432106404955e-03 8.667070969830969261e+03 0.000000000000000000e+00
-1.080261188511454407e+02 -1.080260930236907058e+02 6.176568904436887698e-03 8.638358244451235805e+03 0.000000000000000000e+00
-9.722471639926513376e+01 -9.723705851920078658e+01 7.344106372322373004e-03 1.383648742869076841e+03 0.000000000000000000e+00
-1.052291960977276801e+02 -1.052294063008395142e+02 8.126875503747861551e-03 8.584732518630649793e+03 0.000000000000000000e+00
-1.025452541159155970e+02 -1.025434464162594708e+02 6.606939949111214141e-03 8.556491633501296747e+03 0.000000000000000000e+00
-1.053572463376702899e+02 -1.053575230653955117e+02 3.423056368406754597e-03 8.528534664500879444e+03 0.000000000000000000e+00
-1.053383559722919216e+02 -1.053444503331099327e+02 6.039337434240774939e-03 8.500652650853644445e+03 0.000000000000000000e+00
-1.005109796038411503e+02 -1.005249672086589356e+02 1.237297452295836250e-02 8.474103052660013418e+03 0.000000000000000000e+00
-1.053217949186180391e+02 -1.053219773798432328e+02 4.215667311966038271e-03 8.451026899243444859e+03 0.000000000000000000e+00
-9.723596042143580576e+01 -9.721208534036394155e+01 8.218464268903939024e-03 8.423668687568408131e+03 0.000000000000000000e+00
-1.052581619032015965e+02 -1.052619306056461852e+02 4.813890648537441121e-03 8.413432166282893377e+03 0.000000000000000000e+00
-1.053821745797943379e+02 -1.053759353359755977e+02 6.634383613750723628e-03 8.386778716607828756e+03 0.000000000000000000e+00
-1.025413102270749164e+02 -1.025441806079346350e+02 4.594883739212597511e-03 8.360990934154484421e+03 0.000000000000000000e+00
-1.080266012753732667e+02 -1.080271959137393338e+02 5.230981976508452223e-03 8.334517058674691725e+03 0.000000000000000000e+00
-9.985631655856890632e+01 -9.985412574654816353e+01 6.116505511937726097e-03 8.307957631444478466e+03 0.000000000000000000e+00
-1.026371622060546116e+02 -1.026412037228600127e+02 4.463543104787700590e-03 8.281729655792963968e+03 0.000000000000000000e+00
-1.080553313858009687e+02 -1.080553734224593398e+02 4.819627750103105436e-03 8.255955795455791304e+03 0.000000000000000000e+00
-1.080237886988569755e+02 -1.080275799345168224e+02 4.067365567650970369e-03 8.229894072001879977e+03 0.000000000000000000e+00
-1.053559579796572621e+02 -1.053562273472359863e+02 3.796677819531968801e-03 8.204440290263792122e+03 0.000000000000000000e+00
-1.079712192362624279e+02 -1.079754583613165408e+02 4.313012213231692468e-03 8.178711790817750625e+03 0.000000000000000000e+00
-9.899012322572411904e+01 -9.902706600651481494e+01 1.340992800913459217e-02 8.153717633876110995e+03 0.000000000000000000e+00
-1.068173439473213335e+02 -1.068272787988152288e+02 1.070575151967133667e-02 8.164973444139926869e+03 0.000000000000000000e+00
-1.000300058759158475e+02 -1.000018491237113665e+02 8.526386509693071117e-03 8.142006466189838648e+03 0.000000000000000000e+00
-9.929433835029783495e+01 -9.926614159197740150e+01 9.769341945672489064e-03 8.138432387794607166e+03 0.000000000000000000e+00
-8.889428745743549598e+01 -8.866254266272663642e+01 4.690933346963564038e-02 1.325685461176478839e+03 1.000000000000000000e+00
-9.708019118581394480e+01 -9.709051542094942988e+01 6.655114682755061857e-03 8.764106360649420822e+03 0.000000000000000000e+00
-1.052728423223489642e+02 -1.052730876911297173e+02 4.263269885372893142e-03 8.739905530436386471e+03 0.000000000000000000e+00
-1.040669192813824253e+02 -1.040777856402549730e+02 1.191576204363164332e-02 8.713172684079416285e+03 0.000000000000000000e+00
-9.985144828191057798e+01 -9.985660090833366098e+01 5.554677721627485250e-03 8.689533587733860259e+03 0.000000000000000000e+00
-1.080498374393675221e+02 -1.080514062350498392e+02 3.075258061284282755e-03 1.396535179486519382e+03 0.000000000000000000e+00
-1.107374405904416790e+02 -1.106985113370469662e+02 1.001660989925583223e-02 3.731304282656628493e+04 0.000000000000000000e+00
-1.025220634218655675e+02 -1.025183953314394785e+02 3.575232897121158847e-03 1.390289761147377476e+03 0.000000000000000000e+00
-1.107317593806031937e+02 -1.107266195165795892e+02 3.971280323357303382e-03 1.386420150897360372e+03 0.000000000000000000e+00
-1.053558176887007818e+02 -1.053604019830781624e+02 4.925944967803478659e-03 8.568041467687015029e+03 0.000000000000000000e+00
-1.081211414605887597e+02 -1.081209468541896541e+02 5.305037744116878652e-03 8.542951935797389524e+03 0.000000000000000000e+00
-1.107629555727369279e+02 -1.107724456878501371e+02 5.152787498387196782e-03 8.517437639165604196e+03 0.000000000000000000e+00
-1.080730068587550505e+02 -1.080725906311890014e+02 2.942929067162396682e-03 1.370931250408646520e+03 0.000000000000000000e+00
-1.080129074005104144e+02 -1.080069274740512668e+02 3.367858114066436467e-03 1.366859288144053153e+03 0.000000000000000000e+00
-9.969670882005034684e+01 -9.966188552799152944e+01 1.280586115408725335e-02 3.650463159873475524e+04 0.000000000000000000e+00
-1.041398220885496499e+02 -1.041618732618178740e+02 1.026740345389467145e-02 8.422316964172019652e+03 0.000000000000000000e+00
-1.080995278485088136e+02 -1.081011210738156194e+02 5.683336441310657058e-03 8.409383318765625518e+03 0.000000000000000000e+00
-9.980730345443485874e+01 -9.981855171760766154e+01 6.704111807812553406e-03 8.384806109285909770e+03 0.000000000000000000e+00
-1.107196299980609098e+02 -1.107258658629385195e+02 5.214036726989011543e-03 8.363640917327242278e+03 0.000000000000000000e+00
-1.019048467720862732e+02 -1.018849071347923569e+02 7.948207753156034602e-03 8.340284133412253141e+03 0.000000000000000000e+00
-9.704474408187283530e+01 -9.704479946571136395e+01 7.186828691780488068e-03 8.327165667072675205e+03 0.000000000000000000e+00
-1.024839474359015981e+02 -1.024745137755083135e+02 6.333228366204278481e-03 8.303036550493259710e+03 0.000000000000000000e+00
-1.052604220574330327e+02 -1.052629308816063372e+02 4.486943469444087951e-03 8.281278740710988131e+03 0.000000000000000000e+00
-1.026061492782498306e+02 -1.026051354955961727e+02 4.836657106172168562e-03 8.257541958668931329e+03 0.000000000000000000e+00
-1.079663711212625259e+02 -1.079692432808424059e+02 5.091398223153355621e-03 8.233848171793202710e+03 0.000000000000000000e+00
-1.107706603487191757e+02 -1.107735371692183577e+02 4.702102104415194044e-03 8.210540404943898466e+03 0.000000000000000000e+00
-1.052919913275607087e+02 -1.052951068032714375e+02 5.119784890582246457e-03 8.187296736946958845e+03 0.000000000000000000e+00
-1.016007718671804554e+02 -1.016046514744091098e+02 6.445401436165717167e-03 1.327414612280787196e+03 0.000000000000000000e+00
-1.027124268240282134e+02 -1.027046678664168695e+02 7.416785588788592926e-03 8.141044783758296035e+03 0.000000000000000000e+00
-1.043696626858140064e+02 -1.043681563358544508e+02 8.652740119418260781e-03 1.320450767638006027e+03 0.000000000000000000e+00
-1.079932692457965686e+02 -1.079952473345059474e+02 3.443097818256211917e-03 8.117306939838085782e+03 0.000000000000000000e+00
-9.918974702633967411e+01 -9.917304268725003169e+01 1.098844305442142795e-02 8.094540775531028885e+03 0.000000000000000000e+00
-9.985275504881278152e+01 -9.985502198535799323e+01 5.368701303210753409e-03 8.078812284039610859e+03 0.000000000000000000e+00
-1.079975836713214505e+02 -1.079998111803009948e+02 3.211692611796893460e-03 8.056326833829668431e+03 0.000000000000000000e+00
-9.992205294852188047e+01 -9.993106670276155512e+01 5.491161372878103873e-03 8.033927894710642249e+03 0.000000000000000000e+00
-1.052407945302494738e+02 -1.052372930256504162e+02 5.839916687792242114e-03 8.013785595991889750e+03 0.000000000000000000e+00
-1.079969737252466899e+02 -1.079979232631627042e+02 3.504582327516861297e-03 7.991872087062917672e+03 0.000000000000000000e+00
-1.080049526322060984e+02 -1.080071057572934734e+02 4.821434859015078997e-03 7.969747829997579174e+03 0.000000000000000000e+00
-1.053020783638513649e+02 -1.053068250049358312e+02 3.959925493348039928e-03 7.947828940673935904e+03 0.000000000000000000e+00
-9.702432516538540597e+01 -9.703014191157221546e+01 8.282668783097404605e-03 7.926505395983680501e+03 0.000000000000000000e+00
-9.986266832236512414e+01 -9.986665078440213961e+01 4.611903516611213540e-03 7.905611187578529098e+03 0.000000000000000000e+00
-1.006588140721038513e+02 -1.006629048586307391e+02 1.274746462504015160e-02 1.281422653556842306e+03 0.000000000000000000e+00
-1.080760144237576554e+02 -1.080749478302248718e+02 3.989709011295935678e-03 7.867381292587298958e+03 0.000000000000000000e+00
-9.722243311454867865e+01 -9.721931632031075310e+01 1.179020764561827285e-02 7.845972852744595912e+03 0.000000000000000000e+00
-1.053038056979409731e+02 -1.053053202549484126e+02 3.679047931721416993e-03 7.824706676306850568e+03 0.000000000000000000e+00
-1.051779761593650306e+02 -1.051720561926103983e+02 7.412708716358227569e-03 7.803536444010223022e+03 0.000000000000000000e+00
-1.053814559968823943e+02 -1.053818681144564664e+02 5.147349701033348407e-03 7.783039453771035369e+03 0.000000000000000000e+00
-1.052762537426849576e+02 -1.052763336827575387e+02 1.727869566628805007e-03 1.262563476346966581e+03 0.000000000000000000e+00
-1.079759485531682941e+02 -1.079772062099619063e+02 4.401834487959544601e-03 7.741194658512388742e+03 0.000000000000000000e+00
-1.054031903567751414e+02 -1.054023184471686818e+02 4.693851327400333159e-03 7.720479130319657997e+03 0.000000000000000000e+00
-1.107183642332671383e+02 -1.107221092816384527e+02 4.273168013020280966e-03 7.699843033567280145e+03 0.000000000000000000e+00
-1.080747856929342703e+02 -1.080752290924877315e+02 4.033975488196155784e-03 7.679645598286527274e+03 0.000000000000000000e+00
-1.081044700194827044e+02 -1.081052909961823190e+02 4.443601129736608757e-03 7.659216689056448558e+03 0.000000000000000000e+00
-1.079784838864028416e+02 -1.079838748008911722e+02 4.344249485465167746e-03 7.638913586471468079e+03 0.000000000000000000e+00
-1.080051670998866342e+02 -1.080033728001095312e+02 1.868541319228337813e-03 1.239661455561585171e+03 0.000000000000000000e+00
-1.043240269325919201e+02 -1.043323620711780961e+02 1.379652849662624248e-02 7.599495393866054656e+03 0.000000000000000000e+00
-1.080998834824096093e+02 -1.081007920253456973e+02 4.484613823301853916e-03 7.581310576052744182e+03 0.000000000000000000e+00
-1.025823617109792849e+02 -1.025880375906966719e+02 4.803072311401597461e-03 7.561436178097433185e+03 0.000000000000000000e+00
-9.733909188375014310e+01 -9.728958218715082751e+01 1.375908259816697489e-02 7.542366069416871142e+03 0.000000000000000000e+00
-1.052176221682300508e+02 -1.052156917735920700e+02 5.826986871778142875e-03 7.572640348065031503e+03 0.000000000000000000e+00
-1.107185819242547069e+02 -1.107222352037229740e+02 4.133452705037829467e-03 7.553004062989183694e+03 0.000000000000000000e+00
-1.054284945166505167e+02 -1.054242140159715433e+02 3.775754738358213635e-03 1.241412565449168142e+03 0.000000000000000000e+00
-1.107186592315807587e+02 -1.107222506047778978e+02 4.077704020744532531e-03 7.514659658602977288e+03 0.000000000000000000e+00
-1.026390881012122946e+02 -1.026376222687970738e+02 7.677455676374862932e-03 7.495541394945174034e+03 0.000000000000000000e+00
-1.079266957660446877e+02 -1.079227148116465997e+02 3.195950831231238274e-03 1.232238185134044897e+03 0.000000000000000000e+00
-1.053809267261973588e+02 -1.053835186945168516e+02 4.633301816421703072e-03 7.456998942427555448e+03 0.000000000000000000e+00
-1.106917798663294121e+02 -1.106963527482838145e+02 4.307103372676924537e-03 7.438053742443539704e+03 0.000000000000000000e+00
-1.008438511669526463e+02 -1.008126330932725949e+02 1.120510627306205154e-02 7.419592277352739984e+03 0.000000000000000000e+00
-1.053048269849784617e+02 -1.053026074889962871e+02 4.018520042801018190e-03 7.422039447484860830e+03 0.000000000000000000e+00
-1.053849688425464848e+02 -1.053889105070473846e+02 4.185370674841862836e-03 7.403292337679739830e+03 0.000000000000000000e+00
-1.019522025258076923e+02 -1.019271917145819941e+02 6.825313499383723996e-03 7.384877500694000446e+03 0.000000000000000000e+00
-1.053012514306690122e+02 -1.053026936381717320e+02 4.875543113996901740e-03 7.381584436912693491e+03 0.000000000000000000e+00
-1.019117892644027279e+02 -1.018926193647270253e+02 5.907228051383674704e-03 1.229191278100169484e+03 0.000000000000000000e+00
-9.911626132040950665e+01 -9.910573806281415443e+01 1.529684932779234487e-02 3.213366111216239005e+04 0.000000000000000000e+00
-1.107716185761569818e+02 -1.107740823401088051e+02 4.195356334769068281e-03 7.330060219138786124e+03 0.000000000000000000e+00
-1.053291857573176458e+02 -1.053325646438886452e+02 2.353492175470756412e-03 7.311828173052720558e+03 0.000000000000000000e+00
-9.855474012113754156e+01 -9.862689698071463340e+01 1.040445164781553071e-02 7.293784892712533292e+03 0.000000000000000000e+00
-1.053173627891140569e+02 -1.053187344065839710e+02 4.380260180789920764e-03 7.387981427270965469e+03 0.000000000000000000e+00
-1.081237483861006297e+02 -1.081261963936025552e+02 4.740404231873419916e-03 7.369664825232129260e+03 0.000000000000000000e+00
-1.079790702342194919e+02 -1.079784700451456132e+02 4.646956677615231117e-03 7.351546720709999136e+03 0.000000000000000000e+00
-1.024934179116213642e+02 -1.024854148427373843e+02 6.419359630094300870e-03 7.333349535346681478e+03 0.000000000000000000e+00
-1.025723357996163969e+02 -1.025757696261986354e+02 4.348111597412231653e-03 7.316520257511288946e+03 0.000000000000000000e+00
-1.081210661404700204e+02 -1.081181360987469589e+02 5.214032297107141362e-03 7.298790416462083158e+03 0.000000000000000000e+00
-1.080882360334668135e+02 -1.080508460820832397e+02 7.505673455035992425e-03 3.151905166034849753e+04 0.000000000000000000e+00
-9.711201942339725690e+01 -9.712047021819751080e+01 5.172346997695123974e-03 7.267705581080314914e+03 0.000000000000000000e+00
-1.052262950307710696e+02 -1.052254745312012574e+02 2.700981558613963114e-03 1.235438026801730757e+03 0.000000000000000000e+00
-1.025849694244611499e+02 -1.025922399590234733e+02 4.978398097548737515e-03 7.233949704554640448e+03 0.000000000000000000e+00
-1.107160249087924484e+02 -1.107173106467280661e+02 4.202686333492201484e-03 7.217488287095671694e+03 0.000000000000000000e+00
-1.053284785493373192e+02 -1.053316964239164975e+02 2.399590188801997530e-03 7.200004777628324518e+03 0.000000000000000000e+00
-1.079142837889368707e+02 -1.079128106256041377e+02 6.186922933469813680e-03 7.182770079895078197e+03 0.000000000000000000e+00
-1.080045065130193507e+02 -1.080060404734678770e+02 3.230833187656785739e-03 7.165414973691182240e+03 0.000000000000000000e+00
-1.107705016110521399e+02 -1.107749017686387987e+02 3.891967007170098799e-03 7.148183592700367626e+03 0.000000000000000000e+00
-1.107705937934613871e+02 -1.107748831196609416e+02 3.845885187220361452e-03 7.131444998577989281e+03 0.000000000000000000e+00
-1.053869623858761031e+02 -1.053874130281281793e+02 4.112679886478080339e-03 7.114764446288349063e+03 0.000000000000000000e+00
-1.080700192112419131e+02 -1.080708156866538445e+02 3.599129042219346899e-03 7.097744462084690895e+03 0.000000000000000000e+00
-1.053749569413229779e+02 -1.053816158758686754e+02 4.965666608322867430e-03 7.080815355024965356e+03 0.000000000000000000e+00
-9.719150326271824269e+01 -9.720064473564404750e+01 7.656317318559575577e-03 7.064993262618496374e+03 0.000000000000000000e+00
-1.025921864432648505e+02 -1.025915460850373080e+02 3.586480170386389422e-03 7.050171165311257937e+03 0.000000000000000000e+00
-1.053054895848510881e+02 -1.053065611705176678e+02 2.079228255091189730e-03 1.198358942276470998e+03 0.000000000000000000e+00
-1.053167735832409733e+02 -1.053187128006520226e+02 2.737690582331687300e-03 1.195559983553766187e+03 0.000000000000000000e+00
-9.974946931088075530e+01 -9.975344531761565747e+01 5.689019461072056423e-03 7.001307624632657280e+03 0.000000000000000000e+00
-1.024946969969485764e+02 -1.024903573009442539e+02 4.814783134781883134e-03 6.985117713909485246e+03 0.000000000000000000e+00
-1.107210217343820631e+02 -1.107263249061383164e+02 4.143195810604727997e-03 6.969079757977146073e+03 0.000000000000000000e+00
-1.009604018493994460e+02 -1.009345061826394527e+02 9.668946993898605222e-03 6.953366497119928681e+03 0.000000000000000000e+00
-1.013904331690227707e+02 -1.014081103770242152e+02 8.673214565255394845e-03 6.951824074381187529e+03 0.000000000000000000e+00
-1.107667119327358876e+02 -1.107698452754876541e+02 3.812828421943592790e-03 6.942055130956594439e+03 0.000000000000000000e+00
