-9.996543429315111950e+01 -9.980294704285293506e+01 2.096667331783455823e-01 1.305662285362103648e+04 0.000000000000000000e+00
-1.053223542455212112e+02 -1.052389324570393541e+02 1.836479497466167454e-01 1.282187439104736586e+04 0.000000000000000000e+00
-9.947056869377770738e+01 -9.968226224904758226e+01 2.854839798886554814e-01 1.235784249256885050e+04 0.000000000000000000e+00
-1.025217931562074085e+02 -1.025232789821644559e+02 4.855670686801717706e-02 1.208830064236950057e+04 0.000000000000000000e+00
-1.000899178012346340e+02 -9.990739690408281604e+01 1.133490837841538146e-01 9.967670319447232760e+04 0.000000000000000000e+00
-1.052360097257526803e+02 -1.052222172687597492e+02 8.726745590241001549e-02 1.011825330956936959e+05 0.000000000000000000e+00
-1.079447991776146125e+02 -1.079401318884623748e+02 4.178214308011589384e-02 1.183836966780255534e+04 0.000000000000000000e+00
-1.025689690542603927e+02 -1.025528659517748196e+02 5.059748493162236072e-02 9.424675293706367665e+04 0.000000000000000000e+00
-1.063219905149176583e+02 1.227712160935157776e+09 3.240475850273912783e+01 9.117495556729486270e+04 0.000000000000000000e+00
-6.442841597575470805e+05 -5.358874639162814901e+01 2.945446194115526509e+06 4.466027832265542400e+17 0.000000000000000000e+00
-1.446691280880004168e+06 -5.025403385088984010e+01 3.844306655338831712e+06 4.090966143322095616e+18 0.000000000000000000e+00
-1.169244786468178034e+06 -3.701361237402157656e+01 8.499436140706282109e+06 6.604828863474419200e+16 0.000000000000000000e+00
-5.047172851008325815e+05 -5.046713193549316401e+01 2.142118936700097285e+06 4.087216964151439360e+17 0.000000000000000000e+00
-3.578215374955311418e+05 -4.725095170846491754e+01 3.650658010603995994e+06 6.234662588250462400e+16 0.000000000000000000e+00
-2.207735655282214284e+05 -5.847600012947287240e+01 1.999000888767954893e+06 6.065178776391199200e+16 0.000000000000000000e+00
-5.489101391744278371e+05 -3.971467714421098805e+01 5.691517875460242853e+06 5.904835796638016000e+16 0.000000000000000000e+00
-4.037664884515292943e+05 -4.792730599723478946e+01 1.509241676589727402e+06 3.670818708397653120e+17 0.000000000000000000e+00
-4.230425820308513939e+05 -4.855439534019927805e+01 1.521956784401357872e+06 3.583493118296855040e+17 0.000000000000000000e+00
-2.256687439597547054e+05 -5.416859286429418319e+01 1.288310435603826540e+06 3.500732002418222080e+17 0.000000000000000000e+00
-5.042172250748686492e+05 -6.129220733140601141e+01 1.215025223768183496e+06 3.228901510644393472e+18 0.000000000000000000e+00
-2.504487777015529573e+05 -5.907655720796879706e+01 8.155057267626619432e+05 3.162832530537851392e+18 0.000000000000000000e+00
-1.709929472202435136e+05 -5.675719159411906389e+01 1.014462227446722100e+06 3.268641976900390400e+17 0.000000000000000000e+00
-1.447459682649858296e+05 -5.609710861031631879e+01 7.151081963197471341e+05 3.024519379499979264e+18 0.000000000000000000e+00
-1.300313423412851989e+05 -6.004326889009524848e+01 5.778184614684636472e+05 2.959066197890537472e+18 0.000000000000000000e+00
-1.422394902964718640e+05 -5.869380736527660503e+01 5.681234211010492872e+05 3.059842883285816960e+17 0.000000000000000000e+00
-3.813901659346744418e+05 -6.727081164269274893e+01 3.311062878212529235e+06 4.665453511738121600e+16 0.000000000000000000e+00
-1.889855178713686764e+05 -4.449235170590765165e+01 1.219911011388550512e+06 4.571224337522351200e+16 0.000000000000000000e+00
-1.496682596426941454e+05 -4.027897783453990854e+01 6.511882701851549791e+05 2.877305091266877760e+17 0.000000000000000000e+00
-8.323573440622910857e+04 -5.730497169960699466e+01 2.396003738423523901e+05 2.822550566865613760e+17 0.000000000000000000e+00
-7.166999317811056972e+04 -5.856402353539343864e+01 3.908014413133593043e+05 2.614159701983197184e+18 0.000000000000000000e+00
-5.909661164043098688e+04 -5.865517871658367000e+01 3.738515404955227277e+05 2.718340493039048960e+17 0.000000000000000000e+00
-4.307124376594647765e+04 -3.849750850798826463e+01 4.855945066022505634e+05 2.668189733445460480e+17 0.000000000000000000e+00
-3.274439200346544385e+04 -5.868028937292805125e+01 1.565722565631150792e+05 2.619164505080645440e+17 0.000000000000000000e+00
-6.000570702369138598e+04 -6.133763462183085124e+01 2.858487114161595237e+05 2.424890915346303488e+18 0.000000000000000000e+00
-6.814139790888503194e+04 -5.599681493182030323e+01 2.396190634096669382e+05 2.527265297529730880e+17 0.000000000000000000e+00
-9.339551635400578380e+04 -6.433243574664774656e+01 2.749856083610378555e+05 2.340553041806247424e+18 0.000000000000000000e+00
-1.161099560330472887e+05 -6.624040898143739753e+01 2.936871948811270413e+05 2.301328655971872512e+18 0.000000000000000000e+00
-2.387442349532619119e+04 -5.014963009197224864e+01 1.844182466876985272e+05 2.404944590224735680e+17 0.000000000000000000e+00
-6.680804193912446499e+04 -3.367541617505737150e+01 4.786593399593931390e+05 2.365294899042379840e+17 0.000000000000000000e+00
-4.147345451590791345e+04 -5.531012416384159991e+01 3.131044693553855759e+05 2.327345859054594560e+17 0.000000000000000000e+00
-3.649536908838152885e+04 -5.757872793421984881e+01 1.460065154290502542e+05 2.290400014967893120e+17 0.000000000000000000e+00
-2.945125354398041964e+03 -6.349625772870474094e+01 1.252278525637450512e+05 2.255130165883178880e+17 0.000000000000000000e+00
-5.884052914189547300e+04 -6.632695620936704017e+01 2.205863017055082018e+05 2.219930902720237440e+17 0.000000000000000000e+00
-1.590244541376456618e+04 -5.176177246982561542e+01 1.595166292559212889e+05 2.187440215133434560e+17 0.000000000000000000e+00
-1.070559205647930503e+04 -6.336625047512327313e+01 2.096650978876245499e+05 2.154482924046899520e+17 0.000000000000000000e+00
-6.022330547970160842e+04 -4.916447115848213656e+01 4.966830743657384883e+05 2.122407470468548160e+17 0.000000000000000000e+00
-3.210728628545999527e+04 -4.675839842965059745e+01 2.243238228205183404e+05 2.091651393672873920e+17 0.000000000000000000e+00
1.465981683334708214e+04 -4.829335873978746463e+01 3.847608676132695400e+05 1.936930521172333824e+18 0.000000000000000000e+00
-3.375591590581461787e+04 -5.489751715829214618e+01 2.083764350323274848e+05 1.909278958651823360e+18 0.000000000000000000e+00
-2.115337494367733598e+04 -5.962004295064977555e+01 9.897474999290589767e+04 2.004206225703798080e+17 0.000000000000000000e+00
-5.164483532907068729e+04 -6.082203524078188650e+01 1.845770716630152601e+05 1.976791225689100800e+17 0.000000000000000000e+00
-3.510646579856798053e+04 -6.136744408536983286e+01 2.178623139408621064e+05 1.831104218934844416e+18 0.000000000000000000e+00
-1.915988173423521221e+04 -5.134665170447426163e+01 1.504671347326112445e+05 1.924862236837422720e+17 0.000000000000000000e+00
-1.662993207254074514e+04 -5.604544487594598223e+01 1.248695498755233421e+05 1.899431702883670080e+17 0.000000000000000000e+00
-2.396552144968882203e+04 -5.765383284243050355e+01 1.190119597921991372e+05 1.874662126784262080e+17 0.000000000000000000e+00
-3.077620259942859411e+04 -5.141003739887789692e+01 2.619533201437327371e+05 1.850732494155365120e+17 0.000000000000000000e+00
-1.061568328017182648e+04 -6.851396035566396847e+01 1.174592468989670597e+05 1.827308946972722240e+17 0.000000000000000000e+00
-2.538827565136738122e+04 -6.036106823858218462e+01 1.162166908315141773e+05 1.804274020822287040e+17 0.000000000000000000e+00
-1.069067341439984739e+04 -4.761868975403248072e+01 1.179392786106791173e+05 1.782198200537599040e+17 0.000000000000000000e+00
-4.472455942946858704e+04 -6.922867552257972079e+01 1.266498319864422374e+05 1.760284379037322240e+17 0.000000000000000000e+00
-1.487193326174654067e+04 -5.912634016977930429e+01 1.315785406112459314e+05 1.740091365376107200e+17 0.000000000000000000e+00
-2.917954106442630291e+02 -5.912719629631928342e+01 1.497799616257767484e+05 1.719270954211716480e+17 0.000000000000000000e+00
-8.658688488217070699e+03 -3.538460562411084709e+01 3.020785945571925258e+05 1.698816861326846400e+17 0.000000000000000000e+00
1.898387855801731348e+03 -4.702853304597965689e+01 1.482659863796714053e+05 1.678858159697710720e+17 0.000000000000000000e+00
2.895826117197051644e+03 -5.212231335523481590e+01 1.006414895299628697e+05 1.659351357321850240e+17 0.000000000000000000e+00
-5.113982507064938545e+02 -4.348201810410766655e+01 1.273149019223532523e+05 1.640298772513892160e+17 0.000000000000000000e+00
-3.637214919911697507e+03 -5.514669818001404877e+01 1.066010102100367221e+05 1.621670323240082240e+17 0.000000000000000000e+00
-2.146901070944033563e+04 -5.740431938160020309e+01 2.696894741049787845e+05 1.603467619562607680e+17 0.000000000000000000e+00
-2.091225420209579170e+04 -4.980200126167675023e+01 1.050593008875391679e+05 1.585756316895221760e+17 0.000000000000000000e+00
-1.501529114929959178e+03 -6.469188958935552591e+01 1.114305860778763163e+05 1.568611989099456000e+17 0.000000000000000000e+00
-1.634027602292597294e+04 -5.791402233350971329e+01 8.246784345955718891e+04 1.551573025365248960e+17 0.000000000000000000e+00
-1.398542432575300336e+04 -5.986387704411281163e+01 7.566015813255186367e+04 1.535096371244802880e+17 0.000000000000000000e+00
-3.536825001363828778e+04 -4.733411175475472277e+01 5.553274445209624246e+05 1.518924981682232960e+17 0.000000000000000000e+00
-2.619824487995505333e+05 -3.112064047165170066e+01 2.231848148489529267e+06 2.348020371367077200e+16 0.000000000000000000e+00
-9.360009984759613872e+03 -4.963566797279697340e+01 1.062603772950191633e+05 1.487428830233177280e+17 0.000000000000000000e+00
-4.125334207170084119e+04 -4.438169500166134895e+01 2.234150894604515925e+05 1.379598781294466816e+18 0.000000000000000000e+00
4.578409118095412850e+03 -5.174709764502307507e+01 2.153778795409038430e+05 1.457246286231656960e+17 0.000000000000000000e+00
-3.067892958458513021e+03 -4.885250631031238555e+01 1.170048726118402847e+05 1.442539463371331840e+17 0.000000000000000000e+00
-3.646654330022633076e+03 -6.311853239002966376e+01 1.727870798805482045e+05 1.428125964917248480e+17 0.000000000000000000e+00
-1.698999054588656873e+05 -1.995569405266574847e+01 9.877513003401446622e+05 1.413997483689933920e+17 0.000000000000000000e+00
-1.274990087609924376e+04 -6.552684303548245737e+01 1.998997395540876023e+05 1.400560713850575200e+17 0.000000000000000000e+00
-9.800620639864355326e+03 -5.677902184913364891e+01 1.073830479679075070e+05 1.387010921356354400e+17 0.000000000000000000e+00
-1.548011108087375760e+03 -5.692095964116077766e+01 6.909516041513733217e+04 1.373728102308145600e+17 0.000000000000000000e+00
-2.694006108349189162e+03 -4.355693258432075510e+01 8.481233486092614476e+04 1.360653335707462720e+17 0.000000000000000000e+00
-9.349284107211977243e+03 -5.005821711453724276e+01 8.964887007131549763e+04 1.347827236087955200e+17 0.000000000000000000e+00
-1.415745765833556652e+04 -5.258178974478838086e+01 1.516587576120970480e+05 1.251038016829710080e+18 0.000000000000000000e+00
-2.856173982763662934e+03 -5.913337816621042720e+01 9.027240883939040941e+04 1.322990734910366400e+17 0.000000000000000000e+00
-2.657181763513013721e+03 -5.738899355788979761e+01 4.817245206793377292e+04 1.310863839807960160e+17 0.000000000000000000e+00
-2.513535416990332305e+04 -6.980185528280472340e+01 8.514822356124650105e+04 1.298957730679080960e+17 0.000000000000000000e+00
-9.067887020498514175e+03 -6.018360090491133008e+01 6.928274353804608108e+04 1.287623580750936800e+17 0.000000000000000000e+00
-1.237306005226075649e+04 -3.212428189464770156e+01 2.544213972633436497e+05 1.276186744940881760e+17 0.000000000000000000e+00
-1.925653996549732983e+04 -4.101235202688086190e+01 1.426742267572489509e+05 1.264917915381869120e+17 0.000000000000000000e+00
-5.058423976959660649e+03 -6.154238073536536291e+01 6.261228749423695263e+04 1.253952213998411680e+17 0.000000000000000000e+00
6.858616927778348327e+03 -4.728800581885199250e+01 9.591125502449873602e+04 1.243069529237873120e+17 0.000000000000000000e+00
-4.061242958880960941e+03 -4.197284293810094624e+01 1.413332895905432815e+05 1.232381965007252960e+17 0.000000000000000000e+00
-3.717057224746793509e+04 -7.764165350845067337e+01 1.442448737984909676e+05 1.221858992470075840e+17 0.000000000000000000e+00
-2.967315290235169232e+04 -5.436453121533077137e+01 1.065307656988212548e+05 1.134660437554507008e+18 0.000000000000000000e+00
-7.103540183538571000e+03 -6.275944823162035391e+01 8.680206176787512959e+04 1.201776809090093760e+17 0.000000000000000000e+00
-2.518880884414538741e+03 -6.147414234376498854e+01 6.466219981284994719e+04 1.191792573917272480e+17 0.000000000000000000e+00
-6.269525444006547332e+03 -3.309897585578946888e+01 1.152020856474325265e+05 1.181951204223479200e+17 0.000000000000000000e+00
-3.817346118900924921e+03 -5.747015410291611204e+01 5.233104093545550131e+04 1.172280414353891840e+17 0.000000000000000000e+00
-1.065705005296133459e+04 -5.433035401994301594e+01 5.623686288236703695e+04 1.162763350953955360e+17 0.000000000000000000e+00
2.052518390152417123e+04 -4.181025883760083417e+01 1.076233274722706119e+05 1.153462903584433920e+17 0.000000000000000000e+00
-1.350985105366632342e+04 -6.845993941509330227e+01 1.228673478425937501e+05 1.792050514095839400e+16 0.000000000000000000e+00
-1.147919138422235847e+03 -5.292971125445320979e+01 8.028013976327796991e+04 1.135467677868792480e+17 0.000000000000000000e+00
-5.642726877052336931e+04 -4.366500624517123441e+01 1.663629060593052127e+05 1.054557023573184000e+18 0.000000000000000000e+00
-2.620283247352205217e+04 -7.389715456198095467e+01 7.426739060942814103e+04 1.117755816302384160e+17 0.000000000000000000e+00
6.423522823899984360e+02 -4.211556944629863608e+01 7.120612186245349585e+04 1.109446293606855360e+17 0.000000000000000000e+00
-1.036395030876621604e+03 -6.471414464816287193e+01 1.213754466220216564e+05 1.100916091931045440e+17 0.000000000000000000e+00
-1.240991952746920288e+04 -5.681502507268240265e+01 3.990949664643574943e+04 1.092516027975370240e+17 0.000000000000000000e+00
5.002065110227093101e+03 -5.242636676319921207e+01 9.463870130769840034e+04 1.084343105203673760e+17 0.000000000000000000e+00
-3.067931270225718617e+04 -4.924649018485160212e+01 2.353604707680277352e+05 1.686777778059125200e+16 0.000000000000000000e+00
1.352678588649258018e+03 -5.776039415902442897e+01 7.264800130182503199e+04 1.068419937487718560e+17 0.000000000000000000e+00
-4.799413331333547831e+03 -5.443380784406510031e+01 1.297535698985222843e+05 1.060510144355565440e+17 0.000000000000000000e+00
-4.901613208001479506e+03 -4.549337895168780932e+01 6.611112769483683223e+04 1.052722541948340000e+17 0.000000000000000000e+00
-1.124967955033667386e+04 -4.694598104290579244e+01 9.261595130081546085e+04 1.045052943430079520e+17 0.000000000000000000e+00
-1.038693540399018675e+05 -2.556960451459473305e+01 8.580319320434653200e+05 1.626156845633664400e+16 0.000000000000000000e+00
-3.067982412915676832e+03 -4.843728836471920829e+01 5.269296244859295257e+04 1.030190099588425120e+17 0.000000000000000000e+00
-2.665895308008417487e+03 -7.411403370987886774e+01 1.099178396158304968e+05 1.022839299879448480e+17 0.000000000000000000e+00
-2.450061292448453605e+04 -6.175188840646737987e+01 1.032985974091088865e+05 1.591911164988239000e+16 0.000000000000000000e+00
-6.332657310442999005e+03 -6.599115529230098787e+01 5.511902498005782400e+04 1.008441925695648160e+17 0.000000000000000000e+00
-8.346820549085736275e+03 -5.869639347068687130e+01 1.237847932368119073e+05 1.001412731214884000e+17 0.000000000000000000e+00
2.440568234225735068e+03 -6.373664572025487729e+01 6.298688846873681905e+04 9.944805405467539200e+16 0.000000000000000000e+00
-3.458984838306158781e+04 -3.376740776197802774e+01 2.231121956448115525e+05 1.548730958677828400e+16 0.000000000000000000e+00
3.151850113492459059e+03 -6.091056155265492578e+01 4.299335530680995726e+04 9.808686732588534400e+16 0.000000000000000000e+00
-2.992104461436718702e+04 -3.364988561725514415e+01 1.838068594376154942e+05 1.527972350227529800e+16 0.000000000000000000e+00
-2.709614538864698261e+04 -6.010705688148810566e+01 8.270628278856880206e+04 9.676909070933828800e+16 0.000000000000000000e+00
7.662461918746121228e+03 -5.733351752082590025e+01 4.517196181803222862e+04 9.614898421761884800e+16 0.000000000000000000e+00
3.632531638727523386e+03 -4.475186931976966065e+01 5.553440872466368455e+04 9.551153371202865600e+16 0.000000000000000000e+00
-9.406084440943785012e+03 -3.558534495233385542e+01 7.937038192888471531e+04 9.487994556582961600e+16 0.000000000000000000e+00
-7.382270206987857819e+03 -5.996711436305968590e+01 8.682305981528155098e+04 1.478259470723563200e+16 0.000000000000000000e+00
-4.576969167686067522e+03 -4.418318555553627647e+01 6.433929178911913186e+04 9.364564145753017600e+16 0.000000000000000000e+00
-6.165760347132571042e+03 -4.847126015569091351e+01 7.609376908573407854e+04 9.303871514981235200e+16 0.000000000000000000e+00
-4.311011249654926360e+03 -6.693588022447606534e+01 5.499995332631160272e+04 9.244018753277628800e+16 0.000000000000000000e+00
3.920529870493337512e+02 -6.547842729611159029e+01 5.438309699429009197e+04 9.184867821883673600e+16 0.000000000000000000e+00
-2.995230836037546396e+03 -5.160996449976025957e+01 6.546091153276223486e+04 9.126386839684438400e+16 0.000000000000000000e+00
-2.363343645908124745e+04 -5.095603109795892038e+01 1.713117585788317665e+05 1.422612622813257000e+16 0.000000000000000000e+00
-8.559423181742429733e+03 -3.835155045575724131e+01 9.611274776211818971e+04 9.011885258535992000e+16 0.000000000000000000e+00
-3.775217988610267639e+03 -5.655343384892562852e+01 3.740927195287259383e+04 8.955807395129619200e+16 0.000000000000000000e+00
-1.206703357116878033e+04 -4.749059171428330473e+01 1.545086451910609321e+05 1.396343214814338600e+16 0.000000000000000000e+00
-3.991466308359988034e+03 -3.693035338738742723e+01 1.496851921748788154e+05 8.846044895401012800e+16 0.000000000000000000e+00
6.069895037115551531e+03 -5.417989236638548789e+01 5.997185802687797695e+04 8.791821165085105600e+16 0.000000000000000000e+00
-3.361104688119422644e+04 -4.397556054637107792e+01 1.266650764537284267e+05 8.738394456351638400e+16 0.000000000000000000e+00
-5.833310026587918401e+03 -4.399209815608311658e+01 6.345649827915921196e+04 8.687873760178964800e+16 0.000000000000000000e+00
-6.511661344047915190e+04 -3.336497665958020775e+01 3.863953187869254616e+05 1.354483780975295000e+16 0.000000000000000000e+00
-1.561753117075189948e+04 -4.952094018687312627e+01 6.071341781272174558e+04 8.584337579008208000e+16 0.000000000000000000e+00
-5.690462144624441862e+03 -4.536498911451266736e+01 5.835607310265451815e+04 8.534273733063318400e+16 0.000000000000000000e+00
7.807427720387466252e+03 -4.598012025529280322e+01 6.709174245879730734e+04 8.483923069973486400e+16 0.000000000000000000e+00
-1.678655063817277551e+03 -5.977799231405629143e+01 4.186446298038920941e+04 8.434272087561579200e+16 0.000000000000000000e+00
-5.616782782322727144e+03 -6.375571883567501885e+01 7.045343907917279284e+04 8.384977926086529600e+16 0.000000000000000000e+00
4.258922268987633288e+03 -4.994933920604085387e+01 4.529520334823268058e+04 8.336358132481091200e+16 0.000000000000000000e+00
-9.005464017451740801e+03 -5.185934734331316776e+01 6.586173936161234451e+04 1.300094649921422000e+16 0.000000000000000000e+00
-5.908498087608721107e+04 -2.725770599173840480e+01 2.189416264558701660e+05 8.241122539187403200e+16 0.000000000000000000e+00
-1.159098455845378339e+03 -6.096061153530168752e+01 5.440109248962833226e+04 1.285384815108118000e+16 0.000000000000000000e+00
-2.876203813198953867e+02 -4.745553319689697958e+01 6.665270114225635189e+04 1.278102316003175600e+16 0.000000000000000000e+00
-2.382798706258833408e+04 -3.660945795595179675e+01 1.665969409646460263e+05 1.270899713510214000e+16 0.000000000000000000e+00
-6.444598048015497625e+03 -6.837397080925336468e+01 6.836831929916917579e+04 1.263909377650256200e+16 0.000000000000000000e+00
-1.236700902224145830e+04 -6.036371594299389187e+01 5.454643648656681762e+04 8.015150797803404800e+16 0.000000000000000000e+00
-1.129510611732397228e+04 -6.964681969781983639e+01 6.032212453469728644e+04 7.971244472009577600e+16 0.000000000000000000e+00
-6.827054150178097188e+03 -4.914193315080380131e+01 7.702206336556181486e+04 1.243073979598592200e+16 0.000000000000000000e+00
-1.164560680543351918e+04 -5.766273359722431024e+01 6.620841558301748591e+04 1.236307602967857600e+16 0.000000000000000000e+00
-1.568490046492405236e+04 -5.522592781946788421e+01 7.321853823953852407e+04 7.841250848448024000e+16 0.000000000000000000e+00
-2.503695178315974772e+03 -5.112200869028302463e+01 3.161107743878748806e+04 7.799436807103761600e+16 0.000000000000000000e+00
-3.174579318563081324e+04 -7.045711467229270397e+01 1.311082365306793363e+05 1.216491466617332600e+16 0.000000000000000000e+00
-4.144225274144671857e+03 -4.532878392682739133e+01 4.758827163485787605e+04 7.715787073502608000e+16 0.000000000000000000e+00
-8.847050398324616253e+03 -6.154589589177104614e+01 3.750890601110635180e+04 1.203896588683948200e+16 0.000000000000000000e+00
-5.162609764615073800e+03 -6.035710302732005772e+01 2.903640922429603233e+04 7.634008923088822400e+16 0.000000000000000000e+00
-1.272353511329647154e+04 -7.418218282272830777e+01 7.232757619641703786e+04 7.593751197631942400e+16 0.000000000000000000e+00
-9.561337120442651212e+03 -4.232717921531778416e+01 4.280646631142661499e+04 1.185138480472814400e+16 0.000000000000000000e+00
-7.210082924010232091e+03 -5.487887719610588988e+01 3.442396390057728422e+04 1.179132484614890400e+16 0.000000000000000000e+00
-1.518156744584441185e+04 -4.965024522545172658e+01 1.264145521345674351e+05 1.173138970036277800e+16 0.000000000000000000e+00
-6.888357839502394199e+03 -5.297187648377684610e+01 6.116785909098198317e+04 1.167157819800555400e+16 0.000000000000000000e+00
-1.913299813343305141e+04 -4.358136098884404674e+01 1.540405114724824962e+05 1.161216682461098200e+16 0.000000000000000000e+00
-4.745568489905446768e+03 -4.024649260081942970e+01 6.694548127753108565e+04 7.360774588420403200e+16 0.000000000000000000e+00
-3.212374298013746738e+03 -5.345280626966351889e+01 4.601885715509419970e+04 1.149491347422559400e+16 0.000000000000000000e+00
-8.673803018788807094e+03 -4.525753962211003056e+01 7.219625468888421892e+04 1.143687446323182000e+16 0.000000000000000000e+00
-5.772065394694916904e+03 -4.408889574782289600e+01 5.318246222295436746e+04 7.249847366239043200e+16 0.000000000000000000e+00
-3.997290255738422275e+03 -3.910769281388665775e+01 5.903882831189528952e+04 7.213544805634808000e+16 0.000000000000000000e+00
-1.004241097729187459e+04 -3.693839176182778772e+01 5.793624328023690759e+04 7.177539723660353600e+16 0.000000000000000000e+00
-2.613834230413660407e+03 -5.157884849618582734e+01 7.066578509711773950e+04 7.142177015129116800e+16 0.000000000000000000e+00
-1.836233540394343436e+03 -5.504345420005468270e+01 3.625253791413539147e+04 1.115557318864072000e+16 0.000000000000000000e+00
1.822254593996331096e+03 -5.277270993109810604e+01 2.763040384867206376e+04 1.110082827008331200e+16 0.000000000000000000e+00
-1.003093021621927619e+03 -5.291080952111241231e+01 3.133088449392033363e+04 1.104662984110779200e+16 0.000000000000000000e+00
-2.448326035317964852e+03 -5.026151849814414163e+01 6.543249398841489165e+04 1.099288298121252800e+16 0.000000000000000000e+00
-3.204855212119407952e+03 -6.525519623429084959e+01 4.876289877968970541e+04 1.093969785566745800e+16 0.000000000000000000e+00
-1.453954564443975687e+04 -5.520977997421303485e+01 5.251107186361300410e+04 6.935988657692228000e+16 0.000000000000000000e+00
-7.183648246759548783e+03 -5.438236616354777908e+01 6.492786129357157188e+04 1.083492250738993400e+16 0.000000000000000000e+00
-3.189353830632753670e+03 -4.972027425529464750e+01 3.879931292315543396e+04 6.870415375505212800e+16 0.000000000000000000e+00
-4.506507514050230384e+03 -5.374465288724049827e+01 7.245882236347305297e+04 1.073249085241357000e+16 0.000000000000000000e+00
-2.153378477153461426e+04 -4.059544961519483763e+01 1.265645334773693758e+05 6.805353804834820000e+16 0.000000000000000000e+00
-2.067215642044320703e+02 -5.206004444570268674e+01 3.654097420896970289e+04 6.773924956917825600e+16 0.000000000000000000e+00
-2.210602706512063742e+04 -3.866869536025181020e+01 3.423127283235123032e+05 1.058265654099131400e+16 0.000000000000000000e+00
-8.640050419224426150e+03 -5.444930183811305113e+01 3.497606958840393054e+04 6.710843839172184800e+16 0.000000000000000000e+00
-2.530743797384202480e+03 -6.010572185370430276e+01 3.993124191732038162e+04 6.679930096344688000e+16 0.000000000000000000e+00
-2.569363912387751043e+03 -5.320570118180573616e+01 4.409890686440015270e+04 6.649035242700726400e+16 0.000000000000000000e+00
-5.928415233520790935e+03 -6.332565365830959081e+01 3.065675974388462055e+04 1.038829154159613200e+16 0.000000000000000000e+00
-1.208714405942708254e+03 -5.754895079248743883e+01 4.091387228745080211e+04 1.034157898080563600e+16 0.000000000000000000e+00
-2.595231396219693124e+03 -4.749005607241512195e+01 3.532271106095504365e+04 1.029447386720243800e+16 0.000000000000000000e+00
-3.008047956117428839e+03 -5.934527824016590358e+01 2.233501469094833374e+04 6.528382499736853600e+16 0.000000000000000000e+00
-2.753752837785519660e+03 -6.352880840441505939e+01 4.086019022304660757e+04 1.020166474546513000e+16 0.000000000000000000e+00
-8.466873786244541407e+02 -6.472076178611962405e+01 3.381264521624500776e+04 6.469646707604003200e+16 0.000000000000000000e+00
-1.119108836822025478e+04 -3.791827023097194171e+01 5.964330862286240153e+04 1.011061936573929200e+16 0.000000000000000000e+00
-7.469671326992101967e+03 -3.791452398823900438e+01 5.639276387724214146e+04 1.006674907319928400e+16 0.000000000000000000e+00
6.455348816625773907e+02 -5.593303043571044242e+01 2.513779173891865139e+04 1.002265151050516400e+16 0.000000000000000000e+00
-6.025094447256065905e+03 -4.557654002555186423e+01 6.267236905405892321e+04 9.978403075613902000e+15 0.000000000000000000e+00
5.896957713834941387e+03 -4.670552293050103287e+01 4.884518987292387465e+04 9.934833349148758000e+15 0.000000000000000000e+00
-1.430671292711049318e+03 -6.113159036079981945e+01 2.393159608310184922e+04 9.891803861184044000e+15 0.000000000000000000e+00
-3.604792469401843846e+03 -5.529222307886173837e+01 2.233141595813020103e+04 9.848735475574252000e+15 0.000000000000000000e+00
-8.681793464119546115e+03 -4.741699327600871783e+01 3.679670469323238649e+04 6.247143521573784000e+16 0.000000000000000000e+00
-5.502055503832176328e+03 -5.248553947367087602e+01 3.771908050782033388e+04 9.764080641443900000e+15 0.000000000000000000e+00
4.717919026261195540e+03 -5.669696551870529788e+01 2.249374926146223879e+04 6.193637661819129600e+16 0.000000000000000000e+00
-8.233267538803629577e+03 -4.189576669070970638e+01 4.764776105816492782e+04 9.681065565117566000e+15 0.000000000000000000e+00
-7.227492734764702618e+03 -4.791448961524873340e+01 4.906281942982674809e+04 9.640608859432228000e+15 0.000000000000000000e+00
-7.561190710126422346e+03 -4.214659419955648900e+01 5.538343101128505077e+04 9.600262136332638000e+15 0.000000000000000000e+00
-2.822523692484945059e+03 -3.858223935927463799e+01 3.785012056063790078e+04 9.560215527558236000e+15 0.000000000000000000e+00
-9.953705654344521463e+03 -6.951643651270539692e+01 5.067353178240139823e+04 9.520070295446616000e+15 0.000000000000000000e+00
-4.498392566042952240e+03 -6.672362050511661380e+01 3.403465648758540920e+04 6.037911100907321600e+16 0.000000000000000000e+00
4.071511518483050168e+03 -4.894068259892908657e+01 3.041479594828789777e+04 9.441692255543432000e+15 0.000000000000000000e+00
-1.844030879739671946e+03 -5.297736537321130612e+01 3.471331010193703696e+04 5.987843673667732000e+16 0.000000000000000000e+00
-5.203951303129084408e+03 -4.953567987419427254e+01 4.262662901209768461e+04 9.363887328366426000e+15 0.000000000000000000e+00
-2.119472632683813572e+03 -4.617593059967020253e+01 5.324578182864555856e+04 9.325637891884086000e+15 0.000000000000000000e+00
-5.719766396936960518e+03 -5.016551342194159702e+01 5.280523445714774425e+04 5.914170145737319200e+16 0.000000000000000000e+00
-2.025519426682032645e+03 -4.746594394865412880e+01 3.871068606246208219e+04 9.249496309956638000e+15 0.000000000000000000e+00
-6.794686231031082571e+03 -4.663223781275715396e+01 6.403207938044937328e+04 9.211869256165938000e+15 0.000000000000000000e+00
3.486622835341840982e+03 -5.416967640363657921e+01 3.482534602846040798e+04 9.174845180849574000e+15 0.000000000000000000e+00
-7.367103916837833822e+03 -4.328613642936238648e+01 3.767531806233691896e+04 9.137971870304664000e+15 0.000000000000000000e+00
-4.467111032977700233e+02 -7.418670483253312398e+01 8.969036981426805141e+04 9.102033603303128000e+15 0.000000000000000000e+00
3.331869683409109712e+03 -5.953527610237149759e+01 3.575919954195831087e+04 5.773435906882726400e+16 0.000000000000000000e+00
-5.478121517056599259e+03 -5.466260156816076687e+01 2.834302721667853257e+04 5.750384639645228000e+16 0.000000000000000000e+00
-1.720492158154305071e+04 -3.693898783555552257e+01 2.590041306509278947e+05 8.993505341813946000e+15 0.000000000000000000e+00
6.774335345429368317e+03 -4.913616283732389434e+01 3.608835366306155629e+04 8.958057318967751000e+15 0.000000000000000000e+00
-6.062799243024550378e+03 -4.557886003389219809e+01 4.607181307702559570e+04 8.923411637652752000e+15 0.000000000000000000e+00
-8.084816666848026216e+03 -5.742831805888911845e+01 2.521405143514143128e+04 5.662166642627118400e+16 0.000000000000000000e+00
-8.278644249902106822e+03 -4.434465943358459583e+01 3.210361355477682082e+04 5.640195053022134400e+16 0.000000000000000000e+00
-6.887220090534538031e+02 -4.230080227315075803e+01 3.101807591608316943e+04 8.819969463985442000e+15 0.000000000000000000e+00
6.247377661133185029e+03 -5.550567933672171250e+01 2.276585329630755223e+04 8.785718675646810000e+15 0.000000000000000000e+00
6.367924489255063236e+03 -6.531435744493518314e+01 3.861768276844616048e+04 8.752683551988608000e+15 0.000000000000000000e+00
-3.623385226769372821e+03 -5.051523384603592604e+01 2.025620077982031580e+04 8.719534707097008000e+15 0.000000000000000000e+00
-2.876682031691074371e+03 -4.386875558304605249e+01 4.290044042529659782e+04 8.686401487512323000e+15 0.000000000000000000e+00
-5.856933183789253235e+03 -5.129821784773434956e+01 2.361408918920168071e+04 5.511691122882795200e+16 0.000000000000000000e+00
1.807894205371849239e+03 -6.102086552372278305e+01 1.890901442427073926e+04 8.620319175610147000e+15 0.000000000000000000e+00
-2.259956422985531390e+03 -5.433795658411839469e+01 3.325377664717403241e+04 8.587695402798706000e+15 0.000000000000000000e+00
4.785289061456918716e+03 -5.932218079753832285e+01 3.999786735073835735e+04 8.555304220159091000e+15 0.000000000000000000e+00
-5.439812239261344075e+03 -6.878573726098525754e+01 7.358886031725132489e+04 8.523382270722909000e+15 0.000000000000000000e+00
-9.644835825550369918e+03 -3.654807094269485646e+01 6.019979597811310668e+04 8.491555551985125000e+15 0.000000000000000000e+00
-7.525984399684704840e+03 -4.138199221961228602e+01 5.165068462713050394e+04 8.460471260580401000e+15 0.000000000000000000e+00
-2.223459962598979473e+03 -5.777691759882957001e+01 2.882540083425890043e+04 8.429435728394568000e+15 0.000000000000000000e+00
-8.542453444477170706e+03 -5.229829816614764582e+01 3.899458774830411858e+04 5.349016174158156800e+16 0.000000000000000000e+00
2.487216779412701726e+02 -5.112064934488794421e+01 6.791624701203961740e+04 8.367200922151694000e+15 0.000000000000000000e+00
-9.623282760339789093e+03 -7.165700713649054876e+01 4.617163462293400517e+04 8.336376690935039000e+15 0.000000000000000000e+00
-2.971969033913686872e+03 -6.456448694193994697e+01 3.084470887128026516e+04 8.306756934707158000e+15 0.000000000000000000e+00
-1.749452295845374465e+03 -4.596076145811704805e+01 3.457654429562600853e+04 8.276514682179562000e+15 0.000000000000000000e+00
6.095305712735280395e+02 -4.950247137878248083e+01 2.710969368618503358e+04 8.246399818626571000e+15 0.000000000000000000e+00
6.351076692384667695e+03 -5.733619145417858221e+01 3.149140211597422604e+04 8.216466981093763000e+15 0.000000000000000000e+00
1.866436736547388136e+03 -5.525195882627043886e+01 1.720557202761775625e+04 8.187409782871107000e+15 0.000000000000000000e+00
-2.866795485928654671e+03 -5.042087956232415280e+01 6.824509991859950242e+04 8.158000056748266000e+15 0.000000000000000000e+00
-1.088666093694977462e+03 -4.527588874071935265e+01 3.703134981423425779e+04 8.128742980023930000e+15 0.000000000000000000e+00
-5.330935382144525647e+02 -5.741482573501048137e+01 2.599047736818236081e+04 8.099669764316802000e+15 0.000000000000000000e+00
3.019229111435823143e+03 -5.019866161548344508e+01 2.453457739872300954e+04 8.070792889360361000e+15 0.000000000000000000e+00
-6.540626840451732278e+02 -4.943454968533345095e+01 3.174293618568414240e+04 8.042307155903040000e+15 0.000000000000000000e+00
-2.623063157093711197e+03 -5.041335734088582399e+01 2.231869543771820463e+04 8.013837611293159000e+15 0.000000000000000000e+00
-2.403448563626036048e+03 -5.586945199616044988e+01 1.674414142647145127e+04 7.985710078325736000e+15 0.000000000000000000e+00
-5.495888475493527949e+03 -3.836748273784845509e+01 3.642533104361602454e+04 7.957777972202317000e+15 0.000000000000000000e+00
8.342515331843867898e+03 -5.950626201095545298e+01 2.266067322411296482e+04 7.930273555011385000e+15 0.000000000000000000e+00
-3.788657905906438828e+03 -4.955025179893203813e+01 3.178434937926266139e+04 7.904102017387843000e+15 0.000000000000000000e+00
-1.817343518815003335e+03 -5.739264638125484197e+01 5.180098938543655822e+04 7.876819219414730000e+15 0.000000000000000000e+00
8.115367219746112823e+02 -4.591232527741702540e+01 4.284987559019574110e+04 7.849538619824836000e+15 0.000000000000000000e+00
1.375733751904219389e+03 -4.798310474269811010e+01 4.863529794706154644e+04 7.822427159283337000e+15 0.000000000000000000e+00
-1.082862025426141918e+04 -3.413611278730133591e+01 1.280023593425382569e+05 7.795510716751200000e+15 0.000000000000000000e+00
-1.995143986010923982e+03 -5.191629569450167736e+01 1.734291666682514551e+04 7.768939679323754000e+15 0.000000000000000000e+00
4.373044513519853354e+03 -5.656087464086454020e+01 1.850247812180217443e+04 7.742464487236110000e+15 0.000000000000000000e+00
3.786053078141994774e+03 -6.014928709723244538e+01 2.922048800376288273e+04 7.716542380494296000e+15 0.000000000000000000e+00
2.799798972582910210e+03 -5.503475450139868741e+01 1.684746963489658810e+04 7.690573513697076000e+15 0.000000000000000000e+00
2.508053989588283002e+03 -5.473625345095689454e+01 2.056722440582664422e+04 7.664746105214539000e+15 0.000000000000000000e+00
-2.476856183821335435e+03 -5.077864471825918002e+01 2.453488923348093886e+04 7.639024423976093000e+15 0.000000000000000000e+00
1.009909491872880608e+03 -5.861643149934565145e+01 1.761390299613755633e+04 7.613461302291126000e+15 0.000000000000000000e+00
-7.279119698768481612e+02 -5.132544685531401285e+01 2.203790240657033792e+04 7.587976895622985000e+15 0.000000000000000000e+00
4.206154482176527381e+03 -5.045745614519402977e+01 1.763424977767416931e+04 7.562644089434901000e+15 0.000000000000000000e+00
-2.158335025302600116e+03 -5.401151619934090320e+01 2.626237949782975920e+04 7.537908001633795000e+15 0.000000000000000000e+00
-6.066253559725824744e+03 -5.779543385257590415e+01 2.566928243493557966e+04 4.785594699148404000e+16 0.000000000000000000e+00
-4.502345455409493297e+03 -5.605083630826034380e+01 2.203943194613692685e+04 7.488390634397504000e+15 0.000000000000000000e+00
2.946798824896570295e+03 -5.251700032803960028e+01 2.599756385982999927e+04 7.464097741722679000e+15 0.000000000000000000e+00
-2.383108289664052427e+04 -6.212745694060916435e+01 1.910091456888954621e+06 4.941931951812679000e+15 0.000000000000000000e+00
-2.529405548885930330e+03 -4.612015640881458012e+01 2.748382173549764775e+04 7.415437579540076000e+15 0.000000000000000000e+00
1.012072723471093923e+03 -5.252882213498620700e+01 2.550308564029397166e+04 7.391336609890798000e+15 0.000000000000000000e+00
-5.202336875384114683e+04 -1.646342681428389554e+01 3.482845713359766174e+06 4.893796868357604000e+15 0.000000000000000000e+00
-2.583055680259782821e+04 -4.064213805668303792e+01 1.938827485621556174e+06 4.877959449093451000e+15 0.000000000000000000e+00
-2.334271749953785911e+04 -2.529601401660902837e+01 1.359363823336330475e+06 4.862224429812101000e+15 0.000000000000000000e+00
-1.236359934670571238e+04 -7.825263393531204770e+01 6.828379967088185949e+05 4.846590460089183000e+15 0.000000000000000000e+00
1.952669461831450462e+03 -5.633621612941153955e+01 2.758933859722456691e+04 7.291741433424812000e+15 0.000000000000000000e+00
-2.068803646150790155e+04 -4.717948558559616856e+01 1.919149899914545938e+06 4.815622134570223000e+15 0.000000000000000000e+00
-5.730843384940885007e+05 6.155767046526073649e+00 1.680435893745894544e+06 7.245282224728259000e+15 0.000000000000000000e+00
-6.962521526327636093e+04 -5.438501193160144709e+01 1.034316300690681965e+05 4.471114187020442240e+17 0.000000000000000000e+00
-2.051038845845405012e+04 -3.275310527606190192e+01 1.249734298759979429e+06 4.769904918579621000e+15 0.000000000000000000e+00
-3.548035523651847616e+05 2.076964284045782261e+00 6.113818792494463269e+05 7.179928915178055000e+15 0.000000000000000000e+00
8.359342326911166310e+03 -5.695211575358937495e+01 2.475873340985499453e+04 7.164991454831638000e+15 0.000000000000000000e+00
-2.446890785887483507e+05 -1.424994078531351960e+01 3.486611400639450876e+05 7.143697005698529000e+15 0.000000000000000000e+00
-5.580420258404687047e+04 -3.634173740414583165e+01 5.556729884113201115e+04 4.809060991812773600e+16 0.000000000000000000e+00
-5.455399708819109946e+04 -4.675927143288686949e+01 5.679943546824549412e+04 4.799955518730984000e+16 0.000000000000000000e+00
-5.659479694475419819e+03 -5.000726218390857269e+01 3.480966359978530090e+04 7.090924413211973000e+15 0.000000000000000000e+00
-3.351856864175666124e+04 -3.480407713591690566e+01 7.158600000854050450e+04 7.069308872926803000e+15 0.000000000000000000e+00
-9.468843663194216788e+03 -6.354666283577192587e+01 4.348054604498286062e+04 4.765151835098036000e+16 0.000000000000000000e+00
-6.965899456978216767e+04 -6.982890758031768996e+01 1.091690836693622696e+05 4.369036814676312960e+17 0.000000000000000000e+00
-8.561342203865293413e+03 -6.106609632601269055e+01 1.161199717537001474e+06 4.623590461356279000e+15 0.000000000000000000e+00
-1.852421560758119449e+04 -4.161850839930730217e+01 5.287037354510787554e+04 6.990387483640191000e+15 0.000000000000000000e+00
-6.253118356295861304e+03 -4.795869781707688162e+01 1.990146789124902352e+04 6.971097195161546000e+15 0.000000000000000000e+00
-2.774603450837545097e+03 -5.546370296616767348e+01 1.702262920848214344e+04 6.950627227158839000e+15 0.000000000000000000e+00
-1.873110439575230703e+04 -7.482223245791409738e+01 1.046200643049488193e+06 4.567547641865481000e+15 0.000000000000000000e+00
-5.748147309404332191e+03 -5.357841942186128392e+01 2.068083048587531084e+04 6.908726304114249000e+15 0.000000000000000000e+00
-8.398460191896650940e+03 -4.418377190558098278e+01 9.250492877269801684e+05 4.540033067795536000e+15 0.000000000000000000e+00
-1.009447789724776521e+04 -8.165499135639852568e+01 4.701465618520890712e+04 6.868423339847173000e+15 0.000000000000000000e+00
-3.260287751921871677e+04 -4.903738333914127878e+01 7.082630985873677128e+04 4.624400310590421600e+16 0.000000000000000000e+00
-1.341091100702229887e+05 -1.318446166806276354e+00 8.002947960253459401e+06 4.499376481049403000e+15 0.000000000000000000e+00
-2.224376568423723802e+04 -5.084194319318969235e+01 7.008449789044119825e+04 6.811159841745189000e+15 0.000000000000000000e+00
-6.147510531562473625e+04 -6.922940845998480697e+00 3.760001672789670061e+06 4.472674187851433000e+15 0.000000000000000000e+00
-1.035791507944092155e+04 -4.148956020192492389e+01 2.754826357037876733e+04 6.772821716669167000e+15 0.000000000000000000e+00
-2.114496816022461280e+04 -3.366398673992046753e+01 3.885102744690799591e+04 6.754298773436106000e+15 0.000000000000000000e+00
-2.953191747123282403e+04 -5.401295256313945004e+01 4.033210098712184117e+04 4.550847251472626400e+16 0.000000000000000000e+00
1.061996171360369772e+03 -5.622271789307353629e+01 2.077153640061521946e+04 6.718963092213568000e+15 0.000000000000000000e+00
-1.300302900092117488e+04 -4.507038762288592437e+01 3.686831759010465612e+04 6.699307342907387000e+15 0.000000000000000000e+00
2.108145237141288817e+03 -6.124486852002625881e+01 1.849285739057201135e+04 6.681379854835771000e+15 0.000000000000000000e+00
-1.039437724875705317e+04 -5.689461094294548360e+01 1.118759940802250523e+06 4.381661220247223000e+15 0.000000000000000000e+00
-5.998224963180255145e+03 -5.890409181371728664e+01 5.305679610222340561e+05 4.368961045782771500e+15 0.000000000000000000e+00
-1.445452305875997990e+04 -3.568341807682926259e+01 1.723870654485795880e+06 4.356334318910856000e+15 0.000000000000000000e+00
-7.875904555425047874e+03 -4.380256596094817922e+01 8.610173711541141383e+05 4.343780106412668500e+15 0.000000000000000000e+00
-2.311393751466646791e+03 -6.522865719310708243e+01 1.483983144530568097e+04 6.587523100400443000e+15 0.000000000000000000e+00
-1.745437923886766657e+04 -4.069845934707502266e+01 6.353709025315569306e+04 6.568724752111014000e+15 0.000000000000000000e+00
-1.037917607381194830e+04 -3.135531644332066037e+01 1.430541432550623082e+06 4.306548087471798000e+15 0.000000000000000000e+00
-1.221127261967724189e+04 -4.610033890776948340e+01 1.326282543823028915e+06 4.294278756705641500e+15 0.000000000000000000e+00
-5.397190358041785657e+03 -4.737445067456102521e+01 2.031367749801299942e+04 6.514557587204661000e+15 0.000000000000000000e+00
-1.025490318683907390e+03 -4.707072656594707638e+01 1.458702953427322973e+04 6.496570546693691000e+15 0.000000000000000000e+00
3.708834087586496025e+03 -5.589382757894225051e+01 1.713615181858402138e+04 6.478210538486685000e+15 0.000000000000000000e+00
-2.948992671811487526e+03 -5.808426433517362142e+01 2.180815817689780670e+04 6.460212272603890000e+15 0.000000000000000000e+00
-6.674179896760266274e+03 -7.734796465985135683e+01 6.236372383782732068e+05 4.233966457441950500e+15 0.000000000000000000e+00
2.242554077455308288e+03 -5.650907821585797564e+01 2.022977182628834271e+04 6.424127727885845000e+15 0.000000000000000000e+00
-3.327962493185652420e+04 -1.125870290577558919e+01 2.516610726520408876e+06 4.210313233682830500e+15 0.000000000000000000e+00
-6.678497064514551312e+03 -5.275154116879911470e+01 7.420908241676344769e+05 4.198585369388186500e+15 0.000000000000000000e+00
-3.093094839210808277e+04 -4.037912907916827265e+01 3.637796614304374816e+04 4.310038914668337600e+16 0.000000000000000000e+00
-1.699814287477172911e+03 -5.664076501303893707e+01 1.842259904542030927e+04 6.354034990496354000e+15 0.000000000000000000e+00
-8.743052320898044854e+03 -5.480752180214535230e+01 9.514754957016666885e+05 4.163790746442781000e+15 0.000000000000000000e+00
-8.251020029619336128e+03 -4.280266097567454153e+01 9.747615839032153599e+05 4.152320305418522000e+15 0.000000000000000000e+00
-5.342279052473604679e+02 -6.535764170390602601e+01 3.838474617832707008e+04 6.302587598474446000e+15 0.000000000000000000e+00
-1.303333938468713313e+03 -6.972189354292338237e+01 2.977811538385353197e+04 6.285296338847923000e+15 0.000000000000000000e+00
-1.155009339593537152e+04 -3.798490860255183321e+01 1.627922716024120105e+06 4.118285303905703500e+15 0.000000000000000000e+00
-7.391734849582426250e+02 -5.108169523693073444e+01 2.338113589769787723e+04 6.251011411941933000e+15 0.000000000000000000e+00
-1.862379115056246519e+02 -6.041066414637726467e+01 1.569542846581156482e+04 6.234007165037856000e+15 0.000000000000000000e+00
-1.279322050266899168e+03 -5.541499602990287343e+01 2.048475165996623036e+04 6.217088251852147000e+15 0.000000000000000000e+00
-1.362312890779506415e+04 -2.714052088749990332e+01 1.134889921014926862e+06 4.073763606092313000e+15 0.000000000000000000e+00
-8.637077962205745280e+03 -6.970039350285173896e+01 2.390810587943737119e+04 4.187932053195368000e+16 0.000000000000000000e+00
-4.675262316732667387e+03 -6.656167174221691596e+01 6.260141144447817933e+05 4.051861872066796500e+15 0.000000000000000000e+00
-4.878959600888192654e+02 -5.501009931634335715e+01 1.260622940677316910e+04 6.151620752166381000e+15 0.000000000000000000e+00
-5.417017714727204293e+03 -4.005832282963788771e+01 7.348563939369665459e+05 4.030194246973162500e+15 0.000000000000000000e+00
-1.753321029540151358e+03 -5.180421764870643386e+01 1.829109944067304605e+04 6.118775392759856000e+15 0.000000000000000000e+00
-4.400162076789420098e+03 -4.400827474662098382e+01 1.258143565416577439e+04 6.102528477921405000e+15 0.000000000000000000e+00
-7.568151273429393768e+03 -3.342232629900757956e+01 7.669350153197877808e+05 3.998123985350784500e+15 0.000000000000000000e+00
-3.528911131895612925e+03 -5.926247730636909239e+01 5.288145177798866061e+05 3.987546949389561000e+15 0.000000000000000000e+00
-3.788915822141617537e+04 -4.840058089730461433e+01 4.599015414928666723e+04 4.100582414829565600e+16 0.000000000000000000e+00
-7.506627498243004084e+03 -7.203467195786268462e+01 3.480386770878065727e+04 6.038787443743031000e+15 0.000000000000000000e+00
9.351143590189982206e+03 -5.780014299067244110e+01 1.751715402353188983e+04 6.023393450849128000e+15 0.000000000000000000e+00
-2.222624875486781821e+04 -4.579496878606218502e+01 2.697313094024705788e+04 4.070786711515298400e+16 0.000000000000000000e+00
6.153953077486716211e+03 -6.427123549756326781e+01 2.273739604611021423e+04 5.993461610630421000e+15 0.000000000000000000e+00
-1.155272422335529700e+04 -4.114803092514625149e+01 3.870252179332172091e+04 5.978365926238797000e+15 0.000000000000000000e+00
-1.813865148866781965e+04 -3.245827230471562785e+01 3.560603839714846981e+04 5.963789903633905000e+15 0.000000000000000000e+00
-5.250376035642344505e+03 -5.543318592248174781e+01 5.865510906633276027e+05 3.904904063548001500e+15 0.000000000000000000e+00
-5.794531902244780213e+03 -6.719498719037007106e+01 1.840058888743344141e+04 4.020424178856371200e+16 0.000000000000000000e+00
-5.552304995412845165e+04 -2.342008376356937305e+01 1.531995833687474951e+05 5.920631003251957000e+15 0.000000000000000000e+00
9.370578256370499730e+02 -7.133403889227612638e+01 3.236970173436159894e+04 5.907330075079455000e+15 0.000000000000000000e+00
-2.574895788890309632e+03 -4.316505785142906859e+01 1.500033837349062560e+04 5.892171458252186000e+15 0.000000000000000000e+00
-4.220699725853279233e+04 7.278746071326557932e+00 3.509683348029634915e+06 3.854969636348097500e+15 0.000000000000000000e+00
-5.935142579344101250e+03 -4.976969918807940729e+01 8.402828636337018106e+05 3.845135621408228000e+15 0.000000000000000000e+00
5.865134636643342674e+02 -6.363980495625132505e+01 1.237072265412930756e+04 5.847497435857553000e+15 0.000000000000000000e+00
-1.263288017971487716e+04 -2.723141345556499004e+01 2.401050667707352433e+06 3.825617266447339000e+15 0.000000000000000000e+00
-3.400814001624472439e+03 -6.223232920049907335e+01 4.044759493518741219e+05 3.815932254274316500e+15 0.000000000000000000e+00
-2.283900551606435329e+04 -1.094966493406811026e+01 3.648393947529615369e+06 3.806296188719810000e+15 0.000000000000000000e+00
4.243151655900292099e+02 -5.365984812354221845e+01 1.712126153041946600e+04 5.789578934869382000e+15 0.000000000000000000e+00
6.214933057784568518e+03 -5.817939453143684858e+01 2.273204591943745982e+04 5.775016307511256000e+15 0.000000000000000000e+00
-5.326978675888851285e+03 -3.419353610719530678e+01 6.979123510192921385e+05 3.777677649275313000e+15 0.000000000000000000e+00
-1.829379372124094516e+03 -6.140838053062104507e+01 1.328552174074932991e+05 3.768233474119306500e+15 0.000000000000000000e+00
-1.659356268677162006e+04 -3.784945456285531407e+01 4.808711622611220082e+04 5.732450228724643000e+15 0.000000000000000000e+00
1.478573012802749872e+03 -5.304349422062495023e+01 1.887972583457086876e+04 5.719521536289603000e+15 0.000000000000000000e+00
-2.299001052321400493e+03 -5.093891553346713863e+01 8.229604655822226050e+03 5.705344701889163000e+15 0.000000000000000000e+00
5.340261297766119242e+01 -6.113425566007889245e+01 1.130103702366929974e+04 5.691314811113450000e+15 0.000000000000000000e+00
-4.987335519862826914e+03 -5.476980428083350461e+01 7.440870492566450266e+05 3.721712300192401500e+15 0.000000000000000000e+00
-9.589992565693799406e+03 -4.390462106969834366e+01 1.335693703543960117e+06 3.712545578678883000e+15 0.000000000000000000e+00
-1.333478500314988196e+03 -5.918349774489410464e+01 1.903855282185133910e+04 5.649401553235153000e+15 0.000000000000000000e+00
2.878553445521742105e+03 -5.750303719233891542e+01 4.063507871135856112e+04 5.635560251804625000e+15 0.000000000000000000e+00
2.886236855669878423e+03 -5.690262889582063366e+01 1.395560340944764175e+04 5.621813793619526000e+15 0.000000000000000000e+00
-2.039177964540524408e+04 -2.789255230448017997e+01 4.033201307239141897e+04 5.608241796484987000e+15 0.000000000000000000e+00
-8.030554510667920113e+03 -3.945883343863128800e+01 1.129802024819955695e+06 3.667380995141196000e+15 0.000000000000000000e+00
-6.478366143658757210e+03 -4.330746863114797662e+01 7.551171284443045733e+05 3.658479693142729000e+15 0.000000000000000000e+00
-4.428233947154600173e+03 -5.072204093494636368e+01 5.032293891750734183e+05 3.649621383983184000e+15 0.000000000000000000e+00
-6.946738462614361197e+03 -3.721983407533444677e+01 2.533652181522192404e+04 5.556910430313195000e+15 0.000000000000000000e+00
-3.746137840987648815e+03 -5.358505259130379272e+01 6.158318219308437547e+05 3.632032948166337500e+15 0.000000000000000000e+00
1.386595109689515084e+03 -5.895278820324691793e+01 1.613527683596813222e+04 5.530781465728616000e+15 0.000000000000000000e+00
-8.488287166995927691e+03 -2.955228614110082219e+01 9.067370674865769688e+05 3.614613225646939000e+15 0.000000000000000000e+00
-2.248667776061687618e+03 -5.148208207309234297e+01 2.241116157222721449e+04 5.504317568876524000e+15 0.000000000000000000e+00
1.527629329407121986e+03 -5.834465230356718024e+01 9.721697697926303590e+03 5.491226363260659000e+15 0.000000000000000000e+00
-4.404953381881583482e+03 -4.873733226885374137e+01 6.589361878835981479e+05 3.588794731132982500e+15 0.000000000000000000e+00
-1.028941147283185273e+03 -5.175814271601262107e+01 1.086157773186694794e+04 5.465164504208742000e+15 0.000000000000000000e+00
-1.926402495135553181e+03 -5.206073774161786361e+01 2.507378984664947784e+05 3.571786298666073500e+15 0.000000000000000000e+00
