0.000000000000000000e+00 0.000000000000000000e+00
-1.045710553597401571e+02 -1.038776966983287480e+02
-9.192814887602158080e+01 -9.147474905514634713e+01
-9.185195824609603221e+01 -9.162864333663790717e+01
-9.710180596483598947e+01 -9.693600417734910479e+01
-1.050808376021790167e+02 -1.052084091492094728e+02
-9.196044699502914455e+01 -9.174274372304445535e+01
-9.433667556328684611e+01 -9.428950051587595738e+01
-9.706853183392875906e+01 -9.697570076954863794e+01
-1.024589218373336053e+02 -1.024552776747500076e+02
-1.024631522224178468e+02 -1.024595743762613722e+02
-1.012719590993818883e+02 -1.013851654393081674e+02
-1.052790918096225994e+02 -1.052389204305962238e+02
-9.440598396232987000e+01 -9.426359917875829808e+01
-1.028882844172205893e+02 -1.030082368867492306e+02
-1.025253760971371548e+02 -1.025091244661548728e+02
-1.008756867105942092e+02 -1.006063883981084359e+02
-1.052849984336711202e+02 -1.052488101289459337e+02
-1.053389197952538723e+02 -1.053851631206859025e+02
-1.026739247968605753e+02 -1.027135683980440746e+02
-9.983543868988891745e+01 -9.983544724669442871e+01
-9.975281231444809293e+01 -9.970291777140482736e+01
-1.080117643009245967e+02 -1.080202191477647062e+02
-9.659806087075374137e+01 -9.654942544772001156e+01
-1.080346759965808729e+02 -1.080155162431655640e+02
-1.080425900696904762e+02 -1.079899778458177906e+02
-1.053015137540155024e+02 -1.052900538471514409e+02
-1.052968812547902786e+02 -1.052834383568177827e+02
-1.053100143396037822e+02 -1.052914542471121848e+02
-1.053187424724675481e+02 -1.053298446850418770e+02
-7.900322191868662003e+01 2.577452237006117812e+14
-1.822736025924804688e+09 -3.000828891864274794e+01
-7.992598819672851562e+08 -4.837382933458540890e+01
-7.114852215161132812e+08 -3.911700700774751738e+01
-6.981075376201171875e+08 -5.730809798104957054e+01
-6.413574193203125000e+08 -5.361889236206735632e+01
-5.444312304472656250e+08 -4.910785305326132999e+01
-5.813764531005859375e+08 -5.848326143853713432e+01
-4.426614398178710938e+08 -5.515200028142651689e+01
-5.129540904008789062e+08 -5.119201441703043542e+01
-2.523123975732421875e+08 -4.037248570631768985e+01
-2.263138262675781250e+08 -4.261330630239344686e+01
-3.861080566699218750e+08 -5.972295218989834353e+01
-3.277905502692871094e+08 -6.306062693106688499e+01
-2.553263735397949219e+08 -5.414474828008264495e+01
-3.217861117324218750e+08 -3.669166726139864210e+01
-2.703969144724121094e+08 -6.259535815218176680e+01
-3.136920790654296875e+08 -5.818012840520032114e+01
-2.422108982924804688e+08 -6.453815120763103153e+01
-2.019085331645507812e+08 -5.225135556314526752e+01
-1.701719873713378906e+08 -4.348875608278147098e+01
-2.009994742890625000e+08 -5.267789918382438685e+01
-1.268907498540039062e+08 -5.548905762961013011e+01
-1.615012761347656250e+08 -5.299101548135747208e+01
-1.650409706589355469e+08 -5.990371610176280370e+01
-1.702972690639648438e+08 -5.371080104685742640e+01
-2.787081317214355469e+08 -6.071998809052517032e+01
-1.610768424841308594e+08 -4.032473904067853709e+01
-1.043083321022949219e+08 -5.045088220885423880e+01
-2.638463305744628906e+08 -4.830096024934972831e+01
-1.492638640764160156e+08 -6.020161800899276017e+01
-1.690127908730468750e+08 -5.932417486472286328e+01
-1.353702527407226562e+08 -5.868434018691083764e+01
-1.176387659272460938e+08 -5.046612782492064753e+01
-1.829378831440429688e+08 -5.596884990538833904e+01
-1.100914770480957031e+08 -5.894912978515488078e+01
-3.135929656738281250e+07 -5.156290941917050930e+01
-1.181030319516601562e+08 -5.517419953959154810e+01
-2.268180010131835938e+08 -6.065616205693627450e+01
-2.853169011210937500e+08 -5.148604051995602759e+01
-1.316389608259277344e+08 -3.804443928695252453e+01
-1.569528041774902344e+08 -5.109627413490661496e+01
-7.740144772875976562e+07 -4.361891930328713585e+01
-1.288938001071777344e+08 -5.660639952066683378e+01
-6.389564143137207031e+08 -4.894964849798741113e+01
-8.841159145068359375e+07 -5.481081794359762682e+01
-1.476300304375000000e+08 -5.076043084317739584e+01
-1.356213296887207031e+08 -5.910580664354451130e+01
-1.729257566184082031e+08 -5.611031977801318504e+01
-1.422195113247070312e+08 -6.081425886483962984e+01
-1.241214744699707031e+08 -6.308427285520916428e+01
-2.672391728369140625e+07 -5.512020351826041065e+01
-1.362948406237792969e+08 -7.209177538671963248e+01
-1.268035219428710938e+08 -6.684352316670151595e+01
-1.207310296279296875e+08 -4.148822566727758243e+01
-8.305894808374023438e+07 -4.401451502223257251e+01
-6.665348092456054688e+07 -5.052788818511385927e+01
-3.857298622945068359e+09 1.404088404443507443e+03
-1.601970891486328125e+09 1.570976649400221277e+02
-1.813766331556152344e+09 2.224723213269863322e+02
-2.256925956672607422e+09 8.495134414497366606e+02
-9.270884514235839844e+08 1.098343326280662957e+01
-9.858309446147460938e+08 5.015271012388373038e+02
-4.662994039096679688e+08 -3.661911226559359989e+01
-5.287701099946289062e+08 3.461701700296480340e+02
-3.166156726279296875e+08 -2.650389777702775618e+01
-2.889487693432617188e+08 -3.724093418704946146e+01
-2.079121461113281250e+08 -6.668079625203631622e+01
-2.006717909953613281e+08 4.978962049147290969e+01
-1.472507082885742188e+08 -4.259524642587218324e+01
-1.274640635131835938e+08 -1.734380148010033551e+01
-1.202551410573730469e+08 -3.706955595016514593e+01
-2.067909563515625000e+08 -5.122507971385203973e+01
-2.073795756737060547e+08 -5.414840406369121695e+01
-8.397825840134277344e+08 4.480324668014061018e+01
-1.728041141706542969e+08 4.478529404331697350e+01
-1.306014258005371094e+08 -2.375508736429757306e+01
-9.348968077050781250e+08 2.528552875042377309e+03
-3.519642294934082031e+08 -5.141375947715280148e+01
-2.165487518829345703e+08 -5.347050568893003941e+01
-1.576459110241699219e+08 -3.815651021641679819e+01
-3.426604406979980469e+08 4.000639222968450781e+01
-8.266094569775390625e+07 -3.713533551398729315e+01
-1.658119953510742188e+08 -5.575512297089297675e+01
-1.406641437100830078e+08 -7.083917161231521220e+01
-7.683838527978515625e+07 -4.017434028048890582e+01
-3.251113258094482422e+08 1.339031512330489932e+03
-1.647674196845703125e+08 4.379942929361868096e+02
-1.026103179290771484e+08 -4.781831290761807196e+01
-4.998665311230468750e+07 -4.558276914200340713e+01
-5.988112735363769531e+07 -3.430125374081972467e+01
-8.887074162780761719e+07 -5.811402139000789191e+01
-2.560698332496337891e+08 -3.873829458931695768e+01
-6.039243496594238281e+07 -5.527926086572524156e+01
-1.634879760490722656e+08 -4.945951389055787928e+01
-5.406442803906250000e+07 -4.938238656745279798e+01
-4.243764847399902344e+07 -5.801015324897125680e+01
-1.199699913012695312e+08 -1.179449211700226030e+01
-6.364233261584472656e+07 -4.169705845170559400e+01
-6.145987874902343750e+07 -4.328667985330827150e+01
-1.239432849791259766e+08 -4.662893275265239623e+01
-4.299267891638183594e+07 -6.281019354813385291e+01
-4.635648317797851562e+07 -3.919297081628440793e+01
-6.615530594104003906e+07 -7.097227086341902691e+01
-4.262015901611328125e+07 -4.406552500149646789e+01
-3.890682038647460938e+07 -4.160286299382633501e+01
-1.133432069268798828e+08 -3.577427691689669587e+01
-7.713026937670898438e+07 8.273116339370746530e+00
-5.090754785607910156e+07 -4.723537208985822389e+01
-1.743162084223632812e+08 9.481035769067819956e+02
-4.287183812255859375e+07 -4.572058228179754735e+01
-3.946455345715332031e+07 -6.680712027798789165e+01
-2.031215738621826172e+08 8.219842334101749657e+02
-3.444039348193359375e+07 -3.450347189369162493e+01
-8.409443102746582031e+07 -5.095528434009707297e+01
-3.521103677734375000e+07 -4.214901038047923976e+01
-3.280101710595703125e+07 -4.300570984524626539e+01
-4.149534960510253906e+07 -5.567417643857037035e+01
-3.640923645690917969e+07 -4.070184409099968548e+01
-3.417317670739746094e+07 -4.126317180112581440e+01
-1.249289737606201172e+08 6.602955403289697642e+02
-3.928551514965820312e+07 -4.895369558583870173e+01
-3.599170102233886719e+07 -3.763094271395763002e+01
-3.235208111486816406e+07 -5.642353475544783947e+01
-7.185247655639648438e+07 -3.266978964866991220e+01
-2.364352914477539062e+07 -5.786184738910510106e+01
-2.732195660571289062e+07 -3.691733224701049210e+01
-3.488732431823730469e+07 -5.031350945998704560e+01
-2.633531176818847656e+07 -5.723941877339449746e+01
-3.386657996740722656e+07 -4.267626119891683345e+01
-2.706424808276367188e+07 -6.600980261652048853e+01
-3.347107527929687500e+07 -6.301148601455720666e+01
-2.359162439233398438e+07 -5.539868842813469740e+01
-3.090727271752929688e+07 -6.681996729984928152e+01
-2.463780363146972656e+07 -6.030739600039422754e+01
-2.269959460888671875e+07 -4.633687932841932877e+01
-2.145217319067382812e+07 -5.252110128238467723e+01
-2.437610913830566406e+07 -6.669324852110310076e+01
-3.381731876599121094e+07 -4.911203311286895001e+01
-2.914895163818359375e+07 -4.095553120533608649e+01
-2.438065938684082031e+07 -4.873438109099884485e+01
-3.626867612524414062e+07 -7.687383650744908437e+01
-2.122737181188964844e+07 -6.009655489167577258e+01
-6.626875440112304688e+07 -7.204623632710963932e+01
-2.982357822729492188e+07 -4.955219485751395325e+01
-1.986201805395507812e+07 -5.963102287602053764e+01
-2.007239456005859375e+07 -5.317217154068890039e+01
-8.453092906127929688e+07 6.155244718017291916e+02
-3.249199889172363281e+07 -1.374852841934841230e+01
-2.429483625012207031e+07 -5.893030115608140562e+01
-1.724278252001953125e+07 -5.640179016846879989e+01
-2.093386917199707031e+07 -4.673319833152324065e+01
-5.460039319824218750e+07 5.924141855428163126e+02
-1.681967267089843750e+07 -6.425445846073478151e+01
-2.831875138854980469e+07 -2.327474093525038867e+01
-1.525108073266601562e+07 -5.480355891614857455e+01
-1.686843153698730469e+07 -6.373367682828310876e+01
-2.196323458642578125e+07 -4.035293710000858880e+01
-1.709887579846191406e+07 -4.443531504763308959e+01
-1.512752342761230469e+07 -5.084832717613662112e+01
-3.970105202539062500e+07 -4.958078767942880916e+01
-1.402826585437011719e+07 -6.015866533529244009e+01
-1.499180796752929688e+07 -4.515125939519698051e+01
-1.528192937756347656e+07 -4.621966347207296621e+01
-3.394799460803222656e+07 -4.944018689914062747e+01
-1.569361519799804688e+07 -4.460497122895731081e+01
-1.305196297961425781e+07 -5.407834652727271418e+01
-1.941202953320312500e+07 -3.761916012541406928e+01
-1.663534036511230469e+07 -3.704566936597232996e+01
-1.539459941918945312e+07 -3.946235270394098649e+01
-1.437263717712402344e+07 -4.443725235853038669e+01
-2.764831029113769531e+07 -7.231785287630353309e+01
-1.772518392541503906e+07 -5.851607656891145837e+01
-1.149484175610351562e+07 -4.962602717701418698e+01
-1.528135827282714844e+07 -6.805071935085935309e+01
-1.382739348767089844e+07 -6.185046540257548742e+01
-2.064156921801757812e+07 -4.694197761030921612e+01
-1.254288625195312500e+07 -5.574469378904347394e+01
-1.515367262182617188e+07 -6.896998059216467425e+01
-1.810716882739257812e+08 2.624430625713529025e+03
-1.079487506945800781e+07 -5.328613601029039870e+01
-1.321988627062988281e+07 -6.062202018493074718e+01
-1.217342745727539062e+07 -4.829351471085921332e+01
-3.219439851721191406e+07 -2.068608830197631576e+01
-1.342121696643066406e+07 -6.911837412969777006e+01
-1.629779278845214844e+07 -4.591675949215386510e+01
-1.160457372717285156e+07 -6.064458980809810384e+01
-1.329628521960449219e+07 -4.024028338696100349e+01
-1.100118340759277344e+07 -6.408704741227458612e+01
-1.021767544134521484e+07 -5.829728646908199607e+01
-4.789331742962646484e+07 -9.052410785136831350e+01
-1.115910542810058594e+07 -3.545376443913136910e+01
-1.428719605560302734e+07 -4.761156950042008873e+01
-1.006460125970458984e+07 -4.206546149440659121e+01
-1.619934480218505859e+07 -5.690367021867403707e+01
-1.992760614245605469e+07 -4.905737477327045326e+01
-1.066253850512695312e+07 -4.779385885093478947e+01
-1.324093569506835938e+07 -6.949306019118830591e+01
-1.158463751361083984e+07 -5.253653709175561204e+01
-1.025285450543212891e+07 -5.189966941699044156e+01
-1.250744116607666016e+07 -5.561022308156996274e+01
-9.567867728332519531e+06 -5.874214266842509602e+01
-1.131649605841064453e+07 -4.179037281472355403e+01
-9.204863487365722656e+06 -4.912368025201193689e+01
-9.045732378417968750e+06 -4.660851691333135705e+01
-1.077504506298828125e+07 -3.102156347637512823e+01
-8.946857785156250000e+06 -5.690698590155862036e+01
-1.286257727502441406e+07 -7.505860693897395208e+01
-9.424679841857910156e+06 -3.705173990206279910e+01
-7.362410724426269531e+06 -4.826881283452254223e+01
-8.882094722473144531e+06 -4.608345911485344004e+01
-9.188352242858886719e+06 -6.261369903960576266e+01
-8.353137306030273438e+06 -6.267277999224052110e+01
-8.525713097515869141e+07 1.474052949549724417e+03
-8.685906360229492188e+06 -6.435279598694297931e+01
-1.348948497924804688e+07 -4.765481918817803120e+01
-8.690172597534179688e+06 -5.249952719745815699e+01
-9.483767101257324219e+06 -3.939790158478027138e+01
-2.699883209643554688e+07 3.204045586084316710e+01
-7.418023785766601562e+06 -6.687152007478968585e+01
-1.261660247412109375e+07 -7.711732937225242779e+01
-7.158765163574218750e+06 -6.022341206808601299e+01
-8.644040362915039062e+06 -5.175544538534599326e+01
-8.885208896362304688e+06 -4.177388489631154300e+01
-8.677615287640380859e+07 2.302665264440048759e+03
-8.556168952636718750e+06 -4.633121987740489800e+01
-7.910148136901855469e+06 -5.659524925246147120e+01
-7.859261559082031250e+06 -6.931615824522876323e+01
-6.923974946655273438e+06 -5.037804053495742806e+01
-1.187540605889892578e+07 -4.428809523825810146e+01
-9.528663599609375000e+06 -5.850406955464957548e+01
-7.502842211853027344e+06 -5.304941776712612977e+01
-7.552942943420410156e+06 -5.535905955572687986e+01
-6.414545724548339844e+06 -5.296054606749947169e+01
-7.058888008789062500e+06 -4.415936473904807258e+01
-9.877763725097656250e+06 -5.495538345701159955e+01
-9.509519007629394531e+06 -6.226180482787222559e+01
-1.331177524902343750e+07 -4.686021534514779319e+01
-7.853933004272460938e+06 -5.116363648400933073e+01
-6.531641755126953125e+06 -5.644159792981938040e+01
-7.835780290362548828e+07 9.887473999138883300e+02
-7.683303085510253906e+06 -4.688348250604513368e+01
-5.369419391058349609e+07 1.057617565131410174e+03
-8.688282172912597656e+06 -4.898171072671616599e+01
-1.414715301824951172e+07 -1.215498023698368257e+01
-6.339947061096191406e+06 -4.913116383631559358e+01
-8.895328409118652344e+06 -4.451659395892232141e+01
-8.473504509094238281e+06 -4.676917397936221477e+01
-5.397871073913574219e+06 -6.609582474527664431e+01
-7.756273973937988281e+06 -3.665534735407936751e+01
-6.194703496459960938e+06 -5.913435070833584462e+01
-1.116249909442138672e+07 -5.742589182145412963e+01
-7.282254145996093750e+06 -6.139821752794716048e+01
-8.083370161804199219e+06 -5.946219628360191933e+01
-7.278377328979492188e+06 -4.972240195704264920e+01
-7.721409903991699219e+06 -5.435413156742778540e+01
-8.009186776428222656e+06 -4.830360858981494943e+01
-6.451017579345703125e+06 -4.545179882123953519e+01
-5.679679591979980469e+06 -5.149847956987315456e+01
-7.585692364624023438e+06 -7.065768978009354839e+01
-6.502669652160644531e+06 -4.048672410240732944e+01
-8.991676383300781250e+06 -5.464116115523681572e+01
-6.775387660522460938e+06 -5.852854348538070184e+01
-6.456813087036132812e+06 -3.521015388894946341e+01
-5.600815031738281250e+06 -5.296815901852021113e+01
-5.665171701354980469e+06 -5.645943795805283116e+01
-6.176343026916503906e+06 -5.126705934106198015e+01
-1.440560939349365234e+07 -2.154976095944995862e+01
-7.537553221740722656e+06 -7.208231310462358010e+01
-6.400296894409179688e+06 -5.496747194343038956e+01
-7.350298557922363281e+06 -5.525778948187294048e+01
-5.489821773742675781e+06 -4.472188075016139663e+01
-3.554296902136230469e+07 -5.580802223122506689e+01
-6.003358365600585938e+06 -5.521600182580141336e+01
-6.171947577819824219e+06 -4.434171315325733786e+01
-7.137779365783691406e+06 -4.930745100836966799e+01
-5.975776783142089844e+06 -4.672790490743022929e+01
-5.132873480895996094e+06 -5.512972427766733574e+01
-7.375323041870117188e+06 -4.030876755709890347e+01
-5.894117165710449219e+06 -5.574562042876588919e+01
-5.950439879882812500e+06 -6.386741862199471598e+01
-5.283903844116210938e+06 -4.803449267110141818e+01
-6.890624366210937500e+06 -7.031191133499842749e+01
-5.276961766174316406e+06 -6.105555873866438787e+01
-5.456373486694335938e+06 -4.652381389641455200e+01
-4.725731811035156250e+06 -5.536877006674967561e+01
-3.637647108148193359e+07 1.688823393987004096e+01
-6.155962658569335938e+06 -6.809140199066112586e+01
-1.787781933001708984e+07 -4.847341183900603312e+01
-5.759387704589843750e+06 -3.854774589039966060e+01
-5.131648500122070312e+06 -4.573692091437183649e+01
-4.922405505981445312e+06 -5.120355979796008938e+01
-8.466509583007812500e+06 -4.641726920436104109e+01
-5.507913301208496094e+06 -4.057973284405029801e+01
-5.698974487060546875e+06 -6.729932218163355628e+01
-4.970447146728515625e+06 -6.119860695629855485e+01
-4.780322875366210938e+06 -4.077043712688612231e+01
-4.715627887023925781e+06 -4.602483231274048592e+01
-5.302504461914062500e+06 -4.991371401056528612e+01
-4.116487625793457031e+06 -2.809875846822094303e+01
-5.638470791320800781e+06 -6.042744636073142317e+01
-5.552082431823730469e+06 -4.792273664191028359e+01
-5.122861334350585938e+06 -5.080439414796307318e+01
-4.840923284362792969e+06 -6.099570737278218502e+01
-4.995568336486816406e+06 -4.549528529676074839e+01
-4.739803830871582031e+06 -5.346325936973885717e+01
-4.175017684265136719e+06 -4.604052322648067985e+01
-4.943616424133300781e+06 -4.168446810656156742e+01
-4.463306304931640625e+06 -5.727447386417558306e+01
-4.609218626647949219e+06 -5.832169987339063510e+01
-4.281096958740234375e+06 -5.824038892491982011e+01
-1.322395039477539062e+07 -2.835077444648231193e+01
-5.036310434753417969e+06 -6.921994824411508773e+01
-1.198394975549316406e+07 -6.016730304156127573e+01
-4.270533586364746094e+06 -4.485041885007266416e+01
-4.874251712280273438e+06 -4.565339186860187226e+01
-4.552224790588378906e+06 -5.898093229579971108e+01
-4.467626408142089844e+06 -5.723472485149228817e+01
-7.175408744750976562e+06 -4.614894580103201349e+01
-5.688039176391601562e+06 -6.317594038156017433e+01
-4.619126179931640625e+06 -5.228064819319934742e+01
-4.809774495605468750e+06 -4.251320247703512223e+01
-5.261383997558593750e+06 -5.145461501298260032e+01
-4.014601389099121094e+06 -5.923365084602481545e+01
-6.976507337158203125e+06 -6.898639789538306388e+01
-4.755556253967285156e+06 -7.000039902781841761e+01
-4.495556453979492188e+06 -6.530160653730084164e+01
-5.053566690490722656e+06 -4.824961261248579092e+01
-4.544143538269042969e+06 -4.282847354351833502e+01
-4.335381752258300781e+06 -6.078888064053965223e+01
-4.617517765991210938e+06 -5.332229170286520770e+01
-4.744950262390136719e+06 -4.878324478423895272e+01
-3.389879092346191406e+06 -5.600166150069552629e+01
-2.139686364691162109e+07 1.753014132353821708e+01
-5.105620532653808594e+06 -4.247428444785548862e+01
-3.920371724121093750e+06 -5.426627189792244366e+01
-3.565665983825683594e+06 -5.721983043425619542e+01
-3.581690672851562500e+06 -5.818384122260665237e+01
-3.905490434631347656e+06 -5.294068750522392719e+01
-4.500881379028320312e+06 -4.965480786667286139e+01
-4.134953572021484375e+06 -5.768972455874902039e+01
-6.396752637756347656e+06 -5.418870069633820208e+01
-5.010115632446289062e+06 -5.687303225468060219e+01
-4.376300417053222656e+06 -4.621282439640216921e+01
-4.478706333740234375e+06 -7.319921245956855671e+01
-3.794969750610351562e+06 -5.903190352992121603e+01
-3.453441898681640625e+06 -5.221027679755230366e+01
-3.869818452392578125e+06 -4.306390935019238242e+01
-6.037674160400390625e+06 -5.405054747693608164e+01
-3.975256475341796875e+06 -5.939248515321433075e+01
-3.865367491027832031e+06 -4.035216689202552232e+01
-4.037560214965820312e+06 -3.912394348914628495e+01
-4.908051207092285156e+06 -5.793009907020553584e+01
-4.147207780334472656e+06 -5.354188513292783824e+01
-3.685416531921386719e+06 -5.767934928246897641e+01
-3.535658922180175781e+06 -5.981306291158013266e+01
-4.949791415954589844e+06 -5.016901593635550682e+01
-4.058122851928710938e+06 -3.943765133264998468e+01
-4.444918697814941406e+06 -6.628949992349397746e+01
-4.799679227722167969e+06 -3.495013487014868758e+01
-3.511493213195800781e+06 -6.180857950004961765e+01
-4.033074469055175781e+06 -5.066080255050786718e+01
-9.463272655761718750e+06 -5.113411654343433810e+01
-3.294063324707031250e+06 -5.236288490411593699e+01
-3.612528633117675781e+06 -6.375538010474332395e+01
-3.341488671325683594e+06 -6.219503275887351634e+01
-3.419022057861328125e+06 -5.636857157336736179e+01
-2.129433397119140625e+07 -9.412130384666801319e+01
-5.853847190002441406e+06 -4.816258620091443277e+01
-4.204070449279785156e+06 -5.906869789145627436e+01
