0.000000000000000000e+00 0.000000000000000000e+00 0.000000000000000000e+00 0.000000000000000000e+00 0.000000000000000000e+00
-9.732311688069998468e+01 -9.730617276521357439e+01 2.996639508114348205e-01 6.587600408435217105e+03 0.000000000000000000e+00
-9.978686647713318791e+01 -9.987580652844874862e+01 1.389463136551718214e-01 1.869669145833106886e+05 0.000000000000000000e+00
-1.000941502064848976e+02 -9.998387622478726655e+01 8.312892462038568020e-02 1.828598250054031960e+05 0.000000000000000000e+00
-9.717150353213537528e+01 -9.712922402662017873e+01 9.478301285349234606e-02 1.802999437774419785e+05 0.000000000000000000e+00
-9.754634133381694028e+01 -9.732622661470888659e+01 1.118753277746297875e-01 1.758778975376184972e+05 0.000000000000000000e+00
-1.026057287357069328e+02 -1.026003131475442274e+02 4.836010042154496869e-02 5.152365422995331028e+04 0.000000000000000000e+00
-9.750134980926989670e+01 -9.709007827610841446e+01 1.416379203444080581e-01 1.741893067668323056e+05 0.000000000000000000e+00
-9.999055019986865034e+01 -9.994803968146456441e+01 5.639423089432524239e-02 1.890670073693518352e+05 0.000000000000000000e+00
-9.963424243340583075e+01 -9.975762711698858709e+01 9.945747223381952440e-02 1.849373134315936477e+05 0.000000000000000000e+00
-1.053031558006381374e+02 -1.052953127213728806e+02 6.783488586527394726e-02 5.154465881789943523e+04 0.000000000000000000e+00
-9.422573156120289184e+01 -9.420655749805492007e+01 1.222183042409490245e-01 1.787749459630884230e+05 0.000000000000000000e+00
-9.995033322761571526e+01 -9.992640464353989671e+01 3.932443037525790858e-02 4.945452203326862946e+04 0.000000000000000000e+00
-9.976293272377472476e+01 -9.982967881328568183e+01 6.408009744046155864e-02 1.711817381809946673e+05 0.000000000000000000e+00
-9.690196404718190593e+01 -9.690093458389613090e+01 8.074874602306296445e-02 4.761353043869074463e+04 0.000000000000000000e+00
-1.026514931270069582e+02 -1.025761641757814573e+02 4.835258197188661844e-02 1.649895940842106938e+05 0.000000000000000000e+00
-1.107023508168915669e+02 -1.107176105970579556e+02 7.728225013668792165e-02 4.577781947850481811e+04 0.000000000000000000e+00
-1.048168836557663184e+02 -1.046329778318778096e+02 2.374918018570041367e-01 4.488786927673489117e+04 0.000000000000000000e+00
-1.053237757644025834e+02 -1.053414937334894574e+02 6.052205724865192954e-02 4.448649344950567320e+04 0.000000000000000000e+00
-1.023825256964053949e+02 -1.024981121892254095e+02 7.277181553816049198e-02 1.691007708200376655e+05 0.000000000000000000e+00
-1.027100812085033539e+02 -1.026891808259659626e+02 4.255218072568931614e-02 4.321150270911425469e+04 0.000000000000000000e+00
-1.025770439548518738e+02 -1.025712947827392725e+02 8.695398176559343550e-02 1.675343889790213143e+05 0.000000000000000000e+00
-1.052136884839120228e+02 -1.052459616197625536e+02 4.823389674713771114e-02 1.644923813879932859e+05 0.000000000000000000e+00
-9.982901595388678118e+01 -9.977948950772147896e+01 7.547388077484119828e-02 1.617171811790706415e+05 0.000000000000000000e+00
-1.080875995195344927e+02 -1.080415614422758637e+02 4.717790227348158533e-02 1.591988717271226924e+05 0.000000000000000000e+00
-1.052400316567849359e+02 -1.053032511320292457e+02 3.951348963811575354e-02 3.973712225275664969e+04 0.000000000000000000e+00
-1.081613564231848699e+02 -1.080569954490096478e+02 4.940711074278660714e-02 1.541132152550059545e+05 0.000000000000000000e+00
-9.708070442491744245e+01 -9.709606554255343269e+01 5.275659202605639114e-02 1.530939979408763465e+05 0.000000000000000000e+00
-9.967786451798652081e+01 -9.963090438198651100e+01 6.784000088826461217e-02 1.506169715598128096e+05 0.000000000000000000e+00
-1.054467821980111069e+02 -1.053957449275591642e+02 5.560015791918436479e-02 1.484574849412348703e+05 0.000000000000000000e+00
-9.441687261625497740e+01 -9.438343715639948073e+01 5.342188772140687991e-02 1.464390963375566062e+05 0.000000000000000000e+00
-1.019371781515622786e+02 -1.018442518507601875e+02 9.568996745424272754e-02 1.442954257266498171e+05 0.000000000000000000e+00
-1.079736506722086204e+02 -1.079603068761846174e+02 4.250606750872482770e-02 1.429166599235450849e+05 0.000000000000000000e+00
-9.943070942794764733e+01 -9.932056410592073803e+01 7.029567806601241808e-02 1.407740203556857596e+05 0.000000000000000000e+00
-1.080642756615415152e+02 -1.080143775854047163e+02 4.550364863647286817e-02 1.400356917842048279e+05 0.000000000000000000e+00
-1.080590543492968720e+02 -1.080133948145843874e+02 4.143920259943266460e-02 1.382901137756909011e+05 0.000000000000000000e+00
-1.106952241977405293e+02 -1.106565443686349397e+02 5.016130992457992765e-02 1.365506296441695304e+05 0.000000000000000000e+00
-1.080500865629726661e+02 -1.080473027595984945e+02 3.594359899911570705e-02 1.347754675613481086e+05 0.000000000000000000e+00
-1.079017945909349123e+02 -1.079092137662489677e+02 4.758864545262979362e-02 1.328779291423057439e+05 0.000000000000000000e+00
-1.025916863347396202e+02 -1.025936892877009257e+02 1.578178206556256000e-02 3.368559433128684759e+04 0.000000000000000000e+00
-1.027619291399635983e+02 -1.026640479086686213e+02 4.121339608333588617e-02 1.292663671702978318e+05 0.000000000000000000e+00
-1.025981005257259397e+02 -1.025997391348859082e+02 1.893228920976692403e-02 3.280034629167578532e+04 0.000000000000000000e+00
-1.051916422790273344e+02 -1.052495474853966471e+02 4.692412639743746838e-02 1.269447895684790856e+05 0.000000000000000000e+00
-1.053000681344253593e+02 -1.053232666385986676e+02 2.464921721817470504e-02 1.256492759755775332e+05 0.000000000000000000e+00
-9.990476446595819482e+01 -9.982564165294425607e+01 5.435115342423457035e-02 1.240844446676862572e+05 0.000000000000000000e+00
-1.068133173731885677e+02 -1.068368080972262959e+02 6.761692200478562620e-02 1.231400852784126619e+05 0.000000000000000000e+00
-9.716265225176037745e+01 -9.708634816878553409e+01 6.133868887124713926e-02 1.216364107706630311e+05 0.000000000000000000e+00
-9.989845904683019739e+01 -9.989472183141634787e+01 1.782466625834172938e-02 3.086697613480053769e+04 0.000000000000000000e+00
-9.983566470803614834e+01 -9.979385760213635592e+01 4.015071359869703399e-02 1.192060952322340745e+05 0.000000000000000000e+00
-1.025586418367890644e+02 -1.026154374923784331e+02 4.176354587480966135e-02 1.179406011271627503e+05 0.000000000000000000e+00
-9.973207649085694015e+01 -9.976374211138474379e+01 2.415329774191445761e-02 2.977750846879783421e+04 0.000000000000000000e+00
-1.107447745413069242e+02 -1.107100894883244990e+02 3.509547846730848991e-02 1.164726121349473106e+05 0.000000000000000000e+00
-1.053818258923540867e+02 -1.054020546206418487e+02 2.707100924951673718e-02 2.919269997360908019e+04 0.000000000000000000e+00
-1.053136014727418086e+02 -1.052986368479285773e+02 1.545158757619631909e-02 3.959648021981477541e+03 0.000000000000000000e+00
-1.026332577504453525e+02 -1.026243005014596008e+02 1.360567960216002917e-02 3.928230150892667098e+03 0.000000000000000000e+00
-1.025543883017594595e+02 -1.025790697669165468e+02 2.259360353157332385e-02 2.831892509552430056e+04 0.000000000000000000e+00
-1.081015391802882704e+02 -1.080687500791142668e+02 3.516982122283317941e-02 1.103842009350921435e+05 0.000000000000000000e+00
-9.969598488185239660e+01 -9.972321522638762303e+01 3.296299147780626382e-02 1.092629365630922694e+05 0.000000000000000000e+00
-1.000955246364005404e+02 -1.000121628147182093e+02 3.537417463924159844e-02 1.081354232331576932e+05 0.000000000000000000e+00
-1.028322896540763054e+02 -1.027275121739734374e+02 3.585301891748795405e-02 1.076336949383409083e+05 0.000000000000000000e+00
-1.081513211702642252e+02 -1.081167440842612706e+02 3.571579932837190552e-02 1.075233216662583145e+05 0.000000000000000000e+00
-1.079587780838799915e+02 -1.079615363485053479e+02 2.792953419132909038e-02 1.064902952143884468e+05 0.000000000000000000e+00
-1.054474408588887826e+02 -1.054297962014298093e+02 3.406520631999616217e-02 1.053702334215184237e+05 0.000000000000000000e+00
-1.052633446132231256e+02 -1.052266242645365253e+02 2.105727479545280514e-02 3.576652690917331256e+03 0.000000000000000000e+00
-9.445852833166223661e+01 -9.443737754636531179e+01 3.118963510848684478e-02 2.591419439881352446e+04 0.000000000000000000e+00
-1.026529317775481758e+02 -1.026597994754429379e+02 1.791462749189612347e-02 2.568356700976474167e+04 0.000000000000000000e+00
-1.107918742870349860e+02 -1.107710589744909555e+02 2.640466158439489647e-02 3.538636381160232759e+03 0.000000000000000000e+00
-1.000803250489450278e+02 -1.000280151164676568e+02 2.830945833108414883e-02 2.519291132082322656e+04 0.000000000000000000e+00
-1.107831922181548236e+02 -1.107684909913108839e+02 2.776604606139778178e-02 9.965682778560879524e+04 0.000000000000000000e+00
-1.044829606194890914e+02 -1.043928432861889490e+02 5.304181672977813927e-02 9.869819370789441746e+04 0.000000000000000000e+00
-1.023911469326668993e+02 -1.024457501849260694e+02 3.154724499987700964e-02 9.834865381375765719e+04 0.000000000000000000e+00
-9.718213772321661281e+01 -9.708786299919445639e+01 5.122491016422838633e-02 9.766417506116785808e+04 0.000000000000000000e+00
-1.053028920548385372e+02 -1.053297992636150298e+02 2.418676723657079905e-02 9.739920508349254669e+04 0.000000000000000000e+00
-1.107198895769959108e+02 -1.107230522742529075e+02 2.005008340556225718e-02 2.407729695746033030e+04 0.000000000000000000e+00
-1.107350110143588182e+02 -1.107107646604763715e+02 2.489398668065568102e-02 9.564623025578816305e+04 0.000000000000000000e+00
-1.026762724849057093e+02 -1.026153553331250095e+02 2.170559304585769136e-02 9.481060307573592581e+04 0.000000000000000000e+00
-9.707144029314051181e+01 -9.710461639134734924e+01 2.619555364764705394e-02 2.341708019074131153e+04 0.000000000000000000e+00
-9.922760740401510304e+01 -9.923327069578910198e+01 5.627978982800444646e-02 9.401789592501358129e+04 0.000000000000000000e+00
-1.040848179339174351e+02 -1.040637339245809017e+02 3.406327151095123879e-02 2.307191296592349318e+04 0.000000000000000000e+00
-1.053229705855882656e+02 -1.053249660306247364e+02 1.240760217581483166e-02 2.289517437766279545e+04 0.000000000000000000e+00
-1.107458903014845788e+02 -1.107441710162056268e+02 2.794842311240089416e-02 9.194255715497040364e+04 0.000000000000000000e+00
-1.053812563484512594e+02 -1.053921133308321032e+02 2.001435997059656038e-02 2.249609632879099445e+04 0.000000000000000000e+00
-1.019143111482223105e+02 -1.018632759264411760e+02 4.479609282905310658e-02 9.041928566631869762e+04 0.000000000000000000e+00
-1.107848936415833663e+02 -1.107715279990109565e+02 1.387948986785127875e-02 3.264893858271482259e+03 0.000000000000000000e+00
-1.024640689512503684e+02 -1.025086888501163713e+02 3.148891963760636764e-02 8.909186367762614100e+04 0.000000000000000000e+00
-1.081313186373599677e+02 -1.080884792517673390e+02 2.942871277828180282e-02 8.848751684422059043e+04 0.000000000000000000e+00
-1.080470545525429884e+02 -1.080471255692979611e+02 1.156927482793940025e-02 2.161913737741304794e+04 0.000000000000000000e+00
-1.058319155668255007e+02 -1.057935315946627526e+02 5.714399604687230017e-02 8.715100417421438033e+04 0.000000000000000000e+00
-9.967950783537303039e+01 -9.972892716084989218e+01 4.302058917265193932e-02 8.651642570808385790e+04 0.000000000000000000e+00
-1.053533960654948487e+02 -1.053467490144231817e+02 1.489736770975035214e-02 8.597394849484899896e+04 0.000000000000000000e+00
-1.026681082264626355e+02 -1.026169204540174178e+02 2.272680674492648725e-02 8.527859267476214154e+04 0.000000000000000000e+00
-1.052982590081200840e+02 -1.053029771678831423e+02 2.364666389273153285e-02 8.478950835522083798e+04 0.000000000000000000e+00
-1.079938204098974097e+02 -1.079993373399376821e+02 1.996886237272173931e-02 8.411281657356345386e+04 0.000000000000000000e+00
-1.052555648674173483e+02 -1.052559923197818961e+02 1.438304749665689566e-02 2.055496917677234524e+04 0.000000000000000000e+00
-1.080072735150805698e+02 -1.080227337478093119e+02 1.278298167949907388e-02 2.039322243113128570e+04 0.000000000000000000e+00
-1.025190785454198021e+02 -1.025863960920492701e+02 4.472462578998203514e-02 8.220794026655331254e+04 0.000000000000000000e+00
-9.908543870527678621e+01 -9.908730856837547663e+01 2.605950470201087027e-02 2.009730196916231944e+04 0.000000000000000000e+00
-9.438558700802117585e+01 -9.434203544817415832e+01 3.832697344567050773e-02 8.135913065889637801e+04 0.000000000000000000e+00
-9.988229432695796106e+01 -9.993730368958753729e+01 3.592835676717593546e-02 8.085922600116062677e+04 0.000000000000000000e+00
-1.024160691718763871e+02 -1.024033758464728692e+02 3.213454061777824139e-02 8.044426017625833629e+04 0.000000000000000000e+00
-1.080857687037010066e+02 -1.080645882599882128e+02 1.698503754993267376e-02 7.985004201327901683e+04 0.000000000000000000e+00
-1.107244324365244665e+02 -1.107233594126295770e+02 1.401907386718393225e-02 1.940351554820063757e+04 0.000000000000000000e+00
-1.107761764229882289e+02 -1.107697935643069229e+02 1.914337227002475827e-02 7.870511651398132381e+04 0.000000000000000000e+00
-9.988843307253281978e+01 -9.992816863826496387e+01 2.760142465156700115e-02 7.812897825992554135e+04 0.000000000000000000e+00
-1.080683012714523841e+02 -1.080570670095427914e+02 8.468360702515010871e-03 2.827131002913270095e+03 0.000000000000000000e+00
-1.066996373500635116e+02 -1.066668371726901938e+02 3.796676985930574205e-02 7.713214005604045815e+04 0.000000000000000000e+00
-1.080285603109521020e+02 -1.080218376145164001e+02 1.441413679100089426e-02 1.872111017966408326e+04 0.000000000000000000e+00
-1.080437262362007544e+02 -1.080485971853467646e+02 1.441763113233874086e-02 7.609797013452385727e+04 0.000000000000000000e+00
-9.974700234707998447e+01 -9.977047224751511578e+01 1.517428732830878105e-02 1.845853182675200878e+04 0.000000000000000000e+00
-1.054137937852120359e+02 -1.054146731165705262e+02 1.301604160639078210e-02 1.836345323076440036e+04 0.000000000000000000e+00
-1.014307674521873537e+02 -1.014183881544879853e+02 2.424993451366446243e-02 1.823517699706038547e+04 0.000000000000000000e+00
-9.993171696856350650e+01 -9.989849744697025358e+01 1.625826803193705997e-02 1.811710088461823761e+04 0.000000000000000000e+00
-1.080377833713848048e+02 -1.080350365521109808e+02 1.344833477096067306e-02 1.805994378762882479e+04 0.000000000000000000e+00
-1.000031965974423969e+02 -9.991948122343279692e+01 2.696955910343760976e-02 7.364596592122726724e+04 0.000000000000000000e+00
-1.020824587817901090e+02 -1.019967674443969656e+02 3.454437449196828824e-02 7.357944834447109315e+04 0.000000000000000000e+00
-1.079930345683300743e+02 -1.079964585986316337e+02 1.472591472547219588e-02 7.350852447472533095e+04 0.000000000000000000e+00
-1.107318461790034121e+02 -1.107150382436769291e+02 1.715906399749622668e-02 7.301596776746868272e+04 0.000000000000000000e+00
-1.053914477889187680e+02 -1.053786870193424363e+02 1.743680982535729743e-02 7.254696995602622337e+04 0.000000000000000000e+00
-1.058115470103173976e+02 -1.057931384607469312e+02 3.901739371718090238e-02 7.207684230265807128e+04 0.000000000000000000e+00
-1.107605596258991199e+02 -1.107507088830455757e+02 8.980631000791166815e-03 2.649686608140304543e+03 0.000000000000000000e+00
-1.052235425634692376e+02 -1.052495872439591267e+02 2.570088869202582019e-02 7.117940077826482593e+04 0.000000000000000000e+00
-1.007539194057575003e+02 -1.007474162437513456e+02 2.288468562100826748e-02 1.709108104694323993e+04 0.000000000000000000e+00
-1.052984213923032257e+02 -1.052954094021588816e+02 1.534934258561723372e-02 7.039028735927723756e+04 0.000000000000000000e+00
-9.979991958714421685e+01 -9.981884443085233727e+01 1.412303088397381945e-02 1.687784809751866487e+04 0.000000000000000000e+00
-1.107256898673937684e+02 -1.107210068437894108e+02 1.608871811820042005e-02 6.972996851018222515e+04 0.000000000000000000e+00
-1.053598195265477244e+02 -1.053569744992637283e+02 1.482163242806648108e-02 6.928987583792046644e+04 0.000000000000000000e+00
-9.720660872580542389e+01 -9.719877607086259275e+01 1.461495103832081977e-02 1.658335877330220319e+04 0.000000000000000000e+00
-1.052449294782627476e+02 -1.052574396396765195e+02 1.357577598673290198e-02 6.844680237506478443e+04 0.000000000000000000e+00
-1.081256392038755365e+02 -1.081233593394667025e+02 1.673093052617032062e-02 6.803090595372077951e+04 0.000000000000000000e+00
-1.010461452935709730e+02 -1.010186802547082294e+02 2.851496890742981002e-02 1.628749228638245040e+04 0.000000000000000000e+00
-1.053500720115409450e+02 -1.053593779316389316e+02 6.820370688451163343e-03 1.621833649831614821e+04 0.000000000000000000e+00
-1.052749385260639485e+02 -1.052717864809803814e+02 1.543315237200640691e-02 6.691628597790740605e+04 0.000000000000000000e+00
-9.721631174389355579e+01 -9.720340023732978807e+01 2.285195363475591920e-02 6.651136535062886833e+04 0.000000000000000000e+00
-1.024799466201036608e+02 -1.024917294817808937e+02 1.154356954350786724e-02 1.594414861776253383e+04 0.000000000000000000e+00
-9.857055625443891245e+01 -9.866037695440199684e+01 2.828251567288053367e-02 6.585318850834069599e+04 0.000000000000000000e+00
-1.107489899906047697e+02 -1.107434564525067202e+02 1.892975404549490995e-02 6.588652720131565002e+04 0.000000000000000000e+00
-9.986728757211358243e+01 -9.986876482436599645e+01 2.696675056049787148e-02 6.549821906432676042e+04 0.000000000000000000e+00
-1.080039414463308276e+02 -1.080172970804388086e+02 9.298464993341651330e-03 1.561415823426427414e+04 0.000000000000000000e+00
-9.985894322938401046e+01 -9.987057540235726094e+01 1.339683988748556487e-02 1.553211615121258910e+04 0.000000000000000000e+00
-1.107287282489607918e+02 -1.107162046608569739e+02 1.395117079699890322e-02 6.440980725416889618e+04 0.000000000000000000e+00
-9.706655850924438766e+01 -9.707360124300357995e+01 3.426819405800007878e-02 6.404608324593274301e+04 0.000000000000000000e+00
-1.025830404247815437e+02 -1.025906792304758994e+02 8.279428270440331722e-03 1.527723791011148751e+04 0.000000000000000000e+00
-9.991105503773206920e+01 -9.991780455802776828e+01 8.449138540898109423e-03 1.519247866485042141e+04 0.000000000000000000e+00
-9.982736596610919833e+01 -9.984565133091756195e+01 1.716716281360046795e-02 6.298199670553309261e+04 0.000000000000000000e+00
-1.080347810694318866e+02 -1.080119282966032443e+02 1.429815083207505895e-02 6.264370175393220416e+04 0.000000000000000000e+00
-1.052905513443429584e+02 -1.053027868194456005e+02 6.899588591774976146e-03 1.494109653212005105e+04 0.000000000000000000e+00
-1.080112759173192387e+02 -1.080262972704254594e+02 1.110793620704635457e-02 1.486479062186076408e+04 0.000000000000000000e+00
-1.027296451974508216e+02 -1.027332447682310033e+02 1.272509205312947339e-02 1.479294532061608334e+04 0.000000000000000000e+00
-9.994154014069061986e+01 -9.990120616897539207e+01 1.524922009421009195e-02 6.131377352110821084e+04 0.000000000000000000e+00
-1.053327018410356573e+02 -1.053303604215823412e+02 8.800430053482820314e-03 1.464519752507465455e+04 0.000000000000000000e+00
-1.047637794647991996e+02 -1.050027112277911101e+02 5.679533787704882375e-02 6.073240013475054729e+04 0.000000000000000000e+00
-1.052980471672834994e+02 -1.053026428008655841e+02 1.579960459045411450e-02 6.243523566896808188e+04 0.000000000000000000e+00
-1.025471584713476858e+02 -1.025891152181777102e+02 2.641309424209991458e-02 6.209880373040841368e+04 0.000000000000000000e+00
-1.052933350177606542e+02 -1.053023001530932419e+02 1.855294263994823958e-02 6.185042523463867838e+04 0.000000000000000000e+00
-1.026433598170209791e+02 -1.026480146359351409e+02 8.511605856547829405e-03 1.427200084426059584e+04 0.000000000000000000e+00
-9.711732590531973131e+01 -9.712794506326142141e+01 1.105273779757822740e-02 1.419716127953290743e+04 0.000000000000000000e+00
-1.025057656695743589e+02 -1.025156288876169981e+02 2.212000540936905069e-02 6.095618013954198250e+04 0.000000000000000000e+00
-1.052167523239363618e+02 -1.052098505189203053e+02 1.657889862529497715e-02 6.064014447672067035e+04 0.000000000000000000e+00
-1.052441766502815170e+02 -1.052499687548408360e+02 1.850319427364875008e-02 6.032511902410721086e+04 0.000000000000000000e+00
-1.053224528445343395e+02 -1.053280965020524178e+02 5.567119136257256060e-03 1.391287680658434147e+04 0.000000000000000000e+00
-1.025525206318418867e+02 -1.025891849571584657e+02 2.433872628021633427e-02 5.970646670953170542e+04 0.000000000000000000e+00
-9.993783555274737296e+01 -9.993082751846785072e+01 1.545038435523462227e-02 5.946205795328384556e+04 0.000000000000000000e+00
-1.053596108969187952e+02 -1.053469398838250441e+02 1.186430867292275967e-02 5.915974191475799307e+04 0.000000000000000000e+00
-1.080494272167561576e+02 -1.080460483521943331e+02 1.185212102209552351e-02 5.886604283543930796e+04 0.000000000000000000e+00
-9.981392528034434974e+01 -9.984410322495470780e+01 1.320849597937047946e-02 5.856777930453131557e+04 0.000000000000000000e+00
-9.705363083630196286e+01 -9.705743597601538397e+01 1.057539654370933530e-02 2.081924138483866045e+03 0.000000000000000000e+00
-9.697531659780347013e+01 -9.702139789055847530e+01 2.047303737593235071e-02 5.805457198483126558e+04 0.000000000000000000e+00
-1.079827983806847982e+02 -1.079892416213688762e+02 9.372459441418814347e-03 1.338946699387891204e+04 0.000000000000000000e+00
-1.025008832530723168e+02 -1.025102592608195238e+02 7.482857573492892808e-03 1.332494728296929861e+04 0.000000000000000000e+00
-1.018804528563997565e+02 -1.018966392881429215e+02 3.498950253994335263e-02 5.731909346736513544e+04 0.000000000000000000e+00
-1.053237109524961141e+02 -1.053155749843376157e+02 1.259147456506167287e-02 5.704719648374683311e+04 0.000000000000000000e+00
-1.053433695986670244e+02 -1.053459283276772425e+02 1.871654761694401328e-02 5.677076600015631266e+04 0.000000000000000000e+00
-1.031361678250507907e+02 -1.031424350107362358e+02 3.448796821454469530e-02 5.649413937962884665e+04 0.000000000000000000e+00
-1.080536910867914315e+02 -1.080427146892025974e+02 1.208624150943828079e-02 5.622148519513112115e+04 0.000000000000000000e+00
-1.053264838993735850e+02 -1.053330245894559170e+02 9.550944132992600019e-03 5.595554376557109208e+04 0.000000000000000000e+00
-1.068640760675319541e+02 -1.068434920582103160e+02 1.758400436662750296e-02 1.294739458297193050e+04 0.000000000000000000e+00
-1.080545232259479178e+02 -1.080428138032304446e+02 1.170805072300196321e-02 5.553244428823043563e+04 0.000000000000000000e+00
-1.054064700981178646e+02 -1.054058880915113434e+02 1.293096055372715443e-02 5.527436248868848634e+04 0.000000000000000000e+00
-1.023647072843450871e+02 -1.022517158755071733e+02 2.664820638811498180e-02 1.278325010200530232e+04 0.000000000000000000e+00
-1.054048356003168294e+02 -1.054087139265099893e+02 9.029223895613020662e-03 1.310868815704681037e+04 0.000000000000000000e+00
-1.081163350398248326e+02 -1.081271595691043643e+02 1.069810417975685692e-02 1.304794411893457072e+04 0.000000000000000000e+00
-1.080841929597899878e+02 -1.080696781730550953e+02 1.217664859584309360e-02 5.427233546326020587e+04 0.000000000000000000e+00
-1.052666744683108107e+02 -1.052794033465599455e+02 1.044177077637991127e-02 5.402939312895749754e+04 0.000000000000000000e+00
-1.052744031555406536e+02 -1.052812679889671017e+02 6.064869037132250909e-03 1.287249119678519128e+04 0.000000000000000000e+00
-1.106732060798200337e+02 -1.106619299008985706e+02 1.686919533905702900e-02 5.355574604542046291e+04 0.000000000000000000e+00
-9.718414070252434556e+01 -9.713735514868822918e+01 2.391239512854893140e-02 5.331541998307364702e+04 0.000000000000000000e+00
-1.080089273680485178e+02 -1.080227576672050560e+02 6.884442878795071601e-03 1.273820576228313621e+04 0.000000000000000000e+00
-1.025428933712360475e+02 -1.025442198350912264e+02 8.738876662620298497e-03 1.268823654286951933e+04 0.000000000000000000e+00
-1.014396305231010587e+02 -1.014398301314478061e+02 1.422515255373420218e-02 1.263086544774134381e+04 0.000000000000000000e+00
-1.013327747985055538e+02 -1.013659904910921910e+02 2.617372821660730181e-02 5.262202598364164442e+04 0.000000000000000000e+00
-1.023782961174508443e+02 -1.023980309601176799e+02 1.777135336613885550e-02 5.242967715344255703e+04 0.000000000000000000e+00
-1.052542226973024810e+02 -1.052608564083826508e+02 9.608274933504025797e-03 1.246723613012289388e+04 0.000000000000000000e+00
-1.081032894491328307e+02 -1.080982620535220917e+02 1.500903020881798160e-02 5.200872565771295194e+04 0.000000000000000000e+00
-1.052961387285524921e+02 -1.053043811181200340e+02 1.299394804232705675e-02 5.177963461255258153e+04 0.000000000000000000e+00
-1.014480340834931127e+02 -1.014498572815561346e+02 1.219876201097942238e-02 1.230509828309509612e+04 0.000000000000000000e+00
-1.052174407076758484e+02 -1.052276974967138585e+02 8.168222108599795112e-03 1.225109878962275434e+04 0.000000000000000000e+00
-1.081100252420795158e+02 -1.081210514544191597e+02 8.407165731780111631e-03 1.220139536523299284e+04 0.000000000000000000e+00
-9.978337295419987640e+01 -9.982069280880820372e+01 2.147329985580932049e-02 5.098347049357146170e+04 0.000000000000000000e+00
-1.068171854170533805e+02 -1.067967916990257891e+02 1.695916954011622915e-02 1.210423317054420113e+04 0.000000000000000000e+00
-1.079990257272613263e+02 -1.080001270972043415e+02 5.491235100683121255e-03 1.206727863277151300e+04 0.000000000000000000e+00
-9.979525400831791160e+01 -9.981992130883605796e+01 1.345656923966824341e-02 5.048653961137029546e+04 0.000000000000000000e+00
-1.079948907719400637e+02 -1.080008536667501886e+02 5.451266288367898755e-03 1.196499666427405100e+04 0.000000000000000000e+00
-1.024815663666028485e+02 -1.025014650327644716e+02 1.781461270838297084e-02 5.008167676679225406e+04 0.000000000000000000e+00
-1.026118860890898645e+02 -1.026166405607275465e+02 5.157653809817744003e-03 1.186810682427096253e+04 0.000000000000000000e+00
-1.079981911653054567e+02 -1.079904095219142874e+02 8.744181730283838785e-03 4.969551795553887496e+04 0.000000000000000000e+00
-9.990803848095161754e+01 -9.991563243278095285e+01 1.173655584637632067e-02 4.948921007198753068e+04 0.000000000000000000e+00
-9.985175384632081830e+01 -9.985588166584234671e+01 9.500247186937722105e-03 1.172061100007095047e+04 0.000000000000000000e+00
-1.026339130705843985e+02 -1.026235116294528495e+02 2.364742487644593688e-02 4.909042994278296828e+04 0.000000000000000000e+00
-1.067910827553018720e+02 -1.068157735170642724e+02 2.555332159726681623e-02 4.889094656675252190e+04 0.000000000000000000e+00
-1.080022973114271281e+02 -1.080008455499419568e+02 8.298374527563287181e-03 4.871113463588022569e+04 0.000000000000000000e+00
-1.052678219432480375e+02 -1.052710031017735872e+02 9.716564916999967730e-03 4.851076506249309023e+04 0.000000000000000000e+00
-9.993456149953406964e+01 -9.993686015789053556e+01 9.948270081366478168e-03 1.153169079353055349e+04 0.000000000000000000e+00
-1.080271087639359138e+02 -1.080168440036796227e+02 9.503192401188255076e-03 4.814244916433695471e+04 0.000000000000000000e+00
-1.025422849705831538e+02 -1.025476871897209037e+02 6.262528471046460363e-03 1.144063913938584483e+04 0.000000000000000000e+00
-1.079696915839622449e+02 -1.079645798093265796e+02 1.094926155655561936e-02 4.780103475019611506e+04 0.000000000000000000e+00
-1.052488245606073463e+02 -1.052462228972236886e+02 1.092645877536690784e-02 4.760929962328112742e+04 0.000000000000000000e+00
-1.051998832051273780e+02 -1.052108943200656483e+02 8.900976097814723015e-03 1.130391489136793280e+04 0.000000000000000000e+00
-1.027737324418095852e+02 -1.027453240113521389e+02 1.707237865725381651e-02 4.722932732490877970e+04 0.000000000000000000e+00
-9.975061239384393730e+01 -9.976157195608594463e+01 7.243755515142207696e-03 1.122794503290200191e+04 0.000000000000000000e+00
-1.080448302691204958e+02 -1.080483587573614273e+02 5.206922757252154324e-03 1.118794061790142769e+04 0.000000000000000000e+00
-9.990503519294613000e+01 -9.991002585192525487e+01 1.222968800241861810e-02 4.673534188470260415e+04 0.000000000000000000e+00
-1.026239416475579844e+02 -1.026294151931696064e+02 8.196276523364392358e-03 4.655221614784849226e+04 0.000000000000000000e+00
-1.081265835007011873e+02 -1.081191466201798903e+02 1.116735953836224711e-02 4.637077112665290042e+04 0.000000000000000000e+00
-1.080813077048158704e+02 -1.080697985262912368e+02 8.153374478415078078e-03 4.619160813236318063e+04 0.000000000000000000e+00
-1.052757614939410189e+02 -1.052645693865838012e+02 1.471081490579052679e-02 4.601689358116632502e+04 0.000000000000000000e+00
-9.986050026304440053e+01 -9.986605576752477020e+01 1.382191389834863150e-02 4.584334827162753936e+04 0.000000000000000000e+00
-1.080039255069615365e+02 -1.080071237188911653e+02 6.351658893548989618e-03 1.089076393597980677e+04 0.000000000000000000e+00
-1.053318892341703474e+02 -1.053332801137750891e+02 4.631546733002167918e-03 1.084918692322397692e+04 0.000000000000000000e+00
-1.035062525615410607e+02 -1.035210494748431671e+02 1.226041950264456469e-02 1.635095322648994625e+03 0.000000000000000000e+00
-9.707424005445380999e+01 -9.710328193372087924e+01 1.285732056958173962e-02 4.537679492455661239e+04 0.000000000000000000e+00
-1.054243229152554022e+02 -1.054231368615073023e+02 1.322444990113992233e-02 4.523509053948285145e+04 0.000000000000000000e+00
-1.080775088191808919e+02 -1.080613184039184773e+02 1.024790234115774239e-02 4.506378791274462128e+04 0.000000000000000000e+00
-9.707240639284191275e+01 -9.704211581821752475e+01 1.646898375722243360e-02 4.490334546894254163e+04 0.000000000000000000e+00
-1.018582026622633805e+02 -1.018471264926741355e+02 1.279928918992258129e-02 1.062766731002139022e+04 0.000000000000000000e+00
-9.717284058304208827e+01 -9.718807960663481538e+01 1.844541803990132345e-02 4.459863789101954899e+04 0.000000000000000000e+00
-1.052856350113781900e+02 -1.052865793074071092e+02 1.333935735467323656e-02 4.444029032087375526e+04 0.000000000000000000e+00
-1.080524454331594058e+02 -1.080534617430112405e+02 5.030973090304763883e-03 1.051515433486789516e+04 0.000000000000000000e+00
-1.079831410048197853e+02 -1.079776517572915822e+02 1.039454022347983085e-02 4.411146703602932394e+04 0.000000000000000000e+00
-9.687565756120010008e+01 -9.690753237912950624e+01 2.253568368577412578e-02 4.394978646649335133e+04 0.000000000000000000e+00
-9.993507885002969715e+01 -9.994389345888082232e+01 1.496481517513445839e-02 4.382368655235922779e+04 0.000000000000000000e+00
-1.028713908522938851e+02 -1.029261382010911632e+02 2.000192093814508534e-02 1.037808675951417172e+04 0.000000000000000000e+00
-1.080029281710757658e+02 -1.079963255752533655e+02 8.291359313297930883e-03 4.397516697160791227e+04 0.000000000000000000e+00
-1.053098213560244858e+02 -1.052892985957164882e+02 1.122623550532769049e-02 4.381681185455284140e+04 0.000000000000000000e+00
-1.052911915311758690e+02 -1.052994954496452067e+02 6.382375079440084746e-03 1.034471925059722707e+04 0.000000000000000000e+00
-1.017492286851135646e+02 -1.017301106186560418e+02 1.424495936076700629e-02 1.030948600138782058e+04 0.000000000000000000e+00
-1.026785396522215450e+02 -1.026465489748398454e+02 1.348580437478820622e-02 4.341861407838601008e+04 0.000000000000000000e+00
-1.080308313063484036e+02 -1.080302196474341798e+02 1.002631866908381547e-02 4.329831109656729677e+04 0.000000000000000000e+00
-1.062461519990357601e+02 -1.062129847726653509e+02 8.768113524225731523e-03 1.551161269186477057e+03 0.000000000000000000e+00
-1.079364618191854106e+02 -1.079443505187600891e+02 6.175266202058555219e-03 1.023604732569466250e+04 0.000000000000000000e+00
-1.052945085573551012e+02 -1.052971661005461641e+02 1.005321629905944932e-02 4.288375344792193209e+04 0.000000000000000000e+00
-1.044278357782724385e+02 -1.044344540200038125e+02 1.550643249898990376e-02 1.016584324420648954e+04 0.000000000000000000e+00
-9.966299021867638430e+01 -9.968119392233636233e+01 1.711719090680400776e-02 4.258590728601316368e+04 0.000000000000000000e+00
-1.025469195566767411e+02 -1.025469943845334342e+02 5.454038854658948242e-03 1.009768376485159024e+04 0.000000000000000000e+00
-1.053446750478306910e+02 -1.053538494628014064e+02 5.934529584565590397e-03 1.006237748742436452e+04 0.000000000000000000e+00
-1.027306314487434094e+02 -1.027064902872068473e+02 1.227693208333256736e-02 4.216621486794047814e+04 0.000000000000000000e+00
-1.024482530091581793e+02 -1.024537784950821191e+02 7.108396891283667862e-03 9.995406709261858850e+03 0.000000000000000000e+00
-9.990268349707460516e+01 -9.990174976051265787e+01 6.808067144347790776e-03 9.961920125812595870e+03 0.000000000000000000e+00
-1.107761462687325746e+02 -1.107740145054558241e+02 6.487569126752318165e-03 9.927614691463832060e+03 0.000000000000000000e+00
-1.053706209968633374e+02 -1.053779137544390352e+02 6.331427106858768077e-03 9.893664909732446176e+03 0.000000000000000000e+00
-1.025285240239133202e+02 -1.025317464705965449e+02 4.647525129121823917e-03 9.861539595424863364e+03 0.000000000000000000e+00
-9.718080538732522200e+01 -9.718292617810271850e+01 1.172202990890253496e-02 4.135189000583522284e+04 0.000000000000000000e+00
-1.079792900677914815e+02 -1.079614905642096403e+02 1.185729738590960564e-02 4.121137110765683610e+04 0.000000000000000000e+00
-1.080517509188209573e+02 -1.080536076662677516e+02 4.536865122919584402e-03 9.770836326029391785e+03 0.000000000000000000e+00
-1.007447546628913670e+02 -1.007262078083478372e+02 2.580220376483756406e-02 4.094363440372713376e+04 0.000000000000000000e+00
-1.066656198297820595e+02 -1.066736798868002438e+02 1.366822164403252299e-02 9.707401778319672303e+03 0.000000000000000000e+00
-9.438885423074171399e+01 -9.438577432417618240e+01 1.140602045892059359e-02 9.676402458163162009e+03 0.000000000000000000e+00
-1.080068257836265389e+02 -1.080068112661188593e+02 5.297130302290249844e-03 9.644317276393519933e+03 0.000000000000000000e+00
-1.080499919025406967e+02 -1.080489526112815355e+02 7.688842933302154729e-03 4.041579909281518485e+04 0.000000000000000000e+00
-1.068316071295230500e+02 -1.069107564146257801e+02 2.493061084267535893e-02 4.028156162241611310e+04 0.000000000000000000e+00
-9.890081942857160868e+01 -9.893189981058264948e+01 1.285472283822632414e-02 9.607826783291600805e+03 0.000000000000000000e+00
-1.052084097012301669e+02 -1.052086643475345085e+02 5.876148596515514376e-03 9.604075103837971255e+03 0.000000000000000000e+00
-1.053175225620416740e+02 -1.053228686954199276e+02 1.214907323972128778e-02 4.012395392936722783e+04 0.000000000000000000e+00
-1.080726278671471334e+02 -1.080788476730839136e+02 5.025049553098853358e-03 9.541974620461469385e+03 0.000000000000000000e+00
-1.000107600221160453e+02 -1.000088181300526884e+02 1.181671099598546361e-02 3.986311245490811416e+04 0.000000000000000000e+00
-1.107798301612207865e+02 -1.107691710527723643e+02 9.348369494577785446e-03 3.973339159174085944e+04 0.000000000000000000e+00
-1.053252317236531468e+02 -1.053289410385955591e+02 5.542249912203044832e-03 3.960783878867606109e+04 0.000000000000000000e+00
-1.053300320898063660e+02 -1.053287294110127164e+02 2.381571391100009445e-03 1.445238354309226224e+03 0.000000000000000000e+00
-1.051924331237270280e+02 -1.051801491598985479e+02 1.219593040273432918e-02 3.935887241326516232e+04 0.000000000000000000e+00
-1.022555047021430710e+02 -1.022276415634589881e+02 3.458391168017110190e-02 3.923696938839721406e+04 0.000000000000000000e+00
-1.025986206814421990e+02 -1.025951634266492505e+02 4.574960902253300161e-03 1.478266873863967476e+03 0.000000000000000000e+00
-1.025292647622269016e+02 -1.025350010936264056e+02 6.262765381955266025e-03 9.362552420951920794e+03 0.000000000000000000e+00
-1.018558323622753647e+02 -1.018398593776149568e+02 1.337967222376297040e-02 9.333619510014006664e+03 0.000000000000000000e+00
-1.014210746420599634e+02 -1.014472961754391633e+02 1.812249474744623279e-02 3.878111986359649018e+04 0.000000000000000000e+00
-1.053099500794804442e+02 -1.053075156812651301e+02 7.961446275978362186e-03 3.867772565887533710e+04 0.000000000000000000e+00
-1.018834520268780608e+02 -1.018736796832646974e+02 1.981242555532988434e-02 3.855591194370263838e+04 0.000000000000000000e+00
-1.025434849489818419e+02 -1.025378656781954163e+02 7.084409160036267070e-03 9.229064139326630539e+03 0.000000000000000000e+00
-1.080787967471558062e+02 -1.080666554454783750e+02 7.412674423279265977e-03 3.833885290202769102e+04 0.000000000000000000e+00
-9.991715457391600808e+01 -9.989235755556408947e+01 1.138909602065404751e-02 3.822352254192186228e+04 0.000000000000000000e+00
-1.052096159245501212e+02 -1.052134311619375353e+02 6.571870578824449798e-03 9.150496797858346326e+03 0.000000000000000000e+00
-1.052983889098912300e+02 -1.052968981742348120e+02 9.817362672338075455e-03 3.801969487189583742e+04 0.000000000000000000e+00
-1.106786241866154796e+02 -1.106621033511956540e+02 1.124583650239632977e-02 3.790206091253367049e+04 0.000000000000000000e+00
-1.026847531372410174e+02 -1.026862961568919701e+02 4.820811168995023203e-03 9.067012225123937242e+03 0.000000000000000000e+00
-1.107222272433360217e+02 -1.107223119692224174e+02 5.248882820853711245e-03 9.039177647267491921e+03 0.000000000000000000e+00
-1.053993618621449002e+02 -1.054037765462064300e+02 5.080717058352358755e-03 9.011468295893777395e+03 0.000000000000000000e+00
-9.715525371628311291e+01 -9.711368365699998151e+01 1.529209065316805907e-02 3.745068462223767710e+04 0.000000000000000000e+00
-1.080591289597353040e+02 -1.080564306440860918e+02 8.954974598583537865e-03 3.738601765190187871e+04 0.000000000000000000e+00
-1.026537867856660569e+02 -1.026124990880355909e+02 1.104071259764121023e-02 3.727258710520065506e+04 0.000000000000000000e+00
-1.025934371968984209e+02 -1.025632273927657678e+02 1.051640716006702579e-02 3.720975107260989898e+04 0.000000000000000000e+00
-1.024698023219468439e+02 -1.024761688997471225e+02 5.855844874094228228e-03 8.883549771488062106e+03 0.000000000000000000e+00
-1.053863276794754142e+02 -1.053841039535346482e+02 4.440697136476626401e-03 1.410401933230122268e+03 0.000000000000000000e+00
-1.080114340457089526e+02 -1.080208046748809920e+02 5.126245223716297851e-03 8.835323229366767919e+03 0.000000000000000000e+00
-9.976398265655163300e+01 -9.977555269987593078e+01 8.275338702405144603e-03 8.811274871256497136e+03 0.000000000000000000e+00
-1.014100846584254469e+02 -1.014682009182795923e+02 1.727790575502919160e-02 3.670594573965606105e+04 0.000000000000000000e+00
-1.079913227710913333e+02 -1.079838543165457878e+02 5.222563147999598199e-03 8.768671879857245585e+03 0.000000000000000000e+00
-1.053063319507475200e+02 -1.053068802422540244e+02 4.301802669130278499e-03 8.744426711380401684e+03 0.000000000000000000e+00
-1.079909836260242173e+02 -1.079979855530793600e+02 3.482977295122269019e-03 8.718563954020328310e+03 0.000000000000000000e+00
-1.025283096764382691e+02 -1.025357406514961127e+02 1.033222049517309657e-02 3.636900087898458878e+04 0.000000000000000000e+00
-9.979584599954547741e+01 -9.980469192964548597e+01 8.904482542920455143e-03 8.668632039908616207e+03 0.000000000000000000e+00
-1.081050703596922347e+02 -1.081067424402297235e+02 5.670998767805793782e-03 8.645336162856661758e+03 0.000000000000000000e+00
-1.019495319816372074e+02 -1.019057892439447386e+02 1.728885134894899908e-02 3.608480369667138439e+04 0.000000000000000000e+00
-9.969956336108094774e+01 -9.970576473086401847e+01 9.319690117640080235e-03 8.604287570071131995e+03 0.000000000000000000e+00
-1.053124495189171057e+02 -1.053162089724578721e+02 9.381805794207000518e-03 3.596229365118191345e+04 0.000000000000000000e+00
-9.987542561799928365e+01 -9.987923814632073061e+01 5.560196610455653797e-03 8.557634758639529537e+03 0.000000000000000000e+00
-1.053296273621871251e+02 -1.053365449066381245e+02 1.017419209468312449e-02 3.576774991681750544e+04 0.000000000000000000e+00
-9.585793863373358192e+01 -9.587348563397165435e+01 1.731315774475803912e-02 8.508934033758761871e+03 0.000000000000000000e+00
-1.052519582906635947e+02 -1.052488789241593850e+02 2.844754413133834554e-03 1.360085634217262395e+03 0.000000000000000000e+00
-1.079981513485650169e+02 -1.079914448678539287e+02 6.537366639421276528e-03 3.548164483749931242e+04 0.000000000000000000e+00
-9.985956801457659537e+01 -9.987322008586772881e+01 9.522893317174990421e-03 3.538155403021477105e+04 0.000000000000000000e+00
-1.025108957847304225e+02 -1.025150151744190339e+02 5.662921939371932251e-03 8.418460609298697818e+03 0.000000000000000000e+00
-1.053347684216298745e+02 -1.053339628899750977e+02 2.389496460733177806e-03 1.345298501586033581e+03 0.000000000000000000e+00
-1.024640330607282408e+02 -1.024645126216305187e+02 5.142584528689861378e-03 8.371701149846538101e+03 0.000000000000000000e+00
-1.032585617163586988e+02 -1.032188434094437497e+02 1.707786750440718274e-02 3.500791207969575044e+04 0.000000000000000000e+00
-1.107624269217940309e+02 -1.107725240365265051e+02 6.456133378800558813e-03 8.327249301503588867e+03 0.000000000000000000e+00
-1.025521107330805108e+02 -1.025629520074070342e+02 7.693169963433075208e-03 3.485165235275274608e+04 0.000000000000000000e+00
-1.080705285500216917e+02 -1.080787852042707300e+02 5.747232676647313389e-03 8.283436361273812508e+03 0.000000000000000000e+00
-9.720418610620551192e+01 -9.719600158158004888e+01 8.269073099147546124e-03 8.262102788463967954e+03 0.000000000000000000e+00
-1.080780419124507716e+02 -1.080736876170342526e+02 7.910437526021050700e-03 3.456384181057227397e+04 0.000000000000000000e+00
-1.016673565497100071e+02 -1.017787378463582542e+02 2.045431978270655093e-02 3.446832152957271319e+04 0.000000000000000000e+00
-1.052551088166795239e+02 -1.052579193437211273e+02 7.162742673884400259e-03 3.467711741043936490e+04 0.000000000000000000e+00
-1.025815097632747950e+02 -1.025855804968550729e+02 4.874505881215266886e-03 8.178138238161205663e+03 0.000000000000000000e+00
-1.080037542357271576e+02 -1.080036669261205589e+02 7.121500747177448611e-03 3.449118674701776763e+04 0.000000000000000000e+00
-1.107649203849798880e+02 -1.107702820701372559e+02 5.022890358664178559e-03 8.133616324536819775e+03 0.000000000000000000e+00
-1.052484790321421144e+02 -1.052504065573274659e+02 3.963240133647635312e-03 8.112160199715669478e+03 0.000000000000000000e+00
-1.080741498653543289e+02 -1.080707011210872395e+02 6.003921284872103074e-03 3.421039008820584422e+04 0.000000000000000000e+00
-1.052902735921197888e+02 -1.052959813570607821e+02 5.727300053795261921e-03 8.069537088385366587e+03 0.000000000000000000e+00
-9.590539419593415005e+01 -9.592513421180622402e+01 1.527439559064931729e-02 8.048427135473481940e+03 0.000000000000000000e+00
-1.025576769307853908e+02 -1.025586492093734705e+02 6.397841503332645993e-03 8.035162207487899650e+03 0.000000000000000000e+00
-1.068042074244737876e+02 -1.068193542343702518e+02 1.252484331836914259e-02 3.392506284240307286e+04 0.000000000000000000e+00
-1.081128694688176637e+02 -1.081232018404716797e+02 5.670359358151035555e-03 7.997815209247201892e+03 0.000000000000000000e+00
-1.036845002731110270e+02 -1.036871936340635187e+02 1.570397184027779586e-02 7.979310416919690397e+03 0.000000000000000000e+00
-1.026944851403159902e+02 -1.026936166281366667e+02 6.545355467827968302e-03 7.957958818268457435e+03 0.000000000000000000e+00
-1.080879997730364295e+02 -1.080823678248846988e+02 6.040235794870590924e-03 7.936689420011647599e+03 0.000000000000000000e+00
-1.052955788575209652e+02 -1.053016765973287789e+02 3.280417619481300773e-03 7.916296012067630727e+03 0.000000000000000000e+00
-1.106823450740531456e+02 -1.106596162429743373e+02 9.549879437487538217e-03 3.340164104046752618e+04 0.000000000000000000e+00
-1.052802521033476779e+02 -1.052816860077646623e+02 4.817594908410008370e-03 3.332626189889203670e+04 0.000000000000000000e+00
-1.053370848596384661e+02 -1.053363378848791285e+02 3.315386285505123910e-03 7.854665601882124975e+03 0.000000000000000000e+00
-1.052782002214789685e+02 -1.052795854103522686e+02 2.852258863255739772e-03 7.833973071826877458e+03 0.000000000000000000e+00
-1.052500213274561389e+02 -1.052556068299798540e+02 5.073559561655204171e-03 7.813375157156047862e+03 0.000000000000000000e+00
-9.722980151305245045e+01 -9.719577245835756685e+01 1.419231300526052793e-02 3.297884525461225712e+04 0.000000000000000000e+00
-9.983866317178504346e+01 -9.984657375732045637e+01 5.160352423677315448e-03 7.773688842120862319e+03 0.000000000000000000e+00
-9.709657763702934119e+01 -9.707920600786466991e+01 1.040622396712351412e-02 3.284369237448064814e+04 0.000000000000000000e+00
-1.107312193922905834e+02 -1.107134086571133764e+02 7.488586533577680504e-03 3.276573289816554825e+04 0.000000000000000000e+00
-1.107805811868343540e+02 -1.107760758121623752e+02 4.058084923759506385e-03 1.280490872061551272e+03 0.000000000000000000e+00
-1.080272812261484745e+02 -1.080184754460863985e+02 8.146018227761418762e-03 3.260507823402026042e+04 0.000000000000000000e+00
-1.025518446419089003e+02 -1.025554913134970860e+02 7.504970295277908592e-03 3.252277530191551705e+04 0.000000000000000000e+00
-1.025337520296365028e+02 -1.025383321397798113e+02 5.811759211406105838e-03 3.243926884509448792e+04 0.000000000000000000e+00
-9.974043773150106063e+01 -9.974900114493560466e+01 6.604836567453782094e-03 7.638249186601531619e+03 0.000000000000000000e+00
-1.041466228578201196e+02 -1.041581085978888979e+02 9.248633311108240759e-03 7.620309125137008778e+03 0.000000000000000000e+00
-9.970460054876727440e+01 -9.966060588146309840e+01 1.864106355961627284e-02 3.225258659524007453e+04 0.000000000000000000e+00
-1.052975627642041161e+02 -1.053054542648873451e+02 3.415036618371614964e-03 7.584251531565506411e+03 0.000000000000000000e+00
-1.053949302189395638e+02 -1.054030246457423630e+02 4.016274153849243474e-03 7.566368219636247886e+03 0.000000000000000000e+00
-9.986117511891599463e+01 -9.986383022450706903e+01 1.055197419511350217e-02 3.205387144907279435e+04 0.000000000000000000e+00
-1.079923476644602260e+02 -1.079959623300512135e+02 3.194126682267527020e-03 7.529822921093394143e+03 0.000000000000000000e+00
-1.054195622109987767e+02 -1.054259124659908338e+02 5.487239206335581092e-03 7.511113866530482483e+03 0.000000000000000000e+00
-1.025715048522431090e+02 -1.025760686093383782e+02 3.416297209383545655e-03 7.493342537955644730e+03 0.000000000000000000e+00
-9.716585104306248866e+01 -9.711921217340004375e+01 1.555558518414335532e-02 3.173301864710221344e+04 0.000000000000000000e+00
-1.052985257154509071e+02 -1.052968771349005408e+02 6.485192432540385320e-03 3.170370994704028271e+04 0.000000000000000000e+00
-1.053282535334169410e+02 -1.053327271849546065e+02 7.372089655463960091e-03 3.162452347003292380e+04 0.000000000000000000e+00
-9.703639968427408746e+01 -9.705498288537178553e+01 1.066305804715484036e-02 3.154614807945430948e+04 0.000000000000000000e+00
-1.052822812395105956e+02 -1.052879649640637751e+02 4.126613934332590793e-03 7.417060296797933916e+03 0.000000000000000000e+00
-1.068716388547509837e+02 -1.068578991715837674e+02 8.480898176843788480e-03 7.399306339393023336e+03 0.000000000000000000e+00
-1.080703704196962320e+02 -1.080732821398334522e+02 3.770251725065950060e-03 7.385492086919582107e+03 0.000000000000000000e+00
-1.051795772827746021e+02 -1.051862558381806991e+02 6.829517530333384205e-03 7.367469515134886024e+03 0.000000000000000000e+00
-1.052892127762645771e+02 -1.052888440627960449e+02 3.713366120800973020e-03 7.350624553952850874e+03 0.000000000000000000e+00
-1.025611903259829347e+02 -1.025616232783316946e+02 8.475380491767891405e-03 3.109964909744123725e+04 0.000000000000000000e+00
-9.714990192793803203e+01 -9.712830729038381605e+01 1.052696894576777772e-02 3.102342453966319954e+04 0.000000000000000000e+00
-1.080181550052087402e+02 -1.080263622528128735e+02 5.033750423738466220e-03 7.306145137065807830e+03 0.000000000000000000e+00
-1.003075518590028139e+02 -1.003396835778217593e+02 1.380210367251906607e-02 7.289831917676152443e+03 0.000000000000000000e+00
-1.032103435172452066e+02 -1.032181358068923345e+02 1.021605803475715731e-02 7.291577715451672702e+03 0.000000000000000000e+00
-1.080596569318798146e+02 -1.080536929060638158e+02 6.622387711369897428e-03 3.107845960963896141e+04 0.000000000000000000e+00
-1.053090307964315286e+02 -1.053109699167457620e+02 4.427993464032515397e-03 7.259023238219447194e+03 0.000000000000000000e+00
-1.014207769369833159e+02 -1.014626088846220568e+02 1.124371724022452460e-02 3.093397884884655286e+04 0.000000000000000000e+00
-1.106619310999822261e+02 -1.106679064605945939e+02 6.416201188681496491e-03 7.224136206551297619e+03 0.000000000000000000e+00
-1.025599534326057949e+02 -1.025611933337088431e+02 6.420000673580444385e-03 7.207639192712278600e+03 0.000000000000000000e+00
-1.018485581611873272e+02 -1.018355066376968097e+02 7.109630866463545473e-03 7.190380938873027844e+03 0.000000000000000000e+00
-1.080577512866532999e+02 -1.080514196223425216e+02 5.155385461243162763e-03 3.068244909578609440e+04 0.000000000000000000e+00
-1.053531530573460486e+02 -1.053567815203397799e+02 3.844955903970241270e-03 7.160289968520682123e+03 0.000000000000000000e+00
-1.025692411186434754e+02 -1.025757781018913448e+02 4.734118581064939053e-03 7.143528245508530745e+03 0.000000000000000000e+00
-1.079752127173317291e+02 -1.079710400333935638e+02 3.575355122376306250e-03 1.182410236375868635e+03 0.000000000000000000e+00
-9.720210486461043331e+01 -9.720052784631658938e+01 6.812530241704994362e-03 7.111272767578092498e+03 0.000000000000000000e+00
-1.026329239081046438e+02 -1.026337500654958745e+02 1.963734305252246622e-03 1.177340589655058011e+03 0.000000000000000000e+00
-1.025276663786348195e+02 -1.025351179447346226e+02 9.690683263279775000e-03 3.025972777695179684e+04 0.000000000000000000e+00
-1.080766089223981936e+02 -1.080714019222707236e+02 5.736792046949800924e-03 3.018972638553467914e+04 0.000000000000000000e+00
-1.025907667527353482e+02 -1.026018753130808534e+02 7.935659183332688729e-03 3.011947157776613676e+04 0.000000000000000000e+00
-9.469839193589929494e+01 -9.462526176304028525e+01 1.364515445377511606e-02 7.030580951154621289e+03 0.000000000000000000e+00
-1.025771855518384967e+02 -1.025828543479197918e+02 3.821728891899039797e-03 7.114479521699632642e+03 0.000000000000000000e+00
-1.053617157807645555e+02 -1.053520415296967627e+02 6.336435802958274160e-03 2.993145971481361994e+04 0.000000000000000000e+00
-9.989825509492345645e+01 -9.990827759508088945e+01 7.128816153751308185e-03 2.986402529529409003e+04 0.000000000000000000e+00
-1.080530204783876655e+02 -1.080552599950521682e+02 2.835826540003815593e-03 7.066015054164465255e+03 0.000000000000000000e+00
-1.079763319110023616e+02 -1.079609204608117068e+02 7.044463194241809209e-03 2.972796766260887307e+04 0.000000000000000000e+00
