0.000000000000000000e+00 0.000000000000000000e+00
-1.025964074087581395e+02 -1.025937298314189690e+02
-1.105706062250591089e+02 -1.107125455169690724e+02
-1.053679778753731000e+02 -1.052324120242083723e+02
-1.052126206798590715e+02 -1.052407651367557122e+02
-1.080615123101782302e+02 -1.080765287612012884e+02
-1.106746343349123123e+02 -1.107216557832126256e+02
-1.025516034784372010e+02 -1.025509260070292186e+02
-1.053430706393851040e+02 -1.053481003384401617e+02
-1.053755084283948946e+02 -1.053229217715267509e+02
-1.009023160883298402e+02 -1.007877497228865167e+02
-9.739116299253217335e+01 -9.706991075723179563e+01
-1.044611041090798551e+02 -1.044240368429971113e+02
-9.999813951371029930e+01 -9.997222519107990024e+01
-1.044675690268093007e+02 -1.044627661803853158e+02
-1.018109912624078532e+02 -1.017800260287275194e+02
-1.106999420070222016e+02 -1.106913123548387716e+02
-1.053146458554992648e+02 -1.053078427514982280e+02
-9.997532517306551370e+01 -9.985049459004977734e+01
-1.025261503231390208e+02 -1.025583640520531929e+02
-1.051541333190006213e+02 -1.052150176166607451e+02
-1.080719383882553899e+02 -1.080791966208207384e+02
-1.107903997149197863e+02 -1.107713270555087064e+02
-1.062173959732042903e+02 -1.061751619675077052e+02
-1.079932548715266307e+02 -1.079972921931279757e+02
-9.878812435169008666e+01 -9.874312570435739644e+01
-1.079641995506451622e+02 -1.079692085581669971e+02
-1.081351037168480218e+02 -1.081044696583460194e+02
-9.704207930478031585e+01 -9.701819775176917915e+01
-1.080543501527122459e+02 -1.080355438955572112e+02
-1.079845588054409120e+02 -1.079981805647229578e+02
-1.107115055149710230e+02 -1.107102296526505398e+02
-1.052921558719862674e+02 -1.053148716330814381e+02
-1.054167690041509360e+02 -1.054065054614602559e+02
-9.714055400302605392e+01 -9.707873427255138665e+01
-1.025442343137156342e+02 -1.025691187050621664e+02
-1.025825440979943153e+02 -1.025780264337898018e+02
-1.053787766689034413e+02 -1.053785776412248936e+02
-1.053010797036788944e+02 -1.052984257945344950e+02
-1.079619999715482663e+02 -1.079771563447858682e+02
-1.052486688318408028e+02 -1.052470459553355511e+02
-9.976329188800066561e+01 -9.976976396841180872e+01
-1.080689920101783486e+02 -1.080704230131399584e+02
-9.715558880041514556e+01 -9.712290317285700780e+01
-1.017115126733494748e+02 -1.016705540668222767e+02
-1.024571362228376756e+02 -1.024895585927157668e+02
-1.079626349322061003e+02 -1.079734031740038915e+02
-1.024702279016056252e+02 -1.024779423035437418e+02
-9.993010855288167704e+01 -9.992172295146923489e+01
-1.080730582201293828e+02 -1.080714518093985816e+02
-1.014309647603541578e+02 -1.014300509227238365e+02
-1.054228009133517503e+02 -1.054078043861342877e+02
-1.052899094113371916e+02 -1.053011351649294625e+02
-1.080215982904332463e+02 -1.080281996606445034e+02
-1.035032965732371082e+02 -1.034726128165916776e+02
-1.008722244916957038e+02 -1.008562226496971732e+02
-1.019178526248119283e+02 -1.018632784150547650e+02
-1.027018620808306935e+02 -1.027068252774404158e+02
-9.452258823549162514e+01 -9.446483640053638453e+01
-1.024379846184296241e+02 -1.024327391060665491e+02
-1.041967897159130843e+02 -1.041970034001172394e+02
-9.976816367371108640e+01 -9.977125232972318258e+01
-1.053003218607794764e+02 -1.053124319608026411e+02
-1.053529154704411042e+02 -1.053510981980858077e+02
-1.025543193102762132e+02 -1.025580643751094385e+02
-1.080477601657298976e+02 -1.080349742006063849e+02
-1.016374336170245414e+02 -1.016410397700590664e+02
-1.026055535998065409e+02 -1.026021714538324119e+02
-9.990588889897708214e+01 -9.990799220245273204e+01
-9.720902390475413313e+01 -9.723902245307586156e+01
-1.079871637924621979e+02 -1.079944928755843137e+02
-1.080552852765008680e+02 -1.080409524979549474e+02
-1.053360629050311701e+02 -1.053320407691915079e+02
-1.025841430745733902e+02 -1.025748573836141304e+02
-1.079918492867373914e+02 -1.080007789792464905e+02
-1.027281943315863941e+02 -1.027303777579713113e+02
-9.993864324152470147e+01 -9.994785651633708312e+01
-1.044000635347683783e+02 -1.044149501188521043e+02
-1.057900818565322680e+02 -1.057875587622053644e+02
-1.080600627911296101e+02 -1.080570962111620190e+02
-1.052869103262099486e+02 -1.052871757682650866e+02
-1.107779610556738987e+02 -1.107763586197542054e+02
-1.054115134816212702e+02 -1.053967284922128300e+02
-1.026402988265288911e+02 -1.026485593204379967e+02
-1.107148292174222490e+02 -1.107233884761065354e+02
-1.053010706076793497e+02 -1.053080962337050295e+02
-1.080480831978089782e+02 -1.080465470038687812e+02
-1.026453941381311381e+02 -1.026468050330847035e+02
-1.079693596912990046e+02 -1.079690750764111158e+02
-1.080760041735430264e+02 -1.080757902855633432e+02
-1.026249803268134286e+02 -1.026372643701468661e+02
-1.026067371302826388e+02 -1.026139644450001214e+02
-1.081436583519286785e+02 -1.081290931411021745e+02
-1.026310622138513367e+02 -1.026428980028458540e+02
-1.052614206320661907e+02 -1.052752062424548427e+02
-9.695253539194007431e+01 -9.694873220091972144e+01
-1.027247918509904139e+02 -1.027123242694102458e+02
-1.005999605608541003e+02 -1.005477118898212723e+02
-1.079830672321518108e+02 -1.079797380418229551e+02
-1.052596233958341543e+02 -1.052608867357347577e+02
-1.106910111592006984e+02 -1.106974334640376298e+02
-1.080568665435447286e+02 -1.080585015642910065e+02
-9.706799387342266527e+01 -9.706991978306811575e+01
-9.973655413319582408e+01 -9.973131807780197278e+01
-1.052136207119248184e+02 -1.052165300665744638e+02
-1.061982240901511290e+02 -1.061876554791616911e+02
-9.965758902387686646e+01 -9.961453231156885124e+01
-1.024960852673050198e+02 -1.025024249771924048e+02
-9.979113628055439733e+01 -9.979947547758008852e+01
-1.107770801173055872e+02 -1.107766326246642876e+02
-9.470383602224265474e+01 -9.463972235367222652e+01
-9.714184341172908432e+01 -9.713075569842126811e+01
-1.025587381741220412e+02 -1.025641540261158156e+02
-1.080155881665797466e+02 -1.080236894039043705e+02
-1.035096240189652832e+02 -1.035117220792283774e+02
-1.107227722860908585e+02 -1.107243737660269289e+02
-1.054227015793369304e+02 -1.054087743232995535e+02
-1.026148638098699593e+02 -1.026221378970393374e+02
-1.053249986772139550e+02 -1.053240109965617819e+02
-1.053401031556281566e+02 -1.053358131075463717e+02
-1.080873039457593592e+02 -1.081009736687285852e+02
-1.052800757062226040e+02 -1.052817771838012817e+02
-9.716709292046907365e+01 -9.717956241514484361e+01
-1.053136915922868724e+02 -1.053132074110280172e+02
-1.080559341093339327e+02 -1.080582457359926423e+02
-1.035724036791058751e+02 -1.035569885316268994e+02
-1.025736948718638502e+02 -1.025805008130123213e+02
-9.874562844175726184e+01 -9.875806255896944208e+01
-1.025378690958467445e+02 -1.025425045286680756e+02
-1.025355309585033581e+02 -1.025417539410424155e+02
-1.023405091781245062e+02 -1.023038225880080887e+02
-1.052105597633089218e+02 -1.052060965176566754e+02
-1.080032576729280436e+02 -1.080082732995632568e+02
-1.053464992806029841e+02 -1.053418189873581809e+02
-1.024803969170974511e+02 -1.024808044841012844e+02
-1.025667801890263036e+02 -1.025710704707992562e+02
-1.025380318553549301e+02 -1.025390870907618250e+02
-1.081440046127423500e+02 -1.081300929779200288e+02
-9.933464386447043637e+01 -9.932890332615716034e+01
-9.986514426427555691e+01 -9.986567245313273133e+01
-9.984358452497758663e+01 -9.982336337288388961e+01
-1.107241172641067948e+02 -1.107240305132547888e+02
-1.052584771879405849e+02 -1.052606944061379579e+02
-1.052766592105171526e+02 -1.052831023114385971e+02
-1.080104948988101938e+02 -1.080135186772754139e+02
-1.079984945157203384e+02 -1.079979943068299093e+02
-1.053406074385225111e+02 -1.053340263706017765e+02
-1.025186455742520195e+02 -1.025170576913960758e+02
-9.984069248302378696e+01 -9.983822568357716420e+01
-9.440704987401259984e+01 -9.439932560626112945e+01
-1.079839587913419336e+02 -1.079845724325569023e+02
-1.080536212672149503e+02 -1.080543347692263438e+02
-8.068591191473363722e+01 4.172629370307803500e+15
-8.225275684765625000e+08 -4.096483321771296460e+01
-8.194974303144531250e+08 -4.906862722824785550e+01
-5.050027501660156250e+08 -4.520304237470383413e+01
-5.635012356953125000e+08 -5.356632090054083761e+01
-3.829254324921875000e+08 -6.478440601595839610e+01
-4.757622493691406250e+08 -4.824447233535752844e+01
-4.442027088730468750e+08 -4.974086685061034530e+01
-3.847187759804687500e+08 -4.837100243809625510e+01
-4.261355016855468750e+08 -5.096670203228396900e+01
-3.957713549355468750e+08 -6.945178153603193039e+01
-3.411100812851562500e+08 -5.054242625219483642e+01
-3.374457675957031250e+08 -5.924122316694192847e+01
-3.713257659257812500e+08 -5.865045092880227173e+01
-3.620755589765625000e+08 -5.120390282102981416e+01
-3.252193549414062500e+08 -5.418144401630038942e+01
-3.573295011074218750e+08 -4.254093403324279166e+01
-3.311219473398437500e+08 -4.961887685516686730e+01
-3.171293669609375000e+08 -5.298322482746297624e+01
-2.674558063769531250e+08 -5.042022990896121115e+01
-2.565830653554687500e+08 -6.155163962204403560e+01
-2.686029716855468750e+08 -4.589594607317910402e+01
-3.085488528945312500e+08 -5.458373154550726980e+01
-2.603462771718750000e+08 -5.850789367836477339e+01
-2.911491868867187500e+08 -8.321367179836460082e+01
-2.922228839746093750e+08 -4.831557639452447006e+01
-2.485390046972656250e+08 -5.128303846411979805e+01
-2.086047906328125000e+08 -5.221555123683004496e+01
-2.843497757031250000e+08 -4.568286407010252503e+01
-2.528023392304687500e+08 -5.506575890525823525e+01
-2.119847210878906250e+08 -5.718580120521854582e+01
-2.768476374316406250e+08 -7.092112414399940690e+01
-2.387847590683593750e+08 -5.165228360502188565e+01
-2.365855391093750000e+08 -4.755674963558109880e+01
-2.137586621914062500e+08 -4.930860657264272362e+01
-2.462187428183593750e+08 -8.453400122766036873e+01
-1.975921810371093750e+08 -5.959663036611524234e+01
-1.690723801503906250e+08 -5.118457201355184338e+01
-1.551661349843750000e+08 -5.269561628098730210e+01
-2.151741162421875000e+08 -5.520324005982891435e+01
-2.344923635917968750e+08 -4.970361617802912235e+01
-1.836733199335937500e+08 -6.109219206261290935e+01
-2.186132435683593750e+08 -5.254949472139309563e+01
-2.229347079921875000e+08 -6.430282396497318587e+01
-2.140043956718750000e+08 -4.523077242418801092e+01
-2.039276833515625000e+08 -5.110033882825276663e+01
-1.637025745507812500e+08 -5.012099407302967791e+01
-2.153100913203125000e+08 -5.921968381496239431e+01
-2.116141040117187500e+08 -5.141631692926696928e+01
-1.976572562167968750e+08 -5.299292303948263338e+01
-1.929027142558593750e+08 -5.786765527765903272e+01
-1.454642951503906250e+08 -4.655091694088002896e+01
-1.338900571289062500e+08 -5.935465476424862885e+01
-1.906665015117187500e+08 -6.600149355459093670e+01
-1.744844546328125000e+08 -5.137773582285997520e+01
-2.024006350625000000e+08 -6.876415043754083456e+01
-1.379775996269531250e+08 -6.928924460744471503e+01
-1.338320346542968750e+08 -6.860987746638259921e+01
-1.405937665312500000e+08 -5.046870526974105076e+01
-1.690172211132812500e+08 -5.441565491382947783e+01
-1.521974979921875000e+08 -7.179380920990783466e+01
-1.789371718496093750e+08 -4.846785632133672550e+01
-1.598633304179687500e+08 -6.076386424822104715e+01
-1.500178658652343750e+08 -6.134219544584922090e+01
-1.353503060371093750e+08 -5.727864901158696398e+01
-1.557480195605468750e+08 -5.581472760673540989e+01
-1.528784724394531250e+08 -4.857528355607864512e+01
-1.681660198876953125e+08 -5.130374512903145501e+01
-1.476558814189453125e+08 -6.418437669851138594e+01
-1.147682576474609375e+08 -6.599655320675616110e+01
-1.670597948105468750e+08 -6.123586803176165461e+01
-1.498317890156250000e+08 -5.154042475786033606e+01
-1.118349046269531250e+08 -6.775917270960142957e+01
-1.341089041728515625e+08 -6.073826083682183707e+01
-1.390482606455078125e+08 -6.263098745764579434e+01
-1.336952893417968750e+08 -5.058981851540394814e+01
-1.366447966953125000e+08 -5.521844836615778007e+01
-1.622689908759765625e+08 -4.985701833978063746e+01
-1.321235911572265625e+08 -5.242810151257666007e+01
-1.458771535078125000e+08 -5.781102670067566152e+01
-1.076036862890625000e+08 -4.513273640061804315e+01
-1.484725064833984375e+08 -5.516656028146987012e+01
-1.570468955292968750e+08 -5.070085224250018285e+01
-1.175168510771484375e+08 -4.823409074819599596e+01
-1.280832330292968750e+08 -5.458836374957349591e+01
-1.462474940937500000e+08 -5.369432996378811396e+01
-1.061770074677734375e+08 -4.963649874548468688e+01
-1.358536858476562500e+08 -6.815549939973000448e+01
-1.064106859472656250e+08 -6.341638391646507245e+01
-1.181811569560546875e+08 -5.179523016182847073e+01
-1.233881308251953125e+08 -4.818287823950851845e+01
-9.338853980273437500e+07 -5.851991180002267612e+01
-1.309971581201171875e+08 -5.416547869069155041e+01
-6.859754559375000000e+07 -5.873557084462335354e+01
-1.031489668994140625e+08 -4.977018110618023172e+01
-1.266999165488281250e+08 -5.822794279334783596e+01
-1.088009391347656250e+08 -6.289102987181830429e+01
-1.038042884941406250e+08 -4.742325221885946718e+01
-1.353953634375000000e+08 -5.370488757755369136e+01
-9.606132073339843750e+07 -5.568648813452374924e+01
-1.037877229941406250e+08 -7.422575209604148938e+01
-1.170990199111328125e+08 -5.336495375679182729e+01
-1.191523705595703125e+08 -5.597207426563954158e+01
-1.177906118134765625e+08 -5.115615445303518527e+01
-1.212823773583984375e+08 -4.854087769900302618e+01
-7.216661347558593750e+07 -5.614165766068990848e+01
-1.129298356298828125e+08 -5.188630283741765226e+01
-1.062546527158203125e+08 -5.525250108826107009e+01
-1.103791275664062500e+08 -4.802549757699610922e+01
-1.241726334208984375e+08 -5.563368999752313471e+01
-8.683862426171875000e+07 -6.523017265575988688e+01
-5.237738206250000000e+07 -5.920382221973240888e+01
-1.169130775595703125e+08 -5.115691769637561492e+01
-7.418351412988281250e+07 -5.539587885726677285e+01
-8.623296798437500000e+07 -6.430018073184372440e+01
-9.342216883886718750e+07 -6.287461094389264105e+01
-6.875866217773437500e+07 -6.355302925803081138e+01
-7.319525085449218750e+07 -6.376029325552109839e+01
-9.645904722656250000e+07 -4.895508124539414041e+01
-4.703646484570312500e+07 -5.040677968681130494e+01
-8.226114270703125000e+07 -5.172866704180452047e+01
-1.207510884169921875e+08 -5.271874699968609690e+01
-8.643450789550781250e+07 -4.734615063741260599e+01
-1.081433093408203125e+08 -6.681619132864766186e+01
-6.829134508300781250e+07 -7.356652147444509637e+01
-1.272978132216796875e+08 -8.511210966077329942e+01
-7.848124916210937500e+07 -5.383821526907510702e+01
-7.810049812695312500e+07 -6.409532016585937697e+01
-8.075545912695312500e+07 -5.559254859564282469e+01
-1.177035917910156250e+08 -5.712245761679836420e+01
-7.950881215917968750e+07 -5.502678476432664212e+01
-9.647945569921875000e+07 -5.123334338488601247e+01
-6.342657643847656250e+07 -5.324164895216512150e+01
-9.324862640332031250e+07 -5.539205244688808705e+01
-1.063951714492187500e+08 -7.363103309778817618e+01
-8.152184466210937500e+07 -7.645175476394672387e+01
-7.929175612402343750e+07 -5.102086727685403389e+01
-8.548108022167968750e+07 -5.207561387214492044e+01
-8.889597943652343750e+07 -5.118630403034144649e+01
-9.596052775585937500e+07 -6.870666267761778556e+01
-8.547670339355468750e+07 -4.857834743011510881e+01
-8.763048594238281250e+07 -7.128064730012026473e+01
-1.043220075195312500e+08 -6.396495978542859717e+01
-8.772429290917968750e+07 -5.788421364355130549e+01
-8.545564035156250000e+07 -5.795471144783471118e+01
-5.754095690234375000e+07 -5.772349887219510833e+01
-1.010259405048828125e+08 -5.015593843928992612e+01
-9.965562830078125000e+07 -5.215113232155483303e+01
-4.900474226464843750e+07 -5.229305674670598592e+01
-9.109278763183593750e+07 -5.043416189813464001e+01
-1.019244786923828125e+08 -5.502233891575821900e+01
-8.361873396191406250e+07 -5.698523701020644694e+01
-6.578006095312500000e+07 -5.272692332857024411e+01
-7.268908975585937500e+07 -6.085044946457414738e+01
-5.263292772070312500e+07 -6.551982504062858936e+01
-7.727179966699218750e+07 -5.246666410056405283e+01
-6.530295021093750000e+07 -5.873347427583573221e+01
-9.963199128613281250e+07 -5.652828474006005877e+01
-8.385687159667968750e+07 -4.987259717339419751e+01
-4.448720554980468750e+07 -4.572394907274048848e+01
-8.453732583300781250e+07 -6.233855059849607017e+01
-2.910007170019531250e+07 -6.294207349956027997e+01
-9.845333506640625000e+07 -5.552839712534088079e+01
-7.133686293066406250e+07 -4.707074687708748684e+01
-7.725971247363281250e+07 -6.382304627968390065e+01
-8.126499356445312500e+07 -5.385977812201085158e+01
-7.685644112792968750e+07 -5.733216885164266330e+01
-3.484958607910156250e+07 -6.504556941238011802e+01
-8.588804109375000000e+06 -6.384980812057417410e+01
-8.760113784375000000e+07 -5.206882231470013522e+01
-6.384488188964843750e+07 -5.836417634042495450e+01
-4.021117181640625000e+07 -5.457971802262557048e+01
-6.965472685644531250e+07 -5.124338431272371963e+01
-7.335325643945312500e+07 -5.781654440337230483e+01
-5.985284862011718750e+07 -5.848013264003666478e+01
-9.375840699609375000e+07 -5.147338338701108995e+01
-2.781094762988281250e+07 -5.557031674189347825e+01
-5.245285180957031250e+07 -6.598635433046543142e+01
-6.257898828515625000e+07 -5.207177594090281048e+01
-4.592341281152343750e+07 -6.186691301113635433e+01
-6.930389933496093750e+07 -5.114045330337790318e+01
-4.222730155664062500e+07 -6.803818551642926593e+01
-5.493543666015625000e+07 -5.195940569021199451e+01
-4.641111587988281250e+07 -5.491241631803320189e+01
-4.229967585253906250e+07 -6.900357066546298768e+01
-6.873497051464843750e+07 -5.052028925688455274e+01
-5.851528444921875000e+07 -6.550595707811643820e+01
-6.603414608300781250e+07 -6.449854616108261496e+01
-6.795319041796875000e+07 -7.256582408121303729e+01
-4.202237232617187500e+07 -6.698766603576378031e+01
-7.668147995996093750e+07 -5.550181113214458861e+01
-8.606655367871093750e+07 -5.363807176524243658e+01
-6.132536407421875000e+07 -5.889444243591226069e+01
-3.398565998535156250e+07 -6.537067039805394586e+01
-5.471140819726562500e+07 -6.367545053081039441e+01
-7.458308025195312500e+07 -5.078456132213277385e+01
-6.176127056933593750e+07 -5.491202799127040635e+01
-5.345480168261718750e+07 -7.340793476604108037e+01
-5.779396178613281250e+07 -6.318918442034401295e+01
-5.410146194726562500e+07 -6.956432608551587293e+01
-6.021379734667968750e+07 -6.288192862640362790e+01
-4.927811090722656250e+07 -5.516867193600743491e+01
-4.058132586816406250e+07 -5.661427819679755657e+01
-6.557115767578125000e+07 -7.815163654616137023e+01
-5.145247704785156250e+07 -5.953681447674500049e+01
-6.054600163378906250e+07 -5.645618253968165590e+01
-7.271980661328125000e+07 -7.422492474934438178e+01
-3.800000838769531250e+07 -6.219567953199841526e+01
-3.435613448535156250e+07 -6.863514950442957741e+01
-5.842104404785156250e+07 -5.645440625634100940e+01
-4.158788218945312500e+07 -6.310871679068986850e+01
-6.594847010644531250e+07 -5.537332964270702718e+01
-8.607615823730468750e+07 -5.917574125908408433e+01
-4.126743690039062500e+07 -6.277108779029682495e+01
-6.423178827832031250e+07 -5.367661665418172845e+01
-4.470116108300781250e+07 -6.086617626600732933e+01
-3.866390198828125000e+07 -4.929173509513675810e+01
-5.274441976269531250e+07 -4.739771009811088476e+01
-4.782548387597656250e+07 -5.320947925506651899e+01
-4.836496715136718750e+07 -6.424279409992804801e+01
-2.769070450000000000e+07 -4.951274621339098303e+01
-3.652829328222656250e+07 -5.416808602118110372e+01
-4.055599645800781250e+07 -4.588586990266728804e+01
-6.642999336621093750e+07 -4.958438659443519470e+01
-5.627631918847656250e+07 -6.424256441162212639e+01
-4.837588927050781250e+07 -5.024349005324837947e+01
-6.107647001074218750e+07 -5.273690824373005626e+01
-2.089891205761718750e+07 -5.604957975143316418e+01
-6.145087996093750000e+07 -7.016807932289599137e+01
-2.635643062988281250e+07 -6.427190716637601042e+01
-5.206254466015625000e+07 -4.720527331504149515e+01
-6.254363889062500000e+07 -6.072361973684462555e+01
-4.976434428515625000e+07 -5.790695310884562730e+01
-3.917533985546875000e+07 -6.361593127727736174e+01
-5.392382554492187500e+07 -6.993357572642277376e+01
-5.604934938476562500e+07 -6.874549662485820534e+01
-4.554255009570312500e+07 -6.117075732696466872e+01
-5.231298214257812500e+07 -6.095696081269285571e+01
-5.425580692675781250e+07 -4.863289716230980275e+01
-4.557300693164062500e+07 -5.769877911792994496e+01
-4.920679366796875000e+07 -5.357126905272673412e+01
-3.261271910742187500e+07 -5.546855464160082505e+01
-4.997361134472656250e+07 -5.446307842911851793e+01
-3.698271830761718750e+07 -4.792475971088379083e+01
-3.741764545117187500e+07 -4.529943945777285563e+01
-4.514505504492187500e+07 -5.516695274740793309e+01
-4.474655848730468750e+07 -5.333223082826648920e+01
-3.380554220214843750e+07 -4.971567259933274130e+01
