0.000000000000000000e+00 0.000000000000000000e+00
-9.979801839243326356e+01 -9.978664515817578717e+01
-1.023496031177370469e+02 -1.024332011470908839e+02
-9.718565720464323476e+01 -9.703999510448171861e+01
-1.016982851271147723e+02 -1.017490376051925267e+02
-9.986954692926924793e+01 -9.986810584683998115e+01
-1.004379367034534596e+02 -1.003538176498311145e+02
-9.976056747955389881e+01 -9.966401464624401285e+01
-9.731062403933179894e+01 -9.727627074061734902e+01
-1.107453949602883512e+02 -1.106905841888819566e+02
-1.026285169768320173e+02 -1.025891665663772301e+02
-9.998923380723093146e+01 -9.997392425998322096e+01
-1.107215700131094565e+02 -1.106975161844037956e+02
-1.107674269310812036e+02 -1.107450603076277105e+02
-1.042644983221242825e+02 -1.042812347402430504e+02
-1.052698043722981254e+02 -1.052722401951247946e+02
-1.021648343533399412e+02 -1.020850013893752930e+02
-1.052643737978211220e+02 -1.052406833222943732e+02
-1.054241568051510001e+02 -1.053985574164615002e+02
-9.989230510111592309e+01 -9.991433328700510685e+01
-1.026412631085915450e+02 -1.026626586033929556e+02
-9.415020143899681671e+01 -9.392557316842460580e+01
-1.025374379211124136e+02 -1.025418397773789252e+02
-1.053391698717461082e+02 -1.053599470228600268e+02
-9.872352204485122229e+01 -9.876931055017168148e+01
-1.052343160114552063e+02 -1.052651931484794403e+02
-1.025700114915001819e+02 -1.025566795045875921e+02
-1.032122953226219551e+02 -1.032218542516772573e+02
-1.053345658797309738e+02 -1.053745485240482367e+02
-1.026431788799679339e+02 -1.026158299961534368e+02
-9.982568477135740181e+01 -9.981888115238074022e+01
-1.053128902685424606e+02 -1.053030103438700706e+02
-1.025062780122211734e+02 -1.024762155325190491e+02
-1.080298354262139355e+02 -1.080487897576240073e+02
-1.053814544515294358e+02 -1.053771599445427967e+02
-9.454697734507838902e+01 -9.446439250812261434e+01
-9.979531701469382199e+01 -9.981379036210053357e+01
-1.025519059644916808e+02 -1.025533089822606456e+02
-1.018998565871085731e+02 -1.018563257003522438e+02
-1.025617412879990127e+02 -1.025351779815999720e+02
-1.053359650257216487e+02 -1.053427634653531726e+02
-1.052778908970927887e+02 -1.052788222178582771e+02
-1.026375396057443083e+02 -1.026453758287726004e+02
-1.052568454276322854e+02 -1.052535187121336975e+02
-1.079984693435695391e+02 -1.079986237097578083e+02
-1.080589156841922716e+02 -1.080736611698912242e+02
-9.687856361315894560e+01 -9.690448102398238461e+01
-1.053407953712981282e+02 -1.053507279323455776e+02
-1.080764601103909399e+02 -1.080986180019294949e+02
-1.053524379870972325e+02 -1.053559782515312833e+02
-1.052706600867903148e+02 -1.052718466730469515e+02
-1.025632933890755254e+02 -1.025617596552658597e+02
-1.025405357659090981e+02 -1.025424541018932416e+02
-1.080628002769558549e+02 -1.080730851311595870e+02
-1.040388455361261464e+02 -1.040950437150745529e+02
-1.080335012031044641e+02 -1.080396608448926656e+02
-1.052861200665337122e+02 -1.052836607253781693e+02
-1.040953608594201967e+02 -1.041113054244734570e+02
-9.976555981314891142e+01 -9.976500260369567741e+01
-1.053597899379979737e+02 -1.053633414762061875e+02
-1.106674758327061028e+02 -1.106641442963808259e+02
-1.009209644481025805e+02 -1.008781731213658048e+02
-1.052109221054856931e+02 -1.052150891564488830e+02
-1.080583090176562280e+02 -1.080532032827810696e+02
-1.053183555339542181e+02 -1.053150823909490157e+02
-1.052304774394816889e+02 -1.052375431139422233e+02
-1.080950998690149731e+02 -1.080965711989764344e+02
-1.034875352155639376e+02 -1.035159852126957674e+02
-1.080205270960728825e+02 -1.080213164936931634e+02
-9.992429267321412567e+01 -9.992831819576350938e+01
-1.053249906925009185e+02 -1.053241878960722175e+02
-1.026917377312395132e+02 -1.027052543536707390e+02
-1.080197103153445397e+02 -1.080217539284547144e+02
-1.041685017719284474e+02 -1.042081631156811028e+02
-1.053554427371522735e+02 -1.053336961021151126e+02
-1.025831730500246408e+02 -1.025856940373628419e+02
-1.052753525212480952e+02 -1.052831449192682385e+02
-1.106981093006637025e+02 -1.106913205829975908e+02
-9.998026096609358149e+01 -1.000122453022660380e+02
-1.025861498794857454e+02 -1.025865342222244010e+02
-1.053604863859786178e+02 -1.053600288280932205e+02
-1.053079338907555780e+02 -1.053108957403763952e+02
-9.976630130626652715e+01 -9.976978841604901049e+01
-1.081686680382036911e+02 -1.081736751752309118e+02
-1.106725227308667030e+02 -1.106668226031258939e+02
-1.025551535771533338e+02 -1.025658983778398010e+02
-1.053309656321687129e+02 -1.053305933447155240e+02
-1.032244406296704824e+02 -1.032236539728772300e+02
-1.052864566254417156e+02 -1.052841705331586013e+02
-1.053307620571594043e+02 -1.053331535065104987e+02
-1.080576967729851958e+02 -1.080536927145266475e+02
-1.052871255808590689e+02 -1.052843808788483102e+02
-9.922774555738179458e+01 -9.921214600604449174e+01
-9.977501380245560370e+01 -9.977306270120580223e+01
-9.903998946242251122e+01 -9.902745741898326060e+01
-1.025290172338791308e+02 -1.025337851598915222e+02
-9.428544093467415621e+01 -9.425159857529257579e+01
-9.728608920521398318e+01 -9.729550976120080463e+01
-1.053011310789487709e+02 -1.053042233867319339e+02
-1.052635143593478517e+02 -1.052559387138711173e+02
-1.052274799949276627e+02 -1.052295564420177527e+02
-1.026041060948729324e+02 -1.025836156914080703e+02
-1.052792366991704682e+02 -1.052757932928801807e+02
-1.052253098187265579e+02 -1.052250262663785492e+02
-9.922211817636413400e+01 -9.924606652657932671e+01
-1.024889941190825908e+02 -1.024846530159544358e+02
-1.080362204533064840e+02 -1.080297535632128074e+02
-1.052508378770986610e+02 -1.052529643923610081e+02
-1.026520635451822443e+02 -1.026582934719911719e+02
-9.712482901996264673e+01 -9.713403909835085415e+01
-9.996754359972051418e+01 -9.996929294283597756e+01
-9.591019671027548554e+01 -9.592113128357814844e+01
-9.987723714457155211e+01 -9.987903379040700713e+01
-1.026099525413344082e+02 -1.026116052287796947e+02
-1.025612647825228123e+02 -1.025628235618261357e+02
-1.080498918817599900e+02 -1.080490982877581274e+02
-1.080087076909802875e+02 -1.080035331584311251e+02
-1.052568702414378805e+02 -1.052603437449454589e+02
-1.014768209928335381e+02 -1.014686278396720809e+02
-1.052734535910578586e+02 -1.052720639601848092e+02
-1.023061961862098741e+02 -1.022701124067859126e+02
-1.025648158219348858e+02 -1.025678917566961559e+02
-1.031675230465585713e+02 -1.031896208422270291e+02
-1.025703895594332238e+02 -1.025737898403999537e+02
-1.025887116720036119e+02 -1.025888028328868558e+02
-9.819031010722997621e+01 -9.823140117109934977e+01
-1.053731361372337432e+02 -1.053770335539880989e+02
-1.068564406276685759e+02 -1.068316390824944619e+02
-1.052563081567031844e+02 -1.052496890401465635e+02
-1.025264509603320562e+02 -1.025184465566538989e+02
-9.996970426197205484e+01 -9.998887906707642514e+01
-1.033617386627003185e+02 -1.033622444209697875e+02
-1.080027982011608430e+02 -1.080029737135877355e+02
-1.061951963081730526e+02 -1.061798870527029948e+02
-1.052767455904965033e+02 -1.052775721054008500e+02
-1.019132614075017358e+02 -1.019143360895819796e+02
-1.024966863153501890e+02 -1.025016615815525824e+02
-1.080572224467764215e+02 -1.080564217068432953e+02
-1.025458971530304808e+02 -1.025476700019392098e+02
-1.025837289898160378e+02 -1.025869582800675914e+02
-9.983629079417205787e+01 -9.983799186823274852e+01
-1.080743185650253366e+02 -1.080726841467819810e+02
-8.026166662438897959e+01 5.938502764768556250e+14
-1.000651351757080078e+09 -3.107394368986395250e+01
-5.525625394123535156e+08 -6.079604402003656105e+01
-7.158884153671875000e+08 -4.795945085817804454e+01
-5.846029389450683594e+08 -6.229482156062751130e+01
-4.922236030317382812e+08 -6.135569122777317119e+01
-2.029012667878417969e+08 -6.053812562490791294e+01
-4.600764228137207031e+08 -3.767071255096178817e+01
-3.297481970654296875e+08 -4.685907312895523802e+01
-3.330489704047851562e+08 -5.040984876554749405e+01
-4.303130129045410156e+08 -5.221998202312886406e+01
-3.556522923381347656e+08 -6.543904602647613444e+01
-3.064289500290527344e+08 -5.559116205864038562e+01
-2.714053660795898438e+08 -5.507386619995725852e+01
-2.184024670056152344e+08 -5.066734460428750708e+01
-2.043120627463378906e+08 -5.980850990478507612e+01
-1.869410225493164062e+08 -4.389718132219443447e+01
-2.809859709846191406e+08 -4.566216199815964671e+01
-3.935738092585449219e+08 -3.292503132819870615e+01
-2.046835569943847656e+08 -3.982212713211652755e+01
-1.385226646154785156e+08 -4.648938862568709851e+01
-1.257045035498046875e+09 -3.848016930354024367e+01
-7.037554008981933594e+08 -4.391032211659877760e+01
-2.395012488210449219e+08 -5.467895128848535791e+01
-2.225638912036132812e+08 -5.845260401210913415e+01
-4.501066146096191406e+08 -4.262743796089583981e+01
-7.133413383566894531e+08 -4.282421792142420713e+01
-1.741054218154296875e+08 -4.241247517877759066e+01
-2.980553611411132812e+08 -5.411369357982849948e+01
-2.081088155795898438e+08 -4.603196395189127088e+01
-1.556093912937011719e+08 -5.142147603712884774e+01
-1.327032610551757812e+08 -4.367711824875220117e+01
-1.831867693232421875e+08 -5.450562847140067646e+01
-4.047304656970214844e+08 -4.080166031085560263e+01
-2.122087633200683594e+08 -5.435479846439235274e+01
-1.879463393801269531e+08 -6.230425718266847213e+01
-4.636662332995605469e+08 -3.934923605224867060e+01
-2.295007465471191406e+08 -4.175826817356997367e+01
-2.011453444914550781e+08 -5.788275092881764294e+01
-2.407310204990234375e+08 -5.054447078071569877e+01
-1.364627583085937500e+08 -3.985839291254654171e+01
-4.039812038840332031e+08 -6.011750037661174417e+01
-1.679028750461425781e+08 -5.476913843078910560e+01
-2.302666299965820312e+08 -6.013196404496888192e+01
-1.672444415480957031e+08 -4.690118057244834660e+01
-1.792662549230957031e+08 -5.090948137888779712e+01
-2.692342898811035156e+08 -4.122811661408004369e+01
-2.352415159240722656e+08 -4.291263310738126791e+01
-1.642081735849609375e+08 -4.698713921499742696e+01
-1.044637695854492188e+08 -3.784134985228952530e+01
-1.291170936855468750e+08 -7.458245761061586165e+01
-3.482783576911621094e+08 -6.134890382521295749e+01
-3.248520713613281250e+08 -4.982522752776910835e+01
-2.000361113986816406e+08 -7.857013662443962687e+01
-1.559856143408203125e+08 -4.662989736445382505e+01
-2.738322378928222656e+08 -5.009569991446425519e+01
-1.131706240468750000e+08 -5.025137681794639377e+01
-1.114329387207031250e+08 -5.223509261935265613e+01
-1.709230375773925781e+08 -4.386983058977602212e+01
-8.964280381469726562e+07 -3.944030429059774434e+01
-8.313995598706054688e+07 -4.205531234721819800e+01
-1.750059318566162109e+09 -3.870094244667320993e+01
-2.309786033381347656e+08 -4.012021871551930019e+01
-2.900733330666503906e+08 -4.258725404341917908e+01
-1.428543586799316406e+08 -6.838149103227402748e+01
-3.032056674060058594e+08 -5.853798419100353811e+01
-3.281201613066406250e+08 -4.528869378580093041e+01
-1.584201371013183594e+08 -4.633994142225927959e+01
-2.295812124648437500e+08 -3.914886687682111699e+01
-1.934729527612304688e+07 -5.925466182512384705e+01
-1.011960405305175781e+08 -6.780831313743945543e+01
-2.067920584975585938e+08 -5.286960876772174345e+01
-5.297543450463867188e+07 -6.627377133933832454e+01
-8.347874457519531250e+07 -4.307334500556157764e+01
-8.269786004711914062e+07 -4.714348050477461527e+01
-7.835863072827148438e+07 -5.039832058536179460e+01
-8.405026877319335938e+07 -4.315465266964372404e+01
-8.346278231250000000e+07 -5.149962821346135655e+01
-5.883231198828125000e+07 -5.397017998347080692e+01
-8.459690460620117188e+07 -3.753274525636251013e+01
-2.142936818566894531e+08 -5.181095892582722939e+01
-6.365581887304687500e+07 -4.232589186942018245e+01
-1.431349650942382812e+08 -3.999598806393922956e+01
-1.454790064785156250e+08 -5.146322535301599288e+01
-9.491268167773437500e+07 -4.485683981554397803e+01
-5.843101298803710938e+07 -4.718131025232963793e+01
-6.142516674609375000e+07 -5.241150079291227826e+01
-5.073152372705078125e+07 -3.912354161943954978e+01
-2.560848236420898438e+08 -5.443249339217945248e+01
-1.723473715097656250e+08 -6.216034737289933787e+01
-1.039387997407226562e+08 -6.026300343088517053e+01
-2.863137088623046875e+07 -5.356265345912721187e+01
-1.151294349831542969e+08 -4.477443112667526037e+01
-7.638578912402343750e+07 -5.581117140964249757e+01
-6.605193518994140625e+07 -4.883176346433790371e+01
-7.419861503784179688e+07 -6.104457228153990656e+01
-8.350280165917968750e+07 -4.660977739162387934e+01
-6.412293564746093750e+07 -4.474129305177219607e+01
-7.027058443481445312e+07 -6.094061552850134689e+01
-1.529921626662597656e+08 -7.084712916526405024e+01
-7.429127657958984375e+07 -3.730662621743174867e+01
-7.171514257592773438e+07 -7.887786094758369870e+01
-8.332069424902343750e+07 -6.231006328218749246e+01
-1.641508716372070312e+08 -5.274615862566616187e+01
-1.453176920053710938e+08 -6.202188943160414425e+01
-1.114406032460937500e+08 -5.193469819397716236e+01
-5.460543458056640625e+07 -6.306690538684608072e+01
-4.450904177587890625e+07 -6.365230126199453764e+01
-4.550141726660156250e+07 -5.611194070880474527e+01
-4.733047600878906250e+07 -4.190356923190653760e+01
-5.515261327905273438e+07 -4.260280149313848597e+01
-7.509505589575195312e+07 -6.594209536854987164e+01
-3.177752543354492188e+08 -4.329057872880710534e+01
-1.026619525161132812e+08 -8.729305956427013768e+01
-1.550544574338378906e+08 -4.589713993782454082e+01
-1.305371362824707031e+08 -5.737374059199022014e+01
-6.409172687976074219e+07 -5.528509571012084223e+01
-1.171312184022216797e+08 -5.193705571696649770e+01
-7.299026441918945312e+07 -6.472473573565491733e+01
-3.974837144213867188e+07 -4.209860621382012624e+01
-1.085403766520996094e+08 -5.459768813686312683e+01
-1.352330564176025391e+08 -4.626386563219002568e+01
-1.367513955771484375e+08 -6.292107648149849553e+01
-3.674400994299316406e+07 -4.166785550769844804e+01
-3.299861115380859375e+07 -4.546767985916277155e+01
-7.723597180969238281e+07 -5.355393792256781893e+01
-1.477659616037597656e+08 -4.013001513453859559e+01
-3.564383103674316406e+07 -4.439685404429427962e+01
-4.714256309826660156e+07 -5.750255142769776029e+01
-7.486971286547851562e+07 -5.081963113629363704e+01
-1.667103209501953125e+08 -6.547202426192447433e+01
-4.609141351452636719e+07 -6.832775304734057897e+01
-5.565937445886230469e+07 -8.130671134834290115e+01
-3.215704199755859375e+07 -4.204886359892108771e+01
-4.229406338098144531e+07 -8.445045361727230215e+01
-7.536453621630859375e+07 -4.483937906659728156e+01
-7.552640276501464844e+07 -4.560082906789696011e+01
-3.575675073168945312e+07 -5.015590870999923823e+01
-1.938681126171875000e+07 -4.808163656931253627e+01
-1.121366533291015625e+08 -6.406206533792897062e+01
-5.474755044042968750e+07 -5.781038600749436540e+01
-3.840953129504394531e+07 -5.713465513539926377e+01
-3.062878712756347656e+07 -5.240720774951186200e+01
-4.058016649755859375e+07 -6.282535208904747748e+01
-3.177192385302734375e+07 -3.839534640518036213e+01
-2.304007030664062500e+07 -6.424747133658102882e+01
-7.697143316101074219e+07 -4.087281067762885556e+01
-3.312333411242675781e+07 -5.388205196312736689e+01
-2.523751253234863281e+07 -5.071785669491262638e+01
-2.818896315185546875e+07 -4.427283601012568681e+01
-4.984259636169433594e+07 -8.002282998431552130e+01
-3.770207916296386719e+07 -7.797908411182061172e+01
-3.214183147705078125e+07 -6.695449025486495032e+01
-3.291405746582031250e+07 -5.269388616601325737e+01
-5.204595530102539062e+07 -3.964523536707139328e+01
-2.405005824902343750e+07 -4.847910547009012561e+01
-1.090970196248779297e+08 -5.647681170794000849e+01
-3.030302704492187500e+07 -5.357763972707713407e+01
-4.443662448645019531e+07 -4.667265670943282885e+01
-2.821843190808105469e+07 -6.220559634494041745e+01
-2.587416440441894531e+07 -4.735259922603437133e+01
-3.053367726660156250e+07 -6.962332304015582451e+01
-2.294799815441894531e+07 -4.139698757763690651e+01
-2.497500339538574219e+07 -4.942805636372602862e+01
-2.391521422497558594e+07 -4.587190130943758959e+01
-2.555864415112304688e+07 -6.390562790044366892e+01
-2.151372338159179688e+07 -4.824905049909195753e+01
-1.293072379088134766e+08 -4.547803299641747543e+01
-2.386956860034179688e+07 -6.906722371603162003e+01
-2.426548581347656250e+07 -5.854055039848400099e+01
-2.119532206201171875e+07 -5.502061386003322241e+01
-2.156809609960937500e+07 -4.690189866832825771e+01
-1.970294140026855469e+07 -5.485480538525659711e+01
-2.748471498388671875e+07 -4.991973515376699311e+01
-2.159166132031250000e+07 -5.516542816833693053e+01
-5.875175060021972656e+07 -5.244601477228753339e+01
-2.432474449279785156e+07 -3.455983239712679023e+01
-2.889567248632812500e+07 -7.862237809177815961e+01
-1.880325712719726562e+07 -4.668482997540252200e+01
-8.295230157727050781e+07 -4.211033058511958416e+01
-2.247228164343261719e+07 -5.344326836363687505e+01
-6.632898169152832031e+07 -4.356988244231299490e+01
-2.030743258837890625e+07 -4.713543747839884901e+01
-5.339046640637207031e+07 -4.909398643332988144e+01
-2.141432469567871094e+07 -4.481789661425848692e+01
-1.651168672875976562e+07 -5.944056639738430192e+01
-1.924186828234863281e+07 -4.914113205961960773e+01
-1.565496017517089844e+07 -5.900669098113812794e+01
-2.053266819409179688e+07 -5.525436886756963872e+01
-3.450134318041992188e+07 -4.376001340085774416e+01
-2.791872425036621094e+07 -7.661250619362085956e+01
-1.889426773596191406e+07 -4.132249308100259100e+01
-1.835227075659179688e+07 -5.098947404744695433e+01
-1.752395618969726562e+07 -4.486112149984481334e+01
-2.125333926879882812e+07 -6.410685128984697201e+01
-3.094883733801269531e+07 -5.001292893637685211e+01
-1.735671473266601562e+07 -4.329124949577464321e+01
-2.441653310510253906e+07 -8.299916193625161043e+01
-1.706765708435058594e+07 -5.686287616582558258e+01
-2.033789240075683594e+07 -6.968500814950652966e+01
-5.976669040722656250e+07 -4.476296177037956880e+01
-1.632100696777343750e+07 -4.402986754167472583e+01
-1.336800355456542969e+07 -5.689762351882552593e+01
-3.359721527758789062e+07 -4.664466112848723611e+01
-4.796101553942871094e+07 -4.307434492223259070e+01
-1.533820750976562500e+07 -4.856050033642635100e+01
-2.890536191442871094e+07 -4.385780456578571318e+01
-1.439431807446289062e+07 -3.955914731333293588e+01
-4.196867212011718750e+07 -4.280899640126899186e+01
-2.236990888342285156e+07 -4.206885641419036403e+01
-3.572592556701660156e+07 -4.579258003468933680e+01
-1.775980687426757812e+07 -6.877524410292573975e+01
-3.034097767529296875e+07 -5.180224460869285252e+01
-2.308584913293457031e+07 -4.747542703220862137e+01
-1.689645884179687500e+07 -5.131548003289750426e+01
-2.019248435742187500e+07 -4.251899474659613531e+01
-2.512294851208496094e+07 -5.852821802176825372e+01
-2.071686101000976562e+07 -7.785787058298872410e+01
-1.912251052648925781e+07 -7.884043990694496529e+01
-1.723312695959472656e+07 -5.269110934985620531e+01
-1.705184674023437500e+07 -7.601912005166616382e+01
-1.649690535766601562e+07 -6.585390084476145489e+01
-1.488079176281738281e+07 -6.208819547524757354e+01
-1.551454235693359375e+07 -5.107131550106257123e+01
-1.359705740734863281e+07 -7.586690437397960807e+01
-1.480145401855468750e+07 -4.585128522911173832e+01
-1.346438663659667969e+07 -5.547100245643063232e+01
-3.060703316699218750e+07 -4.351190474071451320e+01
-1.283012746081542969e+07 -4.769032894044361370e+01
-2.242824107299804688e+07 -4.565514643633265024e+01
-1.423143114294433594e+07 -4.505013539284760071e+01
-2.032851340075683594e+07 -5.185768589269509476e+01
-1.755407730480957031e+07 -5.013685433520482349e+01
-1.782273204345703125e+07 -5.281782767914423005e+01
-1.481241922619628906e+07 -5.314166302793592678e+01
-1.338377632092285156e+07 -4.832232374999852453e+01
-1.451591785766601562e+07 -5.279876938457282165e+01
-2.078185386010742188e+07 -6.029876229232593943e+01
-1.335494913464355469e+07 -5.207070168502257701e+01
-1.533429527941894531e+07 -4.123205984107815425e+01
-1.434500942724609375e+07 -4.397437537348331915e+01
-2.126249118798828125e+07 -5.157659355678529067e+01
-1.267255238574218750e+07 -5.179433278514375161e+01
-1.536853642175292969e+07 -6.336262758410192220e+01
-1.347126049182128906e+07 -5.485397682199211289e+01
-1.232102496984863281e+07 -5.138066549724554477e+01
-1.358268558642578125e+07 -4.315619687704776197e+01
-1.311202979211425781e+07 -4.269484294326220208e+01
-1.243217663500976562e+07 -5.870684263861438268e+01
-1.645837337072753906e+07 -7.170432281012320175e+01
-1.388845036938476562e+07 -6.562148744351902963e+01
-1.279039165698242188e+07 -6.484482115535907099e+01
-1.237004315075683594e+07 -6.579114397028966721e+01
-1.657622997912597656e+07 -5.900659193966355076e+01
-1.258587567395019531e+07 -4.293256282634224164e+01
-1.166573606250000000e+07 -5.120400140399365796e+01
-1.129057879235839844e+07 -5.141819886168109832e+01
-1.139396283703613281e+07 -7.469255950005830869e+01
