0.000000000000000000e+00 0.000000000000000000e+00 0.000000000000000000e+00 0.000000000000000000e+00 0.000000000000000000e+00
-1.026304018252587582e+02 -1.025661272159931912e+02 5.972942800844519007e-02 1.647288447677902877e+04 0.000000000000000000e+00
-1.081690347703404314e+02 -1.080143212912969801e+02 1.678959291125134978e-01 1.013002972667163122e+05 0.000000000000000000e+00
-1.023379239522737407e+02 -1.024459573801171786e+02 8.469341641505592766e-02 1.000000311557164096e+05 0.000000000000000000e+00
-9.702925238469359215e+01 -9.703546890489889165e+01 6.268555723089558329e-02 1.653992201728416330e+04 0.000000000000000000e+00
-1.025807610078950489e+02 -1.025618013588032511e+02 3.000462381279829852e-02 1.608596440463760155e+04 0.000000000000000000e+00
-1.052430853325874551e+02 -1.052879827763500344e+02 8.721407988288149005e-02 9.528804340122337453e+04 0.000000000000000000e+00
-1.078319635623948045e+02 -1.079095056637873853e+02 4.130730138838593912e-02 1.537150109397727829e+04 0.000000000000000000e+00
-1.053463696117005099e+02 -1.053229195255790529e+02 4.491132500723338250e-02 1.563565435714408341e+04 0.000000000000000000e+00
-9.706703701994288735e+01 -9.704875071976636036e+01 4.153665598399477327e-02 1.530078478253222966e+04 0.000000000000000000e+00
-1.081082714442218702e+02 -1.080585037927389607e+02 7.619986797920801080e-02 8.755218625677999808e+04 0.000000000000000000e+00
-1.079992330632083792e+02 -1.079845500117949939e+02 5.894534237310460750e-02 8.580203823163120251e+04 0.000000000000000000e+00
-9.994530610442667751e+01 -9.983908809925252115e+01 5.332501051121393137e-02 8.383514586405664159e+04 0.000000000000000000e+00
-1.053028506147267080e+02 -1.052807106179082410e+02 2.295993992080610363e-02 1.436810589195262946e+04 0.000000000000000000e+00
-1.053319674245901183e+02 -1.053289390728316448e+02 9.439329284244164439e-03 1.453294087041407465e+03 0.000000000000000000e+00
-1.052918439817834013e+02 -1.053049566634396115e+02 1.321137843215824947e-02 1.424488951053247774e+03 0.000000000000000000e+00
-1.000145355014812765e+02 -9.991823485630877144e+01 5.726052267556121234e-02 7.856929055987157335e+04 0.000000000000000000e+00
-1.030784776113873846e+02 -1.031578050575686802e+02 1.331403440336283994e-01 1.444841567536971297e+03 0.000000000000000000e+00
-1.040276421556363289e+02 -1.040982701722098511e+02 6.199706485805233508e-02 7.795854286886386399e+04 0.000000000000000000e+00
-9.968016050435849706e+01 -9.968358710506002751e+01 2.767309879920745730e-02 1.420445817016195406e+03 0.000000000000000000e+00
-9.703026639138451515e+01 -9.704561259833953102e+01 3.497574327202817440e-02 1.365884644161873257e+04 0.000000000000000000e+00
-9.973652469301769941e+01 -9.965057275569800765e+01 3.852282079671844051e-02 1.370493341746686383e+03 0.000000000000000000e+00
-1.052004423184736766e+02 -1.052178244966971619e+02 2.400292499020401787e-02 1.326372836838992953e+04 0.000000000000000000e+00
-1.080527219300323765e+02 -1.080127429656747893e+02 3.720460820436043842e-02 7.294985013399645686e+04 0.000000000000000000e+00
-1.017915518498448790e+02 -1.017431220256113704e+02 5.167694235308727124e-02 7.185507742188802513e+04 0.000000000000000000e+00
-1.080414159029456158e+02 -1.080344766497980658e+02 3.170852760673233822e-02 7.087995921872276813e+04 0.000000000000000000e+00
-1.081263524988577700e+02 -1.081231781067387061e+02 2.539489701465905136e-02 1.371088087252667037e+03 0.000000000000000000e+00
-9.722063949075442224e+01 -9.722848692700318907e+01 2.993709039151314436e-02 1.261793828784648758e+04 0.000000000000000000e+00
-1.081137393763072794e+02 -1.081226761777743235e+02 2.163717096128699863e-02 1.240819837527508935e+04 0.000000000000000000e+00
-1.107454700397400131e+02 -1.107336335363648345e+02 3.637238912692375425e-02 6.677678378470745520e+04 0.000000000000000000e+00
-1.053459417465356012e+02 -1.053424293476942921e+02 1.623471019285325015e-02 1.202254071395648862e+04 0.000000000000000000e+00
-1.052995141843271085e+02 -1.053174137622199282e+02 4.824117124058346917e-02 6.463872103807768144e+04 0.000000000000000000e+00
-1.008402761833458214e+02 -1.008633748698067762e+02 2.660524530368836571e-02 1.255754891485552434e+03 0.000000000000000000e+00
-1.025799497569528711e+02 -1.025766354355963443e+02 1.802257842007741126e-02 1.150034957557078451e+04 0.000000000000000000e+00
-1.079894565780974602e+02 -1.079974401872291594e+02 1.219448023631364286e-02 1.132471083255086342e+04 0.000000000000000000e+00
-1.080609723307428851e+02 -1.080711422539260838e+02 1.596481929136535707e-02 1.115857161094128423e+04 0.000000000000000000e+00
-1.052599338099314252e+02 -1.052541528182403567e+02 2.432539577800856695e-02 6.016105073172591801e+04 0.000000000000000000e+00
-1.026149724628987627e+02 -1.025925408154146368e+02 1.661184124592795380e-02 1.084315711544882834e+04 0.000000000000000000e+00
-1.013005842745392755e+02 -1.013484588644907944e+02 3.863448467729368313e-02 1.155632863907008414e+03 0.000000000000000000e+00
-9.994512781944308699e+01 -9.994585401685340287e+01 2.491457406401740779e-02 1.066190485994940900e+04 0.000000000000000000e+00
-1.025232394348516607e+02 -1.025078749976837997e+02 2.658574494982181638e-02 5.727956819150556839e+04 0.000000000000000000e+00
-1.081077086375517951e+02 -1.080852813550165621e+02 2.902390833531761846e-02 5.651445036847548181e+04 0.000000000000000000e+00
-1.052605972563885359e+02 -1.052624092164678871e+02 1.649923414732313784e-02 1.023386888458783869e+04 0.000000000000000000e+00
-1.079931740294152718e+02 -1.080014535595946228e+02 6.571172633756307106e-03 1.108594905155043762e+03 0.000000000000000000e+00
-1.080222496605790923e+02 -1.079886976539710304e+02 2.207397220953532038e-02 5.431186726880426431e+04 0.000000000000000000e+00
-1.004011025227313496e+02 -1.002662761391669619e+02 3.353583155287173656e-02 1.091266719337074846e+03 0.000000000000000000e+00
-1.027041728054565368e+02 -1.027124734167695124e+02 1.340372450574591791e-02 1.289406841468065977e+03 0.000000000000000000e+00
-1.052610687881589797e+02 -1.052430436719980946e+02 1.581573395499212553e-02 1.008460703807782738e+04 0.000000000000000000e+00
-1.014072821893739302e+02 -1.014428793967295945e+02 1.845061608689963981e-02 9.989662365860105638e+03 0.000000000000000000e+00
-1.107567670378681868e+02 -1.107749793962965015e+02 1.575470939193742217e-02 9.975243386926687890e+03 0.000000000000000000e+00
-1.025234288347133429e+02 -1.025371369194729851e+02 1.027248524397515739e-02 1.265389863032289895e+03 0.000000000000000000e+00
-1.080501983524301579e+02 -1.080477286742274003e+02 6.372914919746557917e-03 1.257658597073960664e+03 0.000000000000000000e+00
-1.053251974545263181e+02 -1.053187838071200702e+02 1.831334181848636236e-02 4.999649742629863613e+04 0.000000000000000000e+00
-1.079797789225267763e+02 -1.079847318737693769e+02 1.386398478529268612e-02 9.555127577649307568e+03 0.000000000000000000e+00
-1.052731607902649387e+02 -1.052632545055127764e+02 1.532398741230279679e-02 4.888037674669049011e+04 0.000000000000000000e+00
-1.079921767575413440e+02 -1.080083668915457196e+02 1.174637232216316912e-02 9.335080730222322018e+03 0.000000000000000000e+00
-1.053340041788666923e+02 -1.053300274711727837e+02 4.212672660931644254e-03 1.191337906845909401e+03 0.000000000000000000e+00
-1.107454236925812552e+02 -1.107523870398836152e+02 1.399242551178297989e-02 9.153163866836885063e+03 0.000000000000000000e+00
-1.031734909741107771e+02 -1.031814634278990752e+02 3.042502934951409402e-02 9.053665932912766948e+03 0.000000000000000000e+00
-9.997614380102511689e+01 -9.999942370749343468e+01 2.114309823850969369e-02 8.958040993978103870e+03 0.000000000000000000e+00
-1.025853776627088365e+02 -1.025850844957129340e+02 7.266854850283432747e-03 8.902184018415102400e+03 0.000000000000000000e+00
-9.395222054563292602e+01 -9.393373471120479223e+01 3.726620834909872421e-02 8.805434266829086482e+03 0.000000000000000000e+00
-1.080716020804303810e+02 -1.080758881570254744e+02 8.934455029371948451e-03 8.726508304020910145e+03 0.000000000000000000e+00
-1.080711185554697806e+02 -1.080763757127758140e+02 7.059243419803261366e-03 1.150078391011053782e+03 0.000000000000000000e+00
-1.007955144290833260e+02 -1.008191167959610368e+02 2.488070250922930562e-02 8.544663245390369411e+03 0.000000000000000000e+00
-1.053764205014184796e+02 -1.053792805582453127e+02 1.037146913419629939e-02 8.492472577570160865e+03 0.000000000000000000e+00
-1.018102857505755594e+02 -1.018017645564536195e+02 2.645874644195398903e-02 1.123057184150461580e+03 0.000000000000000000e+00
-1.080462340024397747e+02 -1.080484925748309450e+02 7.169235423862285045e-03 8.336206701394778065e+03 0.000000000000000000e+00
-1.106973960237877037e+02 -1.106964197618847408e+02 6.565227858546533214e-03 1.101272650155287010e+03 0.000000000000000000e+00
-1.000087205856390256e+02 -1.000087659559339244e+02 1.544378132306267054e-02 8.174274118128912960e+03 0.000000000000000000e+00
-1.016836835804727457e+02 -1.017771525029876898e+02 2.319727673667371093e-02 1.079381397096018418e+03 0.000000000000000000e+00
-9.703804784741744527e+01 -9.704344198269629373e+01 3.174567979869351297e-02 4.201328335541179695e+04 0.000000000000000000e+00
-1.051884869379415335e+02 -1.051907059540203306e+02 1.062746351653226853e-02 8.553578600400967844e+03 0.000000000000000000e+00
-1.080572358982312693e+02 -1.080581466157835280e+02 8.396007459476407045e-03 8.471829408275096284e+03 0.000000000000000000e+00
-1.107463738761162233e+02 -1.107527134371431288e+02 1.091851148602933017e-02 8.391147337914120726e+03 0.000000000000000000e+00
-1.080635360493362924e+02 -1.080615612576611682e+02 9.384062256967041701e-03 8.314607766962944879e+03 0.000000000000000000e+00
-9.360265048670649435e+01 -9.359261544269425315e+01 3.777087005399489689e-02 4.012161896491081279e+04 0.000000000000000000e+00
-1.001076758002787841e+02 -1.001006673220947079e+02 2.767812339903714253e-02 8.180997411917084719e+03 0.000000000000000000e+00
-1.009889625544631429e+02 -1.009887976144357680e+02 1.973070990071484898e-02 8.108175041611827510e+03 0.000000000000000000e+00
-1.080632690874654145e+02 -1.080615309802707458e+02 8.754392941530372493e-03 8.034485055387149259e+03 0.000000000000000000e+00
-9.933473664961674388e+01 -9.934801249363285081e+01 1.824600961399510876e-02 7.962209116821663883e+03 0.000000000000000000e+00
-1.080398843983160049e+02 -1.080357929334503808e+02 8.206510297367467649e-03 7.902101281055515756e+03 0.000000000000000000e+00
-1.052732181726136389e+02 -1.052622528941301141e+02 8.895359891521128007e-03 7.833679103855719404e+03 0.000000000000000000e+00
-1.081440593184373995e+02 -1.081159635695160830e+02 1.674697768353032579e-02 3.770771133594075218e+04 0.000000000000000000e+00
-1.018350274154059321e+02 -1.018347752634562653e+02 1.846400100456552923e-02 7.710061817428810173e+03 0.000000000000000000e+00
-1.052870764337738336e+02 -1.052799872921051190e+02 5.346171670323527844e-03 7.643626173659656160e+03 0.000000000000000000e+00
-1.035142238209419929e+02 -1.035055475421525841e+02 1.543625314644853606e-02 7.583158739044418326e+03 0.000000000000000000e+00
-1.107053789483295958e+02 -1.107245618578053126e+02 1.060810735796496526e-02 7.524609257266698478e+03 0.000000000000000000e+00
-1.053294433319838959e+02 -1.053297161506131800e+02 7.895743974424569017e-03 7.485230558165106231e+03 0.000000000000000000e+00
-1.080622201955063133e+02 -1.080585967250145671e+02 4.255202321293462785e-03 1.127072234915799299e+03 0.000000000000000000e+00
-1.052449234160807094e+02 -1.052457227727030897e+02 9.031919946027014770e-03 7.362750297807207062e+03 0.000000000000000000e+00
-1.080522175090506352e+02 -1.080546865107151575e+02 5.986587429262868985e-03 7.302388927440806583e+03 0.000000000000000000e+00
-1.053579040459898550e+02 -1.053538026298181762e+02 5.589408024328583989e-03 7.243280520886027261e+03 0.000000000000000000e+00
-9.689207095326440822e+01 -9.691071315022226429e+01 2.316968430812173935e-02 7.186101794039368542e+03 0.000000000000000000e+00
-1.107119789981993989e+02 -1.107238810288584716e+02 8.250296712639295510e-03 7.151805456438332840e+03 0.000000000000000000e+00
-9.720137224120021813e+01 -9.721514120461505115e+01 8.354565491380203449e-03 1.091001640829353846e+03 0.000000000000000000e+00
-9.864411207796631231e+01 -9.866497768625728781e+01 1.808978392492756673e-02 7.065044310793969998e+03 0.000000000000000000e+00
-1.079732367125801602e+02 -1.079731608947124641e+02 7.542465718035601396e-03 7.031967048989434261e+03 0.000000000000000000e+00
-1.107125280498141819e+02 -1.107239077380505563e+02 7.717303333781243974e-03 6.977439163866900344e+03 0.000000000000000000e+00
-1.079637656569874338e+02 -1.079580922424855061e+02 1.062045357352808805e-02 3.336811203763583762e+04 0.000000000000000000e+00
-1.026642631250089863e+02 -1.026622156081482444e+02 4.810026042418933181e-03 1.068676258615594861e+03 0.000000000000000000e+00
-1.080037031255768056e+02 -1.080072654143378372e+02 5.791239472582268566e-03 6.832107823783659114e+03 0.000000000000000000e+00
-1.026660289345470431e+02 -1.026643554635154487e+02 7.165236093540333639e-03 6.781453641863557095e+03 0.000000000000000000e+00
-1.025921973805151026e+02 -1.025972945465923658e+02 5.229132466756518036e-03 1.047147786247728163e+03 0.000000000000000000e+00
-1.052613842398086206e+02 -1.052514458777391440e+02 1.908597246922336468e-02 3.214477069166829824e+04 0.000000000000000000e+00
-1.031752138152427278e+02 -1.031782891546478282e+02 1.478237137854990051e-02 6.636557793302748905e+03 0.000000000000000000e+00
-1.079791272335480130e+02 -1.079847910819993757e+02 3.988456823860192339e-03 1.031838254762928955e+03 0.000000000000000000e+00
-1.024419595484805399e+02 -1.024333099657645505e+02 1.863387244089938569e-02 3.147716615495116639e+04 0.000000000000000000e+00
-1.013811639990155697e+02 -1.013928225045384863e+02 1.465637833950987623e-02 6.494467649471200275e+03 0.000000000000000000e+00
-1.053852873339143343e+02 -1.053785949035751628e+02 7.924038069489372157e-03 6.454846412026463440e+03 0.000000000000000000e+00
-1.080175087281575230e+02 -1.079942002015676934e+02 1.251877846498866166e-02 3.088083819612296429e+04 0.000000000000000000e+00
-1.025501607160282589e+02 -1.025474986918733435e+02 8.128580704162788675e-03 6.367010753461222521e+03 0.000000000000000000e+00
-1.080738351430387922e+02 -1.080771048206444362e+02 6.137143357214590658e-03 6.322939401906159219e+03 0.000000000000000000e+00
-1.041985032129563109e+02 -1.042151970015211759e+02 1.127864016752463949e-02 6.279796969264745712e+03 0.000000000000000000e+00
-1.081234344023415161e+02 -1.081245904996956710e+02 7.509578518965355325e-03 6.251293919656952312e+03 0.000000000000000000e+00
-1.080741874182838558e+02 -1.080798378518354639e+02 5.768410590186098634e-03 6.208624074039984407e+03 0.000000000000000000e+00
-1.054170062941115873e+02 -1.054102209660123322e+02 8.158141902562882769e-03 6.168552828346575552e+03 0.000000000000000000e+00
-9.996626872924690588e+01 -9.995356233747712338e+01 8.780845532986546187e-03 6.129147291511127150e+03 0.000000000000000000e+00
-1.052666372457372290e+02 -1.052522724070428097e+02 1.322476509368430801e-02 2.933000546420512910e+04 0.000000000000000000e+00
-1.052835073369778485e+02 -1.052716887056963344e+02 1.248154836850201566e-02 2.914759295829148323e+04 0.000000000000000000e+00
-1.052889134859924525e+02 -1.052802392668112930e+02 6.550931790687906930e-03 6.016915201687090303e+03 0.000000000000000000e+00
-1.053510679300135280e+02 -1.053249423744193933e+02 9.202733653068289818e-03 2.877307704231399111e+04 0.000000000000000000e+00
-1.080472768605648923e+02 -1.080165273060371618e+02 1.194589775141140058e-02 2.862868664070888553e+04 0.000000000000000000e+00
-1.107780674679306685e+02 -1.107656866768264905e+02 1.117155886915556680e-02 2.850034288757100876e+04 0.000000000000000000e+00
-9.992311753172964472e+01 -9.991662203076141680e+01 9.309465987026871100e-03 9.389038579129043001e+02 0.000000000000000000e+00
-1.080604770916239943e+02 -1.080587823034779262e+02 2.959182570644666374e-03 9.340539724407568656e+02 0.000000000000000000e+00
-1.053429651136176091e+02 -1.053484480338119482e+02 7.798409813474614129e-03 5.813836218497182017e+03 0.000000000000000000e+00
-1.053097378835282427e+02 -1.053048910009981682e+02 7.809085787676145994e-03 5.778505302090769874e+03 0.000000000000000000e+00
-1.053694928219896525e+02 -1.053645102936362008e+02 4.885495812421761057e-03 5.743572319195377531e+03 0.000000000000000000e+00
-1.052760275018805345e+02 -1.052757294934813928e+02 4.011077238183026299e-03 5.708915869007772017e+03 0.000000000000000000e+00
-1.080712831051887690e+02 -1.080680925486854846e+02 7.024931669155559839e-03 5.673473993452927061e+03 0.000000000000000000e+00
-1.080812301046519082e+02 -1.080772591411394501e+02 5.767658771465822808e-03 5.639089600603329018e+03 0.000000000000000000e+00
-1.053463438897610587e+02 -1.053496483360886629e+02 6.139487090361904487e-03 5.605420918548219561e+03 0.000000000000000000e+00
-1.080629777184148281e+02 -1.080615660306201704e+02 5.812177440995501369e-03 5.571758301538696287e+03 0.000000000000000000e+00
-1.041408493860729720e+02 -1.041413086654723941e+02 1.062717723081615072e-02 5.538049012825041245e+03 0.000000000000000000e+00
-9.912514711361400543e+01 -9.914050219296134969e+01 1.513598491662792277e-02 5.504657207835290137e+03 0.000000000000000000e+00
-1.025180590588343819e+02 -1.025173729649846734e+02 1.283649347462721343e-02 2.644909597771380504e+04 0.000000000000000000e+00
-1.068439358219783202e+02 -1.068423700550432898e+02 2.016771087577959656e-02 2.629168662860048426e+04 0.000000000000000000e+00
-1.107617478180625881e+02 -1.107720456729569918e+02 6.032401941281528152e-03 5.437342277914914121e+03 0.000000000000000000e+00
-1.053848520697156630e+02 -1.053694449841723895e+02 9.929054528994849319e-03 2.599337090933994477e+04 0.000000000000000000e+00
-9.926717956896057160e+01 -9.925201757385923429e+01 1.014230781656316228e-02 8.572126481471098032e+02 0.000000000000000000e+00
-1.027073523164877003e+02 -1.026843344351987355e+02 1.214604945711762925e-02 2.571251595905294380e+04 0.000000000000000000e+00
-1.032314866970826159e+02 -1.032197179577927102e+02 1.314859208598255676e-02 5.321516934536747613e+03 0.000000000000000000e+00
-1.080616348809662952e+02 -1.080587822079482976e+02 2.702025747833019294e-03 8.516167999906358546e+02 0.000000000000000000e+00
-1.053915782362808926e+02 -1.053870973068509187e+02 3.377820881084975073e-03 8.472961886423081523e+02 0.000000000000000000e+00
-1.080576561069476753e+02 -1.080559360919726686e+02 3.456851096251780785e-03 5.238639147956347188e+03 0.000000000000000000e+00
-1.080534731143558815e+02 -1.080379259545964317e+02 9.025743308514322730e-03 2.502008769521757131e+04 0.000000000000000000e+00
-1.053300204692153557e+02 -1.053126568385433899e+02 9.504608058454679792e-03 2.489265315932255180e+04 0.000000000000000000e+00
-1.025544592966081865e+02 -1.025469631132797730e+02 6.006741549508874504e-03 5.154222403455499261e+03 0.000000000000000000e+00
-1.053372056622808941e+02 -1.053349081716280011e+02 5.221178600593265155e-03 5.128494438009155601e+03 0.000000000000000000e+00
-1.080374694435375034e+02 -1.080132200501371784e+02 9.874512913778178344e-03 2.449796648411518254e+04 0.000000000000000000e+00
-1.079137005994282532e+02 -1.079124128055629086e+02 7.460628282671077048e-03 5.072461523904390560e+03 0.000000000000000000e+00
-1.025122831126716676e+02 -1.025055983346245654e+02 1.249058467696760599e-02 2.426546494901706319e+04 0.000000000000000000e+00
-1.014534213864904899e+02 -1.014906450238673301e+02 1.020179706561205255e-02 5.017788421800130891e+03 0.000000000000000000e+00
-9.855001646087356448e+01 -9.856492733008839480e+01 1.055169838344214434e-02 5.051039327653396867e+03 0.000000000000000000e+00
-1.013380669676521677e+02 -1.013701223589146281e+02 1.068272998119473155e-02 5.034623665535732471e+03 0.000000000000000000e+00
-1.079666457055947859e+02 -1.079661008315940620e+02 5.757457846465289901e-03 5.051408575322957404e+03 0.000000000000000000e+00
-9.706592619791879883e+01 -9.708271319081433148e+01 1.042218538039583510e-02 5.024561008723751911e+03 0.000000000000000000e+00
-1.054053678947272772e+02 -1.053900788159842534e+02 9.258853420798672865e-03 2.376982050209669978e+04 0.000000000000000000e+00
-1.051813193452463366e+02 -1.051849617653775937e+02 7.207996245747598854e-03 4.985655045871907532e+03 0.000000000000000000e+00
-1.107484222354947292e+02 -1.107527484567613243e+02 5.748429355659851608e-03 4.960457562922363650e+03 0.000000000000000000e+00
-1.053693403255789605e+02 -1.053635201324925532e+02 4.979736118360806631e-03 4.935385837250932127e+03 0.000000000000000000e+00
-1.053342774049257571e+02 -1.053337388140197959e+02 2.981832317853127731e-03 7.865241636352208161e+02 0.000000000000000000e+00
-1.052541013233759912e+02 -1.052576737848156370e+02 2.399130820604803479e-03 7.824583120424662184e+02 0.000000000000000000e+00
-1.026771035113379753e+02 -1.026492362650855910e+02 1.096472368343378440e-02 2.308629769589558055e+04 0.000000000000000000e+00
-1.053714030252236711e+02 -1.053603974639471232e+02 6.581431317243511409e-03 4.841987786023734770e+03 0.000000000000000000e+00
-1.080488476327662113e+02 -1.080517870035188679e+02 3.720121633122314836e-03 4.822855209579577604e+03 0.000000000000000000e+00
-1.052784528026632813e+02 -1.052774662283687377e+02 2.086948499405910217e-03 7.686188564171351345e+02 0.000000000000000000e+00
-1.053003337062834674e+02 -1.052945616713962806e+02 5.321518225430997562e-03 4.774935464321501058e+03 0.000000000000000000e+00
-1.001882630730035117e+02 -1.002223661875251395e+02 2.783538497510950477e-02 2.255246096298374323e+04 0.000000000000000000e+00
-1.053392599080837613e+02 -1.053210129677920577e+02 7.748838336018104914e-03 2.248405759956342808e+04 0.000000000000000000e+00
-1.052225199363931267e+02 -1.052103534123648529e+02 1.364513842908199326e-02 2.238909269972217589e+04 0.000000000000000000e+00
-1.080556056603867603e+02 -1.080575325633025585e+02 3.511247528526181046e-03 4.702733108809887199e+03 0.000000000000000000e+00
-1.107702514833029426e+02 -1.107765996227053620e+02 4.963144313625746096e-03 4.679837397267154302e+03 0.000000000000000000e+00
-9.990641438854828493e+01 -9.989197200730723125e+01 1.035544942104088886e-02 4.658775051698402422e+03 0.000000000000000000e+00
-1.052926410106850597e+02 -1.052890335028001232e+02 4.197210066908531496e-03 4.642406075533027433e+03 0.000000000000000000e+00
-9.982231285798476961e+01 -9.982230548278906213e+01 5.684644760214152027e-03 4.620671754643156419e+03 0.000000000000000000e+00
-1.079942028006185950e+02 -1.079937585267140889e+02 4.001119894399370568e-03 4.598458518024247496e+03 0.000000000000000000e+00
-1.026534740466609037e+02 -1.026487735430390416e+02 2.761774774022772352e-03 7.813910670376462804e+02 0.000000000000000000e+00
-1.080220919452095956e+02 -1.080236665555931381e+02 4.439607947911790656e-03 4.555100898973375479e+03 0.000000000000000000e+00
-1.043351507098421536e+02 -1.043816418104833730e+02 2.028979377376999987e-02 2.145624770402699141e+04 0.000000000000000000e+00
-1.054215459764445200e+02 -1.054172785045631713e+02 5.301340188111758681e-03 4.598554609372930827e+03 0.000000000000000000e+00
-9.973891291094872713e+01 -9.973690251105355742e+01 6.918263548641224482e-03 4.577379877135537754e+03 0.000000000000000000e+00
-1.107621418637946391e+02 -1.107721092708183619e+02 4.802351182613378254e-03 4.556111915359134400e+03 0.000000000000000000e+00
-9.716944596802291301e+01 -9.716423172743522230e+01 9.602314979556443586e-03 4.539151105123931302e+03 0.000000000000000000e+00
-9.977879794473918196e+01 -9.978907333403745383e+01 7.324264173693714394e-03 4.519192735110927060e+03 0.000000000000000000e+00
-1.026368396202891233e+02 -1.026276338110078541e+02 1.084802785299187645e-02 2.097492867873322393e+04 0.000000000000000000e+00
-1.024796935780092753e+02 -1.024759759075796808e+02 4.299048128136599180e-03 4.482316488765196482e+03 0.000000000000000000e+00
-1.080796877443057582e+02 -1.080772534418112230e+02 4.421565261921778234e-03 4.462408306099078800e+03 0.000000000000000000e+00
-1.041388127491853908e+02 -1.041561288612139720e+02 9.510648660612497016e-03 4.442384552485030326e+03 0.000000000000000000e+00
-9.188309053904400514e+01 -9.186172252942331795e+01 1.536898175325944645e-02 2.065883297422743999e+04 0.000000000000000000e+00
-1.040826088972947474e+02 -1.041156080847418224e+02 1.660658947943322028e-02 2.058481150256639376e+04 0.000000000000000000e+00
-1.080060808185386065e+02 -1.080020142696116352e+02 3.663147151807240667e-03 4.395487112234597589e+03 0.000000000000000000e+00
-1.080558520193144716e+02 -1.080531945480051093e+02 3.219663803084652810e-03 4.376720262377390100e+03 0.000000000000000000e+00
-9.988497786568119352e+01 -9.987685294801158875e+01 5.077960943517421596e-03 4.357612816300961640e+03 0.000000000000000000e+00
-1.053183867610106148e+02 -1.053197852378571753e+02 2.750743990506651030e-03 7.699021855066963553e+02 0.000000000000000000e+00
-1.079955438085953858e+02 -1.079974526618953377e+02 3.718945897366693950e-03 4.322816337482556264e+03 0.000000000000000000e+00
-1.079930477746989084e+02 -1.079807850067215469e+02 1.106987599530701374e-02 2.010296806207688132e+04 0.000000000000000000e+00
-1.054075334742445165e+02 -1.054046845076796757e+02 4.293098165454283487e-03 4.290515298362113754e+03 0.000000000000000000e+00
-1.018179467705490993e+02 -1.018071314430545442e+02 9.272023347633776696e-03 4.272077078869714569e+03 0.000000000000000000e+00
-1.008510785761328634e+02 -1.008534503687245945e+02 1.378344637641417021e-02 1.986033829358796720e+04 0.000000000000000000e+00
-1.080666086295349118e+02 -1.080482295101872268e+02 7.651289452330799906e-03 1.977490252194162531e+04 0.000000000000000000e+00
-1.045035412432175406e+02 -1.044949091955365219e+02 8.237702007759232017e-03 4.226709423241491095e+03 0.000000000000000000e+00
-9.984810468066525857e+01 -9.984183827077372086e+01 1.087219362581019234e-02 1.962041155799349508e+04 0.000000000000000000e+00
-1.027451530394335322e+02 -1.027375401941976918e+02 6.876530240908195792e-03 4.197807912710075470e+03 0.000000000000000000e+00
-1.053080052473378316e+02 -1.052992550829646774e+02 6.555735294352344616e-03 4.181324507803194138e+03 0.000000000000000000e+00
-1.052684848869133845e+02 -1.052651252615766992e+02 4.165537303209287077e-03 4.166619884633592847e+03 0.000000000000000000e+00
-1.053550710648024449e+02 -1.053555614248907801e+02 2.920026908652252010e-03 4.149642639941688685e+03 0.000000000000000000e+00
-1.052165825217017101e+02 -1.052176912922520273e+02 5.378280686336067880e-03 4.132278744704672135e+03 0.000000000000000000e+00
-1.079576474243956881e+02 -1.079338681700966589e+02 8.532497203909521211e-03 1.914172011608680259e+04 0.000000000000000000e+00
-1.027404483504105457e+02 -1.027216668940560851e+02 7.452446763750572925e-03 4.098508866397784004e+03 0.000000000000000000e+00
-9.701918378523239994e+01 -9.702931481264728575e+01 8.312401112112085752e-03 7.433296991751205951e+02 0.000000000000000000e+00
-1.079689667616164428e+02 -1.079705940249163802e+02 5.254595273654322218e-03 4.091771379976100434e+03 0.000000000000000000e+00
-1.080513552679756231e+02 -1.080549315074321868e+02 3.082554396256466378e-03 4.075084272154546852e+03 0.000000000000000000e+00
-9.907860829971784256e+01 -9.908239044077238589e+01 1.192380688222230249e-02 4.058898046534234709e+03 0.000000000000000000e+00
-9.979507025144744148e+01 -9.979783281231260617e+01 5.294432444988332598e-03 4.042877733776953391e+03 0.000000000000000000e+00
-1.025340496734831106e+02 -1.025287266011382314e+02 6.959552120139907497e-03 1.868185013867433008e+04 0.000000000000000000e+00
-1.025215100713651708e+02 -1.025175411461510038e+02 3.625073859901515368e-03 7.299826059871927555e+02 0.000000000000000000e+00
-9.721261137892726367e+01 -9.722245546600890975e+01 6.217769859584687010e-03 4.000768781023818065e+03 0.000000000000000000e+00
-1.081246870534430826e+02 -1.081259747642039457e+02 4.998036742620773007e-03 3.988017993570357703e+03 0.000000000000000000e+00
-1.080865621753645769e+02 -1.080801887939386319e+02 3.292966096750983129e-03 7.220010690965114009e+02 0.000000000000000000e+00
-9.968753828940702988e+01 -9.971289571934717344e+01 1.128320303588446413e-02 3.957241659136274848e+03 0.000000000000000000e+00
-9.917296938706547849e+01 -9.916998327635856469e+01 7.026440617976725464e-03 3.964248896383868214e+03 0.000000000000000000e+00
-1.053120947766992401e+02 -1.053128651366821060e+02 3.744928414383860357e-03 3.949166020539433248e+03 0.000000000000000000e+00
-1.026830067602685261e+02 -1.026641184721757156e+02 1.032456824477652121e-02 1.812508078350514552e+04 0.000000000000000000e+00
-1.080726397886577672e+02 -1.080774602514637763e+02 3.325347458536503237e-03 3.918950581053737551e+03 0.000000000000000000e+00
-1.052892329898810431e+02 -1.052812484951574135e+02 3.520830512098905782e-03 3.904630794521718144e+03 0.000000000000000000e+00
-1.107133474700113283e+02 -1.107245837507064010e+02 4.672526604045872979e-03 3.892146123976280705e+03 0.000000000000000000e+00
-1.080588611580925118e+02 -1.080593242820591371e+02 2.226256916732565535e-03 7.070388105055308188e+02 0.000000000000000000e+00
-1.026066491451114757e+02 -1.026079140231636444e+02 1.909371593991073110e-03 7.042940802367126025e+02 0.000000000000000000e+00
-1.024862506714216153e+02 -1.024851924061482151e+02 4.382343590465239552e-03 3.852977900087358194e+03 0.000000000000000000e+00
-1.022735279266318997e+02 -1.021482859299730706e+02 1.151222591391299656e-02 3.838315645664271869e+03 0.000000000000000000e+00
-1.080212897514607278e+02 -1.080240021350811759e+02 4.029386083753631886e-03 4.267673601715679979e+03 0.000000000000000000e+00
-1.026825441860249981e+02 -1.026627441801528136e+02 7.980210792023790037e-03 1.787432526601900463e+04 0.000000000000000000e+00
-1.053661372420663866e+02 -1.053644275399468455e+02 3.150884738598975447e-03 4.236211737562370217e+03 0.000000000000000000e+00
-1.040501510961277774e+02 -1.040597424783689746e+02 6.483489819643586775e-03 4.220362661419423603e+03 0.000000000000000000e+00
-1.081039984232271394e+02 -1.080986146332549538e+02 4.447092339242458489e-03 4.207235196007237391e+03 0.000000000000000000e+00
-1.008390825859170548e+02 -1.008310449843604744e+02 1.444879677218009403e-02 1.764991572353355878e+04 0.000000000000000000e+00
-9.989702034066409908e+01 -9.990967296381251117e+01 5.205527434830038887e-03 4.188829092164098256e+03 0.000000000000000000e+00
-1.013891385098287543e+02 -1.014172597254039658e+02 1.168295528353449804e-02 1.752409022664346776e+04 0.000000000000000000e+00
-1.106555520013470044e+02 -1.106684964455922824e+02 5.798435287752460102e-03 4.181786444416881750e+03 0.000000000000000000e+00
-1.040833722695406038e+02 -1.041091891889354741e+02 6.745315123151619970e-03 4.172134634883033868e+03 0.000000000000000000e+00
-1.068353393866362921e+02 -1.068455943993030388e+02 7.226310346966661677e-03 4.178537169584001276e+03 0.000000000000000000e+00
-1.026504561951549164e+02 -1.026506299919707033e+02 4.286170335624714389e-03 4.166091222033489430e+03 0.000000000000000000e+00
-1.025759197858499476e+02 -1.025470616337874787e+02 8.090650777167862628e-03 1.726383279089882126e+04 0.000000000000000000e+00
-9.706245085895345426e+01 -9.707414610194483373e+01 8.129637253953665710e-03 4.142536901128519276e+03 0.000000000000000000e+00
-1.053438085566358353e+02 -1.053487523099819185e+02 4.613171396870033476e-03 4.131531872911143182e+03 0.000000000000000000e+00
-1.080789327822897690e+02 -1.080656507688473766e+02 5.324819776638203134e-03 1.711697967898712886e+04 0.000000000000000000e+00
-1.107184494910155053e+02 -1.107279486249118179e+02 4.240625827920323047e-03 4.103297727392932757e+03 0.000000000000000000e+00
-1.066396519888930357e+02 -1.066687322640348725e+02 1.009915976526158318e-02 4.091611420266463483e+03 0.000000000000000000e+00
-1.026080612797573082e+02 -1.025986791586087747e+02 6.477415628589340557e-03 1.699182339458163551e+04 0.000000000000000000e+00
-1.107712435651710621e+02 -1.107772817484263754e+02 3.795348701452224468e-03 4.085764013528740634e+03 0.000000000000000000e+00
-1.014331737288598703e+02 -1.014392391546499255e+02 6.103857194274232845e-03 4.072521112869174431e+03 0.000000000000000000e+00
-1.107649536592353314e+02 -1.107743141245960175e+02 4.668019901327250497e-03 4.058830118185515857e+03 0.000000000000000000e+00
-1.052831039978094623e+02 -1.052854098423249098e+02 2.975066983255447283e-03 4.047507664038352232e+03 0.000000000000000000e+00
-1.107524741008263476e+02 -1.107527477119037655e+02 4.048273535207866543e-03 4.033510352881894050e+03 0.000000000000000000e+00
-1.081239491501954859e+02 -1.081242838955203069e+02 2.618327243635149969e-03 9.214962556645933773e+02 0.000000000000000000e+00
-1.041379634860304435e+02 -1.041377180030343936e+02 7.186861828489709246e-03 4.005868391331595831e+03 0.000000000000000000e+00
-1.080925444946724099e+02 -1.080834234359520849e+02 4.328422844782888780e-03 3.992022457284248048e+03 0.000000000000000000e+00
-1.052821672590921906e+02 -1.052839511253279738e+02 3.313708428288950590e-03 3.980987084245932238e+03 0.000000000000000000e+00
-9.709592073812227397e+01 -9.708937521768810086e+01 1.293407734222475070e-02 1.646306580976346595e+04 0.000000000000000000e+00
-1.017590005034058720e+02 -1.017851106523181102e+02 7.597015094409952443e-03 3.953866567594941898e+03 0.000000000000000000e+00
-1.080667017276234958e+02 -1.080557762664479355e+02 6.352152334282566704e-03 1.637513034821497422e+04 0.000000000000000000e+00
-1.080125173101279188e+02 -1.079933572051242692e+02 4.878579224526108718e-03 1.632332948931281317e+04 0.000000000000000000e+00
-1.041954157687013094e+02 -1.042054845373334331e+02 7.555994683704136614e-03 3.933805942117326595e+03 0.000000000000000000e+00
-1.025512595460114937e+02 -1.025503474278000624e+02 5.551269157835783674e-03 3.922693593362399952e+03 0.000000000000000000e+00
-1.080280818999110011e+02 -1.080143147513079356e+02 5.643997982233518902e-03 1.617176398625020738e+04 0.000000000000000000e+00
-1.080577970896321460e+02 -1.080551378411470580e+02 2.697190017677863864e-03 3.896379594284431732e+03 0.000000000000000000e+00
-1.106586995225889893e+02 -1.106685322613826656e+02 5.096706375397584872e-03 3.883605377347530975e+03 0.000000000000000000e+00
-9.987532418262604494e+01 -9.987764192413001751e+01 4.288125250569583581e-03 3.873709846605832354e+03 0.000000000000000000e+00
-1.042706698085742261e+02 -1.042534818555059815e+02 9.239590301545369186e-03 8.831848100465118705e+02 0.000000000000000000e+00
-1.080468847179143523e+02 -1.080504759782805593e+02 2.863033288953687871e-03 3.881927500551048524e+03 0.000000000000000000e+00
-9.704728051727950344e+01 -9.705515327426715544e+01 7.325982987333106745e-03 3.869474024576583815e+03 0.000000000000000000e+00
-1.025615334962844827e+02 -1.025446963605130293e+02 5.055161143186467747e-03 1.584613333885410975e+04 0.000000000000000000e+00
-1.026594865712555702e+02 -1.026618842310813875e+02 3.800922690532212555e-03 3.847104122491229646e+03 0.000000000000000000e+00
-1.080577960378578553e+02 -1.080461899032087558e+02 4.739067727252486983e-03 1.575202435556013370e+04 0.000000000000000000e+00
-1.026205334202171429e+02 -1.026205970128334286e+02 3.308949584668598523e-03 3.822765893709885404e+03 0.000000000000000000e+00
-1.053569306608717682e+02 -1.053584075301327232e+02 3.132213016322430398e-03 3.810353852028713391e+03 0.000000000000000000e+00
-1.107141021790795179e+02 -1.107189463402592651e+02 3.812467658877006279e-03 3.798086642090738223e+03 0.000000000000000000e+00
-1.080687288236445482e+02 -1.080729599808890811e+02 3.215880880154172589e-03 3.786477962414115154e+03 0.000000000000000000e+00
-1.024732230494605147e+02 -1.024625816565955176e+02 7.358285737377848017e-03 1.550741821041592084e+04 0.000000000000000000e+00
-1.106995954784619158e+02 -1.106895040250966531e+02 5.695185273500608623e-03 1.546117592670498743e+04 0.000000000000000000e+00
-1.080161468636206905e+02 -1.079982096249945158e+02 4.838448837099378931e-03 1.541486614461409226e+04 0.000000000000000000e+00
-1.025369615420628975e+02 -1.025376011728930905e+02 5.122360292657496608e-03 3.739357497573254022e+03 0.000000000000000000e+00
-9.979307017580813977e+01 -9.979341101338339115e+01 4.608242195797722894e-03 3.727491884272753396e+03 0.000000000000000000e+00
-1.053842424604681582e+02 -1.053846529077920735e+02 3.607750379186318909e-03 3.715697411627952988e+03 0.000000000000000000e+00
-1.009666558458158931e+02 -1.009871792707000537e+02 7.578050435307024171e-03 3.703981593422718106e+03 0.000000000000000000e+00
-1.079742595138338146e+02 -1.079730102868356738e+02 2.717167916480729348e-03 8.515976737537099552e+02 0.000000000000000000e+00
-9.839743981384623339e+01 -9.840682957989490376e+01 1.044198887726434204e-02 3.692684728000152518e+03 0.000000000000000000e+00
-1.054053761847527824e+02 -1.054002301363136098e+02 7.483063551234666287e-03 1.511562062551472263e+04 0.000000000000000000e+00
-1.024798491053176548e+02 -1.024807548272138860e+02 3.516815555289084638e-03 3.671820085401434881e+03 0.000000000000000000e+00
-1.080806073822192417e+02 -1.080685610568039721e+02 4.912085269735957591e-03 1.502443477527941286e+04 0.000000000000000000e+00
-1.025611533893018361e+02 -1.025506448653081719e+02 5.004916379041456954e-03 1.498222948520341743e+04 0.000000000000000000e+00
-1.053333595739001680e+02 -1.053325440232398051e+02 3.673699489121246432e-03 3.638557426362282058e+03 0.000000000000000000e+00
-1.080231367423701414e+02 -1.080285878214497330e+02 3.103198049387194575e-03 3.627388048434203938e+03 0.000000000000000000e+00
-1.053364017839585642e+02 -1.053254474931559912e+02 6.335287741271595531e-03 1.485142812635035625e+04 0.000000000000000000e+00
-1.080846770731405542e+02 -1.080726062577887916e+02 4.666820989435183434e-03 1.480959917675513498e+04 0.000000000000000000e+00
-1.025521400940249350e+02 -1.025345472415059618e+02 7.934413893200304921e-03 1.476871841898399180e+04 0.000000000000000000e+00
-9.422732667864516998e+01 -9.423938571468936232e+01 1.088490208070877659e-02 3.586553132145982545e+03 0.000000000000000000e+00
-1.053023869523797345e+02 -1.053029970350494295e+02 1.790219713412769843e-03 8.578913556684196919e+02 0.000000000000000000e+00
-1.025852238942383963e+02 -1.025858183328575564e+02 2.253493351015079492e-03 8.552857457186778447e+02 0.000000000000000000e+00
-1.052982769054648600e+02 -1.053030109970858774e+02 4.589973809983344949e-03 3.558273166508169652e+03 0.000000000000000000e+00
-1.009612397096913980e+02 -1.009704028163800729e+02 5.895724022612056081e-03 3.548207559948216385e+03 0.000000000000000000e+00
-9.828367920232443566e+01 -9.829371279887925539e+01 9.471064929079448316e-03 3.539620660166702237e+03 0.000000000000000000e+00
-1.026120456832002077e+02 -1.025815051521884840e+02 5.778508487775925462e-03 1.450030516120405082e+04 0.000000000000000000e+00
-9.334301017144869661e+01 -9.333978856819281589e+01 1.082543990698145268e-02 1.448435210086981897e+04 0.000000000000000000e+00
-9.598552865746960094e+01 -9.603131491310310253e+01 1.065043386156360773e-02 3.526840978833467943e+03 0.000000000000000000e+00
-1.024720551637767869e+02 -1.024741242661498433e+02 3.739652075793646526e-03 3.564508821593388348e+03 0.000000000000000000e+00
-9.700890910430598524e+01 -9.700581919925110697e+01 7.419319866748736760e-03 8.428197876337550269e+02 0.000000000000000000e+00
-1.024941769378232834e+02 -1.024989650263534742e+02 3.085613043549111870e-03 8.404782325923100643e+02 0.000000000000000000e+00
-1.080523158749982002e+02 -1.080532646269317638e+02 1.582872072098140750e-03 8.386692504476662862e+02 0.000000000000000000e+00
-1.107168522557282984e+02 -1.107246355395887036e+02 3.659643170993899779e-03 3.523210752380849954e+03 0.000000000000000000e+00
-1.053109231804326811e+02 -1.053040869278756446e+02 3.288081234566818216e-03 3.514558791486614155e+03 0.000000000000000000e+00
-1.081219294174433401e+02 -1.081241801883912501e+02 3.525148378586307352e-03 3.505767208136661338e+03 0.000000000000000000e+00
-9.985509674927281765e+01 -9.985085581643356534e+01 3.775423746556351434e-03 3.495800942390978889e+03 0.000000000000000000e+00
-1.008044453492477999e+02 -1.007980362763978661e+02 6.058662318101149837e-03 3.486242812604157734e+03 0.000000000000000000e+00
-1.134350447221133606e+02 -1.134472550548110235e+02 6.478436967777430854e-03 3.477475041215565852e+03 0.000000000000000000e+00
-9.720093590690333940e+01 -9.720789062379627410e+01 6.256987371710524652e-03 3.471176750981821442e+03 0.000000000000000000e+00
-1.042608593374436339e+02 -1.042557033544766796e+02 6.200555697899371062e-03 8.309605069021747568e+02 0.000000000000000000e+00
-1.026954738241710174e+02 -1.026891547876011828e+02 3.726070179095185460e-03 3.460399010752780214e+03 0.000000000000000000e+00
-1.107718463872047181e+02 -1.107773196095854047e+02 2.972858874071783800e-03 3.451542137579573136e+03 0.000000000000000000e+00
-1.027269966862669719e+02 -1.027210159847390969e+02 5.272917444101512738e-03 3.442539956506341696e+03 0.000000000000000000e+00
-1.080586235631525795e+02 -1.080604341645303634e+02 2.474304852429371100e-03 3.433650426795906696e+03 0.000000000000000000e+00
-1.053794552723579869e+02 -1.053805320929926950e+02 3.226246702926280005e-03 3.424042772500246429e+03 0.000000000000000000e+00
-1.053598230460506500e+02 -1.053456402396906668e+02 4.103710349245751239e-03 1.374633516386889278e+04 0.000000000000000000e+00
-1.080602058805426111e+02 -1.080591004683013949e+02 2.624427273995212726e-03 3.404915472742932252e+03 0.000000000000000000e+00
-1.080041627957168089e+02 -1.080034901419240754e+02 1.369197802487540343e-03 8.147593576742524419e+02 0.000000000000000000e+00
-1.037019432005750303e+02 -1.037107561078640572e+02 6.105734511943055470e-03 3.385925946602008025e+03 0.000000000000000000e+00
-1.026875108121441258e+02 -1.026759753003636746e+02 5.050464235356956315e-03 3.378192432424442813e+03 0.000000000000000000e+00
-1.052157634869117260e+02 -1.052102017313184064e+02 3.297355018962211219e-03 3.372012643449344978e+03 0.000000000000000000e+00
-1.079994397312435979e+02 -1.079979732093359814e+02 2.731874033619780158e-03 3.363520443722685741e+03 0.000000000000000000e+00
-1.080587366320234395e+02 -1.080577324169974531e+02 1.763227094582033418e-03 8.048544100790190896e+02 0.000000000000000000e+00
-1.026448810943278147e+02 -1.026272675276846087e+02 4.996553194750935796e-03 1.345313854108598753e+04 0.000000000000000000e+00
-1.068068676019925078e+02 -1.068359752521582067e+02 1.003954374908183969e-02 1.342465073648492216e+04 0.000000000000000000e+00
-1.053002452576152450e+02 -1.052934635786789102e+02 6.232556267833976558e-03 1.340955400559274494e+04 0.000000000000000000e+00
-1.080444807201013475e+02 -1.080279209661827906e+02 5.155080939595932561e-03 1.337414260164879124e+04 0.000000000000000000e+00
-1.080479436604012022e+02 -1.080478215484310738e+02 3.364591372566649516e-03 3.314349655631226597e+03 0.000000000000000000e+00
-1.079727511917865428e+02 -1.079591584975551797e+02 6.257618230760799739e-03 1.330973570468049911e+04 0.000000000000000000e+00
-1.054754768774322997e+02 -1.054774757189563559e+02 5.229585804627528804e-03 3.296394436213865447e+03 0.000000000000000000e+00
-1.052608197090605273e+02 -1.052660086190947766e+02 3.678962938827494075e-03 3.287729246166034955e+03 0.000000000000000000e+00
-1.053884053486280266e+02 -1.053877893060652582e+02 2.728818300427549633e-03 3.279551677032597127e+03 0.000000000000000000e+00
-1.011005517241047755e+02 -1.010879984573783474e+02 7.881024861284642927e-03 3.270738995656433872e+03 0.000000000000000000e+00
-1.025650889113824604e+02 -1.025137387424767468e+02 1.241152101121400023e-02 3.265773118315599277e+03 0.000000000000000000e+00
-1.054088556566656365e+02 -1.054113086966790576e+02 3.276978492952642950e-03 3.301767618517804749e+03 0.000000000000000000e+00
-1.053788688501925606e+02 -1.053710685916589398e+02 3.678485812559880060e-03 7.907268386225209724e+02 0.000000000000000000e+00
-1.107215442890181691e+02 -1.107280134126649074e+02 3.149395651208426739e-03 3.287018609184850902e+03 0.000000000000000000e+00
-1.079703958712773044e+02 -1.079707662103227221e+02 3.657881237078991835e-03 3.279351199391834143e+03 0.000000000000000000e+00
-1.026730585301723835e+02 -1.026801542388192132e+02 3.565083210703531586e-03 3.270677349353169120e+03 0.000000000000000000e+00
-1.018296679019039317e+02 -1.018237090211613491e+02 9.554074195263899741e-03 3.263367345131860020e+03 0.000000000000000000e+00
-9.988362812171870075e+01 -9.989234493421510308e+01 4.006411381025406192e-03 3.255272570888896553e+03 0.000000000000000000e+00
-1.053120232190818513e+02 -1.052996754211721253e+02 4.254910774784322405e-03 1.290625323276695417e+04 0.000000000000000000e+00
-1.053606048328688445e+02 -1.053633189022095280e+02 2.663322503434396686e-03 3.239937820295835081e+03 0.000000000000000000e+00
-1.107724549451968414e+02 -1.107766489000542833e+02 2.870483606818754595e-03 3.231691582957235369e+03 0.000000000000000000e+00
-1.052791558590943879e+02 -1.052747876385675170e+02 5.317151398717100130e-03 1.281170167934847996e+04 0.000000000000000000e+00
-1.080205050411617265e+02 -1.080242978833992282e+02 2.796814740834211582e-03 3.215374354995039539e+03 0.000000000000000000e+00
-1.107744047239146568e+02 -1.107686430563827571e+02 4.862638372887134221e-03 1.274740407007410067e+04 0.000000000000000000e+00
-1.080734832969857990e+02 -1.080749201333893410e+02 2.542356288541629348e-03 3.199481675117459417e+03 0.000000000000000000e+00
-1.107187378515174174e+02 -1.107246510605539953e+02 3.083813224310642462e-03 3.191280854679755066e+03 0.000000000000000000e+00
-9.965438154604616727e+01 -9.964947610477756257e+01 7.986127702781722557e-03 3.183915531622166782e+03 0.000000000000000000e+00
-1.080538288625046590e+02 -1.080473643554563665e+02 3.647084624091339461e-03 1.262124028085097234e+04 0.000000000000000000e+00
-1.107518602422528744e+02 -1.107528043972420164e+02 3.086439460486006814e-03 3.167735250753858054e+03 0.000000000000000000e+00
-9.656526901406091667e+01 -9.651741775848149985e+01 1.306824709477496030e-02 1.255885680731876164e+04 0.000000000000000000e+00
-1.025858316455327781e+02 -1.025836322097468098e+02 2.758684749612484027e-03 3.161286764405753274e+03 0.000000000000000000e+00
-1.066367781229492948e+02 -1.066675537598537460e+02 1.069939363300812657e-02 1.254660489108190268e+04 0.000000000000000000e+00
-1.081212153115678518e+02 -1.081241672014354123e+02 3.041498540157570700e-03 3.164353721450524063e+03 0.000000000000000000e+00
-1.107729739974356278e+02 -1.107766461108146245e+02 2.730478896561258986e-03 3.156625802066172582e+03 0.000000000000000000e+00
-1.080305750765402024e+02 -1.080230709894024983e+02 5.026369275850475424e-03 1.247662853890933366e+04 0.000000000000000000e+00
-1.134389400806986714e+02 -1.134472572025304231e+02 5.315910173447689450e-03 3.141694011349004086e+03 0.000000000000000000e+00
-1.041276765983595425e+02 -1.041289185077753814e+02 5.232627475433797477e-03 7.567622862242473047e+02 0.000000000000000000e+00
-1.054335926638442800e+02 -1.054308511990867174e+02 3.670251849566447382e-03 3.132641394529267927e+03 0.000000000000000000e+00
-9.076144957638118171e+01 -9.079933597010521851e+01 1.206798537891125463e-02 3.124925593261925314e+03 0.000000000000000000e+00
-1.053389237433633525e+02 -1.053369885978622307e+02 2.164954582811033559e-03 3.139361824069830163e+03 0.000000000000000000e+00
-1.080724078121826182e+02 -1.080774284585807550e+02 2.274649143375833023e-03 3.131676246677918243e+03 0.000000000000000000e+00
-1.052778729168024796e+02 -1.052730163489504207e+02 5.457143459028047580e-03 1.230598540455472539e+04 0.000000000000000000e+00
-1.080634844575884443e+02 -1.080477143428218199e+02 3.891425895238046460e-03 1.227617369242866698e+04 0.000000000000000000e+00
-1.052917457459113990e+02 -1.052881771422092498e+02 3.915219123541567765e-03 3.109536351184882733e+03 0.000000000000000000e+00
-1.053021592094229106e+02 -1.053045806732802703e+02 2.304203378102472402e-03 3.102176503755536487e+03 0.000000000000000000e+00
-9.701997836017179111e+01 -9.704039222085705774e+01 5.240893565124346565e-03 3.094684844601015811e+03 0.000000000000000000e+00
-9.813117553769822621e+01 -9.813683169056731970e+01 7.986104045727960427e-03 3.096151959189293393e+03 0.000000000000000000e+00
-1.009353502532206335e+02 -1.009301382344565781e+02 7.655084450561182481e-03 3.089450176246119099e+03 0.000000000000000000e+00
-1.080592804969912066e+02 -1.080597447323176254e+02 2.634174584113487157e-03 3.082462012273485925e+03 0.000000000000000000e+00
-1.016786111833562245e+02 -1.017251236725406756e+02 6.606669768863158813e-03 3.074982918320456974e+03 0.000000000000000000e+00
-1.052562916819585581e+02 -1.052516107347797032e+02 3.374984182872990766e-03 3.113657670084414349e+03 0.000000000000000000e+00
-1.080416313797967831e+02 -1.080363975511983057e+02 2.849876612918540025e-03 3.106686101292269086e+03 0.000000000000000000e+00
-1.081221014503486089e+02 -1.081247213303319512e+02 2.908407025145482924e-03 3.099880049499871802e+03 0.000000000000000000e+00
-1.053954054011324644e+02 -1.053974702865572652e+02 2.897300433592939553e-03 3.092626129211284933e+03 0.000000000000000000e+00
-1.081246088599519766e+02 -1.081258061547626284e+02 3.216839747990107336e-03 3.085330707764613635e+03 0.000000000000000000e+00
-1.052618258778730791e+02 -1.052640667293907200e+02 1.712248486980459629e-03 7.417520863751825573e+02 0.000000000000000000e+00
-1.027523070615482368e+02 -1.027490612195958875e+02 5.750416822976722742e-03 7.400763572992508443e+02 0.000000000000000000e+00
-1.052044680888237735e+02 -1.051894764261416668e+02 4.654711086680708362e-03 1.195635706772178310e+04 0.000000000000000000e+00
-1.080013872696763997e+02 -1.080017013759357951e+02 2.036923528838602629e-03 3.059041841066626148e+03 0.000000000000000000e+00
-1.053391331733571974e+02 -1.053393818620617424e+02 1.299803226835833520e-03 7.347647375715532689e+02 0.000000000000000000e+00
-9.987404967893564844e+01 -9.986691700396957572e+01 6.714535288486440240e-03 3.044583994747516954e+03 0.000000000000000000e+00
-1.053624385180800402e+02 -1.053626618148184377e+02 2.727685261743966437e-03 3.038378974896532782e+03 0.000000000000000000e+00
-1.080206261886466592e+02 -1.080247333182472858e+02 2.194113833691330520e-03 3.031232282001205931e+03 0.000000000000000000e+00
-9.976587977729570866e+01 -9.976112376742472065e+01 6.381348334264365547e-03 1.179534616370526237e+04 0.000000000000000000e+00
-1.045214532298244592e+02 -1.045049514820817222e+02 6.035173887777732851e-03 3.017405224880657897e+03 0.000000000000000000e+00
-1.106992320428905714e+02 -1.106981091449797674e+02 2.717708908178783581e-03 3.016580723818069600e+03 0.000000000000000000e+00
-1.054043251702181010e+02 -1.053970390903032381e+02 4.370303837436106432e-03 1.171455123212464605e+04 0.000000000000000000e+00
-1.080433300498089153e+02 -1.080409394757561898e+02 3.125633164796513298e-03 3.002591229257664509e+03 0.000000000000000000e+00
