0.000000000000000000e+00 0.000000000000000000e+00
-1.027092722318173514e+02 -1.024812909036080555e+02
-9.992365338909921491e+01 -9.974411816441141809e+01
-9.781427410958727364e+01 -9.745509077648665652e+01
-9.451004798834129872e+01 -9.435203459919277691e+01
-1.080776886354343418e+02 -1.079686341815253456e+02
-8.653149801898169358e+01 -8.598882761434933286e+01
-1.052137423909450007e+02 -1.052358192590509560e+02
-1.108334636919064451e+02 -1.107138921241039640e+02
-9.983967094430452960e+01 -9.980568128324468091e+01
-1.053323084024554959e+02 -1.053619102707926771e+02
-1.053164718615748683e+02 -1.053656452179722720e+02
-1.053597645365625937e+02 -1.053756569549000517e+02
-1.052575765534904804e+02 -1.052671746389282248e+02
-1.052669559083244764e+02 -1.053202574694065135e+02
-1.014599766230878402e+02 -1.014184084262706591e+02
-1.022943481047116734e+02 -1.021538005755132303e+02
-1.025925323320395393e+02 -1.025903601309612156e+02
-1.080328136769408047e+02 -1.080452453155465378e+02
-1.017361100362109454e+02 -1.017743051269154364e+02
-1.043304136799950328e+02 -1.044513684591486964e+02
-1.053297276466765879e+02 -1.053130151804579100e+02
-1.053136284070073998e+02 -1.053185820376489659e+02
-1.053123334671659563e+02 -1.053140298032075322e+02
-1.052863641585314411e+02 -1.052999847300215492e+02
-1.106883744385190909e+02 -1.107051852737823765e+02
-1.024229894450272553e+02 -1.024064417630494006e+02
-1.052542832805416140e+02 -1.052601716241949532e+02
-1.043453243634289720e+02 -1.044517487814107000e+02
-9.852919238306040484e+01 -9.855768241474636682e+01
-1.052956038234102323e+02 -1.053041635616616531e+02
-1.025545736466165039e+02 -1.025575979701656308e+02
-9.435698086420300967e+01 -9.434576936356249632e+01
-1.025107267081906315e+02 -1.025107037179715803e+02
-1.080429694127060003e+02 -1.080485988253389422e+02
-1.025544855873758934e+02 -1.025491921687743542e+02
-1.080615081448361536e+02 -1.080679956802770221e+02
-1.080431839624273067e+02 -1.080466461469128774e+02
-1.053505232515472159e+02 -1.053398037094244444e+02
-1.026065838455798058e+02 -1.026196866494374120e+02
-1.081179897906885969e+02 -1.081172927377212858e+02
-9.986496042161303421e+01 -9.987305575501945043e+01
-1.026161501849182258e+02 -1.026145529577059961e+02
-9.909513801160345281e+01 -9.907454965539915293e+01
-1.080645565322555797e+02 -1.080668093080960261e+02
-1.053781217573243367e+02 -1.053861813669163183e+02
-1.023690042202389918e+02 -1.022006939363363074e+02
-9.968605404627828648e+01 -9.966824209994656769e+01
-1.052506124342911420e+02 -1.052447667895079348e+02
-1.009097954370006249e+02 -1.007500974508727580e+02
-1.080398591898508727e+02 -1.080528673219604343e+02
-1.040766662078414413e+02 -1.040674889433633012e+02
-8.125286056603940210e+01 6.563904783719684783e+23
-1.115618616321507328e+18 2.816724948062978001e+04
-6.998056995431383040e+17 2.860982047556169164e+03
-1.310913651031408640e+17 -5.551700354332355403e+01
-1.354924336894443520e+17 -6.828865000487378722e+01
-9.662463187877888000e+16 -6.263767248945658395e+01
-9.625152318445977600e+16 -6.279750119741365921e+01
-4.143618440494527283e+19 5.063711678545493633e+07
-6.891711534832025600e+16 -6.338672085966229020e+01
-7.621192236505497600e+16 -5.465975268696710998e+01
-3.624576022615162880e+17 -5.248248695479169612e+01
-9.818165414985728000e+16 -6.543127952575768802e+01
-5.782142022582272000e+16 -5.414060931475600569e+01
-7.322442433613004800e+16 -6.388975235195869118e+01
-7.273508242718720000e+16 -6.459297064493590312e+01
-5.644922468905779200e+16 -5.879314551556016966e+01
-1.906749970616156160e+17 -5.919709894231133518e+01
-5.296590206481203200e+16 -5.805665280809864726e+01
-1.692755198581145600e+17 -4.999786076664656065e+01
-1.264266550527918080e+17 -5.655533843277557082e+01
-6.526240865124352000e+16 -6.664721036748690608e+01
-5.427186440863744000e+16 -6.361016722661106115e+01
-5.245227582357504000e+16 -6.098526040685310079e+01
-5.660160370776473600e+16 -6.229141938168292114e+01
-1.225672972650414080e+17 -6.474036232348896647e+01
-5.118855381201715200e+16 -6.448591021269099599e+01
-4.776754969785139200e+16 -6.075715846174175283e+01
-4.298418881875148800e+16 -5.576744497549653090e+01
-5.157876686808678400e+16 -6.304176186477290855e+01
-4.567815662914764800e+16 -5.845361850481931754e+01
-6.219409487088844800e+16 -6.135316963506108578e+01
-8.048880891975434240e+17 4.150475761389086256e+05
-5.436326655756861440e+17 3.198535144277487689e+03
-6.935243324601139200e+17 2.478082004619811196e+06
-2.767789802310860800e+17 7.338715759755867111e+03
-2.312283008925696000e+17 5.684467587451781583e+02
-4.965125695639388160e+17 7.825025834623688832e+06
-1.573597537679441920e+17 6.828962621645882791e+01
-1.614018593832304640e+17 2.601426401850242655e+03
-1.192929405194731520e+17 -4.125628664839499748e+01
-1.342309233999216640e+17 1.377732047770121426e+03
-3.320853863657897984e+18 5.543255825543061830e+06
-1.738083209613148160e+17 2.341114279883136930e+02
-1.093623764442152960e+18 6.713329778715840075e+04
-1.389491821918289920e+18 4.444243434763179161e+06
-8.836707115545395200e+16 3.739654019324815408e+02
-7.784995701234073600e+16 5.676956832184669111e+02
-6.588139586505932800e+16 4.338649260738718567e+02
-6.135672286740480000e+16 7.843090110608955001e+01
-5.240383505327718400e+16 1.607210992077473520e+03
-5.295362342230425600e+16 2.865866082812162290e+02
-4.761969513673523200e+16 2.679544809963041985e+02
-3.995651568094412800e+16 4.594289093340129853e+02
-4.046746809479987200e+16 -5.923722598773350967e+01
-3.371390717027942400e+16 -5.499923679166750645e+01
-3.684394478233190400e+16 -6.590160522787144259e+01
-3.959763654515097600e+16 1.063581437398995831e+03
-3.333505838795980800e+16 -6.166972437269392060e+01
-6.414706027842764800e+16 -6.527712157521494873e+01
-3.731175343548006400e+16 -6.290739481891771590e+01
-3.370900147074498560e+17 5.048424838794751093e+06
-3.181951298515763200e+16 -5.849937759853783348e+01
-2.801890596539596800e+16 -6.483386027466831081e+01
-3.021138230561996800e+16 -6.416600248699417364e+01
-2.530471570676121600e+16 -5.684554053734325407e+01
-2.845243147078860800e+16 -7.160081554729863740e+01
-2.767871198049075200e+16 -5.884106944406407536e+01
-2.750927622320947200e+16 -6.305587825107321720e+01
-2.472136599325900800e+16 -5.311106995640815853e+01
-2.337486711239475200e+16 -5.382432868671536141e+01
-2.142835213074432000e+16 -5.196343530578574388e+01
-2.630376524480512000e+16 -6.064579040777945096e+01
-4.765731724486246400e+16 6.139405739988347705e+03
-2.247018784568115200e+16 -6.727807645225111344e+01
-8.950949837537280000e+16 -3.075339061877316027e+01
-2.250621622262169600e+16 -5.419803968054738874e+01
-1.867487693884620800e+17 1.063974680711902492e+07
-3.354686119372390400e+16 7.527397591794542677e+03
-4.771721789151641600e+16 5.284223707794382935e+05
-2.481714730526310400e+16 -5.386466556218338297e+01
-3.851130713564774400e+16 6.214657665631912096e+02
-3.008491583202918400e+16 1.898200759259308370e+03
-3.307487590403276800e+16 2.660303718867773205e+04
-2.332315339377868800e+16 9.592017994114742123e+02
-2.393328221028352000e+16 2.023409356921226276e+02
-2.855050655091916800e+16 2.892310917708443867e+02
-2.240910852227072000e+16 -7.310981195304051994e+01
-5.597729484727910400e+16 -5.385530470656988200e+01
-1.891115604246528000e+16 -5.951666884432923155e+01
-3.006500484100915200e+16 3.198473629923649696e+03
-4.391168928173260800e+16 -6.434942148557770736e+01
-2.234012743342489600e+16 -6.939564846138443954e+01
-2.013336615072563200e+16 -5.249131054670510110e+01
-1.975712762612940800e+16 -5.334890424091508265e+01
-8.241532717089423360e+18 5.687012874420864973e+05
-1.918334202439270400e+16 -6.557892326697823648e+01
-5.345874457840844800e+16 -4.290143381039373338e+01
-1.897698925582745600e+16 -5.771256129967650850e+01
-1.657484198359859200e+16 -3.767110011434333927e+01
-1.533318610681856000e+16 -5.272026300816732913e+01
-1.646474849340620800e+16 -5.049204653360777684e+01
-1.952377396343603200e+16 -6.217155515743969119e+01
-1.690117035471667200e+16 -5.262902223626004883e+01
-1.655143737904332800e+16 -6.369503143008537904e+01
-1.818658698061414400e+16 -5.511340005976614265e+01
-4.297487026828083200e+16 -4.079242029581103424e+01
-1.717889483433574400e+16 -4.759654145629021116e+01
-1.666597288647065600e+16 -4.882350168784567046e+01
-1.675261648017817600e+16 -6.038938064971862474e+01
-1.799112720043212800e+16 -6.687078986390694979e+01
-1.494718589357260800e+16 -4.682911891874821464e+01
-1.814901963017420800e+16 -6.352276548924940869e+01
-1.766432175266201600e+16 -7.088885981902186018e+01
-1.625261004344524800e+16 -6.771036511137668867e+01
-1.875544621580288000e+16 3.957963161861257049e+03
-1.601703002479001600e+16 -5.671924591985182929e+01
-8.376340993513881600e+17 2.115612851105638314e+06
-1.718039221659238400e+17 8.852259226408803836e+06
-3.147263256952832000e+16 -1.920697052149353112e+01
-2.215074267503001600e+16 1.001711586814262773e+03
-1.900589689182617600e+16 -3.156484129402393890e+01
-1.512430848049152000e+16 -6.076465375232682220e+01
-4.202623174076006400e+16 -3.601996061645373004e+01
-1.744656898143027200e+16 -5.877604804733458366e+01
-1.317041486587494400e+16 -6.319755374439105822e+01
-1.720562283446272000e+16 -3.806009695084610911e+01
-1.793872171263590400e+16 -4.972850950084939115e+01
-4.646790881817395200e+16 -2.950340359774467203e+01
-1.661567055822848000e+16 -5.625431777941304290e+01
-1.187194543040102400e+16 -5.551268347396731428e+01
-1.503146508681216000e+16 -5.320026693836015141e+01
-1.348348743489945600e+16 -4.000073784219100048e+01
-2.061399137504460800e+16 6.569192158227818936e+02
-1.647045811031244800e+16 2.433887022574107846e+02
-1.351286440093286400e+16 -5.784956958511079250e+01
-1.536698593941913600e+16 -5.507457938747735682e+01
-5.236350845520445440e+17 4.883951261462795082e+05
-1.509280897302528000e+16 -4.304280276158459628e+01
-1.076029787836252160e+17 5.524475396154871210e+06
-1.409732736817561600e+16 -4.636636248638629354e+01
-1.408403124754841600e+16 -4.577851597963552877e+01
-1.376443784966963200e+16 -4.630684105977221776e+01
-1.571667039826739200e+16 1.595862064311432277e+03
-1.371620493597081600e+16 -4.570431736008974610e+01
-1.225794322799001600e+16 -5.042151075575871744e+01
-1.375502988502630400e+16 -5.291397078654749464e+01
-1.209991120420864000e+16 -5.572638441538197895e+01
-4.352987967887769600e+16 3.621359284024099819e+06
-3.182395827683328000e+16 -6.055355142495071874e+01
-1.177948288424345600e+16 -5.433543163126506670e+01
-1.485039184222617600e+16 4.540587365049016739e+02
-3.061071262331699200e+16 -4.779465322897242174e+01
-5.510562499081011200e+16 8.296456838097634027e+05
-1.065205516520652800e+16 -5.267441372411690992e+01
-9.738073351913472000e+15 -4.741113386021255849e+01
-2.167395826794496000e+16 3.947193250086664875e+02
-1.152876128475545600e+16 -6.402345060283090561e+01
-2.949210647900979200e+16 -4.125629594161421920e+01
-1.097726015229132800e+16 -5.659247841786375233e+01
-1.358828866083225600e+16 3.071343583920457831e+02
-1.250127744676659200e+16 -6.045588137461935929e+01
-1.864922482999296000e+16 2.904486060342657311e+03
-1.283369872995123200e+16 -7.104560137248921592e+01
-1.075213331018547200e+16 -6.019271319524949604e+01
-1.182774925144883200e+16 -6.978723878845944739e+01
-1.057128878361804800e+16 -6.174575094103070683e+01
-1.097712948661452800e+16 -6.435906738946933103e+01
-1.056486022709248000e+16 -5.683490486927760799e+01
-1.108691016535244800e+16 -6.423710076814357706e+01
-9.393583944630272000e+15 -5.037442292777293318e+01
-9.788786120065024000e+15 -5.367280055332253141e+01
-1.001797507009740800e+16 -5.618489636856462965e+01
-2.929420685305446400e+16 -5.207521860015625492e+01
-1.046199695415705600e+16 -6.157591663076325972e+01
-8.358479014133760000e+15 -5.467116503072480072e+01
-1.152775679665766400e+16 -6.404221340531324813e+01
-1.102416023702732800e+16 -6.688942016257796297e+01
-9.746736616308736000e+15 -5.225794894000557633e+01
-9.508033797554176000e+15 -5.094340012087255332e+01
-8.424058162249728000e+15 -5.084949703712280922e+01
-9.527729351294976000e+15 -5.737141410503031835e+01
-9.075267715203072000e+15 -6.440726251476668551e+01
-8.794641786994688000e+15 -5.460542124644990736e+01
-1.069846953616998400e+16 4.020962160089898134e+02
-8.792776857616384000e+15 -5.351304571449189496e+01
-8.045163368939520000e+15 -4.111040008631070464e+01
-1.867591169631846400e+16 -6.432302027657529209e+01
-8.314131316473856000e+15 -4.842374431149003300e+01
-4.015791424746291200e+16 -7.853003462614570651e+01
-2.579936432986521600e+16 -3.362226699139009867e+01
-1.013767063915724800e+16 1.934510574357664382e+03
-2.750139146567680000e+16 4.560397331834649667e+06
-8.193631499583488000e+15 -5.404694949202334442e+01
-2.216140456145715200e+16 -4.942319884293551979e+01
-1.183006393630720000e+16 7.247089167093986362e+02
-9.152178528976896000e+15 -5.836526663323885344e+01
-8.969369906315264000e+15 -6.124547790285770077e+01
-8.549137275420672000e+15 -4.267450509281188431e+01
-7.689865960882176000e+15 -4.429796858792593639e+01
-8.182055533543424000e+15 -6.302478965727830484e+01
-8.182337241088000000e+15 -5.344988966951050458e+01
-8.842008972754944000e+15 -6.222136304265224283e+01
-1.352778096181248000e+16 1.544149918984541273e+03
-7.863934774673408000e+15 -4.921994051442405294e+01
-7.729956011114496000e+15 -5.092217740502619705e+01
-8.107120472883200000e+15 -4.972132605779990655e+01
-8.542023522975744000e+15 -6.179466552547714286e+01
-6.993833025339392000e+15 -5.558673347888129257e+01
-8.369540213506048000e+15 -6.045494418414250504e+01
-7.179588939546624000e+15 -5.388770911733831781e+01
-8.650289117265920000e+15 -6.729898541145185220e+01
-7.098333153591296000e+15 -5.557803209992842142e+01
-1.921897648055910400e+16 -6.794398058008113139e+01
-1.228931147956224000e+16 1.053439287093684015e+03
-6.568542363713536000e+15 -4.027313247060710921e+01
-8.222034791890944000e+15 -5.970167463329751456e+01
-6.360570292600832000e+15 -5.289698622191865240e+01
-8.072416390807552000e+15 -6.554232194538317913e+01
-8.172065936900096000e+15 -5.936616254018264982e+01
-7.079154327879680000e+15 -5.201805854332254597e+01
-7.321756405858304000e+15 -6.046197009959421109e+01
-1.226803367837696000e+16 -5.701498601568135172e+01
-7.678100507197440000e+15 -6.566782118608372798e+01
-7.498646476685312000e+15 -5.546767961333461727e+01
-8.021764641783808000e+15 -5.762432780642074448e+01
-7.066488201281536000e+15 -5.413933007476773440e+01
-7.405827570401280000e+15 -5.997798936285573035e+01
-9.144004007559168000e+15 -6.793123353607558101e+01
-7.600141392412672000e+15 -5.932985416040498450e+01
-6.544099838001152000e+15 -5.062192914734935556e+01
-1.464523106077900800e+16 -5.566428873939302946e+01
-7.820153605324800000e+15 -6.720078861934717906e+01
-5.738259665649664000e+15 -5.281350836721752273e+01
-6.557945636454400000e+15 -5.602934220722647751e+01
-4.691066887956070400e+16 5.222778910027042963e+06
-6.886122713513984000e+15 -5.579130344795726870e+01
-6.568987050377216000e+15 -5.378550162883725960e+01
-6.798027658625024000e+15 -5.514871386539954301e+01
-7.564725616246784000e+15 -6.150057793564195663e+01
-6.335954749227008000e+15 -5.000055776718544820e+01
-9.730135895310336000e+15 1.495860459028589503e+04
-7.676429894680576000e+15 -6.608373129488427367e+01
-9.302037403271168000e+15 4.765291894082140061e+03
-7.056046206877696000e+15 -6.589927991381739503e+01
-6.726294926786560000e+15 -5.697491732567137745e+01
-6.063583017172992000e+15 -5.001449328092805757e+01
-8.271964781281280000e+15 7.799662403542209965e+00
-5.985756604399616000e+15 -4.794244298966535212e+01
-9.933955960274944000e+15 2.068240033210316142e+03
-6.621138686967808000e+15 -5.913509857586156215e+01
-7.023453988454400000e+15 -6.793060249415259477e+01
-5.715530871472128000e+15 -4.214813091679865664e+01
-6.604576929873920000e+15 -6.049957125991410578e+01
-6.423550770020352000e+15 -5.781916151241608759e+01
-6.337347655303168000e+15 -5.336958594022934221e+01
-6.626643227705344000e+15 -6.224393093299581636e+01
-5.456122163757056000e+15 -4.019290858317711468e+01
-5.940274467045376000e+15 -5.732563500885632379e+01
-6.611877112578048000e+15 -6.225948770760291495e+01
-5.371587979116544000e+15 -4.428574156987660615e+01
-6.819706852868096000e+15 -6.607439833040653809e+01
-6.047277378437120000e+15 -6.239247322879502633e+01
-6.402036882341888000e+15 -5.755639970686338813e+01
-5.802773464088576000e+15 -5.322724060797082046e+01
-5.788136881258496000e+15 -5.910006929015845145e+01
-5.024769301807104000e+15 -4.187365304927153886e+01
-6.651939256270848000e+15 -6.789240327470251657e+01
-5.032493116030976000e+15 -4.245524146442902236e+01
-6.500230578438144000e+15 -6.213228532046282737e+01
-6.287254276407296000e+15 -6.099503016286827517e+01
-1.828496609955020800e+16 -1.608277632552861292e+01
-7.425697241890816000e+15 2.776437795116711627e+01
-6.627307824087040000e+15 2.877166901325201138e+02
-5.976286958190592000e+15 -5.836361944537792823e+01
-5.164875640209408000e+15 -5.036757353317140939e+01
-5.763737326452736000e+15 -5.547252018724151412e+01
-5.840804335190016000e+15 -5.453679515166379588e+01
-5.376153468796928000e+15 -4.802152469876993734e+01
-5.899141980487680000e+15 -5.100571073867768490e+01
-6.031326890033152000e+15 -5.883013586419605190e+01
-9.239993039847424000e+15 2.090108356714913498e+03
-5.413843161448448000e+15 -5.519070177573824054e+01
-5.265602792652800000e+15 -4.565179310968861159e+01
-5.987042764390400000e+15 -5.849139641559080616e+01
-6.185314141732864000e+15 -6.864703079004610231e+01
-5.207252812431360000e+15 -4.711524394192317544e+01
-1.484238993398169600e+16 -3.761596242827608449e+01
-5.545165373046784000e+15 -5.881760917863752525e+01
-6.894955348885504000e+15 -7.121698066622974466e+01
-5.040960657162240000e+15 -5.422114036821413663e+01
-5.254545551785984000e+15 -6.246528449148016193e+01
-5.756082297372672000e+15 -6.384757383819717802e+01
-5.774797435699200000e+15 -6.550423772460366934e+01
-5.395957541240832000e+15 -5.392769186432856543e+01
-3.532385037713408000e+15 -4.314229698355986642e+01
-4.836054988357632000e+15 -4.972104595139894911e+01
-6.110204983771136000e+15 -6.787470549366078387e+01
-5.920627231293440000e+15 4.770608334264521773e+02
-4.953681784078336000e+15 -5.388719407300363429e+01
-5.323874151432192000e+15 -6.108642427544382514e+01
-5.972536613011456000e+15 -7.066761314742910827e+01
-5.852866212659200000e+15 -6.876157793754538261e+01
-8.204071714422784000e+15 6.533132906594535598e+03
-5.495892410368000000e+15 -6.163388984794604397e+01
-5.404985351208960000e+15 -6.175026907146949640e+01
-5.205663184584704000e+15 -5.974025031901562244e+01
-5.076771923034112000e+15 -5.835655398169956243e+01
-6.919229341040640000e+15 7.814421758687576585e+02
-4.358230928785408000e+15 -4.377184645463434265e+01
-5.575866336411648000e+15 -6.381123231894671477e+01
-5.954243213131776000e+15 -6.963162084417020026e+01
-4.799888654991360000e+15 -5.164126516085414664e+01
-5.037363934003200000e+15 -5.623364237644666019e+01
-5.412702549180416000e+15 -6.600869848407428719e+01
-7.888103608025088000e+15 9.066750567062368873e+02
-4.471626812882944000e+15 -4.279180431340352442e+01
-6.051840993394688000e+15 -7.125319579183965857e+01
-1.137489835143987200e+16 -5.256575597333624472e+01
-4.165962324901888000e+15 -4.789623458229458208e+01
-4.538974844747776000e+15 -4.916513757594757550e+01
-4.349135857123328000e+15 -5.098868039405600427e+01
-4.725828121395200000e+15 -6.852038936219260279e+01
-5.215769128861696000e+15 -7.031656046296389206e+01
-4.688593509941248000e+15 -5.844699191038080954e+01
-5.322165511913472000e+15 -6.948643325125576098e+01
-4.396887078338560000e+15 -5.730872142606180120e+01
-4.142529738047488000e+15 -4.961165059125688259e+01
-4.566859713609728000e+15 -4.997520835334420042e+01
-4.999895444094976000e+15 -6.705671460942355111e+01
-4.263466026532864000e+15 -5.654208780134865009e+01
-4.540287911198720000e+15 -5.860813279072363002e+01
-4.158580543193088000e+15 -4.607089429160566141e+01
-6.205327175188480000e+15 2.044867793950675832e+03
-1.114295348546764800e+16 -6.817447248596018028e+01
-4.654283881054208000e+15 -6.246430261172044140e+01
-3.394079737118720000e+15 -3.832281984896346927e+01
-4.575276751781888000e+15 -5.848364243390536643e+01
-4.271730954862592000e+15 -5.637100876357003898e+01
-3.842568339980288000e+15 -4.840441697348072836e+01
-4.227325573726208000e+15 -5.198604079952549739e+01
-4.260284431073280000e+15 -5.818234714891733717e+01
-3.674977690714112000e+15 -5.376390650732187737e+01
-3.956106177806336000e+15 -5.083055208965030403e+01
-4.927755322392576000e+15 -6.852712929597872460e+01
-3.822937711181824000e+15 -4.990830965454862422e+01
-5.636329232793600000e+15 2.444627022798611904e+02
-4.348381730570240000e+15 -6.143794195514407619e+01
-3.998738756403200000e+15 -5.365130163608220215e+01
