0.000000000000000000e+00 0.000000000000000000e+00
-1.053894026372754524e+02 -1.051494291696973278e+02
-1.052853516106984557e+02 -1.051225959574507556e+02
-1.054961901469994956e+02 -1.052784264681133237e+02
-1.018278352760594316e+02 -1.016977436647587894e+02
-1.081463710075553877e+02 -1.080112193688570983e+02
-9.991249127725789947e+01 -9.987417410984188848e+01
-1.107405416132728817e+02 -1.107375075097534278e+02
-1.054215326562413395e+02 -1.053864504073978594e+02
-1.080597901759953885e+02 -1.080445945326350454e+02
-9.918577628669589785e+01 -9.912446550348633423e+01
-1.025846827599639965e+02 -1.025701376156730618e+02
-1.107328022560699168e+02 -1.107428857981551857e+02
-1.106986842270210190e+02 -1.106935893909391098e+02
-1.052870197112081883e+02 -1.052365275458525389e+02
-1.053616721608697873e+02 -1.053002676470603660e+02
-1.053219695683063151e+02 -1.053381969768226014e+02
-9.920320513544149321e+01 -9.908884595844115495e+01
-1.053005547829534407e+02 -1.052633391738824713e+02
-9.714658802476139954e+01 -9.708079918312316181e+01
-1.024750110983500235e+02 -1.024416613431534415e+02
-1.080747159830263371e+02 -1.081138813875249411e+02
-1.053222548916495498e+02 -1.052917689587403629e+02
-9.988714620899791896e+01 -9.984273414686276737e+01
-1.053954793185212679e+02 -1.053614923193268851e+02
-1.080401557551922735e+02 -1.080319740743091614e+02
-1.053254419796184891e+02 -1.052904754579014082e+02
-1.025494162085328611e+02 -1.025100552645650112e+02
-1.080276161106768171e+02 -1.080078379662260772e+02
-1.053111257527498879e+02 -1.053440627318686893e+02
-1.079378486754469577e+02 -1.079262033983857805e+02
-1.052651324043166881e+02 -1.052624431066729898e+02
-1.079934742072441196e+02 -1.079829876472870183e+02
-1.026548240223026340e+02 -1.026812214322964962e+02
-1.080815159773139555e+02 -1.080774542831938305e+02
-1.080027554473680453e+02 -1.080089861606056587e+02
-1.000541550579710162e+02 -9.998404287905275112e+01
-1.025548040094030000e+02 -1.025352800712706482e+02
-9.984532337723521778e+01 -9.983457564163059317e+01
-1.106690798594729159e+02 -1.106864257401055767e+02
-9.980921778665124577e+01 -9.979342835397075362e+01
-1.053026702161140520e+02 -1.052921581443940084e+02
-9.786073271900130521e+01 -9.790874592966261503e+01
-9.974675222733007729e+01 -9.975799328776572850e+01
-1.051838511607114697e+02 -1.051725058240529904e+02
-1.052056765648465841e+02 -1.052227834698572906e+02
-1.052280118840564995e+02 -1.052255161945181214e+02
-1.025969162185739947e+02 -1.025996606115379564e+02
-1.052995151528680680e+02 -1.053189446375470624e+02
-1.106886758926083445e+02 -1.107168007820815063e+02
-9.206886215647163851e+01 -9.190953837009371341e+01
-1.053406004849513096e+02 -1.053592950371252783e+02
-9.988153645178402940e+01 -9.986441713186988522e+01
-1.054537962798175244e+02 -1.054712276076967754e+02
-1.025411797497339421e+02 -1.025498822383382276e+02
-1.080069239837771562e+02 -1.080198910922566853e+02
-1.026063042257449922e+02 -1.026049121189972340e+02
-9.978568612704333418e+01 -9.977051383540616314e+01
-1.040789344339840596e+02 -1.041148713930815148e+02
-1.025453024025155173e+02 -1.025439281004857435e+02
-1.059198733744341467e+02 -1.059308389261861834e+02
-1.054863319188636552e+02 -1.055850929792161423e+02
-1.051880599617155667e+02 -1.051989181488723659e+02
-1.053102386430816182e+02 -1.053118595331921910e+02
-1.080716672343502722e+02 -1.080792888023802476e+02
-1.080438556350983390e+02 -1.080593821621826010e+02
-1.080514366194515219e+02 -1.080527640222979926e+02
-1.052936048734680980e+02 -1.053006997481517004e+02
-1.016619108551229544e+02 -1.016212079156246944e+02
-1.025827009849610221e+02 -1.025916684617573509e+02
-1.008280631718772042e+02 -1.007882874607810919e+02
-1.032322876478990707e+02 -1.032209450716506467e+02
-1.080488198113041847e+02 -1.080507951873200483e+02
-1.051216054156962088e+02 -1.051182822109482657e+02
-1.013903240328979649e+02 -1.014168879827752789e+02
-9.901566437058473014e+01 -9.904350171483800125e+01
-1.080196675680311955e+02 -1.080272582324063677e+02
-1.080287924005108238e+02 -1.080448764409133133e+02
-9.703619519927867998e+01 -9.703455980696382710e+01
-9.709940818453668498e+01 -9.709337041372391752e+01
-9.984144566579180946e+01 -9.985823373691064830e+01
-1.025639792692910248e+02 -1.025782906743716580e+02
-9.911610868070771119e+01 -9.909977856167172661e+01
-9.795061078726413939e+01 -9.801281013290251565e+01
-1.107713461133202770e+02 -1.107732639634037213e+02
-1.025436231740969504e+02 -1.025382184397838898e+02
-9.714793295632875925e+01 -9.716822783121904195e+01
-1.107249019372899852e+02 -1.107236867981624613e+02
-1.080133622504759927e+02 -1.080189102313608771e+02
-1.080149870943235015e+02 -1.080217273579708177e+02
-1.080881320006029398e+02 -1.080972350229494054e+02
-1.052690900258454150e+02 -1.052725898100826214e+02
-1.107251430586431837e+02 -1.107270869899802079e+02
-1.053724153393188487e+02 -1.053793936692721473e+02
-1.025577279903568950e+02 -1.025594031646416084e+02
-9.971233815600125183e+01 -9.968165059693700414e+01
-9.975143208731046229e+01 -9.973519906481315900e+01
-1.079943109879173591e+02 -1.079977773685723150e+02
-1.053685064874332795e+02 -1.053754757026912756e+02
-1.079882138143370440e+02 -1.079939239033216154e+02
-9.991711267578006073e+01 -9.992100953375967265e+01
-1.080697869102001789e+02 -1.080764720155129481e+02
-1.052762222763382596e+02 -1.052790207058586702e+02
-1.009901263358588039e+02 -1.009739526552786941e+02
-1.053004979327503747e+02 -1.053055967922382905e+02
-1.026474857036897532e+02 -1.026557604553746330e+02
-9.911978885513967441e+01 -9.911803476977802063e+01
-1.037041414079228190e+02 -1.037405807330584935e+02
-9.734185435708185707e+01 -9.733365232013065338e+01
-1.080510203388362811e+02 -1.080569964847866373e+02
-1.080528132883959103e+02 -1.080525518492053436e+02
-9.916250667626924553e+01 -9.913527903822711096e+01
-1.026209761462365719e+02 -1.026313600091420426e+02
-1.052838042126805078e+02 -1.052859730125158251e+02
-8.065778097111017075e+01 4.045121543619762560e+17
-2.141707527230000000e+11 -3.011152879264093229e+01
-9.174049365775000000e+10 -4.310914212667616141e+01
-9.490085689975000000e+10 -3.362914181705200889e+01
-7.600351151575000000e+10 -7.662538770303716262e+01
-9.095898882175000000e+10 -3.720093536011227542e+01
-7.515388673550000000e+10 -4.625343183916586298e+01
-4.563080057800000000e+10 -6.379289908986997659e+01
-6.678350730650000000e+10 -4.088199169466508209e+01
-5.766317153500000000e+10 -4.811010349126953400e+01
-4.275687927575000000e+10 -5.885291964730173220e+01
-5.183770565600000000e+10 -4.072760719215784775e+01
-4.685591319125000000e+10 -4.235970785343091904e+01
-4.702980166700000000e+10 -4.565934825191531132e+01
-4.581512144225000000e+10 -4.765413775010375019e+01
-4.366665449400000000e+10 -5.524275957780688628e+01
-4.387359317550000000e+10 -4.577575198883702967e+01
-5.067931493400000000e+10 -7.920648950957190948e+01
-4.136748658100000000e+10 -4.542229977989117629e+01
-4.131031777550000000e+10 -4.725713750806581004e+01
-3.892920743400000000e+10 -4.462057890347208655e+01
-3.817431568675000000e+10 -4.625880317698786115e+01
-3.486469587375000000e+10 -4.621067499164731629e+01
-3.396981450550000000e+10 -4.639260155119543327e+01
-3.266702495400000000e+10 -4.498251758263660349e+01
-3.271586800750000000e+10 -4.652735621635420671e+01
-3.116849453075000000e+10 -4.828968578170939452e+01
-2.950089310775000000e+10 -4.789366106992743966e+01
-2.955181497575000000e+10 -4.508995190327024005e+01
-2.831616592050000000e+10 -5.013725901642634142e+01
-5.418898102350000000e+10 -8.802563696812225658e+01
-3.022220565150000000e+10 -4.843181630915657365e+01
-2.879484729100000000e+10 -4.687570959434037121e+01
-4.621678770475000000e+10 -8.699941170360008869e+01
-2.905241250775000000e+10 -5.289278614285296953e+01
-2.473938255100000000e+10 -6.418990254958046648e+01
-2.436673039525000000e+10 -6.792543699695274029e+01
-2.640565689050000000e+10 -4.855475857802882445e+01
-2.346097333150000000e+10 -4.792887969443797402e+01
-2.601390822125000000e+10 -4.865595931187143464e+01
-2.469847122375000000e+10 -5.037076091434889946e+01
-2.360798386175000000e+10 -5.117769823482014857e+01
-2.335404000050000000e+10 -4.732782920528989479e+01
-2.312961072500000000e+10 -4.833974568211306178e+01
-2.364547177150000000e+10 -5.213179743748841588e+01
-2.406215981175000000e+10 -5.696883970525576757e+01
-2.287976088475000000e+10 -4.839222000134239465e+01
-3.670956600975000000e+10 -8.991784863640744163e+01
-3.186548999400000000e+10 -8.806570552807664853e+01
-2.170806650025000000e+10 -4.969743065337759447e+01
-2.134834860075000000e+10 -5.308710181856713461e+01
-2.029281272962500000e+10 -4.850001438124161268e+01
-2.122683977637500000e+10 -4.928186822807539613e+01
-2.084090071050000000e+10 -5.377092314827014263e+01
-3.053006057662500000e+10 -9.380010246059485723e+01
-2.154224605725000000e+10 -5.334392928362989750e+01
-2.090709988287500000e+10 -4.815258063984344261e+01
-2.030771313412500000e+10 -5.022018414432665168e+01
-1.992541078362500000e+10 -5.139029447430900888e+01
-1.864126249125000000e+10 -4.867799908439219081e+01
-2.006793928175000000e+10 -5.017573965395688873e+01
-1.946208472275000000e+10 -5.292795862977492760e+01
-1.892633628237500000e+10 -5.256186371996496831e+01
-1.827561635650000000e+10 -5.182367733296865708e+01
-1.793503332550000000e+10 -5.060424082299854831e+01
-1.760204786325000000e+10 -4.842306306527031978e+01
-1.745140155650000000e+10 -5.200163714869245268e+01
-1.700334506350000000e+10 -5.163015032504274870e+01
-2.475129396900000000e+10 -8.576982142330105319e+01
-1.706670064012500000e+10 -4.903533303366204166e+01
-1.663531331225000000e+10 -4.997268046080012738e+01
-1.645541045900000000e+10 -4.973187413634291687e+01
-1.623413704662500000e+10 -5.303401437863593770e+01
-1.602534616250000000e+10 -5.004209542919232945e+01
-1.560951830137500000e+10 -5.627599879198767496e+01
-1.496045359412500000e+10 -5.316279853629031038e+01
-1.551333952900000000e+10 -5.107388779765608433e+01
-1.493842212375000000e+10 -4.619609420083913420e+01
-1.445034567137500000e+10 -4.875343791886925970e+01
-1.479007627687500000e+10 -5.145317754975045688e+01
-1.357755063475000000e+10 -5.271989109766659709e+01
-1.469861181875000000e+10 -5.267722395689367687e+01
-1.410571015637500000e+10 -5.590277544160224465e+01
-1.292565710962500000e+10 -4.568219837761603230e+01
-2.345201582062500000e+10 -9.115578351316520411e+01
-2.082418715725000000e+10 -8.770637007138486752e+01
-1.440591391000000000e+10 -5.617060811161746869e+01
-1.378739971900000000e+10 -5.174785743550692985e+01
-1.363950762375000000e+10 -5.202437892148817156e+01
-2.022980453525000000e+10 -9.085287731933780719e+01
-1.369926969750000000e+10 -5.020103770577019020e+01
-1.336660676650000000e+10 -4.658928616241964704e+01
-1.314831162300000000e+10 -4.938605853880021357e+01
-1.306719763462500000e+10 -5.312607279955867767e+01
-1.293642378412500000e+10 -4.908252576136776213e+01
-1.267496033212500000e+10 -4.869607638893393187e+01
-1.284948104075000000e+10 -5.839613844589779745e+01
-1.612470092012500000e+10 -8.393634516326031303e+01
-1.243670140487500000e+10 -5.372240013704062989e+01
-1.245242795075000000e+10 -6.019641124688613587e+01
-1.216347169287500000e+10 -4.900622281220758225e+01
-1.827665225312500000e+10 -9.010192184285321559e+01
-1.239800045275000000e+10 -5.005389669450281787e+01
-1.196314449725000000e+10 -5.202026066523115588e+01
-1.047901768712500000e+10 -4.969381504620402268e+01
-1.555326022700000000e+10 -8.322716745483255352e+01
-1.197811617912500000e+10 -5.303230148853210579e+01
-1.170651486312500000e+10 -4.772253679829896811e+01
-1.172433582937500000e+10 -5.512316213071875382e+01
-1.146088669537500000e+10 -5.281057506098344589e+01
-1.137216437150000000e+10 -5.577193908187418003e+01
-1.135070462962500000e+10 -4.905882848904668947e+01
-1.173137314500000000e+10 -5.760459016072997684e+01
-1.116905757600000000e+10 -5.220542820350139834e+01
-1.108220979425000000e+10 -5.710896182672775723e+01
-1.668327314687500000e+10 -9.079607999365909166e+01
-1.050194150887500000e+10 -5.604473683582531862e+01
-1.567780314912500000e+10 -9.018536901701729391e+01
-1.076496485125000000e+10 -5.047462873078324463e+01
-1.125906051325000000e+10 -6.096213080151033381e+01
-1.052630732762500000e+10 -5.403307526243785475e+01
-1.012363762875000000e+10 -5.124942363412877455e+01
-1.016697674350000000e+10 -5.779814374261261634e+01
-1.491993636387500000e+10 -8.812107616366986917e+01
-1.035838886500000000e+10 -4.891973942652870022e+01
-1.009896158575000000e+10 -5.097899646563416098e+01
-9.416439097750000000e+09 -6.073380839520203978e+01
-1.017725717812500000e+10 -5.770457866381229906e+01
-9.875340795000000000e+09 -5.409678993412922665e+01
-9.727788500125000000e+09 -5.377778237764712088e+01
-9.713075890750000000e+09 -5.483709332198942832e+01
-9.358662530125000000e+09 -5.159133405960960062e+01
-9.455192912500000000e+09 -5.749760090889944308e+01
-9.394432529500000000e+09 -5.106990661253282582e+01
-1.447359852800000000e+10 -8.958096035276049918e+01
-9.359113956375000000e+09 -4.865557071556830948e+01
-9.231994595000000000e+09 -5.102029538307164813e+01
-8.928907814250000000e+09 -6.404033806300662945e+01
-9.139330716625000000e+09 -5.455877527019087836e+01
-7.769827607250000000e+09 -4.996450770058319790e+01
-9.016979411125000000e+09 -5.192817273571133541e+01
-8.816175492000000000e+09 -5.155414289610320111e+01
-1.193489642050000000e+10 -8.258808485179059744e+01
-8.754263549500000000e+09 -5.362878631012758035e+01
-8.505277371750000000e+09 -4.364607015189799455e+01
-8.732296815625000000e+09 -5.335159794863445626e+01
-8.589285233500000000e+09 -5.567864323432601026e+01
-8.559508471875000000e+09 -5.330684099634270723e+01
-8.440356872125000000e+09 -5.309892964753966282e+01
-8.460498506250000000e+09 -4.969013461368775353e+01
-8.216289004500000000e+09 -5.019200621197023793e+01
-1.162501690437500000e+10 -8.284990604696757543e+01
-7.962626734875000000e+09 -5.074771491488828445e+01
-8.165706156000000000e+09 -5.040491766873108048e+01
-8.009787960625000000e+09 -5.306689643450191340e+01
-7.943697801750000000e+09 -5.649174693722703466e+01
-8.223420978375000000e+09 -4.362206346183447891e+01
-7.463343629375000000e+09 -5.308733662480248938e+01
-1.032867383962500000e+10 -8.358583464580894429e+01
-7.711248811500000000e+09 -5.159378623521926244e+01
-7.869248832750000000e+09 -5.502825725930496503e+01
-1.233681287025000000e+10 -8.956536144594632276e+01
-1.148960264275000000e+10 -8.824617593028281703e+01
-7.764076599500000000e+09 -5.079350787763153363e+01
-7.924548123750000000e+09 -6.452671775419500477e+01
-1.097972152300000000e+10 -9.044424075410789499e+01
-7.620241861125000000e+09 -5.135517560290282546e+01
-7.509121884375000000e+09 -5.085392210445734662e+01
-1.053883214725000000e+10 -8.640689775937531181e+01
-7.042003401625000000e+09 -5.433573917224391181e+01
-7.445823089625000000e+09 -5.193700253749217666e+01
-7.307577652000000000e+09 -5.200533907570816439e+01
-1.042351719550000000e+10 -8.968957784329680294e+01
-9.778545241500000000e+09 -8.624413775797360415e+01
-7.267769834500000000e+09 -5.312908386843588460e+01
-7.198478097625000000e+09 -5.084971547797226776e+01
-6.167659306875000000e+09 -4.589991880745269981e+01
-7.199642425750000000e+09 -5.020412442876927628e+01
-7.215851220000000000e+09 -4.971519579965440272e+01
-7.077920374500000000e+09 -5.632009335314080545e+01
-9.991067822500000000e+09 -9.115066041360933013e+01
-7.008541332250000000e+09 -5.055138680765231385e+01
-6.946115967250000000e+09 -4.877305930959585822e+01
-6.768691126750000000e+09 -5.019834710718372150e+01
-6.838573809250000000e+09 -5.098163807083498966e+01
-6.810502349750000000e+09 -5.378682846921091709e+01
-6.740034417250000000e+09 -5.531332613654618058e+01
-9.084989641125000000e+09 -8.689664292176668425e+01
-6.658991855250000000e+09 -5.542448241014768939e+01
-6.604917480625000000e+09 -4.805966561817920990e+01
-6.616614565000000000e+09 -6.032102975701462810e+01
-6.534350214750000000e+09 -5.476215421122750371e+01
-6.487571508000000000e+09 -5.228108540657640191e+01
-6.375645944250000000e+09 -5.640992683350491177e+01
-6.390472880375000000e+09 -5.084291980814339951e+01
-6.189864453250000000e+09 -5.044954175123567808e+01
-6.197289181000000000e+09 -4.945386523338972751e+01
-6.074187806625000000e+09 -5.596252289938419011e+01
-6.281200690750000000e+09 -5.066213185071780600e+01
-7.648496248250000000e+09 -7.818472165989425093e+01
-6.961322584375000000e+09 -6.864482876032732861e+01
-7.335908866375000000e+09 -4.277998971566200481e+01
-6.169873731750000000e+09 -5.813096888241565807e+01
-6.075671686125000000e+09 -5.235531896457433021e+01
-5.916239661750000000e+09 -6.055767671352786863e+01
-5.626267084000000000e+09 -5.550384093289337528e+01
-6.093910141625000000e+09 -4.907351802686544318e+01
-8.817281691375000000e+09 -8.856949110092708111e+01
-8.719082649750000000e+09 -9.178320893202806019e+01
-6.047867283875000000e+09 -4.638556748820435160e+01
-5.866402165500000000e+09 -5.018077842994036075e+01
-5.756753250750000000e+09 -5.270790456777144328e+01
-7.928611718750000000e+09 -8.869834205331811461e+01
-8.207505388750000000e+09 -8.964200623772302379e+01
-5.824260979125000000e+09 -5.048814470694480860e+01
-7.905653627625000000e+09 -9.121770405214482480e+01
-7.751223622375000000e+09 -8.962075353819065526e+01
-5.772117759750000000e+09 -5.208705145865483388e+01
-6.526378635500000000e+09 -8.043783855326748267e+01
-5.794344873125000000e+09 -5.714965276265164817e+01
-5.745063585750000000e+09 -5.075909668011465214e+01
-5.364318835500000000e+09 -4.935097047256699199e+01
-5.907335306875000000e+09 -6.167428371320435332e+01
-5.645504314125000000e+09 -5.869458547628025258e+01
-5.589820023500000000e+09 -5.219752303770159330e+01
-5.553613874250000000e+09 -5.259049363374340658e+01
-5.360476154125000000e+09 -5.124354443643238000e+01
-5.513299587250000000e+09 -5.191865471781828489e+01
-5.440193019000000000e+09 -5.388276818667954160e+01
-5.297809445000000000e+09 -5.310445649586349504e+01
-5.420873922500000000e+09 -5.033778561548184882e+01
-7.360026977875000000e+09 -9.035716708652904572e+01
-5.429500045375000000e+09 -4.864780197940409323e+01
-5.321605933375000000e+09 -5.153028751353176062e+01
-5.295870685187500000e+09 -4.983360097951033651e+01
-5.196770728375000000e+09 -5.064521088053801634e+01
-5.256370347375000000e+09 -5.176395836172789444e+01
-5.113117673312500000e+09 -5.570358515057048976e+01
-5.162882048875000000e+09 -4.787551496302208420e+01
-7.005973361562500000e+09 -9.018908789970879525e+01
-5.243694240187500000e+09 -6.022768151533810510e+01
-5.048466522500000000e+09 -5.401942802121918419e+01
-4.964016197937500000e+09 -5.325926206874570568e+01
-5.136846019125000000e+09 -4.980632173945556929e+01
-5.117339607437500000e+09 -5.419451494083300247e+01
-5.031365775687500000e+09 -5.433807256526570484e+01
-5.039940875687500000e+09 -4.983390012238395173e+01
-4.976536154625000000e+09 -5.185169285615549484e+01
-4.933424481437500000e+09 -5.123206572461532460e+01
-4.783587883000000000e+09 -5.116466420576699647e+01
-4.856454180375000000e+09 -5.221781838983801549e+01
-5.029310902375000000e+09 -6.387156313949584785e+01
-4.969071915875000000e+09 -6.523780008201376290e+01
-4.618890158312500000e+09 -4.798033378113942859e+01
-4.516082318875000000e+09 -5.779087592906096660e+01
-4.706330447312500000e+09 -4.856301374898233547e+01
-4.848426968500000000e+09 -4.480309632355684357e+01
-4.736895935750000000e+09 -5.082171476743356919e+01
-6.956894319312500000e+09 -9.232750582153623498e+01
-4.709406270750000000e+09 -5.103844836040513400e+01
-4.599255805000000000e+09 -5.210201027388431783e+01
-5.110827671375000000e+09 -7.770388835920462611e+01
-5.313875017000000000e+09 -5.912285752046698661e+01
-4.337017119937500000e+09 -6.580491510285193613e+01
-4.610555276375000000e+09 -4.980585416285301648e+01
-4.557563935687500000e+09 -5.933205805402936051e+01
-4.524461340562500000e+09 -5.084958133545957537e+01
-4.480301219125000000e+09 -5.007535035433591020e+01
-4.393631342312500000e+09 -6.060560553209827361e+01
-4.078989147250000000e+09 -4.833004791561677393e+01
-4.120019937500000000e+09 -5.567658120354877838e+01
-4.241037226625000000e+09 -4.657533021315121147e+01
-4.190023723562500000e+09 -5.506434941115602300e+01
-4.385689368375000000e+09 -4.913159361358806621e+01
-4.258742457500000000e+09 -5.531031905445628638e+01
-4.317249369562500000e+09 -5.175815908681485666e+01
-7.222965982312500000e+09 -8.896859044947842676e+01
-4.218402475812500000e+09 -5.330241180312028604e+01
-4.186300626437500000e+09 -5.241522715521598030e+01
-4.136932369937500000e+09 -5.348634497275092059e+01
-4.271685337562500000e+09 -5.021428621300910322e+01
-4.240644589625000000e+09 -5.198202730074263656e+01
-4.020806108000000000e+09 -5.473936735281767341e+01
-4.204942494000000000e+09 -5.198643605353160524e+01
-6.628853032937500000e+09 -9.120641342169500376e+01
-4.137908836937500000e+09 -5.375459179673124765e+01
