0.000000000000000000e+00 0.000000000000000000e+00
-1.053892044929730929e+02 -1.053957331232108316e+02
-9.956758610584036262e+01 -9.973842365569541357e+01
-1.026971505001314569e+02 -1.026981994252725059e+02
-9.715845543910916149e+01 -9.717529430408764313e+01
-9.988616620206853725e+01 -9.984975906368188703e+01
-1.052898591660036374e+02 -1.052802572595941939e+02
-1.026086755133959514e+02 -1.025992981735332563e+02
-1.040686243175502455e+02 -1.041183677726061347e+02
-1.106907044235416180e+02 -1.107201972133500618e+02
-1.107431916508948007e+02 -1.107154749240703637e+02
-9.443209225986301192e+01 -9.443331118768072940e+01
-1.024029521388520578e+02 -1.025088672881000917e+02
-1.080093254875684465e+02 -1.080462550765960827e+02
-1.010065429078050840e+02 -1.009655710919103058e+02
-9.991689153393531342e+01 -9.986294623623456346e+01
-1.079871271768074052e+02 -1.080229367336544044e+02
-1.053797478668477510e+02 -1.053996080217560802e+02
-9.725716079502259959e+01 -9.723552117846338660e+01
-1.018978502688690355e+02 -1.018654985628289467e+02
-1.079828577422671145e+02 -1.079905526595841252e+02
-1.107899768125845981e+02 -1.107655322728029574e+02
-1.052938336678025024e+02 -1.053229509153005949e+02
-1.080560957483535560e+02 -1.080688607003438335e+02
-1.053450400959799538e+02 -1.053756935166989592e+02
-1.080233187573894611e+02 -1.079943899820858064e+02
-9.714260061755899756e+01 -9.715545281293478297e+01
-1.053631811282936184e+02 -1.053759882729141566e+02
-1.053587705956078793e+02 -1.053537051032416656e+02
-1.009361293155711650e+02 -1.009526874283735935e+02
-1.080672278297211193e+02 -1.080439533270889427e+02
-1.079812813095362714e+02 -1.079960519108603734e+02
-1.081205148954397544e+02 -1.081231830598444219e+02
-9.999556187644503780e+01 -9.993723767545959902e+01
-1.107723183257731705e+02 -1.107751514137677873e+02
-1.080982993048386760e+02 -1.081060734176693927e+02
-9.717716502385397348e+01 -9.717542900058101907e+01
-9.996368869950556757e+01 -9.996576107102879405e+01
-1.027243986974354613e+02 -1.027007990503541635e+02
-1.080488218759625596e+02 -1.080500703264520297e+02
-1.080481211431262238e+02 -1.080511171181682073e+02
-9.976130480744082263e+01 -9.977149191336818035e+01
-1.052593197604553552e+02 -1.052773453649687809e+02
-1.025874089984733786e+02 -1.025775675230979829e+02
-9.983173182151458036e+01 -9.979980448988597175e+01
-1.080460442737696525e+02 -1.080514958361768123e+02
-9.897217071895036611e+01 -9.901650670206207394e+01
-9.932953929248238012e+01 -9.915106240548276162e+01
-9.719557279889792767e+01 -9.713673376862985265e+01
-1.053064102126892863e+02 -1.053235292799004554e+02
-9.990758230376735582e+01 -9.993317563040018570e+01
-1.026275503049104145e+02 -1.026307180268639172e+02
-1.053996395980929464e+02 -1.054004612610433043e+02
-9.715832007188262764e+01 -9.711434618121856488e+01
-1.025278258668543145e+02 -1.025622350190634506e+02
-9.771427869584529446e+01 -9.780569697113274685e+01
-1.052424296708252314e+02 -1.052446014994360297e+02
-1.052483870097875496e+02 -1.052542927720470232e+02
-1.079943621512500727e+02 -1.079979878842664363e+02
-1.080436624016417397e+02 -1.080478442814042381e+02
-1.026085640760218780e+02 -1.026070854348442225e+02
-1.026284734916794434e+02 -1.026485012366731411e+02
-1.026389342321906923e+02 -1.026372265256962208e+02
-1.081288969092466630e+02 -1.081223712076634484e+02
-1.025455793335487584e+02 -1.025506137307657895e+02
-9.867672575592378337e+01 -9.871458516612287326e+01
-1.080660311712428552e+02 -1.080759688844753725e+02
-1.032595084736982471e+02 -1.032196310790257172e+02
-1.080168346399151886e+02 -1.080233360207345328e+02
-1.080687377080464984e+02 -1.080699724994148596e+02
-1.079869530563965014e+02 -1.079929725435920744e+02
-9.930915905506168428e+01 -9.927310086543442935e+01
-9.705478342844554618e+01 -9.705657622248386929e+01
-1.053168645113759965e+02 -1.053261451500911363e+02
-1.052878724720501680e+02 -1.052960711913695064e+02
-1.053795151262394540e+02 -1.053709245556879210e+02
-1.067958861312852861e+02 -1.068227175230468617e+02
-9.708171612101099868e+01 -9.708646563292796827e+01
-1.025799814932545360e+02 -1.025772885940374977e+02
-1.066348636219564128e+02 -1.066697967824854203e+02
-1.053166646469691869e+02 -1.053279105621068368e+02
-1.080021457508359219e+02 -1.080023555404221440e+02
-9.984044871230869944e+01 -9.984261146828781364e+01
-1.042863480434311327e+02 -1.042573607978770696e+02
-1.053315879039625145e+02 -1.053287068049427546e+02
-1.041073977669771295e+02 -1.041290379860582647e+02
-1.079775164079360366e+02 -1.079785492421868724e+02
-9.696621325424487736e+01 -9.696877810348834714e+01
-1.107166704211579713e+02 -1.107209159485781953e+02
-1.053441738636533529e+02 -1.053468305269710470e+02
-9.986498728128367475e+01 -9.987514543339793249e+01
-1.047160109961089631e+02 -1.046184283140794378e+02
-1.080799565237588098e+02 -1.080767254143052583e+02
-1.053165302939774222e+02 -1.053165341313851400e+02
-9.991532740207755126e+01 -9.990823720984379008e+01
-1.025226187994940830e+02 -1.025389408702713183e+02
-1.052533619225322497e+02 -1.052410006164367786e+02
-1.019254584771697836e+02 -1.018946928282478410e+02
-1.107660286601385735e+02 -1.107719468362881230e+02
-1.053948636588831391e+02 -1.053993883986906326e+02
-1.079901529850997690e+02 -1.079950020760199152e+02
-1.080691400492080163e+02 -1.080695417518502950e+02
-1.106847110520789101e+02 -1.106945880474758752e+02
-9.689031626584900891e+01 -9.690945487395357816e+01
-1.053841214715598511e+02 -1.053907130655700399e+02
-1.051952409974369829e+02 -1.052015765379405963e+02
-9.400783929369194425e+01 -9.399767745275407549e+01
-1.107568618164173984e+02 -1.107521056380999482e+02
-1.079758298464686135e+02 -1.079808943470979870e+02
-1.080011417210443199e+02 -1.080016581090535652e+02
-1.026377932240856126e+02 -1.026309188881423609e+02
-1.053151175487018349e+02 -1.053211352101898370e+02
-1.080702229115325963e+02 -1.080727540843130043e+02
-1.021543362860553827e+02 -1.020811710030824599e+02
-1.107702416946703750e+02 -1.107756032041918672e+02
-9.972918133323857148e+01 -9.973838802240008761e+01
-1.080376647865120248e+02 -1.080305998263538214e+02
-9.975795192617891871e+01 -9.976594796956368327e+01
-9.991321864552999443e+01 -9.991300923815828128e+01
-1.107205197159441781e+02 -1.107257607727234046e+02
-1.052627443164635679e+02 -1.052710289747987105e+02
-9.921746385427721293e+01 -9.923955707945599158e+01
-1.079828100093439787e+02 -1.079944502429215021e+02
-1.054085690578403955e+02 -1.054068323363121493e+02
-1.053245636553576787e+02 -1.053276359545342302e+02
-1.107205441233726191e+02 -1.107261414691392076e+02
-1.080544495497519790e+02 -1.080539491057935635e+02
-1.080527991511341241e+02 -1.080537369054247705e+02
-1.052711212961118150e+02 -1.052843757836657659e+02
-1.042482454704327921e+02 -1.042586177234515787e+02
-1.107723237228551483e+02 -1.107759794796793500e+02
-1.053660883837233513e+02 -1.053616396511551301e+02
-1.061254149382945542e+02 -1.061394853170423858e+02
-1.068747767017978418e+02 -1.068562184199173828e+02
-1.026144807619185428e+02 -1.026160632475333614e+02
-1.041330278844458803e+02 -1.041448755721408475e+02
-1.051813056519554408e+02 -1.051848372889655963e+02
-1.053581960269069242e+02 -1.053566375843174399e+02
-1.043743489395822621e+02 -1.043860073350887347e+02
-1.053019377590028256e+02 -1.053029482252415931e+02
-1.053351294530259139e+02 -1.053317638942834122e+02
-1.053671992781405322e+02 -1.053637191819942274e+02
-1.043033907266026574e+02 -1.043498706473522049e+02
-1.041318703896515956e+02 -1.041366961513001002e+02
-9.915108625675884468e+01 -9.913819357473062155e+01
-1.054316771256202685e+02 -1.054266487618031931e+02
-1.079707538342182289e+02 -1.079772101291027582e+02
-1.053379425454255340e+02 -1.053359962963588288e+02
-1.051771373034316923e+02 -1.051833117846694421e+02
-1.053148346261425985e+02 -1.053104027126407516e+02
-1.107130230986636406e+02 -1.107207385315431196e+02
-9.985347988604759450e+01 -9.985714375914147922e+01
-1.010625658249380052e+02 -1.010763705925166818e+02
-9.703396624699368544e+01 -9.704124696529537175e+01
-1.053381532845673547e+02 -1.053359311473651871e+02
-1.079970121101635101e+02 -1.079982197605497589e+02
-1.035677874001717385e+02 -1.035689514858507891e+02
-1.053796066091086630e+02 -1.053748782532873065e+02
-1.107206487436130828e+02 -1.107239941406004249e+02
-1.107727927805703558e+02 -1.107764281484498810e+02
-1.052721795400369160e+02 -1.052767884765445388e+02
-1.032453816037515395e+02 -1.032267352381348218e+02
-1.080587676317721275e+02 -1.080549674891064313e+02
-1.080831478851478806e+02 -1.080806957928100900e+02
-1.025669145626400223e+02 -1.025712582051016426e+02
-1.053222508823140089e+02 -1.053210958753473534e+02
-1.027461803838422441e+02 -1.027444584422497087e+02
-1.080614242543974655e+02 -1.080577907841495033e+02
-1.053264464417262189e+02 -1.053246639360172310e+02
-1.017789824895718027e+02 -1.017870511767956287e+02
-1.054167479728186407e+02 -1.054133801946599505e+02
-9.991720192828036318e+01 -9.992484437211734871e+01
-1.107765760216277044e+02 -1.107754373061622033e+02
-1.024959143585123940e+02 -1.025040808866859550e+02
-1.080589898702421436e+02 -1.080553728285814969e+02
-1.041206560184683525e+02 -1.041208756868961416e+02
-9.839771134160204724e+01 -9.839759439790859119e+01
-1.054226590225275970e+02 -1.054237157033966952e+02
-9.697607712626810894e+01 -9.698476640692325645e+01
-1.032384814695424211e+02 -1.032190604123561286e+02
-1.080574792426587294e+02 -1.080556955292284300e+02
-1.054114158960143897e+02 -1.054091582146596124e+02
-9.709285752456702312e+01 -9.709679038281993257e+01
-1.080535853460705198e+02 -1.080505103767942785e+02
-1.080587446971174472e+02 -1.080568026442393972e+02
-1.014359646963725794e+02 -1.014424309860326616e+02
-1.026522525806038288e+02 -1.026560866616656114e+02
-1.080556673859718728e+02 -1.080534007248722617e+02
-1.027095289208780287e+02 -1.027102217236346036e+02
-1.025488384617088116e+02 -1.025508835633692968e+02
-1.080011267100855434e+02 -1.080016551537368485e+02
-1.080571025939108836e+02 -1.080540820628983596e+02
-1.046128219375046484e+02 -1.046091943717630102e+02
-1.025204695181545418e+02 -1.025194503138423556e+02
-1.045117185802731115e+02 -1.045206251357669913e+02
-1.081292498292684741e+02 -1.081261970753741650e+02
-1.106957702440007267e+02 -1.106980941479505702e+02
-1.025073908948125023e+02 -1.025087957481318739e+02
-9.929040212543816324e+01 -9.929162399856561194e+01
-9.995419257139937486e+01 -9.995187098030028494e+01
-1.080757234639838060e+02 -1.080751496217996674e+02
-1.025433708053237041e+02 -1.025410494686290974e+02
-1.107719559662550353e+02 -1.107721899589353569e+02
-1.024792164293458256e+02 -1.024791003730260286e+02
-1.019727742994358124e+02 -1.019918558849057177e+02
-1.053560535167483607e+02 -1.053558537144302960e+02
-1.062052782067336807e+02 -1.061950061389462974e+02
-1.081068991970187625e+02 -1.081021904276799006e+02
-1.027600487867253349e+02 -1.027618630211912887e+02
-9.975888369471810790e+01 -9.976127141604604276e+01
-1.080344599157699577e+02 -1.080305634319534818e+02
-1.079759355515132597e+02 -1.079743337258687603e+02
-1.053066430913143279e+02 -1.053070996651292290e+02
-1.079135221980971266e+02 -1.079133093745380023e+02
-1.079974912724704978e+02 -1.079971467135045913e+02
-1.054199788946974792e+02 -1.054147708120851377e+02
-1.080825122933870119e+02 -1.080811644024511935e+02
-1.080792378066849011e+02 -1.080775626162917007e+02
-1.053337830970464211e+02 -1.053324208941314026e+02
-1.107147666369806842e+02 -1.107173063608870791e+02
-1.061993367367973207e+02 -1.062028475473906468e+02
-1.052855807605471341e+02 -1.052831329658686172e+02
-1.053863122239402514e+02 -1.053834000499161476e+02
-1.053278939672564718e+02 -1.053388445008409064e+02
-1.053060817040202437e+02 -1.053066220097159515e+02
-9.916802871270442665e+01 -9.918201683814220360e+01
-1.107188919241358178e+02 -1.107218819588174910e+02
-1.081014449060821647e+02 -1.080987802494240526e+02
-1.031459477447820205e+02 -1.031554605244517546e+02
-1.054139503066937067e+02 -1.054111917732795831e+02
-9.992945133692424520e+01 -9.992847849027936036e+01
-1.052156133791972792e+02 -1.052177734060898047e+02
-1.054096899829463752e+02 -1.054094582359963681e+02
-1.106602145884126287e+02 -1.106687162337156565e+02
-1.080261234739466403e+02 -1.080277603343771489e+02
-1.042932823082131080e+02 -1.043247963087697343e+02
-1.107508430932780357e+02 -1.107502034737617294e+02
-9.932708425722898937e+01 -9.932445263584375539e+01
-1.025912959965471885e+02 -1.025912521091533023e+02
-9.982964670185857869e+01 -9.982599556522994533e+01
-1.041508496479355728e+02 -1.041535855812075226e+02
-1.026153111252069294e+02 -1.026133200805953294e+02
-9.915757894196930522e+01 -9.914543031661442285e+01
-1.052713487481047139e+02 -1.052722581937201909e+02
-1.080167414428649266e+02 -1.080193826644867272e+02
-1.051895269899359846e+02 -1.051866473358486758e+02
-1.015027079267398022e+02 -1.014972263301429081e+02
-1.017674008078109580e+02 -1.017535581297301945e+02
-1.081054269639631968e+02 -1.081044537509162922e+02
-1.107502608888035525e+02 -1.107502446209638833e+02
-1.053093696753161339e+02 -1.053111737821991341e+02
-1.081033808808290502e+02 -1.081012495557877031e+02
-1.025504281510329037e+02 -1.025482048928641206e+02
-1.079946814981937138e+02 -1.079908942852610494e+02
-1.106589156469510868e+02 -1.106657213676605096e+02
-1.080313253149001724e+02 -1.080303367978398938e+02
-1.106934021318698882e+02 -1.106930718653551224e+02
-1.107519221229948556e+02 -1.107527790767390883e+02
-1.054354768374166156e+02 -1.054330828414628627e+02
-1.052960730696629525e+02 -1.052985607399216406e+02
-1.107240892188192589e+02 -1.107246491354412683e+02
-1.080285913965225859e+02 -1.080233926270199731e+02
-1.081519209815334932e+02 -1.081547223456043696e+02
-1.026433184685459565e+02 -1.026424125841219137e+02
-1.032253506172522890e+02 -1.032357870185307434e+02
-1.079998083643912565e+02 -1.079995855751490694e+02
-1.053321817496857022e+02 -1.053334683392098583e+02
-1.080559321794560219e+02 -1.080544707145032248e+02
-1.042478739994138408e+02 -1.042547856790211824e+02
-1.009756868618592023e+02 -1.009845482298621988e+02
-9.700562923902819534e+01 -9.701821159410276607e+01
-1.026243542123881411e+02 -1.026237925795009431e+02
-1.053529198773976674e+02 -1.053555760687146829e+02
-1.080592752047928258e+02 -1.080588715232123462e+02
-1.053501158299778240e+02 -1.053539277526762561e+02
-1.053387332690209917e+02 -1.053377366623593190e+02
-9.993217458254896712e+01 -9.993330676295981618e+01
-1.080665680439676635e+02 -1.080691877076021541e+02
-1.052602234042268776e+02 -1.052602926272349180e+02
-1.053119729193880119e+02 -1.053110650102136105e+02
-1.053838200256000874e+02 -1.053839985766405363e+02
-1.025744457106325740e+02 -1.025778323693327110e+02
-1.052813487938189780e+02 -1.052831709981621202e+02
-1.054091311743799224e+02 -1.054088417942068219e+02
-1.080775794025568928e+02 -1.080769798344147432e+02
-1.052978498003618171e+02 -1.052997215033720835e+02
-1.107522942420737877e+02 -1.107527595692715465e+02
-1.045095499284525147e+02 -1.045119768328717242e+02
-1.080241070394050240e+02 -1.080244819590009229e+02
-1.025709476725832019e+02 -1.025718834770341914e+02
-9.447721167262385222e+01 -9.447018691291354742e+01
-1.025119246218841766e+02 -1.025117050972126549e+02
-1.080272335938606574e+02 -1.080257702071990167e+02
-9.981004314475474359e+01 -9.980879804032049663e+01
-1.080811500205888507e+02 -1.080791543607627432e+02
-1.080687434474993438e+02 -1.080687332394302871e+02
-1.026254172881192659e+02 -1.026245984502578210e+02
-1.107769456879431971e+02 -1.107771755154455349e+02
-9.982095279081993056e+01 -9.981832774603998359e+01
-1.107235958843715480e+02 -1.107246173683891612e+02
-1.080564910551368030e+02 -1.080549606422964359e+02
-1.107756533458692303e+02 -1.107752451313209718e+02
-1.053604456070016226e+02 -1.053601010410475567e+02
-1.107236886355463525e+02 -1.107246085878662285e+02
-1.052814282092358980e+02 -1.052803256991432903e+02
-1.054034452145313736e+02 -1.054043130733074065e+02
-1.081270471762782108e+02 -1.081249657115910168e+02
-1.107217914735192750e+02 -1.107239760350554150e+02
-1.107237877333572413e+02 -1.107245681533642312e+02
-9.874989820943301311e+01 -9.873956378392274758e+01
-1.053570886152114241e+02 -1.053568919173373217e+02
-1.080798292632414643e+02 -1.080775618459926477e+02
-1.052843943278797383e+02 -1.052840159117664598e+02
-1.018829501924451222e+02 -1.018905939692778020e+02
-1.079979591671213228e+02 -1.079947261567908043e+02
-1.025666780688717097e+02 -1.025669938563155199e+02
-1.000299463220324725e+02 -1.000585671704268549e+02
-9.980268555514751938e+01 -9.980361963967386885e+01
-9.711087008996909731e+01 -9.711176783751106711e+01
-1.019668355033043667e+02 -1.019745661552984188e+02
-9.973410663018331945e+01 -9.973933349567924722e+01
-1.025669632606177402e+02 -1.025678237571915048e+02
-9.971557751576685291e+01 -9.972666643853162327e+01
-1.052119256244825181e+02 -1.052152750565182515e+02
-1.080738962729553521e+02 -1.080727973374546593e+02
-1.107220492176331987e+02 -1.107238753853807225e+02
-1.027140736246565638e+02 -1.027141231774771200e+02
-9.917575154665640014e+01 -9.917260189686685123e+01
-1.054030353992911273e+02 -1.054027593627333488e+02
-1.080073441339008582e+02 -1.080082486957637826e+02
-1.080564643721190805e+02 -1.080547413732500104e+02
-1.053016262590391250e+02 -1.052999506921399302e+02
-1.041858713375435883e+02 -1.041824163385860373e+02
-1.053071703116682301e+02 -1.053072396569221354e+02
-1.017998289214118870e+02 -1.017961352680577818e+02
-1.053067292193607329e+02 -1.053040876402549628e+02
-1.107199335135348832e+02 -1.107216532081174734e+02
-1.052785366221652765e+02 -1.052782927807551943e+02
-1.080524673323026690e+02 -1.080506594973358006e+02
-1.080554821189001728e+02 -1.080543763242660873e+02
-1.053589891972935106e+02 -1.053579237415780199e+02
-1.106608385127499332e+02 -1.106656393811911272e+02
-1.107771650791219855e+02 -1.107771167490373614e+02
-1.051777950041572751e+02 -1.051741216226826907e+02
-1.080065104050988509e+02 -1.080076182953615671e+02
-1.053369910421583455e+02 -1.053375726705909159e+02
-1.052355478207820880e+02 -1.052347567213971047e+02
-1.080597059518638474e+02 -1.080588039721484961e+02
-1.079978195341001310e+02 -1.079966161388332040e+02
-1.002477603206212819e+02 -1.002456497033814600e+02
-1.053561818058099817e+02 -1.053555849772349973e+02
-1.026109153945758976e+02 -1.026118841777875588e+02
-1.107773022002710803e+02 -1.107769981500013046e+02
-1.080554980028637289e+02 -1.080540471513362064e+02
-1.025244959011561150e+02 -1.025228302672698675e+02
-1.025398679425795052e+02 -1.025365060724360120e+02
-1.014802994096493336e+02 -1.014812649088501360e+02
-1.024889787092030389e+02 -1.024886018025331680e+02
-1.026859969986055177e+02 -1.026864047472083570e+02
-1.053170004926749641e+02 -1.053166678837129098e+02
-1.107772846370847475e+02 -1.107770656128049609e+02
-1.080017822240428416e+02 -1.080023895194089221e+02
-9.425273934830306644e+01 -9.426287311695627125e+01
-9.631466179864710853e+01 -9.633499998934983921e+01
-1.080246265018551668e+02 -1.080245730890935505e+02
-9.993248813488492033e+01 -9.993255306694291562e+01
-1.080565612078522122e+02 -1.080550783915519020e+02
-1.052870130635947419e+02 -1.052858302446687304e+02
-1.053472401905558371e+02 -1.053481841316027214e+02
-1.052569507877551160e+02 -1.052563692615982660e+02
-1.107766708797658879e+02 -1.107763690484295296e+02
-9.977370182414311728e+01 -9.977608801098371316e+01
-1.026634328522121393e+02 -1.026643603388688746e+02
-1.107224470535051211e+02 -1.107239241591010597e+02
-1.009431197452842497e+02 -1.009287364558406921e+02
-1.080272770513963678e+02 -1.080253032971356220e+02
-1.080871895821267543e+02 -1.080883677696099738e+02
-1.080561176450348313e+02 -1.080550816974168669e+02
-1.080358386712544103e+02 -1.080363937464763637e+02
-1.080523503309875366e+02 -1.080506453986372293e+02
-1.081045786795052663e+02 -1.081028923148961098e+02
-1.080802580227097565e+02 -1.080800837642808148e+02
-1.053460655480986929e+02 -1.053467985447616400e+02
-1.052257030614705258e+02 -1.052262370831182352e+02
-1.079783538314989642e+02 -1.079755954610106130e+02
-1.043712715209920958e+02 -1.043831109333491156e+02
-1.027390628639525119e+02 -1.027461969954361791e+02
-1.052478551823082284e+02 -1.052478970773444757e+02
-1.016091164660554540e+02 -1.015998843268630480e+02
-9.986217534195027667e+01 -9.986105079628315195e+01
-1.053384282163408301e+02 -1.053382855120502199e+02
-1.053087316734673919e+02 -1.053101513116823185e+02
-1.026602786384760435e+02 -1.026602791753112740e+02
-1.081041094550467392e+02 -1.081024560318361267e+02
-1.081301790574525512e+02 -1.081292851339309209e+02
-1.015868887689847213e+02 -1.015753451910541401e+02
-1.080516163736091499e+02 -1.080503726589571443e+02
-1.054032247743149497e+02 -1.054023385469163685e+02
-1.026743411192394291e+02 -1.026588938124864114e+02
-1.080228100545891294e+02 -1.080241503796673044e+02
