0.000000000000000000e+00 0.000000000000000000e+00
-1.027260400344854929e+02 -1.026037406125410740e+02
-1.053270940332303098e+02 -1.053962614509063656e+02
-1.001292240717243089e+02 -1.000351114877292673e+02
-9.919467606624725420e+01 -9.915638549624067366e+01
-1.027696034181303446e+02 -1.027407124566111492e+02
-1.079702875420673536e+02 -1.080460623817128010e+02
-1.053976663776446827e+02 -1.054235352269609365e+02
-1.026673063975254507e+02 -1.026389981610273878e+02
-1.052683905931672115e+02 -1.052731512489601187e+02
-1.053081828492633747e+02 -1.052403671051200149e+02
-9.998888758041070446e+01 -9.994141477834469356e+01
-1.052331851047344600e+02 -1.052286047798162230e+02
-1.052366497045724145e+02 -1.052273076008636394e+02
-1.027102815072139776e+02 -1.026750365561590286e+02
-9.715000009429039096e+01 -9.698513733268669057e+01
-9.670859578002601609e+01 -9.657878852946079462e+01
-9.628236374638100870e+01 -9.622089202044934098e+01
-1.078911026022945236e+02 -1.079318108644929453e+02
-1.052220779088345353e+02 -1.052294109726005900e+02
-9.987312276615968187e+01 -9.986435214783352876e+01
-1.078793266038982210e+02 -1.079101330350436854e+02
-1.053308760817531748e+02 -1.053502664755815204e+02
-1.053432213434248297e+02 -1.053447563156413054e+02
-1.052534721576884635e+02 -1.052831206478732042e+02
-1.039636050431512331e+02 -1.041032600590959163e+02
-9.587631169493610628e+01 -9.595708189904185303e+01
-1.080127783199943394e+02 -1.080415338102531706e+02
-9.995212208443261659e+01 -9.987745765195344916e+01
-9.918286407827241646e+01 -9.909002071691040214e+01
-1.052317638988699855e+02 -1.052065509054098982e+02
-1.025100974943335927e+02 -1.024513978839434571e+02
-9.987875617516172611e+01 -9.981189728895552093e+01
-1.025479430804939796e+02 -1.024939011209489053e+02
-1.051782507778975742e+02 -1.051591663736504927e+02
-9.988496046360144476e+01 -9.985880862002281333e+01
-1.009950673449080085e+02 -1.010355264448628958e+02
-1.106951793624351552e+02 -1.107143063114288992e+02
-9.730158939447609612e+01 -9.728471075285037273e+01
-9.727067629569619100e+01 -9.716447263554238134e+01
-1.026115430570804818e+02 -1.026013717998532400e+02
-9.985914308924047589e+01 -9.981613662536562970e+01
-1.079647899909939781e+02 -1.079880269991467543e+02
-1.052349572535634508e+02 -1.052526799873373733e+02
-1.081550803003718073e+02 -1.081667769288029746e+02
-1.053258344208044832e+02 -1.053517479559717316e+02
-1.040740492636632268e+02 -1.041070672901202556e+02
-1.018959608997194977e+02 -1.018660315196524664e+02
-1.053135784371821018e+02 -1.053267966771886535e+02
-1.025918722910520700e+02 -1.025808786313703393e+02
-1.040823923888721794e+02 -1.041041021366567065e+02
-1.047318343141827768e+02 -1.046028969715954275e+02
-1.025550918326076300e+02 -1.025440937785668325e+02
-1.080506936758370244e+02 -1.080705591126092031e+02
-1.053069782914826646e+02 -1.053251729500169489e+02
-1.025482259646416878e+02 -1.025514009430160485e+02
-1.006805904222215702e+02 -1.006901187821644186e+02
-1.026064136282065675e+02 -1.026052882017744281e+02
-9.990047456358263389e+01 -9.987788354136120006e+01
-1.080109619760981303e+02 -1.080193283942827662e+02
-1.107055458540765045e+02 -1.107195151587718556e+02
-1.107531362481226864e+02 -1.107724345200094831e+02
-9.988236381935918473e+01 -9.987662209586481765e+01
-1.080612830111872000e+02 -1.080733683537279290e+02
-1.080408879866237157e+02 -1.080522678670227918e+02
-9.659710953860896154e+01 -9.655099212145462673e+01
-1.107570546646965539e+02 -1.107686764430262514e+02
-1.081134296167113433e+02 -1.081218579937725792e+02
-1.067267397457069649e+02 -1.067833754378612952e+02
-1.106805011497097269e+02 -1.106891966272540913e+02
-1.107626684455042607e+02 -1.107735521894767174e+02
-9.991855798179238946e+01 -9.991281652965528792e+01
-1.081109476551144155e+02 -1.081183260475249881e+02
-1.053347070992215606e+02 -1.053515960006398160e+02
-1.026257829979134470e+02 -1.026216158481845468e+02
-1.026244089378826629e+02 -1.026338713159240399e+02
-1.016920712952872208e+02 -1.017141218120610802e+02
-1.053780537046370824e+02 -1.053853820270481947e+02
-1.053959336452206941e+02 -1.054055603645609409e+02
-1.080877826870543288e+02 -1.080950720741915489e+02
-1.080562973629370020e+02 -1.080594867797355079e+02
-1.025032921337395777e+02 -1.025030505377974919e+02
-1.080730156665019024e+02 -1.080792576457239136e+02
-1.107727565881288143e+02 -1.107759267545560107e+02
-1.079629653407202028e+02 -1.079739178777552127e+02
-9.705322038683161168e+01 -9.702069039748369050e+01
-1.026729738157712433e+02 -1.026777846261875737e+02
-9.862086089140454703e+01 -9.865711128090008231e+01
-1.080703811009961157e+02 -1.080754316290086905e+02
-1.025837552327939761e+02 -1.025858661142901127e+02
-1.080482037360075509e+02 -1.080547496997316586e+02
-9.715002317144529798e+01 -9.715473324701289926e+01
-1.053556797772207432e+02 -1.053630747265939078e+02
-1.079943704124517154e+02 -1.080003448871054985e+02
-9.869566607960432236e+01 -9.874115971427642080e+01
-1.026836013281439364e+02 -1.026864278866621731e+02
-1.014037747168572707e+02 -1.014388351828059314e+02
-1.026331811948655428e+02 -1.026316873027142975e+02
-1.006362407692785581e+02 -1.006312654164535587e+02
-1.053289881581768270e+02 -1.053400033526332464e+02
-1.052676472273764006e+02 -1.052731390563901073e+02
-1.080932309247492640e+02 -1.080999875103870096e+02
-1.015610964172443573e+02 -1.015400205707004346e+02
-1.081747634806295508e+02 -1.081741649150651483e+02
-1.080196862927582657e+02 -1.080283171187987534e+02
-1.053217027787484028e+02 -1.053304989194856205e+02
-1.081743607965516958e+02 -1.081741212477957248e+02
-9.460275022493074459e+01 -9.457468423087296117e+01
-1.080406449413212044e+02 -1.080455759280432062e+02
-1.080514177362362176e+02 -1.080556016516629825e+02
-1.052987361975754652e+02 -1.053009815299938055e+02
-1.024847775448935039e+02 -1.024836305128187632e+02
-1.052495236277015920e+02 -1.052568095453103183e+02
-1.026271200216239521e+02 -1.026308501112424381e+02
-1.052433576133289677e+02 -1.052485073127384112e+02
-1.053324847885805440e+02 -1.053350083383321731e+02
-1.024606290976041407e+02 -1.024369553468270198e+02
-1.053976226915310690e+02 -1.054008345611453024e+02
-1.052524564723831730e+02 -1.052588762188111815e+02
-1.107730850396493594e+02 -1.107736748867077807e+02
-1.025946460675352085e+02 -1.025991061321248026e+02
-1.080513621140585059e+02 -1.080575299089997969e+02
-9.690380558142013001e+01 -9.686084929415783051e+01
-1.053186946526947168e+02 -1.053263563337381896e+02
-1.025333108715466039e+02 -1.025374462771080886e+02
-1.041970496626810245e+02 -1.041896936060896195e+02
-1.107441520119141813e+02 -1.107497694628477802e+02
-1.025228895772032018e+02 -1.025231611642448257e+02
-9.708661167677578874e+01 -9.708184014876756862e+01
-1.054200779347260237e+02 -1.054246796112197728e+02
-1.053315584638169184e+02 -1.053347039788281307e+02
-1.080437994916627389e+02 -1.080494536069643488e+02
-1.080254036972429645e+02 -1.080293482406244436e+02
-1.107212972254562402e+02 -1.107217471667908910e+02
-1.080464123216874839e+02 -1.080531423469714554e+02
-1.080526015139621450e+02 -1.080546544552767614e+02
-9.985213832138497025e+01 -9.986024577714633210e+01
-1.080031473431294842e+02 -1.080063131661745928e+02
-1.080706574406515728e+02 -1.080695699216941961e+02
-1.023038732554029053e+02 -1.022706831837228947e+02
-1.052999699099340916e+02 -1.053056493624168297e+02
-1.053329052278365623e+02 -1.053327457451717919e+02
-1.052992815047683308e+02 -1.053015159400788292e+02
-1.042005159219348656e+02 -1.042114313912419590e+02
-1.080533684317079945e+02 -1.080546107838148657e+02
-1.107745212078388306e+02 -1.107742949759136053e+02
-1.053992361207798751e+02 -1.054053181184933976e+02
-9.978226470488107225e+01 -9.978705281616136347e+01
-1.026107161144838784e+02 -1.026132170954525691e+02
-1.053126351434512031e+02 -1.053112476466476011e+02
-1.026309887229127185e+02 -1.026338993052222150e+02
-1.025506582736321803e+02 -1.025507191096074280e+02
-1.052709325991967120e+02 -1.052689561489159900e+02
-1.053259731832891646e+02 -1.053273480371516939e+02
-1.080171306614872577e+02 -1.080188934813590436e+02
-1.035558946957677477e+02 -1.035567110728662215e+02
-1.081071957033064308e+02 -1.081067868192202610e+02
-1.053727794123045669e+02 -1.053781754151128922e+02
-1.026201100403278588e+02 -1.026232763812991919e+02
-1.080476428053859763e+02 -1.080528041354638589e+02
-1.107107724073604089e+02 -1.107154391640405180e+02
-9.925229873908631362e+01 -9.925837573838126104e+01
-1.052851408675200560e+02 -1.052851502657029101e+02
-1.031713738535784870e+02 -1.031473368057700810e+02
-1.007340244608204500e+02 -1.007288623133055694e+02
-9.720239554152620087e+01 -9.720007856708436123e+01
-1.080008226061943617e+02 -1.080025933662844437e+02
-1.054024717431536544e+02 -1.054052633314911986e+02
-1.052691366404562103e+02 -1.052699443943645434e+02
-1.079974962661802778e+02 -1.079983401262245621e+02
-1.001169463274996900e+02 -1.001949862939242308e+02
-9.999525361966522041e+01 -9.999875257261166439e+01
-1.080772134508358420e+02 -1.080758066468892196e+02
-1.079603961070304194e+02 -1.079650811579320617e+02
-1.053218675603594505e+02 -1.053227538098727365e+02
-1.080288622096602325e+02 -1.080345428499127678e+02
-1.041520484779579618e+02 -1.041491302108184414e+02
-1.052279496867088397e+02 -1.052271501508865725e+02
-1.068489304199692214e+02 -1.068470640691487716e+02
-9.928619367846076216e+01 -9.930145808686447140e+01
-1.081079494197298771e+02 -1.081076384826218089e+02
-1.021265924058062069e+02 -1.021065464932025577e+02
-1.080422451424050365e+02 -1.080450928144489211e+02
-1.016832545757846020e+02 -1.017083662000599702e+02
-1.026638342252176130e+02 -1.026649509454433655e+02
-1.044311156302998143e+02 -1.044512412971586883e+02
-9.707454267921947633e+01 -9.706363603599602641e+01
-1.017732517086916744e+02 -1.017861201140385674e+02
-9.728880660985024065e+01 -9.729431469241185937e+01
-9.703488375236564423e+01 -9.702592685578201781e+01
-1.053266926797075627e+02 -1.053295417705774497e+02
-1.052574442439245388e+02 -1.052555143027639417e+02
-1.052889264896696915e+02 -1.052891482016307805e+02
-9.713696517143290521e+01 -9.714506076303005955e+01
-9.984049373457057186e+01 -9.983731675826733465e+01
-1.024902647601691825e+02 -1.024880295005443287e+02
-1.024794336500561940e+02 -1.024764989257571273e+02
-1.080205517699367590e+02 -1.080230904857328227e+02
-9.980406933999498165e+01 -9.979744745791573735e+01
-1.053073171709439180e+02 -1.053060603533855328e+02
-1.080817416421773629e+02 -1.080832880576413828e+02
-1.026858183301645653e+02 -1.026910098868578274e+02
-1.032049251006220771e+02 -1.032263530551285129e+02
-1.041677702979589952e+02 -1.041778411498106323e+02
-1.079745821448174894e+02 -1.079780712378014300e+02
-1.026422877292125833e+02 -1.026421412859554607e+02
-1.054009786256015246e+02 -1.054016636380344636e+02
-9.718922924018959009e+01 -9.719456239202322934e+01
-1.044050080292018805e+02 -1.044324470031591261e+02
-1.026111730751617017e+02 -1.026137935762115774e+02
-1.052863071080461737e+02 -1.052867621171765364e+02
-9.836471871259506372e+01 -9.837381643000398412e+01
-1.054042665710310303e+02 -1.054049650967353813e+02
-9.437463836190779887e+01 -9.436495116338151945e+01
-1.025218522615838452e+02 -1.025274214943700173e+02
-1.079325250846322604e+02 -1.079371565247689233e+02
-1.018386131364787559e+02 -1.018529442255167226e+02
-1.079082752013100617e+02 -1.079123869478639790e+02
-1.052413466412870093e+02 -1.052451021865322502e+02
-1.024182908805227470e+02 -1.023961830097173760e+02
-1.080263287200101132e+02 -1.080295496194258789e+02
-9.971811775646858678e+01 -9.972751596201618440e+01
-1.079884766802506988e+02 -1.079894527654313947e+02
-1.053538991256354223e+02 -1.053537635394804965e+02
-1.053376070975635770e+02 -1.053367695848351246e+02
-1.080804495035175563e+02 -1.080807456394740313e+02
-1.054103624530320644e+02 -1.054120183787298402e+02
-9.309059959607705537e+01 -9.308403024867571673e+01
-1.079340703953172351e+02 -1.079376638133210378e+02
-1.041585631789191666e+02 -1.041564031036906641e+02
-9.987808713435765640e+01 -9.988285032527170415e+01
-1.053792624041738577e+02 -1.053806631772902449e+02
-9.620926873065285179e+01 -9.621574693249037580e+01
-1.026478093915658008e+02 -1.026484776674146389e+02
-9.717675735019672345e+01 -9.718177964541028757e+01
-1.080532271074144006e+02 -1.080547577389216656e+02
-1.054158389826706781e+02 -1.054170726399479605e+02
-9.629866215637252935e+01 -9.631555252151311208e+01
-1.080532775919861592e+02 -1.080548724208960891e+02
-1.041808714957900008e+02 -1.041845054511830853e+02
-1.025771580177893725e+02 -1.025759245470095919e+02
-1.026123589311794149e+02 -1.026133701552478925e+02
-1.043497511845436065e+02 -1.043550478357812352e+02
-1.053283338401019620e+02 -1.053297763474898545e+02
-1.008789819326121346e+02 -1.008778850795281556e+02
-1.026842062342090429e+02 -1.026871577885692233e+02
-1.018262018304739485e+02 -1.018304296806318945e+02
-1.044709660484615483e+02 -1.044899479443720338e+02
-1.019888499479554724e+02 -1.019988747048160462e+02
-9.981757115385778434e+01 -9.982317802635348869e+01
-9.845718346632594375e+01 -9.845676051650043803e+01
-1.106540134904651040e+02 -1.106638193070693177e+02
-1.080694812645322287e+02 -1.080718904932779765e+02
-1.107115965909070354e+02 -1.107172879578698144e+02
-1.053573832369024217e+02 -1.053599281896851068e+02
-1.080048340981140740e+02 -1.080090107859233228e+02
-1.080567126379657594e+02 -1.080554290620440270e+02
-1.080215623034713275e+02 -1.080240457950872894e+02
-1.052034768249178285e+02 -1.052037528126618184e+02
-1.053144278019288009e+02 -1.053150101766623692e+02
-1.079674388944422816e+02 -1.079712929639669881e+02
-1.053573905011939758e+02 -1.053570563653254624e+02
-1.080500809536681146e+02 -1.080501833410554156e+02
-9.984974375859955842e+01 -9.984710865914600220e+01
-9.665422617183830312e+01 -9.665445810902612322e+01
-1.107704414899301497e+02 -1.107707390061727608e+02
-1.106940151609301637e+02 -1.106972821376251659e+02
-1.026593816971266904e+02 -1.026611576907527450e+02
-9.725970242919690634e+01 -9.727354243448348825e+01
-1.106578864426106605e+02 -1.106673713142441642e+02
-1.053417462781396665e+02 -1.053421951828444207e+02
-1.079987299212582741e+02 -1.080013560065432472e+02
-1.019687566271523878e+02 -1.019763769973526735e+02
-1.051149102807237625e+02 -1.051203932636054219e+02
-9.984633462515134283e+01 -9.984405495528429242e+01
-9.996439275238697064e+01 -9.997227453615332138e+01
-1.080320371532363026e+02 -1.080317749266792049e+02
-1.025999472387776734e+02 -1.025966998255069740e+02
-1.080020095080408282e+02 -1.080036395837225740e+02
-1.018853224991370894e+02 -1.018868681346307454e+02
-1.052271709865962919e+02 -1.052316947353810832e+02
-1.026415017062954433e+02 -1.026410473555233125e+02
-1.025625287036957189e+02 -1.025602688060633056e+02
-1.080539920153049565e+02 -1.080539836853289444e+02
-1.080258020338459346e+02 -1.080269938229284179e+02
-1.032512864728159485e+02 -1.032724007079836355e+02
-1.052574448952727550e+02 -1.052601277584765285e+02
-9.714046485013443544e+01 -9.713990148388801060e+01
-1.080004970455100164e+02 -1.080013272126873005e+02
-1.079413701399718377e+02 -1.079443717842240034e+02
-9.933140947946729682e+01 -9.933359925076648267e+01
-1.080490191881777235e+02 -1.080514744983053106e+02
-1.053271909201794472e+02 -1.053289413082970327e+02
-1.025534405806120049e+02 -1.025541089185451966e+02
-1.080524031636859661e+02 -1.080535813058021972e+02
-1.080789617606885145e+02 -1.080803644751100876e+02
-1.107220801528894185e+02 -1.107241663393784989e+02
-1.025891290824621223e+02 -1.025937783123177240e+02
-1.052619889324496256e+02 -1.052641809569683886e+02
-1.107148230096198347e+02 -1.107159605697572005e+02
-1.053067483914459359e+02 -1.053116498583821681e+02
-1.057799427204513023e+02 -1.058025339186125109e+02
-1.025917115056949029e+02 -1.025893224871871752e+02
-9.589781592225338613e+01 -9.590907192433994055e+01
-9.977643213041424985e+01 -9.976694980104218757e+01
-9.700247591468055930e+01 -9.699518646089850904e+01
-1.081262634281667516e+02 -1.081254199693287035e+02
-1.025932907232885754e+02 -1.025912091391231939e+02
-1.026648274995186370e+02 -1.026647969013713748e+02
-1.053168084985901487e+02 -1.053200520895206722e+02
-9.709345359798068387e+01 -9.709648465174151966e+01
-1.052869583271299234e+02 -1.052862801575429188e+02
-1.026578148362079190e+02 -1.026590850739084999e+02
-1.051873753886509775e+02 -1.051873048667861923e+02
-9.424879142815998989e+01 -9.425418945902582379e+01
-1.052847723668696744e+02 -1.052874658677907860e+02
-1.025157105230071721e+02 -1.025115354159777610e+02
-1.079944668826911283e+02 -1.079955760577609425e+02
-1.054130367943482014e+02 -1.054158705702633654e+02
-1.080801851073049988e+02 -1.080807117120895100e+02
-1.024877989970493104e+02 -1.024875509386370425e+02
-1.025736791147342331e+02 -1.025720524419083262e+02
-1.053342409752731612e+02 -1.053360566824101454e+02
-1.010114700089853130e+02 -1.010060174216268791e+02
-1.053260720058334954e+02 -1.053270578568922531e+02
-1.054040193994538868e+02 -1.054041369093962430e+02
-9.971334884831819068e+01 -9.971856826080589542e+01
-9.660946694326757722e+01 -9.661686891441775060e+01
-9.715820812063844869e+01 -9.715784580490708322e+01
-1.041621908015363687e+02 -1.041749690261344199e+02
-1.080706864236454692e+02 -1.080726305453092380e+02
-1.010290038467896636e+02 -1.010356608016242319e+02
-1.081088321490219215e+02 -1.081083499551266414e+02
-1.024821497494218221e+02 -1.024786051118152415e+02
-1.026233085018796061e+02 -1.026239529728538997e+02
-1.026203131555668051e+02 -1.026225906162982113e+02
-1.036181020047385317e+02 -1.036147937840409696e+02
-1.080572587478774551e+02 -1.080580515419972158e+02
-1.080531717208034053e+02 -1.080537401267054207e+02
-1.106588360575851766e+02 -1.106644045008552268e+02
-9.706324455070623003e+01 -9.706941934805642802e+01
-1.053417477984862529e+02 -1.053437537953389409e+02
-1.018072005715186918e+02 -1.018076377689682346e+02
-1.025861688381595798e+02 -1.025938538567449712e+02
-1.079963975331028507e+02 -1.079984392624575094e+02
-1.025379668634870711e+02 -1.025416470709337773e+02
-1.080491748852078473e+02 -1.080492723806204083e+02
-1.019038387811095845e+02 -1.019133656817394069e+02
-1.053328106425718147e+02 -1.053334577817102797e+02
-1.062038784420284827e+02 -1.062027482190482885e+02
-1.054315556482994936e+02 -1.054328530086174851e+02
-1.053247873394157494e+02 -1.053252898141648757e+02
-1.014065034437947332e+02 -1.014096569814066839e+02
-1.080207759199948043e+02 -1.080218657748915945e+02
-1.107214296237771691e+02 -1.107235029456949320e+02
-1.052992221568326840e+02 -1.053020536631557462e+02
-1.054040990071184751e+02 -1.054037978052540439e+02
-1.026145951478569032e+02 -1.026163470785877649e+02
-1.052853339818047544e+02 -1.052845962913355464e+02
-1.052828597229627974e+02 -1.052830843387540369e+02
-1.017339845458995313e+02 -1.017358925502002762e+02
-1.012056828230294343e+02 -1.012189909491428637e+02
-1.053650089627998057e+02 -1.053652541346366434e+02
-1.053074688025918988e+02 -1.053070390667364649e+02
-1.053220943074132236e+02 -1.053233564731566503e+02
-1.052872659265762394e+02 -1.052865153155940732e+02
-1.027235895425986172e+02 -1.027305476809746381e+02
-1.014646581816084137e+02 -1.014640306656818325e+02
-9.709398915786584894e+01 -9.709298372417651990e+01
-1.107760892935247199e+02 -1.107769645911319429e+02
-1.080327010510552839e+02 -1.080357969921361132e+02
-1.107486310787845554e+02 -1.107499170174599783e+02
-9.994148883730906618e+01 -9.993991201659433443e+01
-1.080067776565250455e+02 -1.080085165955405131e+02
-1.052974830078973838e+02 -1.052972503258834820e+02
-1.025730313793056894e+02 -1.025713604716123371e+02
-1.052772078389801749e+02 -1.052767222410526671e+02
-9.983044763909455810e+01 -9.983148548775453435e+01
-1.080237308327915713e+02 -1.080252075527883164e+02
-1.052721223057189661e+02 -1.052718559930266196e+02
-1.027664809930745662e+02 -1.027758984718089721e+02
-1.052828551215622070e+02 -1.052817043279121521e+02
-1.025573636916158051e+02 -1.025567125646111322e+02
-1.024823584553900844e+02 -1.024795302566089958e+02
-1.053357284916341285e+02 -1.053372189284662568e+02
-1.024613424961311381e+02 -1.024561642055242743e+02
-1.107225912114654420e+02 -1.107244753812111924e+02
-1.107197880788782101e+02 -1.107216107287914895e+02
-1.025931605380188500e+02 -1.025903900014212411e+02
-1.052976137928449418e+02 -1.052980070638236327e+02
-1.080564503029877130e+02 -1.080567978594075527e+02
-1.068541167584793925e+02 -1.068506575058570434e+02
-1.025915841009880296e+02 -1.025880251878701444e+02
-1.010136429250575816e+02 -1.010216080868519271e+02
-1.079820142819943385e+02 -1.079846097932329769e+02
-1.081052662981629169e+02 -1.081048721871020746e+02
-1.080722395930902593e+02 -1.080730683343102925e+02
-9.980920670617413748e+01 -9.981115552205172037e+01
-1.052846864361794132e+02 -1.052843553307747158e+02
-1.079841279665024416e+02 -1.079854210169136763e+02
