0.000000000000000000e+00 0.000000000000000000e+00
-9.340926803969435355e+01 -9.319993007404410434e+01
-1.017382429120968936e+02 -1.017089719965299963e+02
-9.972643638049471804e+01 -9.972411312827588858e+01
-1.054810538773057829e+02 -1.052615219177079950e+02
-1.025963382060816826e+02 -1.024737685603784314e+02
-1.082261398661067204e+02 -1.080530644089875096e+02
-1.024991311912162075e+02 -1.025752814783311067e+02
-1.053707954288527020e+02 -1.052482758371580474e+02
-1.028496893266100898e+02 -1.026951878314120563e+02
-1.053249932393983102e+02 -1.053161979722590331e+02
-1.027217950598879241e+02 -1.026921033943731771e+02
-1.000538365199713695e+02 -9.992960657731913443e+01
-1.080830408846628075e+02 -1.080349623685433187e+02
-1.079902399722206638e+02 -1.080073352115794307e+02
-1.054109442004907748e+02 -1.053601801256870516e+02
-1.054109072007703531e+02 -1.053132320075252153e+02
-1.054514273317267907e+02 -1.054000936394080696e+02
-9.461185196091918215e+01 -9.456233418891220310e+01
-1.053509011376363844e+02 -1.053402506758463915e+02
-9.871950952210821129e+01 -9.871749839745184829e+01
-1.052841875175373332e+02 -1.052921748442271053e+02
-1.027424060428126751e+02 -1.026548043536359955e+02
-9.986912603802986155e+01 -9.992281740670554768e+01
-1.025733033322650556e+02 -1.024944782812907818e+02
-9.986851551355208301e+01 -9.989977682890766175e+01
-9.707539509942871803e+01 -9.706098868754526166e+01
-9.999583433684982481e+01 -9.989610727026931158e+01
-9.817544803005372955e+01 -9.813303041350974354e+01
-1.053602725002623686e+02 -1.053179733534529134e+02
-1.026242068233898408e+02 -1.026366021478794437e+02
-1.080368776620805278e+02 -1.079852678311119973e+02
-1.052577688272964451e+02 -1.052351182670357588e+02
-1.107831157317614128e+02 -1.107757690319782000e+02
-1.052920874626732655e+02 -1.052774529545105935e+02
-1.053906655071742904e+02 -1.054074377606196151e+02
-1.080873983267560732e+02 -1.081075619642828798e+02
-1.054233189503307102e+02 -1.054158305408619327e+02
-1.052288560160772732e+02 -1.051870416265498136e+02
-1.000249567742500432e+02 -1.000259321021609509e+02
-1.080857195729431766e+02 -1.080692044820431903e+02
-9.999723327132954864e+01 -1.000302332223031812e+02
-1.019439426552206527e+02 -1.018684114160109289e+02
-1.043992964875375975e+02 -1.043728969310891017e+02
-1.080652248487013480e+02 -1.080824702450488388e+02
-1.053038613127066441e+02 -1.053061417405257458e+02
-1.080348736049497944e+02 -1.080179091972063361e+02
-1.053643983932228139e+02 -1.053413279856785181e+02
-1.079759851626079552e+02 -1.079759830536374494e+02
-1.053255775321091079e+02 -1.053321912155310400e+02
-1.053707777433767774e+02 -1.053892620513837812e+02
-1.053294473943070813e+02 -1.053383701550656610e+02
-1.052916458249825524e+02 -1.052958839684153531e+02
-1.053479004049995638e+02 -1.053496136765010505e+02
-1.053568879820019504e+02 -1.053471062868350003e+02
-9.868626455920713170e+01 -9.869831972356153926e+01
-1.080040808546520310e+02 -1.080056276410002454e+02
-1.021568567562526368e+02 -1.020427705273007177e+02
-1.024232728845668703e+02 -1.023899941921545178e+02
-1.079960031738747830e+02 -1.080013682657312444e+02
-1.000606867617466236e+02 -1.000729394301949924e+02
-1.080191503977556948e+02 -1.080266265734121447e+02
-9.861994831980194931e+01 -9.858663339762323119e+01
-1.026510185850481491e+02 -1.026605616863351145e+02
-1.026526683312344943e+02 -1.026722523354845436e+02
-1.008487985599535079e+02 -1.007470884988663897e+02
-9.840735643807099109e+01 -9.836825687882888758e+01
-1.043514324785055862e+02 -1.043459269487775742e+02
-1.053317847174270980e+02 -1.053357006774258480e+02
-1.080349879586040913e+02 -1.080300904188034394e+02
-1.025915618095830695e+02 -1.025961615029859502e+02
-1.080565340241719383e+02 -1.080548116976005275e+02
-1.079985685474511286e+02 -1.079895389379595656e+02
-1.031632381850900231e+02 -1.031327364720176831e+02
-1.053290249456141936e+02 -1.053337840575651256e+02
-1.079753437780987468e+02 -1.079717945749918755e+02
-1.024677672011234932e+02 -1.024783034517711826e+02
-1.053295174214855336e+02 -1.053338527019852080e+02
-9.979318399187852151e+01 -9.981549818438668353e+01
-1.053576238202026190e+02 -1.053516188408851235e+02
-1.052391620708920073e+02 -1.052410163486193255e+02
-1.052398814518750925e+02 -1.052479616993840494e+02
-1.025579977325386096e+02 -1.025623733272580154e+02
-1.017190459743613360e+02 -1.017165199347760307e+02
-9.973761110363332705e+01 -9.974769430295600614e+01
-1.053262899570525946e+02 -1.053275183983850098e+02
-9.702662037816465102e+01 -9.702575819770335386e+01
-1.080131833227954843e+02 -1.080114690000407194e+02
-9.996398289992188779e+01 -9.997413395775038225e+01
-1.053457132670308454e+02 -1.053428207984138822e+02
-1.041322022507753360e+02 -1.041287943435298047e+02
-9.604513601652141119e+01 -9.606310263450525611e+01
-1.009541906459835587e+02 -1.009650520870171988e+02
-1.052592740606260122e+02 -1.052617164852405409e+02
-1.080461055714844179e+02 -1.080442999284807399e+02
-1.107593792154618342e+02 -1.107512165404414048e+02
-1.026337728299714200e+02 -1.026420725304144383e+02
-1.026841335217119990e+02 -1.026827942037947565e+02
-9.987903451758718631e+01 -9.988750484049882061e+01
-1.026057712807661773e+02 -1.026101537554357748e+02
-1.052880727210667970e+02 -1.052953237021870336e+02
-1.080639270584760681e+02 -1.080568342702536029e+02
-1.079804560408289547e+02 -1.079768171299183450e+02
-1.080595878633987468e+02 -1.080531574056809490e+02
-1.014081813992176109e+02 -1.014166107784646584e+02
-9.981951456651962928e+01 -9.982644871189677360e+01
-1.026563978015978620e+02 -1.026604038121140263e+02
-1.053222924744319471e+02 -1.053339265145955324e+02
-1.053612128215277863e+02 -1.053630632456081457e+02
-1.080569533402406535e+02 -1.080590495748879789e+02
-1.107165985009016396e+02 -1.107275162510495221e+02
-1.053301331412369564e+02 -1.053289346737904424e+02
-9.991373189040690761e+01 -9.991923712422955361e+01
-1.053255614736694241e+02 -1.053254464989812078e+02
-1.025636014403082186e+02 -1.025720527857084932e+02
-1.052946275813365986e+02 -1.052981324207244285e+02
-1.053782148874187925e+02 -1.053849109724046116e+02
-9.722176988793739838e+01 -9.722404491089245937e+01
-1.081037719427921786e+02 -1.081035554854244083e+02
-9.862919610001050330e+01 -9.861548193510994054e+01
-1.079675905681712464e+02 -1.079709980928006559e+02
-1.107723572502068947e+02 -1.107750855219403121e+02
-1.006122114989963165e+02 -1.005777936926070595e+02
-1.079675377304778578e+02 -1.079704534589751859e+02
-1.025633045209205960e+02 -1.026146589710517389e+02
-1.035361295436464388e+02 -1.035307319440701832e+02
-1.024833234672137934e+02 -1.024955466419475698e+02
-1.080488716307651345e+02 -1.080494173389682402e+02
-1.080014713173034124e+02 -1.079988941925463024e+02
-1.052795917541449313e+02 -1.052783870305740948e+02
-1.080555272670362115e+02 -1.080549774803776444e+02
-1.024822301281545407e+02 -1.024876117497905881e+02
-1.054290816619083415e+02 -1.054320469055555094e+02
-9.867601508866287929e+01 -9.863340675672648672e+01
-1.080576071669739804e+02 -1.080541709318773371e+02
-1.052926249768946860e+02 -1.053008180221248438e+02
-1.079667586488282609e+02 -1.079678979275763879e+02
-1.022007449417274358e+02 -1.021632901345834910e+02
-9.974877104279418916e+01 -9.974075385329493315e+01
-9.714071017517726148e+01 -9.713279769179290213e+01
-8.083130935671705686e+01 1.185713708095023891e+25
-8.834283670995992576e+18 3.132084019129218632e+03
-2.801127142603725210e+19 7.524526833240028282e+03
-2.592487084238517043e+19 4.438348501232472927e+02
-2.579900011454136320e+18 5.634231019884497300e+02
-1.726806015292211200e+18 4.311739108949309411e+02
-1.675248008234532864e+18 1.310379546757901380e+03
-1.572132800685932544e+19 5.216697188826379715e+03
-2.158706049465031066e+19 1.184754924625097215e+07
-4.654905035954585600e+19 8.365755178130615968e+05
-5.301350891026330419e+19 3.797476757944277488e+05
-1.343776067180665242e+19 1.155941330171683570e+06
-2.399886158877163520e+18 1.824705892522119939e+02
-1.539342245621137408e+18 1.370570704925909240e+03
-1.324437386351869952e+18 -5.062711814365361107e+01
-2.600493441091633152e+18 2.549946085487607634e+05
-1.334061440755040256e+18 2.017855132471193826e+02
-1.570974826531651584e+18 5.901672914183328658e+02
-1.086246370160934912e+20 7.470637399466722854e+03
-9.042605566593073152e+18 1.189189552825100021e+06
-3.973195358049140736e+18 2.734868115606775973e+06
-6.053303135781257216e+18 5.464226028729963218e+03
-1.775621841562370048e+18 2.593847526653633508e+02
-3.277982931120816128e+18 6.312566550842017023e+03
-1.687113579116888064e+18 6.463082520926558645e+05
-1.181493888125239296e+18 1.471129994179959340e+03
-1.190568568572346368e+18 -5.606147618665320209e+01
-1.022650386659409920e+18 8.544174277940401225e+02
-8.764707354915635200e+17 4.602103270002681938e+02
-7.955057092727930880e+17 6.046861799844841698e+02
-7.032146017847869440e+17 6.626493438302082950e+02
-1.285487914922278912e+18 -4.212938593404904708e+01
-7.300029555660554240e+17 1.712472393129313843e+02
-7.443331374288732160e+17 6.801709714046165800e+02
-5.720436518074449920e+17 1.754090806029551572e+02
-6.486683583376261120e+17 7.907381899204823412e+02
-8.889766037768110080e+17 -7.034233385740978406e+01
-1.409313650811863040e+18 1.026225428577860934e+06
-6.285286523545845760e+17 7.456819985615081805e+02
-6.196304649398517760e+17 1.017981744682930270e+02
-6.797176778784768000e+17 -6.073396774540297827e+01
-5.445774165682421760e+17 6.624200433965045249e+02
-4.743279762892390400e+17 1.574249299892503018e+02
-4.308178560163512320e+17 1.736494975860579757e+02
-1.079413311990136832e+18 -3.698470321560934337e+01
-4.439915755051417600e+17 3.990575876673874518e+02
-4.819707120100311040e+17 4.467396629247307374e+02
-4.446092208436674560e+17 6.027196753794948236e+00
-4.766969158246072320e+17 3.050294719301558416e+03
-4.217365081568051200e+17 2.139691460339932689e+02
-3.939685148907274240e+17 6.030638300370965510e+01
-4.006376503875993600e+17 -5.419499829264356805e+01
-6.364248084305674240e+17 -5.424417629960205289e+01
-4.450413725341450240e+17 1.607875251560994229e+03
-6.418433610696622080e+17 -6.034678982027603666e+01
-3.778318116962959360e+17 3.056173295518728423e+02
-6.855503483534049280e+17 -4.789478937301766592e+01
-3.794251032108728320e+17 -7.428085612960539663e+01
-3.742125458729205760e+17 7.322257319953615706e+01
-6.224381119719014400e+17 -5.966612792627980610e+01
-3.810879939322839040e+17 8.924720296457208235e+01
-3.218425138181570560e+17 1.609400650820528256e+02
-3.679743327915212800e+17 -7.621082330347856271e+01
-3.570473257570140160e+17 8.361565152959955185e+02
-2.766537530613432320e+17 -8.622749824671739560e+00
-3.250418226089164800e+17 -5.926896670605241013e+01
-3.312954662075760640e+17 1.928279916053852503e+02
-3.137275387088732160e+17 -5.840871188664929292e+01
-3.489206044993781760e+17 -6.833417670638429797e+01
-2.245241717475246080e+17 -6.720742168626992452e+01
-3.503920894202347520e+17 -6.829349240820711486e+01
-3.349020631021649920e+17 -6.916421751858781874e+01
-2.545260939087708160e+17 -5.691069655510896297e+01
-3.311334729302671360e+17 -6.977307481007363776e+01
-2.714572791847321600e+17 -5.473409002710732096e+01
-2.918866034360320000e+17 -5.902862518068761233e+01
-2.949724908772392960e+17 -6.616657195830116223e+01
-2.633931948032000000e+17 3.876540191508303224e+02
-2.462758647764090880e+17 -6.083053403113158453e+01
-5.622971453407232000e+17 -5.123015343511535491e+01
-3.109712430356234240e+17 -6.893132973825073861e+01
-5.722507446446981120e+17 -4.731891144256505299e+01
-9.394301550618214400e+17 -8.077813088550506393e+01
-3.030790234397736960e+17 -7.927542135031390558e+01
-2.654428517504122880e+17 -7.446856768764310175e+01
-2.868935023090728960e+17 4.879064088763173572e+02
-2.437749199706521600e+17 -5.519716007504726463e+01
-2.429385715461652480e+17 -5.520942832980612280e+01
-2.949229654877143040e+17 -6.238367497143694607e+01
-2.742422978963701760e+17 -5.996697122282717629e+01
-2.363679504523591680e+17 -6.354046697162886659e+01
-2.312449431531683840e+17 -5.332949270718332002e+01
-2.460447999986237440e+17 3.685467719189221611e+02
-2.510714298842480640e+17 -6.439075528023177242e+01
-4.974932461218693120e+17 -5.003959849383575431e+01
-4.316469464200642560e+17 -7.292468268484185501e+01
-2.448162949420810240e+17 6.064434352869918712e+02
-2.649269051263549440e+17 3.216026815810292646e+03
-1.338806026891165696e+18 1.702695414324541343e+04
-2.269867344438231040e+17 1.237242543082527249e+02
-2.148711697261527040e+17 -4.960701477379959101e+01
-2.025688795940126720e+17 5.721378492291231623e+02
-2.478913679785984000e+17 1.740463779228958629e+03
-2.737582306209300480e+17 8.336090575245571381e+04
-2.544022322528911360e+17 6.404835562252324962e+03
-4.951072374133882880e+17 -4.602351690646381144e+01
-3.816530780734095360e+17 -5.956799479604678282e+01
-2.202024053277982720e+17 -2.234276438258733677e+01
-2.218582333571727360e+17 -6.153104747917429052e+01
-1.804079441966530560e+17 -5.270649880823252431e+01
-2.618382831415459840e+17 7.706408137000063334e+02
-2.341054185094512640e+17 -6.065862214391705720e+01
-2.101758518351626240e+17 3.107349027360078253e+02
-1.817208089749749760e+17 4.378763445320498704e+02
-2.238150279943946240e+17 -6.503992088668401550e+01
-2.268118087054131200e+17 -6.023668608816824133e+01
-4.314551658542530560e+17 -4.592104865254801638e+01
-2.383374949810176000e+17 -7.300365734977562227e+01
-1.897734170864517120e+17 -5.258814410719738675e+01
-5.097784705495859200e+17 -4.696922146748849514e+01
-3.686526399545344000e+17 -4.905238006997425515e+01
-2.306632492158812160e+17 1.430099457089693487e+03
-1.746188926042767360e+17 -5.209712832482287581e+01
-1.555308570403143680e+17 -5.866672283267447341e+01
-2.093061098931486720e+17 -8.358340487299879840e+01
-1.822962869243740160e+17 -6.389174575066569162e+01
-1.739380862736138240e+17 -5.754512554867801555e+01
-1.690362068294696960e+17 -5.579163773320393460e+01
-3.282652914547425280e+17 -5.246009449401521607e+01
-1.901609503162368000e+17 4.949702058535319225e+02
-1.731314638965964800e+17 7.746518808920690446e+01
-1.906352093921280000e+17 -5.953026612445065524e+01
-1.647299244379340800e+17 -5.760437467053115768e+01
-1.967646277055283200e+17 -6.968406691276892673e+01
-1.565817539248783360e+17 -5.212010047852644590e+01
-1.977741703674593280e+17 -7.002316644159817827e+01
-3.892683776353894400e+17 -4.755629539915261006e+01
-1.597229363101696000e+17 -5.328348376509357820e+01
-3.748197170067537920e+17 -4.395124388060369114e+01
-1.822480071634452480e+17 1.728970658710818498e+02
-1.644970747740815360e+17 -6.092211142498687337e+01
-3.550973806447165440e+17 -7.631128173969119644e+01
-1.600847891377684480e+17 -4.887178764326157676e+01
-2.396833651443630080e+17 9.947271072487916172e+03
-2.141387006767267840e+17 -7.505674859045487324e+01
-1.440234620112076800e+17 -4.868437242866149717e+01
-3.261127983900917760e+17 -5.706079497777209752e+01
-3.012852786418155520e+17 -4.280904405126592138e+01
-1.460462849548615680e+17 -5.853360791357823700e+01
-2.742404529369645056e+18 1.631282585114486665e+03
-1.882609293627228160e+17 -6.150753966369484260e+01
-1.815659743469895680e+17 -7.671986452941870027e+01
-1.454187029158952960e+17 -5.565693370892866199e+01
-1.389360418715074560e+17 -5.452043373828065853e+01
-1.258703242259333120e+17 -5.353923939515077990e+01
-3.380027281417175040e+17 -4.815038251568731198e+01
-1.575468689837260800e+17 -6.396783472063454212e+01
-2.015868489532702720e+17 -7.323094929879664505e+01
-1.368401270611640320e+17 -5.738835649408293449e+01
-3.114743974917570560e+17 -4.620008578465374427e+01
-1.278495946744791040e+17 -5.301888177308309480e+01
-4.981656814606090240e+17 5.490210822790456859e+02
-1.828300027970191360e+17 -6.993860208770284714e+01
-3.049245727889817600e+17 -6.749634384538299514e+01
-1.470062597431623680e+17 -5.982670037749768710e+01
-3.449977686028451840e+17 1.391505940825610423e+03
-1.187570961277255680e+17 -5.047983519095415517e+01
-1.599359282829066240e+17 -6.480152926924122880e+01
-1.659347930605158400e+17 8.938546936798695697e+02
-1.387002720912670720e+17 -6.317514240514693569e+01
-1.711435620632494080e+17 -8.185178912005636676e+01
-3.255783075652567040e+17 -3.612501291497473943e+01
-1.370621020901212160e+17 2.943664769356187776e+02
-1.886889019493580800e+17 1.233360720451582210e+03
-2.617510307068641280e+17 -4.762972526477827984e+01
-1.558084332101304320e+17 -7.194428302692092814e+01
-3.025820203981209600e+17 -4.814715449851205875e+01
-1.255515061233909760e+17 -5.521475249747727077e+01
-1.406176346966589440e+17 4.829252208474672159e+01
-1.324242996434042880e+17 -6.174905226685377357e+01
-1.384541103859957760e+17 -6.005495330182252900e+01
-1.172154318732656640e+17 -5.023276031875234793e+01
-2.911884967862599680e+17 -4.750472830802307556e+01
-1.353899554730147840e+17 -5.961281888436621301e+01
-2.624604638292213760e+17 -4.702135567573755282e+01
-2.371195312107683840e+17 -5.691167069882199314e+01
-2.890532601452298240e+17 -4.755994255364430501e+01
-1.306444995032514560e+17 1.259474079112894742e+02
-1.646305691545108480e+17 -7.600445533767458528e+01
-1.531027279566602240e+17 -6.641069623638635733e+01
-2.597437008196403200e+17 -5.594881715004054712e+01
-2.327104734499962880e+17 -6.139599768177905759e+01
-2.702624427459215360e+17 -5.019692545968324282e+01
-2.325570717367664640e+17 -5.099340401536012735e+01
-1.316220390153912320e+17 2.766647305779782187e+02
-1.353190181322096640e+17 -6.557692052219229595e+01
-1.027326148272455680e+17 -5.061939763494316935e+01
-1.214599537318952960e+17 -5.928303709694596790e+01
-1.098107276104826880e+17 -5.822498367479137471e+01
-1.184952891547320320e+17 -5.956154397724266403e+01
-1.135675444381614080e+17 -6.884682617988964637e+01
-1.523601509890129920e+17 -7.302359529683660355e+01
-1.339266330452295680e+17 7.850047520567358106e+01
-8.719636656396697600e+16 -4.647444718749409276e+01
-1.342744364077547520e+17 -7.325242018233979024e+01
-1.170619718696960000e+17 -6.091180448039597906e+01
-1.474680105027502080e+17 -7.446713510160800809e+01
-1.361291586599649280e+17 -7.057403767253914850e+01
-1.319022766954905600e+17 -6.708746027136530188e+01
-1.197177073156751360e+17 -6.548520672788988861e+01
-1.357920063780290560e+17 -7.365439437128580380e+01
-1.220464048613621760e+17 2.348414530149732116e+02
-8.808631281857331200e+16 -4.728068584917816253e+01
-1.240603056039526400e+17 1.400680076350121510e+02
-8.658775418339328000e+16 -4.543368785551741951e+01
-1.030745673642803200e+17 -6.007517953927119692e+01
-1.032480265894625280e+17 -5.413866782274265432e+01
-9.390086766460928000e+16 -4.845934626509232857e+01
-2.204045654999695360e+17 -4.667837535711744579e+01
-9.420992617539174400e+16 1.751449890690914231e+02
-1.137854414166425600e+17 -6.573301979181765375e+01
-1.165649055422873600e+17 -6.537252653285395354e+01
-1.226614382159462400e+17 -8.901572836859191540e+00
-1.346465209190973440e+17 -6.766866336818031868e+01
-1.345563800811601920e+17 -7.691203851376366174e+01
-1.299952314655703040e+17 -7.625341618553628109e+01
-1.337229171679559680e+17 -7.700897009062002496e+01
-1.200617833952706560e+17 -6.815432645777752896e+01
-1.130653057957232640e+17 1.122565190953988122e+03
-1.864913018400276480e+17 -5.379606882653305178e+01
-1.008176477839032320e+17 -5.311008239719418356e+01
-1.039694309852446720e+17 -5.773869094031763893e+01
-1.090739596343377920e+17 -5.924462175318101487e+01
-2.306278671767306240e+17 -4.670331326423580265e+01
-1.082992066046197760e+17 -6.531880635487722486e+01
-1.104005824176455680e+17 -6.996076803710347747e+01
-1.072463140219781120e+17 2.585481580762488534e+02
-1.047974981486510080e+17 -6.526725189107600045e+01
-1.086461204118896640e+17 -6.038373792194569489e+01
-8.610272707294003200e+16 2.382834180934355572e+03
-1.151096881414144000e+17 -6.812138705598086119e+01
-1.041098263672913920e+17 -6.274910924320784744e+01
-1.846127895836098560e+17 -4.844658862880450556e+01
-8.552268516294656000e+16 -5.080236908713258259e+01
-1.013333772856197120e+17 -6.070612916898479483e+01
-9.280813200205414400e+16 -5.783439368126481384e+01
-1.048400934343802880e+17 -6.294937859539248137e+01
-1.104838791119503360e+17 -7.012376653675170246e+01
-1.881648694642606080e+17 -4.752633626777993214e+01
-9.700464652399411200e+16 2.435131959082929143e+02
-9.829264423649280000e+16 -6.261140960178171611e+01
-1.707213215361925120e+17 2.590107030225116432e+03
-9.510018380673843200e+16 -6.250729458127784000e+01
-8.983788508518809600e+16 -5.733893534438793438e+01
-1.113309262706114560e+17 -7.430202015484171341e+01
-1.011513851411169280e+17 -6.190199251585158180e+01
-1.820848242682757120e+17 -4.679546987522880386e+01
-8.156041754915635200e+16 -5.000448763024118648e+01
-1.836728506541670400e+17 -4.469108920457785672e+01
-1.819184241070571520e+17 -6.377221588163514809e+01
