-1.053241459747815156e+02 -1.050721601299084540e+02
-9.715488023312182975e+01 -9.710344063883898968e+01
-1.026139825628272177e+02 -1.026468686362799900e+02
-1.025823014351276896e+02 -1.026016047104971136e+02
-1.078846705972634226e+02 -1.079501917229057426e+02
-1.011594219208104448e+02 -1.012916373769067917e+02
-1.025964373763713553e+02 -1.026058853307103504e+02
-1.025732406931361851e+02 -1.025772547195864490e+02
-1.025403098547234038e+02 -1.024571796120720251e+02
-1.105571237818776069e+02 -1.106902769598880099e+02
-1.052569324041333090e+02 -1.052441580378568489e+02
-1.079959139877834957e+02 -1.080316839854100266e+02
-9.717824937125226370e+01 -9.710027859594380573e+01
-1.025129826817318559e+02 -1.025202172479427816e+02
-1.052059177781925285e+02 -1.052114446334745566e+02
-1.080431683000850995e+02 -1.079981388702421867e+02
-1.026711879229421953e+02 -1.029816398216935340e+02
-1.052805871985165282e+02 -1.052836481505142530e+02
-1.025489743884822644e+02 -1.025082624621421701e+02
-1.025857373885960584e+02 -1.026176544069127203e+02
-9.711912012035634234e+01 -9.696468706426115602e+01
-1.052469743002653217e+02 -1.052805138362184465e+02
-1.026056595236381526e+02 -1.025421571452573630e+02
-9.995637732744197024e+01 -9.988968928928184710e+01
-1.026497847696010268e+02 -1.026542670344217640e+02
-1.025189185399179195e+02 -1.024366426549427871e+02
-1.053514422540389432e+02 -1.053690061678444039e+02
-1.107139184232781588e+02 -1.106937713912004142e+02
-1.053094102682732540e+02 -1.053251031179769654e+02
-1.079982370449213249e+02 -1.080142256668522691e+02
-1.053637404665721391e+02 -1.053718683861124958e+02
-1.019074760591880136e+02 -1.017787381024988917e+02
-9.987163882101501144e+01 -9.986652070622859867e+01
-1.052245446742367392e+02 -1.051770202225292792e+02
-1.080348680598270050e+02 -1.080623667828607211e+02
-1.026270632982567861e+02 -1.026002826267458516e+02
-1.080742239985477227e+02 -1.081086094440243102e+02
-9.992522469118802064e+01 -9.995586325121482218e+01
-1.024856644493518729e+02 -1.024693585439843559e+02
-1.054731182401643110e+02 -1.055718083908126346e+02
-1.052846633846718021e+02 -1.052912676586671807e+02
-9.718096796006017257e+01 -9.713665479054772334e+01
-1.107010997059505826e+02 -1.107160640436206478e+02
-9.991606161170567191e+01 -9.990521881920045644e+01
-9.933121241325420669e+01 -9.924171560188344188e+01
-9.978153315551182345e+01 -9.966529940427621170e+01
-1.053107409652731548e+02 -1.053272013462410257e+02
-1.107192812252180971e+02 -1.107407647538986453e+02
-1.080394188937288789e+02 -1.080470601419813619e+02
-1.052708966467997271e+02 -1.052611271475984722e+02
-1.080490768079924635e+02 -1.080517719461774675e+02
-1.079885679971233685e+02 -1.079875557594200473e+02
-1.032188233441846990e+02 -1.031587158294376678e+02
-1.053069525875596781e+02 -1.053159549401271704e+02
-1.052588844296068658e+02 -1.052637158905636028e+02
-1.054055976926531599e+02 -1.054016131968301551e+02
-1.052707529470650911e+02 -1.052568494727593702e+02
-1.107603513655534044e+02 -1.107692283677318983e+02
-1.043461421920957548e+02 -1.043203560686324778e+02
-1.106766529057626087e+02 -1.106915938930685712e+02
-1.080379377011850721e+02 -1.080489265455892678e+02
-1.025882421398444961e+02 -1.026012218625283055e+02
-1.080463427392204494e+02 -1.080519892886238154e+02
-1.080259209684542583e+02 -1.080398164221744963e+02
-1.025651518512485723e+02 -1.025746924157415947e+02
-1.052874340883181787e+02 -1.052622908460330962e+02
-1.080006419955282979e+02 -1.080162325662689256e+02
-1.026365248950841078e+02 -1.026178496090722660e+02
-1.052425615884522756e+02 -1.052447740245801526e+02
-1.052414384839780297e+02 -1.052500953420968557e+02
-1.079438997189309077e+02 -1.079582704147694159e+02
-1.052369444268327356e+02 -1.052485234534502609e+02
-1.079760674695040166e+02 -1.079805679595212098e+02
-1.080650117026729475e+02 -1.080704622597611859e+02
-1.080696201679836719e+02 -1.080698137237643692e+02
-1.053949768425378295e+02 -1.054014581757020323e+02
-1.080117862974708203e+02 -1.080228637880724989e+02
-1.053785889252648218e+02 -1.053849519759863256e+02
-9.991509673989615692e+01 -9.992141461043000561e+01
-1.052722465733869228e+02 -1.052917823968584372e+02
-9.907239196633392453e+01 -9.904398459334169047e+01
-9.986434755144827591e+01 -9.986762361363305729e+01
-1.018987695156215096e+02 -1.018957326270592887e+02
-1.079186756654517723e+02 -1.079182612489177444e+02
-1.080404956731302093e+02 -1.080497865002985094e+02
-1.052959516114310787e+02 -1.052709079070831422e+02
-9.866103708579983333e+01 -9.853401048177116195e+01
-1.080422612130275155e+02 -1.080512963203051555e+02
-9.984639695076521093e+01 -9.984703566781573159e+01
-9.429978995399929431e+01 -9.427311570215317715e+01
-9.651960078100161411e+01 -9.650689873188721890e+01
-1.106593000044133959e+02 -1.106622007422318887e+02
-1.053319716118924845e+02 -1.053406500597845081e+02
-1.107435337409503120e+02 -1.107485480122785617e+02
-1.080203449819942421e+02 -1.080212596074516540e+02
-1.080222720309202629e+02 -1.080204980381235060e+02
-9.982993216101134237e+01 -9.984378523390091686e+01
-1.053276402502826556e+02 -1.053316778369949134e+02
-1.026308671262737846e+02 -1.026415071677843400e+02
-9.722804637762840230e+01 -9.723799617280202767e+01
-9.981480799258461900e+01 -9.982502555274308520e+01
-9.994066637513439844e+01 -9.994140399191189772e+01
-1.057860642084968390e+02 -1.057959715697278824e+02
-9.427695239916711500e+01 -9.426627591298088760e+01
-1.106785725496402790e+02 -1.106900734499261887e+02
-1.026092205654548053e+02 -1.026037104403742859e+02
-9.930511931554275407e+01 -9.926288538021317720e+01
-1.052730430863945799e+02 -1.052854915523719228e+02
-1.080791171619688384e+02 -1.080783123128058918e+02
-8.045967980174741285e+01 1.461197876075316675e+20
-2.311419917964800000e+13 -5.192268036273813436e+01
-1.989541063782400000e+13 -6.047149507714600958e+01
-1.743339447040000000e+13 -6.919752932760079034e+01
-1.653671743513600000e+13 -6.655271155683824702e+01
-1.357049358848000000e+13 -4.893207827034989776e+01
-1.388426675660800000e+13 -6.315554225334873450e+01
-1.436776633152000000e+13 -7.221920170125476091e+01
-1.128846093849600000e+13 -5.996760110797273313e+01
-1.195697636172800000e+13 -6.691920330476862944e+01
-1.017574693414400000e+13 -6.609722215452119087e+01
-1.056641746176000000e+13 -5.579102578825393266e+01
-9.126045009152000000e+12 -6.150460451767746406e+01
-1.016342836262400000e+13 -5.519565119578784618e+01
-9.802533373184000000e+12 -5.751380956588057103e+01
-9.357969741888000000e+12 -6.492466227285900970e+01
-8.916004560640000000e+12 -5.321732699742504025e+01
-7.730665585856000000e+12 -6.007540881644587216e+01
-9.469511701888000000e+12 -7.358416551457577270e+01
-8.126090212352000000e+12 -6.548697647191656301e+01
-8.384428259136000000e+12 -5.511718018352249970e+01
-8.285909302400000000e+12 -6.778354896075148872e+01
-7.782645932288000000e+12 -5.908807455939715680e+01
-7.569936757632000000e+12 -5.938708633075994214e+01
-6.674090939072000000e+12 -4.925781650614776197e+01
-7.815548119424000000e+12 -6.691517627526742729e+01
-7.364155920064000000e+12 -6.038202763842612342e+01
-7.352536608000000000e+12 -6.568655922887776910e+01
-6.833654918528000000e+12 -5.883405130287473384e+01
-6.600779593728000000e+12 -6.247842600797734036e+01
-7.251280095488000000e+12 -6.196541195330334517e+01
-6.679854753792000000e+12 -6.091515174027528445e+01
-6.823346316800000000e+12 -5.897878723247691113e+01
-6.366095980608000000e+12 -6.341068569695174517e+01
-6.433547323072000000e+12 -6.554026331706144504e+01
-6.027348096000000000e+12 -5.434989514652205145e+01
-6.502072461760000000e+12 -5.831046174942319738e+01
-6.047641934016000000e+12 -5.985448684639870720e+01
-4.691596617472000000e+12 -4.217616529685841442e+01
-5.624526376640000000e+12 -5.751065083001520151e+01
-5.742796606080000000e+12 -6.404821456901485988e+01
-5.810224666368000000e+12 -7.053113998341191859e+01
-5.856768650944000000e+12 -5.987019950408090807e+01
-6.447445099584000000e+12 -6.745030052435151902e+01
-5.530980075072000000e+12 -5.480848906319449299e+01
-5.588952260800000000e+12 -5.972084408563166846e+01
-4.672259391104000000e+12 -7.247795221394518705e+01
-5.396704504128000000e+12 -7.397225771657780058e+01
-5.396614114176000000e+12 -6.447271528916206762e+01
-4.196253080448000000e+12 -4.809404414774878944e+01
-5.786992256192000000e+12 -7.191270513060987923e+01
-4.960287517760000000e+12 -6.994059003351368631e+01
-4.733678954688000000e+12 -5.265766798508060731e+01
-4.691081561728000000e+12 -5.252259734829859639e+01
-3.922159584896000000e+12 -4.976958161455078766e+01
-5.328097710144000000e+12 -7.140379821213507228e+01
-4.647583317440000000e+12 -5.908658535983778393e+01
-4.321979019456000000e+12 -5.175350576170783512e+01
-4.574092921664000000e+12 -5.594596599933481684e+01
-4.702009097216000000e+12 -6.047275045566019713e+01
-4.597115603520000000e+12 -6.402916319362589093e+01
-4.606749317376000000e+12 -6.118977611187650467e+01
-4.155523550464000000e+12 -4.931213902386095072e+01
-4.280091231232000000e+12 -6.070996893028839736e+01
-3.905707906112000000e+12 -4.919585316818000820e+01
-4.300226939584000000e+12 -6.048692101637197993e+01
-4.130559263552000000e+12 -5.610895506098865582e+01
-4.126769659072000000e+12 -6.563996552195827405e+01
-2.347512171296000000e+13 -4.098674768899289944e+01
-5.269315500352000000e+12 -3.317926384816551888e+01
-4.088134703104000000e+12 -5.575770090423865355e+01
-3.928680812480000000e+12 -4.937199592870518217e+01
-3.935631990272000000e+12 -5.086782063029804135e+01
-3.504941796032000000e+12 -5.479889757661378979e+01
-3.817345559232000000e+12 -6.481425110104059684e+01
-4.452478635584000000e+12 -7.515008200902065028e+01
-3.713823488448000000e+12 -5.193831627139616103e+01
-3.481077614720000000e+12 -5.043722597451905187e+01
-3.625293595520000000e+12 -5.801925188922422194e+01
-4.170393087488000000e+12 -7.608174720300777949e+01
-3.331789844160000000e+12 -5.457212506254835915e+01
-3.611860869952000000e+12 -6.065910734084292244e+01
-2.991705409536000000e+12 -5.091366116172513046e+01
-3.830936335232000000e+12 -6.721655841216717420e+01
-3.623725921472000000e+12 -6.434613002402203108e+01
-3.441337296128000000e+12 -5.815252262630079372e+01
-4.369528579328000000e+12 -8.118709236371701365e+01
-3.128892324480000000e+12 -4.937393647212050496e+01
-3.263342456704000000e+12 -6.424437512334071698e+01
-3.218227842496000000e+12 -4.950171965974830357e+01
-3.202149142400000000e+12 -5.384846871321894923e+01
-3.071370938688000000e+12 -3.590854060781632029e+01
-3.385463251520000000e+12 -6.257243458753517018e+01
-2.867389467456000000e+12 -5.180220494208394655e+01
-3.032772727168000000e+12 -5.345549372886229378e+01
-3.264348946624000000e+12 -6.492657575505386092e+01
-3.171199039232000000e+12 -6.644954967353945108e+01
-3.526064414848000000e+12 -7.479889365796445588e+01
-3.083011124672000000e+12 -6.043368478391034415e+01
-3.445068301568000000e+12 -7.087809844273543547e+01
-2.854800592064000000e+12 -4.948224600276193286e+01
-2.501091547008000000e+12 -4.807735245325685014e+01
-2.582101040704000000e+12 -4.248909153619104018e+01
-2.873181387520000000e+12 -6.661233757142471745e+01
-2.986616836224000000e+12 -6.636796928582899113e+01
-2.468361179456000000e+12 -3.712445329171207931e+01
-3.107035617216000000e+12 -6.769413198896373274e+01
-3.130180903616000000e+12 -6.994795762711004272e+01
-2.599216060736000000e+12 -4.614804264208574835e+01
-3.516767964352000000e+12 -7.493743533695815984e+01
-3.017266513536000000e+12 -6.512236254591624629e+01
-2.782694271808000000e+12 -6.846374777518592225e+01
-2.474841294080000000e+12 -4.726708995900473553e+01
-2.449507414016000000e+12 -4.753526324708744255e+01
-2.677713022592000000e+12 -5.524480780015754533e+01
-2.594120728256000000e+12 -4.925416202315549441e+01
-2.505036404352000000e+12 -4.846729998802507566e+01
-2.660493734400000000e+12 -6.476573242356974447e+01
-2.314020408064000000e+12 -4.270279362611145757e+01
-2.682705044352000000e+12 -6.491475937670843166e+01
-2.692592611712000000e+12 -6.371159927570126058e+01
-2.518296141888000000e+12 -5.943845528942078715e+01
-2.898611781760000000e+12 -7.197176907138738500e+01
-2.392780072064000000e+12 -5.583699197868222797e+01
-2.217214043648000000e+12 -5.626060063360660735e+01
-2.985294322432000000e+12 -7.520806499885262042e+01
-2.485319388864000000e+12 -6.367631610547807242e+01
-2.415878109120000000e+12 -5.091398127319151001e+01
-2.306199208128000000e+12 -5.402025634093862294e+01
-2.130362484160000000e+12 -5.356865235294215921e+01
-2.132490772224000000e+12 -3.498164875906535087e+01
-2.706048796160000000e+12 -6.906160964597415841e+01
-2.777850559744000000e+12 -7.421865781788565641e+01
-2.496092035712000000e+12 -2.646580486554255174e+01
-2.200388089952000000e+12 -5.402259816361888767e+01
-2.554729038016000000e+12 -6.517705775356907338e+01
-2.200580834976000000e+12 -6.209493996063843468e+01
-2.391549062048000000e+12 -5.798942043565933346e+01
-2.428705282208000000e+12 -6.709347068957677607e+01
-2.565973097280000000e+12 -7.030308053719811312e+01
-2.491403695840000000e+12 -6.698332718496726557e+01
-2.059855053280000000e+12 -4.509518994981247175e+01
-2.752510146848000000e+12 -7.557063206811979228e+01
-2.062889743584000000e+12 -4.923907620359373993e+01
-2.084910464672000000e+12 -5.496118214517667866e+01
-2.058275856832000000e+12 -4.780923297874545597e+01
-2.049988652768000000e+12 -4.120745434757211001e+01
-2.314176178080000000e+12 -6.765800681676503814e+01
-2.028680574624000000e+12 -5.057700091398292841e+01
-2.051605593888000000e+12 -5.057584048356115858e+01
-2.203321830464000000e+12 -5.988552808675541428e+01
-2.056179184480000000e+12 -5.583100508437917142e+01
-2.221698805664000000e+12 -6.376640028538699312e+01
-2.050827023232000000e+12 -5.500872959074402502e+01
-1.994629358208000000e+12 -5.121971961222277514e+01
-1.759042169248000000e+12 -4.113850763821849199e+01
-1.897263712992000000e+12 -5.946811599742719778e+01
-2.110363580288000000e+12 -6.094374636857327232e+01
-1.831615152672000000e+12 -4.810396434360246332e+01
-2.448690306976000000e+12 -7.416557353463092284e+01
-2.114344678336000000e+12 -6.679471409444765584e+01
-1.768753573888000000e+12 -6.383581235743503868e+01
-1.805599009376000000e+12 -4.454390370557909051e+01
-1.883919270784000000e+12 -7.276680313050337645e+01
-1.770563707040000000e+12 -5.743852143167055146e+01
-1.807890314944000000e+12 -4.494401256218201013e+01
-2.025272367584000000e+12 -6.801379663581936086e+01
-2.004427474848000000e+12 -6.762847744041415865e+01
-1.923435391360000000e+12 -5.728958613849273718e+01
-1.750146397280000000e+12 -4.860410539528065499e+01
-1.747522668512000000e+12 -4.541365884188831359e+01
-1.675882053440000000e+12 -3.508206182104274262e+01
-1.593354096512000000e+12 -3.659767260459988591e+01
-2.039787526208000000e+12 -7.142458212011975149e+01
-1.782008851616000000e+12 -6.467064482801738734e+01
-1.673030329280000000e+12 -4.894548654388362507e+01
-1.954064170688000000e+12 -6.780475534130913218e+01
-1.665123334752000000e+12 -5.237749845405766536e+01
-1.644090298400000000e+12 -5.712695901877913940e+01
-1.963002912512000000e+12 -6.453847686620171942e+01
-1.810834490016000000e+12 -5.586068672552144676e+01
-1.839423306048000000e+12 -6.445361754816168798e+01
-1.686125614112000000e+12 -5.045410401086427044e+01
-1.642698608768000000e+12 -5.797863529376130032e+01
-1.769672086272000000e+12 -6.993539074350825047e+01
-1.658144709536000000e+12 -5.646231979017104408e+01
-1.597260901184000000e+12 -5.552619060600627421e+01
-1.410250216384000000e+12 -4.418188378853815124e+01
-2.311839703904000000e+12 -8.494002286595575413e+01
-1.860312382080000000e+12 -6.690470076844582081e+01
-1.601155970336000000e+12 -5.476753456485793947e+01
-1.763956781056000000e+12 -6.096236283020918023e+01
-1.828490409216000000e+12 -6.735303316132736029e+01
-1.546807133152000000e+12 -4.677276789750326458e+01
-1.613199443040000000e+12 -7.249165421896836392e+01
-5.568432536192000000e+12 -4.769423227406801402e+01
-2.142223336320000000e+12 -6.871401378826834616e+01
-2.109723324704000000e+12 -7.086891431302831279e+01
-1.834407909248000000e+12 -4.365764895773727261e+01
-1.588037740192000000e+12 -5.012944412242814707e+01
-1.724298495296000000e+12 -6.518974365145322736e+01
-1.502214582912000000e+12 -4.852266170565614090e+01
-1.699530349472000000e+12 -7.066904157300777456e+01
-1.496235862208000000e+12 -5.560688401418207150e+01
-4.486070044544000000e+12 -3.937672748690230407e+01
-4.051383174784000000e+12 -4.154789889727126706e+01
-3.736937912896000000e+12 -4.468811947757510694e+01
-1.451094952288000000e+12 -4.903712654442595209e+01
-1.746778968896000000e+12 -7.255648468715293120e+01
-1.658301174112000000e+12 -6.862584864320386657e+01
-2.042874998912000000e+12 -8.296855783226283165e+01
-4.271945426688000000e+12 -4.327884088090709014e+01
-1.448061112160000000e+12 -4.108575795833598221e+01
-1.452806236480000000e+12 -5.706461080945141617e+01
-1.477217142336000000e+12 -5.734557314379691206e+01
-1.437141480768000000e+12 -3.829794850215042601e+01
-1.539009426880000000e+12 -6.798087331703226255e+01
-1.340576797920000000e+12 -5.990832107758934200e+01
-4.291713520096000000e+12 -4.608790115931701337e+01
-1.437527636992000000e+12 -3.560650866272577986e+01
-1.375831387264000000e+12 -5.212619845192070045e+01
-3.397495640000000000e+12 -4.072269174209784381e+01
-1.393366097472000000e+12 -4.867451822919110782e+01
-1.877983978784000000e+12 -8.056012580535352186e+01
-1.370064239232000000e+12 -6.126135238657833071e+01
-2.932654057248000000e+12 -5.891908901120589093e+01
-1.400279943008000000e+12 -5.203309641595479462e+01
-1.337631924320000000e+12 -5.599036095849249506e+01
-1.532961434464000000e+12 -6.926356609542582987e+01
-1.652900778784000000e+12 -7.368786931908113047e+01
-1.386691498560000000e+12 -5.401093531449296847e+01
-1.556313781376000000e+12 -7.387301144014524823e+01
-1.311309741824000000e+12 -4.563172887318988558e+01
-1.326927927424000000e+12 -7.587491357421842508e+01
-1.319425056864000000e+12 -4.981945267329682991e+01
-1.268126421920000000e+12 -3.476578634528366507e+01
-1.329366231968000000e+12 -5.735855636090579424e+01
-1.556921893984000000e+12 -8.217021172800991735e+01
-1.399687681024000000e+12 -6.356641190108587125e+01
-1.355047703648000000e+12 -6.592406533915729483e+01
-1.535055438112000000e+12 -7.963962756747642402e+01
-1.234998311904000000e+12 -4.230495177596403522e+01
-1.327432478880000000e+12 -7.169362922602766730e+01
-1.318075512960000000e+12 -5.718608827709301323e+01
-1.247922780320000000e+12 -4.962688462461689909e+01
-1.263511530496000000e+12 -5.478890767465156131e+01
-1.249054070784000000e+12 -5.244519254660426810e+01
-1.200613207136000000e+12 -5.506188820265178663e+01
-1.253070637600000000e+12 -5.604617487416408039e+01
-1.142205627424000000e+12 -4.595539937783924245e+01
-1.143003512832000000e+12 -5.052506154779737102e+01
-1.139113456384000000e+12 -3.715381240649545447e+01
-1.140508393920000000e+12 -4.163727631502763415e+01
-1.298092289248000000e+12 -6.247652415181664054e+01
-1.162903249024000000e+12 -4.765842659619502797e+01
-1.248406327840000000e+12 -6.403440251629646696e+01
-1.212281069504000000e+12 -5.935358901136216758e+01
-1.282468956416000000e+12 -6.636053123700258993e+01
-1.309129480096000000e+12 -6.828405469673268158e+01
-1.135987237248000000e+12 -4.173288550464794611e+01
-1.372088577024000000e+12 -7.133972441487959770e+01
-1.175791852256000000e+12 -5.276373190346922826e+01
-1.121520767968000000e+12 -4.986718662754788056e+01
-1.104226462560000000e+12 -4.881795769307085919e+01
-1.538039426848000000e+12 -8.241207404043137785e+01
-1.148176149184000000e+12 -5.318725800961514949e+01
-1.051649662336000000e+12 -3.784326187992796520e+01
-1.130809360160000000e+12 -5.637735663615759307e+01
-1.118101360992000000e+12 -5.079259118959056707e+01
-1.007423321632000000e+12 -4.798000190296782819e+01
-2.632531523392000000e+12 -4.452679549049543084e+01
-1.362112031712000000e+12 -6.970098712669431507e+01
-1.212710511872000000e+12 -7.120937554734699404e+01
-1.235776715648000000e+12 -6.432227319607841309e+01
-2.914001114176000000e+12 -5.815327076062014555e+01
-1.111166102944000000e+12 -5.620953155057568296e+01
-1.302880453056000000e+12 -6.953420652837368721e+01
-1.090257840416000000e+12 -4.857820703748300417e+01
-1.140808940288000000e+12 -6.164478851970014261e+01
-1.140936895232000000e+12 -6.046500391198520674e+01
-1.078451451776000000e+12 -5.208703361448104374e+01
-1.127056133248000000e+12 -6.684950054024771759e+01
-1.004678402496000000e+12 -4.157976385000436892e+01
-1.002983544544000000e+12 -4.633839705275673282e+01
-1.119482291200000000e+12 -6.521856726615574473e+01
-1.125331979744000000e+12 -6.717982979122103870e+01
-1.044065034688000000e+12 -4.995190104306510648e+01
-1.029514709792000000e+12 -5.192052587786110962e+01
-2.891388963424000000e+12 -4.132339186335740777e+01
-1.224535231296000000e+12 -7.500479620611065457e+01
-1.154066131360000000e+12 -6.849894256151300453e+01
