0.000000000000000000e+00 0.000000000000000000e+00
-9.854610573103235538e+01 -9.688052580395348912e+01
-1.049522053382145259e+02 -1.041293420170208321e+02
-8.355702201958034436e+01 -8.328540556014631591e+01
-1.080405641448190153e+02 -1.079083423648137199e+02
-1.027709226416846917e+02 -1.025766752572913560e+02
-1.054948383917887753e+02 -1.053192523225962702e+02
-1.081254472081945153e+02 -1.080092321414233538e+02
-9.566653121658309544e+01 -9.549059294937566733e+01
-1.027208193577948379e+02 -1.025226043380563254e+02
-1.107656641140265634e+02 -1.107270431596074474e+02
-9.984314526491614572e+01 -9.969983976814623361e+01
-1.006282207946961904e+02 -1.005127718257105300e+02
-1.079675570082459757e+02 -1.079643534494065165e+02
-1.024568384989932923e+02 -1.025103751392698115e+02
-1.053258307440694495e+02 -1.052806804962391567e+02
-9.702522878870472312e+01 -9.686913390068876595e+01
-9.996916038337542432e+01 -9.985101695626825347e+01
-1.080022870445593810e+02 -1.080302574766640333e+02
-1.080301145167640158e+02 -1.080000587354169284e+02
-1.023885867560354228e+02 -1.024456359485228916e+02
-1.107786257207288259e+02 -1.107157998826800309e+02
-1.014818370909548690e+02 -1.014744300760769988e+02
-8.928447899278334887e+01 -8.885979034149656286e+01
-1.043101260068545741e+02 -1.041583015452597039e+02
-9.672790707115402142e+01 -9.645093495086837265e+01
-9.705005840574381182e+01 -9.701165874295837455e+01
-1.052766988611505070e+02 -1.052625389560381564e+02
-1.080645101992007682e+02 -1.080235984832466585e+02
-1.052498798367432755e+02 -1.052939431142801112e+02
-1.051537182616444426e+02 -1.052178626873425458e+02
-1.079521665965123134e+02 -1.079506779972710575e+02
-1.053167703426330775e+02 -1.053370727935739666e+02
-1.051779865419446907e+02 -1.051801439090979784e+02
-1.080672988739559770e+02 -1.080300984141101424e+02
-1.024108846217563098e+02 -1.023799133954762084e+02
-1.024850734457446322e+02 -1.025411559603179228e+02
-9.366684992735912374e+01 -9.356583507962054114e+01
-1.052183526443674566e+02 -1.052402533653339276e+02
-1.107471532614916754e+02 -1.107359153666604357e+02
-1.080137821211792186e+02 -1.080143852859097819e+02
-1.053037389617349220e+02 -1.053315115677086595e+02
-1.008321795281645166e+02 -1.009400232181005066e+02
-1.080252057310236182e+02 -1.079801197065431211e+02
-1.052855505071999858e+02 -1.052812017118992998e+02
-1.041540290553957959e+02 -1.041683207237089732e+02
-1.044041687275665993e+02 -1.044508492380909388e+02
-1.025275841883576646e+02 -1.025361581340011981e+02
-1.106946008985937908e+02 -1.107217278439911752e+02
-1.024456621313185423e+02 -1.024865951698172921e+02
-1.014508212785430885e+02 -1.014719076890498144e+02
-1.052659721983238796e+02 -1.052719149591766694e+02
-1.079819169514748296e+02 -1.079861251951047336e+02
-1.051969479860673857e+02 -1.052364787209012178e+02
-1.048707169918112783e+02 -1.048414010431839642e+02
-1.013909692888621805e+02 -1.013628281001440570e+02
-9.988033576466055763e+01 -9.990553783802079124e+01
-1.053485987386789731e+02 -1.053658549884902840e+02
-1.026963624762721992e+02 -1.026948051208868264e+02
-1.079345006121605053e+02 -1.079611704150304945e+02
-1.079695924948995724e+02 -1.079945484506144169e+02
-1.047803536139111600e+02 -1.046929409105759703e+02
-1.053094862118428949e+02 -1.053128243019413475e+02
-9.987537310092054099e+01 -9.985920267810436712e+01
-1.080179334041248325e+02 -1.080497832326484229e+02
-1.052632403452307415e+02 -1.052744788425045499e+02
-1.078855755445561186e+02 -1.079025062221723488e+02
-9.983210691710661422e+01 -9.983288700790373582e+01
-1.013780874029609578e+02 -1.013610216314455386e+02
-9.998695094650217641e+01 -9.999804639387541272e+01
-1.052435749085312295e+02 -1.052631261430362457e+02
-1.013415501035206603e+02 -1.013841680388624837e+02
-1.045557304851865013e+02 -1.045437532610009299e+02
-1.053193033041735731e+02 -1.053419762029304252e+02
-1.053613166062889093e+02 -1.053707972868497649e+02
-1.052344151234534024e+02 -1.052634060750748830e+02
-1.080315015556528948e+02 -1.080381191676256663e+02
-1.052504442902002921e+02 -1.052672019171029660e+02
-1.080033513487116466e+02 -1.080070103247008575e+02
-1.018275402719215492e+02 -1.018170664928871503e+02
-1.080510698690264348e+02 -1.080729562409291873e+02
-1.080874088294938673e+02 -1.081005487770577105e+02
-1.080673716783121847e+02 -1.080807830002205350e+02
-8.072385402975866953e+01 1.894826686936521103e+23
-7.803984270278000640e+17 8.420745559344677531e+03
-2.755190966602956800e+17 6.697637467407101894e+02
-1.301980366224490496e+18 2.880013579557565972e+07
-4.697847717654691840e+17 8.684223019804061623e+05
-3.052887946613253734e+19 5.052705977384333499e+06
-1.074438881585279795e+19 2.498639328586112708e+06
-6.903463382886645760e+17 2.300172966254666972e+04
-7.275115701129143910e+19 2.270083794378476217e+06
-5.679144394909286400e+16 -4.335631708964425002e+01
-2.626413660464087040e+18 1.965455669254926761e+03
-8.729194657179238400e+16 1.664553645424547540e+03
-8.918302118759628800e+16 1.903266710541520297e+03
-6.355449251692544000e+16 1.201318925707201288e+03
-4.587110129808179200e+16 1.371200784321734091e+03
-5.011938061726515200e+16 2.153514140658472115e+03
-4.600301624452710400e+16 1.768253006680023702e+02
-5.050251892306739200e+16 2.575859789279169263e+02
-4.531069593793331200e+16 -4.974768215743949185e+01
-2.683193872626483200e+16 -5.150813181433095167e+01
-3.886287735868620800e+16 9.378552628408868941e+02
-3.304826248809676800e+16 1.023305706594772005e+03
-2.465737568799948800e+16 4.993444699050993449e+02
-1.866603571209830400e+16 4.719111614269276060e+02
-2.806105733162598400e+16 1.424220326797967118e+03
-2.220462218451353600e+16 7.963526396061571404e+02
-1.601513754512588800e+16 6.243141522620999240e+02
-2.823964287814860800e+16 -6.264898000437245429e+01
-2.388396444771942400e+16 8.013433448164399806e+02
-1.780711613294182400e+16 5.289642355013853603e+02
-1.588656366642790400e+16 6.857794793782303486e+02
-1.403727315795968000e+16 -7.361655110750824349e+01
-4.484834848853196800e+16 2.846083892326905578e+07
-1.827125461961932800e+16 1.359733745016078046e+03
-1.578971437727744000e+16 -7.170779905718561054e+01
-1.312365508165632000e+16 -6.840155034970217685e+01
-2.414452376810291200e+16 -5.163581992421405431e+01
-1.380863179122278400e+16 2.278060925941028358e+02
-1.272303522362163200e+16 -7.264401312285886547e+01
-8.868615764836352000e+15 -5.984450167959533928e+01
-1.000603160425267200e+16 7.550889969823656429e+02
-1.000189599219712000e+16 -7.115280701512605788e+01
-1.433502356825702400e+16 1.061908332565159753e+03
-2.376441533746380800e+16 -6.788060021540654532e+01
-1.141017997292339200e+16 9.596783100715247201e+02
-1.998873140749926400e+16 -4.634833823683975140e+01
-5.531403073644134400e+16 3.421770647547356319e+06
-1.074438016925696000e+16 -7.059658960566922303e+01
-1.727145525759180800e+16 -5.367209955557649437e+01
-1.192500244774912000e+16 4.857518543303402225e+02
-9.422438580486144000e+15 -6.659472270591837173e+01
-9.983650863644672000e+15 4.168359310690436814e+02
-9.677805529202688000e+15 -7.141730858755391864e+01
-5.656480303546368000e+15 -5.115050545571931195e+01
-1.896984499624345600e+16 -4.597851226332672780e+01
-7.706556408266752000e+15 -7.078568130203373698e+01
-6.789818160644096000e+15 -6.922145536875819971e+01
-7.043249972314112000e+15 -6.807792918288050998e+01
-5.471440465690624000e+15 -6.099266370727204389e+01
-7.799680247922688000e+15 1.227041542911224496e+03
-1.445547417429606400e+16 -7.048090686897131718e+01
-6.995512886558720000e+15 -6.181802041864735031e+01
-6.383007442796544000e+15 -7.062740043817311175e+01
-6.326212915691520000e+15 -6.179873511512619899e+01
-5.779091148636160000e+15 -6.512145361278132327e+01
-8.460064254328832000e+15 -8.051094580217014141e+01
-7.580388432150528000e+15 -7.314588102126270996e+01
-1.666561077569126400e+16 -4.025142106971315314e+01
-4.917188769284096000e+15 -5.397126421153076592e+01
-5.193235963641856000e+15 -5.680790781831984049e+01
-6.472615330578432000e+15 -6.402838386454823194e+01
-5.041643719155384320e+17 4.421534693602782500e+04
-1.073131361415987200e+16 2.083111474609005199e+03
-9.670909360078848000e+15 1.515152691988530023e+03
-7.328299317723136000e+15 2.446334545943833518e+02
-1.314909948601958400e+16 -7.417774086171064596e+01
-6.003880103575552000e+15 -5.977298578923970496e+01
-5.936978756239360000e+15 -6.837133466923238245e+01
-6.042814291640320000e+15 8.274758160791717501e+02
-9.816137828859904000e+15 2.231539167939741674e+03
-1.496142690123776000e+16 -8.050441175265945049e+01
-7.859964118302720000e+15 2.305490699015825612e+03
-1.195683028978892800e+16 -4.534796782578667518e+01
-6.984223279742976000e+15 1.502450421618671271e+03
-9.701944824889344000e+15 -6.554488317806853104e+01
-8.814782237048832000e+15 -5.344076150661554436e+01
-1.119994382870118400e+16 -4.980793242573250978e+01
-5.967918882947072000e+15 -6.874116962827494604e+01
-5.503437994459136000e+15 2.160728798474584437e+03
-6.284650182410240000e+15 1.625883062300192989e+02
-5.518125654933504000e+15 -6.664531946584395428e+01
-6.587831259627520000e+15 -7.639258418356186553e+01
-8.993429234057216000e+15 -4.774144539047806290e+01
-6.678539687297024000e+15 1.276624897244305885e+03
-5.948834334834688000e+15 -7.486421326471219118e+01
-6.409051484127232000e+15 1.414926648569476811e+03
-3.963967617236992000e+15 8.020490251843300484e+02
-5.230211774873600000e+15 1.162161399339978516e+03
-5.609688806785024000e+15 7.150889563547376611e+02
-5.186706594988032000e+15 1.129872425040905000e+03
-5.393769978396672000e+15 1.325052796990146589e+03
-9.955614026104832000e+15 -4.988918339179637940e+01
-5.146058058629120000e+15 4.635252300820367282e+02
-4.122793272344576000e+15 -5.972789877052523622e+01
-5.236001998503936000e+15 1.073266503403999423e+03
-8.511220545748992000e+15 -6.079153175946438381e+01
-3.288854943760384000e+15 4.990199061452009754e-01
-8.160425480880128000e+15 -5.529766610653916104e+01
-8.817881646432256000e+15 -5.267912402848077136e+01
-5.599165321838592000e+15 -7.298661765355723219e+01
-5.295919336128512000e+15 -7.315267709832943410e+01
-5.558477657538560000e+15 5.407132967371529730e+02
-5.219595519983616000e+15 -7.277040131495766673e+01
-5.146891177230336000e+15 1.324351081084110547e+03
-5.100848687874048000e+15 9.169314290722350052e+02
-4.173254657245184000e+15 -6.522125537295751485e+01
-2.637775361671168000e+15 -4.811897210947191184e+01
-3.575345847926784000e+15 -5.864637499081388228e+01
-4.270000552017920000e+15 -7.059994764600456563e+01
-3.981626675757056000e+15 -6.751914656927490910e+01
-4.329681013899264000e+15 4.306199793116843466e+02
-7.240647122550784000e+15 -6.919621052645121040e+01
-4.807315197788160000e+15 -7.681783260555796744e+01
-4.122085617434624000e+15 3.884058345222434241e+02
-3.549406694211584000e+15 -6.194463459689778517e+01
-4.625710160478208000e+15 -7.312355501014855008e+01
-3.450548962000896000e+15 -6.409837278082375178e+01
-3.904701883547648000e+15 -6.460686813209278512e+01
-2.543842719415009280e+17 1.248356941112097729e+03
-4.329382319751168000e+15 -7.089137518394801418e+01
-4.850076340901642240e+17 1.118160337839829037e+06
-2.405213124689920000e+15 -5.090421089472287264e+01
-3.905641136848896000e+15 -6.465032129013292206e+01
-3.816569701990400000e+15 -7.210201912019381609e+01
-8.056683967479808000e+15 -5.115946874916198084e+01
-3.552574120329216000e+15 -6.669030394719460730e+01
-7.294689052131328000e+15 -4.923561771908317297e+01
-8.040163826925568000e+15 -4.742305224431909494e+01
-4.284881840373760000e+15 -7.297646439621458114e+01
-2.386743547002880000e+15 -4.977978193443207999e+01
-7.459506720407552000e+15 -4.685363838072257181e+01
-3.339504493264896000e+15 -6.792124660568275374e+01
-3.273225303490560000e+15 -6.480891653055735446e+01
-7.104085818474496000e+15 -4.920956310500200459e+01
-4.635771440791552000e+15 9.753171989093993943e+02
-2.757554497585152000e+15 -5.878820039493563598e+01
-2.882581600337920000e+15 -5.983216359795748929e+01
-3.781243166588928000e+15 -6.913875969254826259e+01
-2.732884080590848000e+15 -6.267361395362556920e+01
-4.005326907113472000e+15 1.942655527922097690e+03
-1.570456047648768000e+15 -4.328003729677398326e+01
-3.240040275050496000e+15 -6.469002532791567717e+01
-3.072277451112448000e+15 -6.612680290384113846e+01
-2.906130267045888000e+15 -6.529643141497911074e+01
-3.427223136436224000e+15 -6.941689511639076215e+01
-2.866290417860608000e+15 -6.026480892456473271e+01
-2.554103017832448000e+15 -5.683734050469868748e+01
-2.852040493236224000e+15 -6.504478088205384267e+01
-2.326626901950464000e+15 -5.426623370063842344e+01
-7.973140412825600000e+15 -4.878644005291619834e+01
-2.188501235269632000e+15 -4.815083734674172433e+01
-3.080936478539776000e+15 -6.083200140141517664e+01
-3.623012541988864000e+15 -7.537281189920079782e+01
-6.820043870109696000e+15 -4.335679255662771681e+01
-2.134318824161280000e+15 -5.008249495175503796e+01
-6.177699631857664000e+15 -4.607751112786217362e+01
-2.532333110951936000e+15 -5.623828944501470062e+01
-3.435058704285696000e+15 -7.699404906149209182e+01
-2.542903425892352000e+15 -5.506585939115936412e+01
-2.216228594122752000e+15 -5.208726489662385717e+01
-3.433458580586496000e+15 -7.536003285310007982e+01
-2.695770009108480000e+15 -6.158428902791487758e+01
-2.558394806304768000e+15 -6.384257104426325924e+01
-3.792264525447168000e+15 6.495628760669303574e+02
-2.855125823258624000e+15 -7.265828437246352678e+01
-2.407328368820224000e+15 -5.853368541853632223e+01
-2.238570156261376000e+15 -5.708459369903417269e+01
-2.116085706784768000e+15 -5.273145788857706151e+01
-2.861330577031168000e+15 -7.300060975794680473e+01
-3.285452916916224000e+15 1.012553945349415017e+03
-5.706040441634816000e+15 -5.003526454309732685e+01
-6.086679096786944000e+15 -5.978774357047984012e+01
-5.168090461569024000e+15 -4.685478400253239073e+01
-2.504457043116032000e+15 -6.358100796659046239e+01
-2.400488968290304000e+15 -6.163105789268865919e+01
-1.810538453860352000e+15 -4.593046802705852372e+01
-2.590256824975360000e+15 -6.564311961512193250e+01
-2.655795882360832000e+15 -7.018002667405352213e+01
-2.670130728730624000e+15 -7.294582593953786898e+01
-2.685240989515776000e+15 -7.600684233135959289e+01
-5.191236567826432000e+15 -4.896202491067913343e+01
-2.183808982581248000e+15 -6.034464637419253563e+01
-2.120831306629120000e+15 -5.775122092971837873e+01
-2.220659949961216000e+15 -5.877834240015216949e+01
-1.725150272880640000e+15 -4.811524737929027395e+01
-2.250585523159040000e+15 -6.123970192973609272e+01
-2.675647456215040000e+15 8.438506984781287201e+02
-2.638540128124928000e+15 -7.666488385238288572e+01
-2.249253449695232000e+15 -6.796312158374675505e+01
-2.307232937017344000e+15 -6.800516866184051423e+01
-1.756764948463616000e+15 -4.799411052947066736e+01
-2.390619237711872000e+15 -7.014592338823779016e+01
-5.182373924896768000e+15 -4.863230238019963281e+01
-2.480999415480320000e+15 1.760880098305790398e+03
-1.695249369792512000e+15 -4.868478515618932789e+01
-2.030306694594560000e+15 -5.834804934702807344e+01
-1.613853091233792000e+15 -4.362739534716614287e+01
-1.827848676311040000e+15 -5.606859363001991881e+01
-1.537273579896832000e+15 -4.522443147305515510e+01
-5.409785044402176000e+15 -5.640343710936964072e+01
-4.441242707886080000e+15 -4.623903173749648943e+01
-3.274116144562176000e+15 1.164850266887719272e+03
-1.893821933486080000e+15 -6.158787063532821549e+01
-2.516160130580480000e+15 5.552740473576490103e+02
-1.851920986079232000e+15 -6.735464096297044989e+01
-1.383893331148800000e+15 -3.747366176291689754e+01
-1.784663517757440000e+15 -4.903472642185064245e+01
-1.973485689896960000e+15 -6.965615218385786989e+01
-4.600171804229632000e+15 -5.303991521102935991e+01
-1.819226036830208000e+15 -5.765098188581377059e+01
-5.076428155518976000e+15 -5.008034590841840838e+01
-1.759990648012800000e+15 -5.083449618500977607e+01
-2.287869512974336000e+15 -7.765969058907307954e+01
-2.098708645773312000e+15 -6.684345420738358712e+01
-2.238411269111808000e+15 -7.003425607150275312e+01
-1.779938268545024000e+15 -6.029770459871691912e+01
-1.844795937193984000e+15 -5.279381477695497438e+01
-4.105793937473536000e+15 -4.928700255256854490e+01
-1.701982587060224000e+15 -5.873966989877219191e+01
-2.067685218680832000e+15 -7.513448076431025413e+01
-2.760056468733952000e+15 8.602856715821462785e+02
-1.476711139901440000e+15 -4.419439895441156807e+01
-7.915835398029312000e+15 8.166705562931492925e+06
-1.586701806010368000e+15 -4.640808596127966723e+01
-1.785526585491456000e+15 -6.389848823787199450e+01
-1.636982652469248000e+15 -6.204424849003687825e+01
-1.715804714598400000e+15 -6.199512767305580496e+01
-1.719269014175744000e+15 -6.290471115158258186e+01
-1.725544463204352000e+15 -6.569839213433384373e+01
-2.573681375182848000e+15 1.411099211187586434e+03
-1.843922292146176000e+15 -6.936572792327301329e+01
-2.976015700623360000e+15 9.034177108417860609e+02
-1.965392505143296000e+15 -7.030077416486665243e+01
-2.471819914051584000e+15 5.174419487542539855e+02
-1.736469498560512000e+15 -6.382105242233430431e+01
-2.618320902979584000e+15 9.592716791046790377e+02
-1.530298196164608000e+15 -5.933850566547311445e+01
-4.156051086737408000e+15 -5.362748691543858826e+01
-1.336278888841216000e+15 -5.019200462277056829e+01
-1.523978068721664000e+15 -4.801212761024375908e+01
-2.116833331937280000e+15 1.197983937004535733e+02
-1.584627792084992000e+15 -5.164382643472878698e+01
-1.468816868966400000e+15 -4.610135808221885867e+01
-1.745549533020160000e+15 -6.136860905561875512e+01
-2.978972063629312000e+15 -6.662626783664440211e+01
-1.720013951041536000e+15 -6.524662028528263136e+01
-1.383262745100288000e+15 -4.261338945115054599e+01
-1.563192554553344000e+15 -5.768995550126438587e+01
-3.064441610043392000e+15 -4.895460361558549778e+01
-1.809798961594368000e+15 -6.819789813904233711e+01
-1.422049826045952000e+15 -6.019070370329224318e+01
-1.675873756381184000e+15 -6.420187876618587097e+01
-1.573236045774848000e+15 -5.839169005941942459e+01
-1.177197349470208000e+15 -4.069307456511852195e+01
-1.742365725786112000e+15 -6.866820161160072189e+01
-1.250946534768640000e+15 -4.740316657152838076e+01
-3.472969498460160000e+15 -5.126991629574840914e+01
-1.663069871210496000e+15 -6.259019755162690046e+01
-1.397586249482240000e+15 -4.537371404808035891e+01
-1.589955573350400000e+15 -6.030623060258977830e+01
-3.227944691761152000e+15 -5.478285900303219336e+01
-1.673824745652224000e+15 -6.739461840584941399e+01
-1.659101550510080000e+15 -6.422132913547366684e+01
-1.857333990785024000e+15 -7.394001245086741392e+01
-2.693699000729600000e+15 8.015673073833903572e+02
-1.358173501915136000e+15 -5.138608111808036227e+01
-1.610706423939072000e+15 -7.711161945190187339e+01
-1.599545839190016000e+15 -7.265465248472482074e+01
-2.619429287264256000e+15 -5.434576948295798360e+01
-1.569833619783680000e+15 -6.253137557543028180e+01
-1.494898543493120000e+15 -5.462660119004871717e+01
-1.496073237692416000e+15 -5.781323654325007055e+01
-3.416321508737024000e+15 -5.458451187894866052e+01
-3.721680370991104000e+15 -3.873691742617524625e+01
-1.455539843170304000e+15 -4.829426148228316862e+01
-1.285490926714880000e+15 -4.907313851826549467e+01
-1.786596180197376000e+15 -7.241716398849902703e+01
-1.373154863874048000e+15 -5.110871147273201132e+01
-2.979360549732352000e+15 -4.593102876735825646e+01
-1.402136690688000000e+15 -6.037041805207550027e+01
-1.264975501656064000e+15 -5.158105956353083599e+01
-1.179897874087936000e+15 -4.971762003264936425e+01
-3.041914626015232000e+15 -4.666663908764846269e+01
-1.354671359492096000e+15 -5.493753394882046592e+01
-1.655180779094016000e+15 -7.609122409213011906e+01
-1.723745496924160000e+15 -7.945117413329401757e+01
-2.927519986810880000e+15 -4.761858641470109887e+01
-1.115534130642944000e+15 -4.756155386588184797e+01
-1.278453765636096000e+15 -5.916547142848332896e+01
-1.316760601952256000e+15 -5.466736171116097864e+01
-1.542275312779264000e+15 -6.958172833013514946e+01
-1.170168030003200000e+15 -4.924528248017448107e+01
-1.237924755144704000e+15 -6.925966025376739310e+01
-1.917767486799872000e+15 1.694704274820575165e+03
-1.235323560230912000e+15 -5.519890812925840606e+01
-1.297990568181760000e+15 -7.087885775024780344e+01
-1.233484958203904000e+15 -4.774174772398279742e+01
-1.186653844701184000e+15 -5.281428057009775756e+01
-2.580434141970432000e+15 1.216310193461709787e+03
-1.244281807929344000e+15 -5.806062622666539852e+01
-1.256693924986880000e+15 -6.351399450392827362e+01
-1.168646222512128000e+15 -5.339033225584120146e+01
-1.768674193604608000e+15 2.623973705580758633e+02
-2.705352451883008000e+15 -4.795966454318148919e+01
-1.203908981194752000e+15 -6.029821465796302959e+01
-8.750286653328588800e+16 1.590116109122828220e+03
-1.292822929342464000e+15 -6.351729971216559534e+01
