-1.056688768509412455e+02 -1.051868750689996119e+02
-1.024063642179664555e+02 -1.024402468486860158e+02
-1.041134737752871473e+02 -1.041595060389045528e+02
-1.080621112136653323e+02 -1.080182552724710803e+02
-1.028430467303386848e+02 -1.025181933823008649e+02
-1.080912099027718369e+02 -1.080738359546971452e+02
-1.053452704403221816e+02 -1.052878136674288356e+02
-1.053157694433757996e+02 -1.053305609232938878e+02
-9.706832494673190581e+01 -9.697732856273164259e+01
-8.311314272256225877e+01 -8.261659952256675865e+01
-1.025391912942971402e+02 -1.025253758454754092e+02
-1.107479106421375405e+02 -1.107184292615946788e+02
-1.081453238101651095e+02 -1.081222789810155831e+02
-1.106865820972519856e+02 -1.107062432632726257e+02
-1.026797911174635942e+02 -1.026505499547424449e+02
-9.845412499914405657e+01 -9.819984817738210836e+01
-1.052868494464914733e+02 -1.052832834316717054e+02
-1.026334357901357492e+02 -1.026797203083537511e+02
-1.080727279897587607e+02 -1.080504293607349524e+02
-1.024931596127166102e+02 -1.025518134729969830e+02
-1.025847384842853955e+02 -1.025939827030405382e+02
-1.052844022552233838e+02 -1.052946387740197167e+02
-1.024845796171490804e+02 -1.024775565018873635e+02
-9.998510232380792218e+01 -9.997419883278516295e+01
-1.080877637076034858e+02 -1.080703527604268572e+02
-1.081103765520289102e+02 -1.080993803397836217e+02
-1.013688789472949168e+02 -1.014058953824885236e+02
-1.025544233929899889e+02 -1.025518278014321254e+02
-9.992974229559133903e+01 -9.991963093855343914e+01
-1.067722129640265933e+02 -1.067245046344700370e+02
-1.080858629545869434e+02 -1.080323456281492724e+02
-1.040925285953565123e+02 -1.040784955747671887e+02
-9.979180973110236152e+01 -9.979257627525089447e+01
-1.107789397744381859e+02 -1.107738026633241191e+02
-1.081384239235779035e+02 -1.081225202106922865e+02
-9.431012436717364267e+01 -9.431930730609603586e+01
-1.081186313665309484e+02 -1.081026175399788656e+02
-1.080543163784314658e+02 -1.080544001112395307e+02
-1.026048445082167291e+02 -1.025790961889812820e+02
-1.080773567983692374e+02 -1.080653578007290605e+02
-1.053474805783047685e+02 -1.053506444446940264e+02
-1.053630248209380795e+02 -1.053585557985160364e+02
-1.080578297375978707e+02 -1.080590669443089951e+02
-1.053206319808644054e+02 -1.053224605968846816e+02
-9.996737037046024454e+01 -9.996385291352075342e+01
-1.054333783573813150e+02 -1.055553146656762067e+02
-1.107792034787568412e+02 -1.107727174760880757e+02
-1.080393380994521380e+02 -1.080153922574875196e+02
-1.053232949468435464e+02 -1.053272553535639702e+02
-1.081077594305117771e+02 -1.081020209732007800e+02
-8.887474554517642389e+01 -8.887402319370769987e+01
-1.024673216669315821e+02 -1.024772192001298805e+02
-1.052746823644501291e+02 -1.052846613261196893e+02
-1.080196115747104244e+02 -1.080180452905584332e+02
-8.672538194670289613e+01 -8.654808080841463891e+01
-1.053392811212343787e+02 -1.053272768563632695e+02
-1.054067662704479176e+02 -1.054114408065405399e+02
-1.054111997828247524e+02 -1.054035857624500920e+02
-1.053191732881177671e+02 -1.053221289058316188e+02
-9.625729993785979843e+01 -9.624466495307109426e+01
-1.025273527456586464e+02 -1.025358594867219608e+02
-1.080021952821577571e+02 -1.080079272221338869e+02
-9.727717689117024236e+01 -9.722841163101409734e+01
-1.025867159098540213e+02 -1.025943323033405932e+02
-1.052536544623468302e+02 -1.052506743392623036e+02
-1.053060673705075914e+02 -1.053096322368656104e+02
-1.053524173667169208e+02 -1.053509636907930513e+02
-1.081055148319180290e+02 -1.081075734158312684e+02
-1.081600141150512115e+02 -1.081541543788546562e+02
-9.845005254538263273e+01 -9.833345330144652507e+01
-1.066740913399069512e+02 -1.066565837625861803e+02
-1.080518597898048370e+02 -1.080579078156885089e+02
-1.052802187190427787e+02 -1.052814693377292201e+02
-1.107775979844462455e+02 -1.107766807462594159e+02
-9.446447377784240018e+01 -9.441933431272086352e+01
-1.080657536971642969e+02 -1.080445138170074557e+02
-1.025789551722288451e+02 -1.025935173788597297e+02
-1.026055779741273568e+02 -1.025989602736322865e+02
-1.107156962480951563e+02 -1.107162219863341903e+02
-9.999634422251361343e+01 -9.998227267871295965e+01
-1.107239290224367210e+02 -1.107231945562757289e+02
-1.052508004646637971e+02 -1.052536804119168465e+02
-9.925263184271577188e+01 -9.919060179775617314e+01
-9.864094304799698421e+01 -9.865865741587836624e+01
-1.080025008900799008e+02 -1.080023757300248093e+02
-1.000209076092431815e+02 -1.000112440819342794e+02
-9.673228113482052493e+01 -9.665986876129824168e+01
-1.026871928240905021e+02 -1.026827021517645164e+02
-1.080463046288114981e+02 -1.080452353808499169e+02
-1.079122415052295452e+02 -1.079126211640591606e+02
-9.860139886089875461e+01 -9.852151005808417494e+01
-1.026263325598515763e+02 -1.026403420937874245e+02
-1.016922792092550338e+02 -1.017273049918251786e+02
-1.026494964757396104e+02 -1.026481587308947354e+02
-9.831082497788484886e+01 -9.832960781189987642e+01
-9.731664790493631756e+01 -9.729938801777146296e+01
-1.081109097791397033e+02 -1.081042632496965723e+02
-1.080588560385559020e+02 -1.080587837872122492e+02
-9.900204570463326093e+01 -9.901555011206592383e+01
-9.904862000709574943e+01 -9.905142884366590295e+01
-1.052590477376106861e+02 -1.052578071912386548e+02
-1.080663826574019595e+02 -1.080713191686267152e+02
-1.080105090113911217e+02 -1.080012988327517718e+02
-1.052708264456156115e+02 -1.052795403852710621e+02
-1.026594313380668098e+02 -1.026496282891360181e+02
-1.053440727102078398e+02 -1.053509956673591290e+02
-9.980992351954306230e+01 -9.979820171991511302e+01
-1.080250676796971590e+02 -1.080238116501676444e+02
-1.080872347145101742e+02 -1.080800587520018041e+02
-9.982623694782175505e+01 -9.982939091926185426e+01
-1.079647696328470943e+02 -1.079660620063341412e+02
-1.053806867512631413e+02 -1.053788082073790804e+02
-1.053148746389205712e+02 -1.053163811647770984e+02
-1.080593279722515376e+02 -1.080561098254618457e+02
-1.080774256919133762e+02 -1.080799805795821840e+02
-1.080779297234018657e+02 -1.080759823124930961e+02
-1.010831010615828518e+02 -1.010646469833980774e+02
-9.982203629003099365e+01 -9.981907603186310496e+01
-1.079894134500861611e+02 -1.079837874942818843e+02
-1.053428365363299406e+02 -1.053262262215236973e+02
-1.080726726321729956e+02 -1.080747509360854792e+02
-1.026594828544879476e+02 -1.026587052513423970e+02
-1.053319641778098656e+02 -1.053321573928915313e+02
-8.085323737559225776e+01 4.569496782151096800e+16
-2.964785412475000000e+10 1.962708477461391396e+02
-1.529772221812500000e+10 -3.055649994479478337e+01
-1.209100355409375000e+10 -4.680753786649449211e+01
-1.882087584987500000e+10 2.100024582375958015e+00
-8.084154886281250000e+09 -5.339830206130712753e+01
-7.722043474937500000e+09 -5.764973429217046430e+01
-6.258675131093750000e+09 -4.000444900871996623e+01
-4.979137815750000000e+09 -5.989432117694204294e+01
-5.123301111781250000e+09 -5.011170145403434617e+01
-5.027786519406250000e+09 -5.930006412826942608e+01
-6.028783899031250000e+09 -4.246932570640606741e+01
-5.127773014687500000e+09 -4.954053039660610125e+01
-4.821426639312500000e+09 -4.742862896083708790e+01
-4.611369483093750000e+09 -4.299757156868938779e+01
-4.220961920843750000e+09 -7.478028615300084425e+01
-3.066140286437500000e+09 -6.222432305351564708e+01
-4.285910908718750000e+09 -4.447072883065399651e+01
-4.631998621843750000e+09 -4.951885732723258116e+01
-4.204008332625000000e+09 -4.911842861626309542e+01
-4.202087620937500000e+09 -5.120027705465185619e+01
-5.158060793812500000e+09 -6.678122386476633210e+01
-3.952047509562500000e+09 -4.799765749598774534e+01
-3.801351609312500000e+09 -5.612772186419515208e+01
-3.309096045812500000e+09 -4.886470639346958933e+01
-4.510082731437500000e+09 -6.785416058824145580e+01
-3.578999446968750000e+09 -5.085788381487562049e+01
-3.269926400281250000e+09 -5.323528362861722485e+01
-3.074186665703125000e+09 -5.165703488913434427e+01
-2.911672477812500000e+09 -5.078728157401213394e+01
-3.203122953718750000e+09 -5.213804152986187290e+01
-2.890219985484375000e+09 -5.226028310193075299e+01
-2.793365588734375000e+09 -5.735272431243596003e+01
-2.978438482953125000e+09 -5.647252504814888141e+01
-2.862279920203125000e+09 -5.892252187720838208e+01
-2.806675167281250000e+09 -6.898545413247964575e+01
-3.092958137312500000e+09 -7.806760723319762008e+01
-2.683727861484375000e+09 -5.424773023201890965e+01
-2.784467070203125000e+09 -5.259036339671123272e+01
-2.631619424015625000e+09 -4.959860985717703130e+01
-2.446087949906250000e+09 -6.481372196512562311e+01
-2.547661753562500000e+09 -5.034930564684456300e+01
-3.334456388046875000e+09 -8.315977131361091779e+01
-2.418567362156250000e+09 -5.824694244015624633e+01
-2.507483474718750000e+09 -5.367490258307385176e+01
-2.575492333875000000e+09 -4.615192695948306323e+01
-2.422713647718750000e+09 -4.867102562931042797e+01
-2.435009680312500000e+09 -4.946408485268734267e+01
-2.371636993546875000e+09 -4.808319719984189788e+01
-2.218971454296875000e+09 -4.989061865525820139e+01
-2.053388219609375000e+09 -5.221285985788074413e+01
-2.127860661984375000e+09 -5.067186781178229893e+01
-3.553175029546875000e+09 -9.036585103402585162e+01
-2.155958300359375000e+09 -6.389840688350460596e+01
-2.086703395750000000e+09 -6.348550215705891731e+01
-2.201423633234375000e+09 -5.046020771499103574e+01
-2.098379814078125000e+09 -5.107927016459827740e+01
-1.956407679343750000e+09 -5.079967303244573174e+01
-2.862494049968750000e+09 4.791427209153859508e+02
-1.909619644890625000e+09 -5.654284483167919007e+01
-2.147562554156250000e+09 -3.976975017159328019e+01
-1.971665762625000000e+09 -4.930429954149348504e+01
-1.862037059328125000e+09 -4.840175714859172018e+01
-1.889132198515625000e+09 -5.174125961597555090e+01
-1.931852254453125000e+09 -6.717001383393215974e+01
-1.859080567343750000e+09 -4.964652753756350023e+01
-1.894314544281250000e+09 -5.336980919406766333e+01
-1.893711344265625000e+09 -4.966980984313514114e+01
-1.809784324078125000e+09 -4.950982666616406647e+01
-1.854321052656250000e+09 -5.190842581310251092e+01
-2.629148782984375000e+09 -8.844876695590248517e+01
-1.852242401937500000e+09 -5.283189546340184251e+01
-1.726781090093750000e+09 -5.093372465620842604e+01
-1.705660752343750000e+09 -5.277552689428013366e+01
-1.764830926968750000e+09 -5.258124920943776459e+01
-1.693632677734375000e+09 -5.218309553210930574e+01
-1.690266010546875000e+09 -5.255175005568131041e+01
-1.657154029453125000e+09 -7.041548455345352409e+01
-1.532359092031250000e+09 -5.005631107776392241e+01
-1.531508220500000000e+09 -5.795202213220606779e+01
-1.572344251015625000e+09 -5.437207305898658660e+01
-1.536544403265625000e+09 -5.919072420391909617e+01
-1.618517807359375000e+09 -5.325058045184390210e+01
-1.496818277218750000e+09 -5.105617817621654808e+01
-1.597020643375000000e+09 -5.207717465397833223e+01
-1.487189623968750000e+09 -5.525736643798201442e+01
-1.560641533078125000e+09 -6.217066126123984304e+01
-1.510763697234375000e+09 -5.299439653174855636e+01
-1.493596005468750000e+09 -5.277417488498400644e+01
-1.486543168125000000e+09 -5.336852925025331729e+01
-1.426620276984375000e+09 -5.469675142997225237e+01
-1.605616903671875000e+09 -7.388264378288337753e+01
-1.445607983375000000e+09 -5.388908487507459455e+01
-1.416728056375000000e+09 -5.126701724931296411e+01
-1.374925844171875000e+09 -5.704296380213595796e+01
-1.401277803296875000e+09 -5.468377071148648838e+01
-1.323360462953125000e+09 -5.427159613151309259e+01
-1.377568459828125000e+09 -5.058626679770139845e+01
-2.084361039218750000e+09 -8.888558531546806307e+01
-1.346671071031250000e+09 -5.320771250113875794e+01
-1.323599884921875000e+09 -5.622947470513758361e+01
-1.323443471656250000e+09 -5.261965721942828367e+01
-1.254695045125000000e+09 -5.536543925068442462e+01
-1.407793381421875000e+09 -7.901179948922641927e+01
-1.406004165156250000e+09 -7.634562192458153618e+01
-1.253355829546875000e+09 -5.754171563141779444e+01
-1.794870163546875000e+09 -8.606343861152737418e+01
-1.259586065796875000e+09 -4.872356390458724462e+01
-1.217028633609375000e+09 -4.854617477012961047e+01
-1.777357811453125000e+09 -8.906133748032719666e+01
-1.704233208265625000e+09 -4.057978310189493243e+01
-4.952374080218750000e+09 2.927970063561225743e+03
-1.385839262500000000e+09 -5.522027022254163597e+01
-1.141486335390625000e+09 -5.344897536396288729e+01
-1.229966530015625000e+09 -5.319494247447380531e+01
-1.173765464890625000e+09 -5.305000482553817420e+01
-1.149120405750000000e+09 -4.875795925420464982e+01
-9.364975543018750000e+10 1.553399716561517153e+03
-1.313268454468750000e+09 -7.676834455693951043e+01
-1.224240748890625000e+09 -5.378945562159051264e+01
-1.112961867421875000e+09 -5.105119737642242228e+01
-1.172421687187500000e+09 -5.598231555074902843e+01
-5.669216220156250000e+09 1.128923946593038181e+03
-1.107782209593750000e+09 -5.204946620931177392e+01
-1.151568328781250000e+09 -5.327803310744113219e+01
-1.049625861812500000e+09 -5.677460912535896398e+01
-1.136941900625000000e+09 -5.110770130322143245e+01
-1.059674479218750000e+09 -5.528873089670528174e+01
-1.591270448250000000e+09 -8.978189376713349645e+01
-1.035481322968750000e+09 -5.024400820181870841e+01
-9.916725380781250000e+08 -4.807654130463483710e+01
-1.116584253593750000e+09 -5.233950417146893841e+01
-4.269363429937500000e+09 2.489398373564814847e+03
-1.042468433093750000e+09 -5.299837139483516779e+01
-9.028741708593750000e+08 -4.968333546425562020e+01
-9.603734994218750000e+08 -5.334002508417854216e+01
-1.067375978734375000e+09 -5.592136842212726577e+01
-9.655797737656250000e+08 -5.075895630781717927e+01
-3.585466798656250000e+09 9.197343282356956706e+02
-4.847974095968750000e+09 4.180728751169962379e+03
-1.923597763031250000e+09 1.203646995944759283e+03
-1.374214095984375000e+09 -8.529752860054695418e+01
-2.803821492031250000e+09 3.184311186637086394e+03
-1.183820224062500000e+09 3.547573335048738397e+00
-1.409824546484375000e+09 -5.539657723583475502e+01
-1.059123785296875000e+09 -5.564948673563289816e+01
-9.005833678437500000e+08 -4.855312130138302962e+01
-1.037715810671875000e+09 -5.562495226675522986e+01
-9.206748363437500000e+08 -6.055063387751790316e+01
-1.299399869765625000e+09 -8.797942860829684264e+01
-9.915020052656250000e+08 -5.691034427093315173e+01
-8.507247784375000000e+08 -5.072301396162075804e+01
-1.007251244718750000e+09 -5.453629837434358052e+01
-9.624810459531250000e+08 -5.505081757403190323e+01
-1.249862205359375000e+09 -9.051211830796424351e+01
-8.698891337656250000e+08 -5.623909832259834474e+01
-9.200160454375000000e+08 -5.125551926253134383e+01
-1.265680058609375000e+10 -3.033628564462391353e+01
-1.413016039531250000e+09 8.732283152814327423e+02
-8.791001609843750000e+08 -5.231466881045302841e+01
-8.555353569531250000e+08 -5.344611350782020764e+01
-1.017257228687500000e+09 -5.070066327502974701e+01
-7.785166585000000000e+08 -6.584252482607702461e+01
-1.257234846390625000e+09 -9.334636825434390062e+01
-1.090353877921875000e+09 -3.921338980908883087e+01
-8.909199471250000000e+08 -5.007241793149390219e+01
-8.989823136406250000e+08 -5.374219917328367302e+01
-1.004142548734375000e+09 -7.945340625172079285e+01
-8.581343787187500000e+08 -5.477082298251472992e+01
-7.625242822812500000e+08 -5.313797711843754001e+01
-8.848660584687500000e+08 -5.278912861677945756e+01
-8.193838736406250000e+08 -5.391475287041851061e+01
-8.331482006718750000e+08 -5.384983914708290342e+01
-8.935906862031250000e+08 -5.717939842216299695e+01
-8.229915976093750000e+08 -5.450958210018055183e+01
-8.372040999218750000e+08 -5.255158632056215851e+01
-8.113223941875000000e+08 -5.579022675982401580e+01
-8.868284631718750000e+08 -4.553971725788399283e+01
-8.558223999531250000e+08 -7.606378580955107793e+01
-8.071883793437500000e+08 -5.282394341778866931e+01
-8.185762360468750000e+08 -5.601043974834354344e+01
-7.617344664843750000e+08 -5.455477648715634587e+01
-7.450816424218750000e+08 -6.251151416824375673e+01
-7.795406355468750000e+08 -5.349457417151579364e+01
-7.740774634218750000e+08 -5.004426858149081170e+01
-7.304911448593750000e+08 -5.278888260936926713e+01
-7.678043716562500000e+08 -5.576980726912197639e+01
-7.783241510781250000e+08 -5.367889374850383177e+01
-7.749820783437500000e+08 -5.578362806924890549e+01
-7.790952824062500000e+08 -5.321314883096999182e+01
-8.455589937343750000e+08 -8.082954324661267265e+01
-7.826855645234375000e+08 -5.137497147812045029e+01
-6.914218349140625000e+08 -5.264917098085586389e+01
-7.626818771015625000e+08 -5.183021303742128794e+01
-7.279158994609375000e+08 -5.643047949925353635e+01
-6.768885542500000000e+08 -5.185933002824452842e+01
-7.268557919296875000e+08 -7.535467467580183154e+01
-7.666517750390625000e+08 -4.567982479159216780e+01
-7.047741684062500000e+08 -5.520641379863684506e+01
-7.607803461171875000e+08 -4.742204181534496854e+01
-6.696460620156250000e+08 -6.540087379887106067e+01
-6.864472919765625000e+08 -5.301012027806915938e+01
-7.090923190468750000e+08 -5.440809865561584502e+01
-6.736979243906250000e+08 -5.496607069618449515e+01
-6.652480052578125000e+08 -5.129224557840228726e+01
-7.018457923593750000e+08 -5.575363780221422161e+01
-6.681625307890625000e+08 -5.580905273667583799e+01
-7.033953205234375000e+08 -5.286373769152101687e+01
-6.468677894453125000e+08 -6.381991960216785742e+01
-6.378872861328125000e+08 -5.502257162833699056e+01
-6.513709604296875000e+08 -5.143499866401200649e+01
-6.914840843984375000e+08 -4.969211415797140319e+01
-9.809636926771875000e+10 7.691907587675771538e+03
-8.129814481484375000e+08 -5.808933557767791456e+01
-7.593331832031250000e+08 -5.447663557815334912e+01
-6.784798466406250000e+08 -5.361845786343607756e+01
-6.071020159375000000e+08 -6.913549392878879019e+01
-6.360395559843750000e+08 -5.584829511057084517e+01
-6.697159043593750000e+08 -5.329412407045123956e+01
-6.184930770234375000e+08 -5.095780397945025442e+01
-6.348658184843750000e+08 -5.288840547084763699e+01
-6.135537955234375000e+08 -5.317123778460401695e+01
-5.998419733593750000e+08 -5.333214163577552824e+01
-6.331743409609375000e+08 -6.923701095583140841e+01
-6.197258682890625000e+08 -5.223682589048036817e+01
-6.535807996328125000e+08 -7.814345679275906775e+01
-5.818916594140625000e+08 -5.447036046105121443e+01
-5.885611149609375000e+08 -5.215500390802122155e+01
-6.176405080546875000e+08 -5.124547602178085981e+01
-1.922277742683593750e+10 -3.668970323984435566e+01
-1.529546496468750000e+09 -3.459557159063088250e+01
-6.325052228906250000e+08 -5.421498728622548668e+01
-5.831594968593750000e+08 -5.268105662610462048e+01
-6.353214234062500000e+08 -3.023010189166420858e+01
-6.085251398125000000e+08 -4.313356719077649615e+01
-6.043124945781250000e+08 -5.402165925729347862e+01
-5.304263948046875000e+08 -4.961293517054118496e+01
-5.634592209140625000e+08 -5.243933019845520249e+01
-5.743152714921875000e+08 -5.080804755048588106e+01
-5.913421945859375000e+08 -5.400121370518728980e+01
-5.514943800546875000e+08 -5.334532880626721152e+01
-5.580495254375000000e+08 -5.381779598989004398e+01
-5.208771784296875000e+08 -5.370242481045196570e+01
-2.945657893579687500e+10 -4.072709101480813842e+01
-5.596518876093750000e+08 -5.372543502984335362e+01
-8.351845076171875000e+08 -8.430279408896065263e+01
-8.675199761406250000e+08 -4.028105250777548463e+01
-5.211741436015625000e+08 -5.074721671542939561e+01
-5.613624296484375000e+08 -5.370152496081508531e+01
-6.317178177515625000e+09 1.834948401246254070e+04
-7.522779501015625000e+08 -4.736475348067727253e+01
-5.812289666562500000e+08 -5.267704185178777010e+01
-6.100770462812500000e+08 -5.058354841509584077e+01
-5.046091931015625000e+08 -5.037386851310321134e+01
-5.663928010937500000e+08 -5.350939507449356114e+01
-5.245731814375000000e+08 -5.387857800938038366e+01
-4.988746003750000000e+08 -5.455211875017860024e+01
-4.985003965937500000e+08 -6.608814526032374204e+01
-5.673977566250000000e+08 -5.266786063243463900e+01
-4.937964679531250000e+08 -5.240488959965999527e+01
-4.847371267187500000e+08 -5.497370392458461197e+01
-5.450092195859375000e+08 -5.413425097906723948e+01
-4.960614180390625000e+08 -5.336713218111779611e+01
-5.476573626875000000e+08 -5.294016125699826603e+01
-5.038872884296875000e+08 -6.504208058781136970e+01
-4.713871811953125000e+08 -5.000311454750692519e+01
-4.860181197109375000e+08 -5.279091768097057269e+01
-4.475426611171875000e+08 -6.005898091885413947e+01
-4.758123474375000000e+08 -5.417094740188367297e+01
-4.703177155625000000e+08 -5.528788253654605711e+01
-6.115627019671875000e+09 -4.729623170564038048e+01
-4.942441010859375000e+08 -4.599820081145281137e+01
-4.875544188750000000e+08 -4.909823495066545718e+01
-4.503846372500000000e+08 -5.323505097371527484e+01
-5.284669113046875000e+08 -7.145170560958369776e+01
-4.687877426015625000e+08 -6.764954643114977273e+01
-4.418813026953125000e+08 -5.226171973208259658e+01
