0.000000000000000000e+00 0.000000000000000000e+00
-1.056709318994815590e+02 -1.050395455389375456e+02
-1.054153063225808467e+02 -1.052904766940994818e+02
-9.467765137732976655e+01 -9.439257133433186198e+01
-9.738998872645858285e+01 -9.703112853555207096e+01
-1.054875502258566229e+02 -1.054174788493271819e+02
-1.024560578485810680e+02 -1.024483501427809387e+02
-1.080261890952116488e+02 -1.080507920547654948e+02
-1.052673754088331606e+02 -1.052252677498198210e+02
-1.080037034084084269e+02 -1.080535533338409806e+02
-1.080591874229661613e+02 -1.080276473932266867e+02
-1.079929128673799994e+02 -1.079909073534950323e+02
-1.080264742354425209e+02 -1.080409800285719371e+02
-9.986728118836769852e+01 -9.979148230289320054e+01
-9.712176873025848067e+01 -9.697800822819661448e+01
-1.026619935975920015e+02 -1.026027225392460309e+02
-9.976315219250807331e+01 -9.972940198608452533e+01
-1.079820676537722619e+02 -1.079610868328843765e+02
-1.081310179549232231e+02 -1.081179300365026990e+02
-9.996411130395195244e+01 -9.982334795232777935e+01
-1.053284742713889557e+02 -1.053165633175310916e+02
-1.026152680795703418e+02 -1.026359338778483448e+02
-1.052127377853987582e+02 -1.051860108829365004e+02
-9.697928693181940218e+01 -9.695622328976025983e+01
-9.702892318348820311e+01 -9.702944930094083986e+01
-9.982472974678253763e+01 -9.976454915709042837e+01
-1.080348352391914375e+02 -1.080438106590419665e+02
-9.421541108207676984e+01 -9.428316276479384328e+01
-9.901183593568792674e+01 -9.882794515701667137e+01
-1.053343397211335741e+02 -1.053036140237330613e+02
-1.025527957041713449e+02 -1.025470875000616644e+02
-1.080466074404692733e+02 -1.080503199074682783e+02
-1.067344404940064351e+02 -1.068229041590217889e+02
-1.079772687826376938e+02 -1.079985622139392660e+02
-1.080255345188515719e+02 -1.079975070777958877e+02
-1.052722096023052245e+02 -1.053117710580209661e+02
-1.079791542065061378e+02 -1.079962996379962306e+02
-1.026613964353031605e+02 -1.026639905208679977e+02
-1.042133203006213336e+02 -1.043378730650923956e+02
-1.000112916680935484e+02 -9.998785376241677625e+01
-9.985572129312593859e+01 -9.984705276870768387e+01
-1.025280243490666834e+02 -1.025460309650582786e+02
-1.054016427435458070e+02 -1.053960497580982434e+02
-1.107700012558803877e+02 -1.107713039603521281e+02
-1.025154067601130521e+02 -1.025062697644039247e+02
-8.091988854219600569e+01 7.741125890219506349e+23
-1.929271063235002368e+18 5.307782924717778769e+03
-8.516781080796200960e+17 2.664924545584524367e+02
-2.028096371357122560e+17 -5.003154344373952256e+01
-1.511312441854656512e+18 3.627716235321236891e+05
-1.619084148295598080e+17 -6.587746565828906853e+01
-6.764447901575806976e+18 2.996348908402732195e+04
-6.911286035527761920e+17 -3.883808497958083450e+01
-1.661419754545479680e+17 -6.939463336082201295e+01
-5.270476011276861440e+17 -4.862075830556479872e+01
-1.759104298458808320e+17 3.786527949989083908e+01
-3.494451680824105370e+19 2.423954540079925937e+04
-4.263001449237053440e+17 2.378951608296473933e+04
-2.556374626256027648e+18 1.695533485056433346e+04
-3.282608725237432320e+17 2.960066082507419196e+03
-3.269627718611763200e+17 1.763690743700600069e+04
-2.449015819269570560e+17 2.903520869058345966e+02
-1.998912154270433280e+17 5.062368816425334444e+03
-1.894856693068595200e+17 6.434542820990861219e+04
-1.728852440928747520e+17 4.865360315154794989e+03
-1.462482240552304640e+17 9.137296851759183269e+00
-1.336030439973847040e+17 3.630087363542173262e+04
-1.515723577533399040e+17 7.041641365716862992e+02
-1.240148128442613760e+17 3.021440136957034497e+02
-1.135476236893552640e+17 9.873685596650171647e+03
-1.091235165713203200e+17 -3.831306120145582383e+01
-1.103986020880220160e+17 2.078150890007376074e+04
-9.768642743369728000e+16 -3.070944703668775588e+01
-1.000110632426536960e+17 1.117247064835087713e+03
-9.142656883281100800e+16 1.967002896307546322e+00
-7.749435173057331200e+16 5.434510970502893770e+02
-9.377154831220736000e+16 2.573334278634103975e+04
-6.590190471610368000e+16 2.687484430822397917e+04
-8.505263230445158400e+16 3.151214825865944391e+01
-6.721222981346918400e+16 1.380648629787485504e+02
-6.744061624818073600e+16 -5.808856401884970921e+01
-7.478205333005926400e+16 -6.312973529582745158e+01
-6.865301868380160000e+16 -7.068638368458752552e+01
-3.175721851368243200e+17 -4.120256131272636679e+01
-7.385019638716825600e+16 3.460800704589121324e+02
-7.228672323669196800e+16 4.768447817024434130e+02
-6.341950674619596800e+16 6.177351845433424023e+04
-4.321341977567690752e+18 1.176812155837629398e+05
-1.965517152976896000e+17 -4.730002743897649253e+01
-9.147784235319296000e+16 -4.391411818507530995e+01
-1.556770271217582080e+17 -3.784383317472073571e+01
-9.115080975345254400e+16 -2.943532748297997603e+00
-1.439133958002442240e+17 -4.539164390917126468e+01
-7.091227317659238400e+16 -4.818341532346743605e+01
-1.434666848238960640e+17 -4.911146517578350768e+01
-6.119619703498342400e+16 -6.027509319176084546e+01
-4.544633263389409280e+17 2.442938963174760866e+05
-6.073246665041510400e+16 -5.006410537685059836e+01
-1.824331377535877120e+17 1.637074013330914313e+05
-5.474134560027443200e+16 -5.134737861352743948e+01
-4.912186776302387200e+16 -6.100600577502453348e+01
-1.092379108468326400e+17 3.847045241530093307e+01
-3.859592269738803200e+16 -5.311603846585200017e+01
-5.348631438059110400e+16 -7.025602785806222528e+01
-4.353002771631308800e+16 -6.235650150069837139e+01
-4.224534643841433600e+16 -6.460586251388377832e+01
-4.092519571154534400e+16 -6.630532793542066372e+01
-4.308546507400806400e+16 -6.562535625052947807e+01
-4.211720201856614400e+16 -6.492124336657076356e+01
-1.149630507972034560e+17 -5.622778636214771808e+01
-3.558305269284864000e+16 -6.319559458849888500e+01
-3.843114304746291200e+16 -5.912768443702692167e+01
-3.476760914925977600e+16 -6.196049654234523274e+01
-3.611175876296704000e+16 -5.854630751881533968e+01
-3.359017561122406400e+16 -5.685087517845050087e+01
-3.637611754264985600e+16 -6.195647074517960817e+01
-3.053859156734771200e+16 -5.468326993673629488e+01
-2.695796153280102400e+16 -4.639541740743079856e+01
-8.877748719032729600e+16 -4.620868379491006550e+01
-3.555915280207052800e+16 -6.739567319878990759e+01
-8.610803820527616000e+16 -4.913740141465455480e+01
-3.071865775089254400e+16 -5.775095595203099208e+01
-2.961873805456179200e+16 -5.945425598414809798e+01
-8.958299638543155200e+16 1.146888081199564198e+02
-3.459557318721536000e+16 -7.013284439362475098e+01
-2.883502527741952000e+16 -6.267995665367675429e+01
-3.405469117579264000e+16 -6.490912974045104988e+01
-3.540943074335129600e+16 -7.009196119908227729e+01
-2.790528624728473600e+16 -5.818339144653312189e+01
-7.679750145625292800e+16 -4.545622957225924665e+01
-6.767593339643494400e+16 -5.569191603351809761e+01
-3.015615384387584000e+16 -6.196899126583867456e+01
-2.812705065612083200e+16 -5.996052993613236737e+01
-3.159970934842982400e+16 -8.026662328163904192e+01
-2.775904082041241600e+16 -6.307503736590098242e+01
-6.836856995394355200e+16 -4.366651963946466708e+01
-2.929563212814745600e+16 -6.242390606050950908e+01
-2.537855074697216000e+16 -6.098573143141218367e+01
-2.468008833161625600e+16 -5.620609816161081085e+01
-2.804223632631398400e+16 -6.131538420443405357e+01
-2.727590690239283200e+16 -6.513259420345475803e+01
-2.770907227278540800e+16 -6.295087195442074801e+01
-2.382439747734732800e+16 -7.833580587935873041e+01
-6.859127043915776000e+16 3.177693420053304862e+02
-2.330604414749900800e+16 -6.543392019096600620e+01
-2.248936173391052800e+16 -6.913193428439272736e+01
-2.311961033782067200e+16 -5.649888511531159452e+01
-1.778834544499097600e+16 -5.071024690941477076e+01
-2.256516156568371200e+16 -6.232963176533420580e+01
-5.750800516146790400e+16 5.116159211114167960e+01
-2.222200923566899200e+16 -5.824863139792761046e+01
-1.973754687940198400e+16 -5.216591574861234903e+01
-1.755992333038387200e+16 -5.143281253561394095e+01
-1.967349742043136000e+16 -5.752626568341595714e+01
-2.015631226830848000e+16 -5.308846731864645108e+01
-5.563225927529267200e+16 -4.135390334780098698e+01
-2.241251100616294400e+16 -6.553203954376184015e+01
-2.204613714064179200e+16 -6.095581299280070908e+01
-2.172560399977676800e+16 -5.821355132499718366e+01
-4.959884106268672000e+16 9.950297246400882756e+00
-7.409891779778969600e+16 4.432157513890871883e+02
-1.796614728948121600e+16 -5.970237428198714724e+01
-2.023481363451084800e+16 -6.320182633219926771e+01
-2.018053112070144000e+16 -5.355706268806662962e+01
-1.746429037353369600e+16 -5.215949763971547526e+01
-1.805405144245862400e+16 -5.762791508281220842e+01
-2.310498244467097600e+16 -7.396387441816553121e+01
-2.022083808224870400e+16 -6.586242322356032730e+01
-6.715713383720550400e+16 -4.674083263529887944e+01
-1.982318882298265600e+16 -6.602419924378961014e+01
-1.816758525571891200e+16 -5.388855225217779576e+01
-2.046366184872345600e+16 -7.068768952878664891e+01
-5.065884062711808000e+16 4.576277121163885795e+02
-1.838180923290419200e+16 -6.368392300955191132e+01
-4.251622217377382400e+16 -5.046958648453809104e+01
-1.607193317159731200e+16 -5.032234907573028693e+01
-4.290890964847820800e+16 -5.884688679848309079e+01
-1.628220486320128000e+16 -5.588527990970727188e+01
-1.635185209350553600e+16 -5.279050841623660517e+01
-1.600275719494041600e+16 -5.640617039630508600e+01
-1.469511588328243200e+16 -5.119853516674901073e+01
-1.662087723928780800e+16 -5.590064850617836356e+01
-1.951906144373964800e+16 -7.738234697702513643e+01
-4.842115441387110400e+16 -7.751482989634386911e+01
-3.346224703340544000e+16 3.518354017280397272e+01
-1.665089015015014400e+16 -5.647958545276750186e+01
-1.683265824699187200e+16 -5.692461160073236925e+01
-3.923948208468787200e+16 -4.368537552511491384e+01
-1.739248646068633600e+16 -6.587698324683076123e+01
-1.626657536815923200e+16 -6.010230776253227702e+01
-4.273493120070451200e+16 -4.378456210058092068e+01
-3.833490192046489600e+16 9.819752852442644553e+01
-3.768523116642304000e+16 -4.673800490484906334e+01
-8.259917115949056000e+16 4.431083724507027364e+04
-3.289980463847833600e+16 -2.610017658351766467e+00
-1.618527250205900800e+16 -5.383677865080831992e+01
-1.767149507602022400e+16 -6.439983393881706775e+01
-1.538908089535692800e+16 -6.209368723815300939e+01
-1.516726015308595200e+16 -6.495672845373675841e+01
-1.433428276910489600e+16 -5.543041926020575971e+01
-3.352255655077478400e+16 -4.936867642835792935e+01
-1.593563115185766400e+16 -6.224489101190187768e+01
-1.398929500694118400e+16 -5.465926880187274151e+01
-1.468863571086540800e+16 -5.348472330126460150e+01
-1.532276400429465600e+16 -6.647883817231357284e+01
-1.405587244423577600e+16 -6.397623070067561457e+01
-1.539588165441945600e+16 -7.072166044005919616e+01
-1.253382817631436800e+16 -6.281556083056366191e+01
-3.176910929306583040e+17 1.442432055488851038e+05
-2.707507436349030400e+16 -4.727908143349151260e+01
-1.495829696321945600e+16 -6.010978990821180901e+01
-3.393689528749260800e+16 -4.488912453559365190e+01
-1.334508703999590400e+16 -5.426257610511886753e+01
-3.098673452548096000e+16 -4.370178442074828240e+01
-1.421655034979942400e+16 -6.676074743788342403e+01
-1.131372449470873600e+16 -4.026832023934201032e+01
-1.273163959789158400e+16 -5.558442020936197991e+01
-1.234092121600819200e+16 -5.756483129655121189e+01
-1.201541619882393600e+16 -5.154366503320580506e+01
-1.258072965015142400e+16 -5.211748385962636121e+01
-1.203179598197555200e+16 -5.146314683726880901e+01
-1.123989933444300800e+16 -4.637427429583391358e+01
-2.596852632728371200e+16 6.450725144014202783e+01
-1.184232800885145600e+16 -5.489609021682550605e+01
-1.086470376495513600e+16 -4.726511722544955774e+01
-4.193724659951206400e+16 6.645397888582812448e+04
-2.931755701475737600e+16 -7.583727516490245080e+01
-1.180264282429849600e+16 -5.396724885052502430e+01
-1.254436511626035200e+16 -6.501676997775287248e+01
-1.173857559196467200e+16 -5.779602284913931243e+01
-1.367358430615961600e+16 -6.895930189068080551e+01
-1.097270871667507200e+16 -5.371017829378492081e+01
-1.142332274481561600e+16 -5.594689462559058768e+01
-2.477553613956710400e+16 5.545069880289229332e+02
-2.296528916971520000e+16 -5.507847201973603291e+01
-2.666284547886284800e+16 -4.370038529898810253e+01
-1.263631864378163200e+16 -6.645593128669037242e+01
-1.389875225611468800e+16 -7.449835704761763111e+01
-1.155998567707443200e+16 -6.429574051288199144e+01
-1.065599075195289600e+16 -5.270586118881961113e+01
-2.352727483927756800e+16 -4.505240153302160167e+01
-2.500148843826380800e+16 -2.990260831736095781e+01
-2.263142637371392000e+16 -4.890310289489458029e+01
-1.214942010540032000e+16 -6.936599802898128075e+01
-2.974578048945356800e+16 2.562799265627018394e+04
-1.223230424141004800e+16 -6.602674998122969896e+01
-1.093644555858739200e+16 -6.300967369910662086e+01
-2.608766267949056000e+16 -6.836145079440949246e+01
-2.350101120470220800e+16 -4.705837860913734971e+01
-1.201710225922457600e+16 -6.491639321833359588e+01
-1.290252905611264000e+16 -7.242687733093171687e+01
-1.022275156652851200e+16 -5.605927924087561820e+01
-2.295299264295731200e+16 -4.664467422722440659e+01
-8.549238552133632000e+15 -4.724156229492867709e+01
-9.426463728336896000e+15 -5.143977870206047243e+01
-1.095307836968140800e+16 -6.665318775670888840e+01
-7.956967538819072000e+15 -4.368096492888844296e+01
-9.480068073783296000e+15 -5.292625506187764017e+01
-1.073520182322790400e+16 -6.110563635292430718e+01
-1.099968599005593600e+16 -6.571447247253787793e+01
-1.055275128691097600e+16 -6.726912772810268848e+01
-2.183741696743833600e+16 -5.111213075443031073e+01
-1.086079881288089600e+16 -6.724676215020875247e+01
-1.150251285374566400e+16 -6.997874751242424907e+01
-8.322173844062208000e+15 -4.442415263193294095e+01
-1.019725368341299200e+16 -6.458257060062241806e+01
-8.607418536689664000e+15 -5.010809703115466363e+01
-4.151564808198553600e+16 8.117701959512224130e+04
-1.022320171810816000e+16 -6.279496011755253448e+01
-9.792733192388608000e+15 -5.270621968113400868e+01
-9.106806345039872000e+15 -4.901586421475617783e+01
-9.360142785314816000e+15 -5.665185023536925257e+01
-9.385843912605696000e+15 -6.076637627455414759e+01
-1.009728931024076800e+16 -6.089862204237004306e+01
-9.227782228803584000e+15 -5.444100341579575542e+01
-8.690115727589376000e+15 -4.660322181170734979e+01
-9.834191465742336000e+15 -6.649075136496784921e+01
-8.867610306543616000e+15 -5.710097493074468389e+01
-9.019129511542784000e+15 -5.417004725731076320e+01
-8.123782983843840000e+15 -5.104500237312065991e+01
-8.452052776648704000e+15 -4.943870262784339786e+01
-9.212728926535680000e+15 -5.659045570813230341e+01
-9.101280336674816000e+15 -5.719691610875562304e+01
-6.536343431169966080e+17 4.660700045490747289e+04
-8.422623652085760000e+15 -5.625717033756752272e+01
-8.492933958074368000e+15 -5.605184764183365331e+01
-8.333967085535232000e+15 -4.902511860409324385e+01
-9.488676977639424000e+15 -7.048858015698137081e+01
-2.100389332359577600e+16 -6.396276965825904881e+01
-1.056867045815091200e+16 -7.464665264126116995e+01
-9.187293140877312000e+15 -6.369522109986208847e+01
-8.426753424359424000e+15 -5.911224672479913522e+01
-8.299129425362944000e+15 -5.198927461272028694e+01
-7.963827370983424000e+15 -5.043731387043320069e+01
-7.892342533259264000e+15 -5.358757980672233856e+01
-7.249831783563264000e+15 -4.317741286727758165e+01
-8.217598505779200000e+15 -6.075542290151958014e+01
-8.826978475704320000e+15 -7.186243519463326379e+01
-8.607462893289472000e+15 -6.056523956999579639e+01
-9.197864006189056000e+15 -7.018145365430902416e+01
-9.546308997087232000e+15 -6.959065187085774085e+01
-8.083271216529408000e+15 -6.255124175472791137e+01
-9.431812712431616000e+15 -7.232851174440706643e+01
-1.289814267372503040e+17 8.774325452432088787e+04
-8.170124787580928000e+15 -6.666263271031233728e+01
-7.327471460941824000e+15 -4.743235353308827484e+01
-9.637236794720256000e+15 -7.981350164873548181e+01
-7.041509258952704000e+15 -5.359495232170788626e+01
-8.817986906357760000e+15 -6.759803600989913264e+01
-3.325248120553472000e+16 3.428620841329635005e+04
-8.546789863194624000e+15 -6.187302965675868194e+01
-8.340417083736064000e+15 -6.554885031389525807e+01
-8.291082633871360000e+15 -7.151058956230568242e+01
-7.450991106195456000e+15 -5.180984027979279460e+01
-8.317323340808192000e+15 -7.329208645053071791e+01
-8.133249253638144000e+15 -6.228619283075005342e+01
-9.172020880343040000e+15 -7.675464520570506011e+01
-7.256416329924608000e+15 -5.572874436380840990e+01
-8.122699517263872000e+15 -6.476810606770646928e+01
-7.651047539212288000e+15 -6.440684606258879796e+01
-7.961734462439424000e+15 -7.067177741885990372e+01
-8.382515609206784000e+15 -7.261271439543050121e+01
-7.689997317177344000e+15 -6.729424765950069798e+01
-2.192498550951116800e+16 2.270194441762668794e+04
-7.724590505525248000e+15 -6.284264580446986059e+01
-1.243908720012820480e+17 2.652708726031917031e+05
-7.486676253147136000e+15 -6.303552410672671868e+01
-2.284213700788224000e+16 2.426237511740460468e+04
-6.998578578063360000e+15 -4.939971134980551426e+01
-6.800507081064448000e+15 -4.626525503868060696e+01
-6.954268095283200000e+15 -5.534881897569619014e+01
-7.661035696029696000e+15 -5.714842833304762593e+01
-7.120173177241600000e+15 -5.603868297453486491e+01
-6.905940494516224000e+15 -5.903988654541774395e+01
-7.275268430888960000e+15 -6.365813095849390635e+01
-1.862763316078182400e+16 -4.688812054023926379e+01
-6.744952300634112000e+15 -4.871637398787969175e+01
-6.545601666088960000e+15 -5.325136676424743598e+01
-6.774485827584000000e+15 -5.031829448567704333e+01
-6.622672807919616000e+15 -5.090008894176759213e+01
-7.574061623672832000e+15 -7.946116345736825792e+01
-6.245354994008064000e+15 -4.691543372072218432e+01
-6.805815770218496000e+15 -6.160125222544501611e+01
-6.809461967683584000e+15 -6.023567345831391151e+01
-6.285038497431552000e+15 -4.262702542999920041e+01
-8.054971157184512000e+15 -8.162668276125447164e+01
-6.821053154983936000e+15 -5.945046150696853715e+01
-6.525613661749248000e+15 -5.799618407091627148e+01
-6.115874010169344000e+15 -4.886411062401556649e+01
-6.488150477242368000e+15 -5.062380865130176488e+01
-6.314360919293952000e+15 -5.413669026510502391e+01
-7.088321382318080000e+15 -6.264454197012589987e+01
-1.372450684311961600e+16 1.458158310247858753e+05
-6.264930819244032000e+15 -5.016538017922513149e+01
-1.414665882881228800e+16 -4.404033818317449800e+01
-6.251952555819008000e+15 -5.346296515441009234e+01
-1.567455330159820800e+16 -4.412250023053806558e+01
-6.445214832132096000e+15 -7.357530768404106425e+01
-6.446813989830656000e+15 -5.777394335477841025e+01
-4.460187924889600000e+16 1.303766768851025990e+05
-1.385623823777792000e+16 3.409885383251879398e-01
-6.323769352781824000e+15 -5.213990600926722152e+01
-6.789314921365504000e+15 -6.454259790737503977e+01
-6.082415670329344000e+15 -5.447141076843301732e+01
-6.219632953524224000e+15 -5.842776421398355780e+01
-6.422002904596480000e+15 -6.396499952154685786e+01
-6.194908086796288000e+15 -5.387073929267697281e+01
-6.174638387363840000e+15 -5.660577843437044976e+01
-6.285475919036416000e+15 -5.917665135857700420e+01
-5.597567770165248000e+15 -5.055369834402532092e+01
-5.657198405746688000e+15 -4.959381386099368427e+01
-5.329241936494592000e+15 -4.895535889731901591e+01
-6.331142240468992000e+15 -6.322580882115369860e+01
-6.240684794576896000e+15 -6.049183789397665834e+01
-6.229700439048192000e+15 -6.831515686132941312e+01
-5.531974862503936000e+15 -5.701282196527025548e+01
-6.077480277508096000e+15 -6.676182965923239010e+01
-1.553148439402905600e+16 7.860335451838409426e+01
-5.464514708635648000e+15 -5.111868299593791676e+01
-5.517421980680192000e+15 -4.999673397453550905e+01
-6.883800961515520000e+15 -7.480540237980021345e+01
-5.822787591733248000e+15 -6.154570712399374344e+01
-5.836939237916672000e+15 -6.413090838477234001e+01
-5.615335109165056000e+15 -8.638854598113786665e+01
-6.399287873896448000e+15 -6.820664882198258283e+01
-5.113667958865920000e+15 -4.835672833982874153e+01
-5.172276666826752000e+15 -5.008191153481100599e+01
-5.153518126366720000e+15 -4.831645592241581255e+01
-7.148630175383552000e+15 -8.732586359251297381e+01
-1.157703270491750400e+16 -4.727601137037898837e+01
-5.604105159966720000e+15 -5.549063881421328404e+01
-5.474284562939904000e+15 -5.860320416447082437e+01
-6.050951490830336000e+15 -7.106826080520738742e+01
-5.426097311318016000e+15 -5.881210871449282251e+01
-4.854300259909632000e+15 -4.350809764946657054e+01
-5.322298094518272000e+15 -5.892997909803007417e+01
-5.564660713259008000e+15 -6.171459563642557100e+01
-5.457894755401728000e+15 -5.987013893124432684e+01
-4.945895441039360000e+15 -5.544046425825096946e+01
-3.890996905771008000e+16 5.254745940985768539e+04
