0.000000000000000000e+00 0.000000000000000000e+00
-1.002365005842166710e+02 -9.964855809155635313e+01
-9.983101595883617563e+01 -9.967655560899437717e+01
-1.024627144621617703e+02 -1.023611262321075515e+02
-9.717859955841346675e+01 -9.701846505087424077e+01
-1.000808170707781102e+02 -1.001016502145583758e+02
-9.825081673856182363e+01 -9.856659412363310935e+01
-1.024639709662096010e+02 -1.024893393574323142e+02
-9.455285513382297324e+01 -9.439893535732241503e+01
-1.077914215364899633e+02 -1.080403535025514543e+02
-9.429684910255359398e+01 -9.389582061347236674e+01
-9.079047932651369024e+01 -9.067442732363312530e+01
-1.025025694666346681e+02 -1.024988896095436814e+02
-1.080191531250832497e+02 -1.080447072590831539e+02
-9.725351339741347090e+01 -9.701668269114220777e+01
-1.078899900215529328e+02 -1.079877152204923902e+02
-9.998067685142906669e+01 -9.991619244354112084e+01
-1.052379947610916986e+02 -1.052781609326886070e+02
-1.080522478405124502e+02 -1.080154238020155901e+02
-1.053679602083544466e+02 -1.054019225329645195e+02
-1.053010026598414441e+02 -1.053471891584074598e+02
-1.052001701590562703e+02 -1.052282997960955839e+02
-1.053288578111067579e+02 -1.053236750208080110e+02
-1.079820141193422529e+02 -1.080632902137312783e+02
-1.023339438820317184e+02 -1.023692308630845389e+02
-1.080767101127264880e+02 -1.081258131427118059e+02
-1.052764749340794737e+02 -1.053032333548282651e+02
-1.025717532918052655e+02 -1.025540572178102252e+02
-1.026118413439519372e+02 -1.026035858447764610e+02
-9.424138318385399771e+01 -9.426541393646449762e+01
-1.107686994015696911e+02 -1.107726753538353393e+02
-1.081302038173112550e+02 -1.080988950689553860e+02
-1.079349023548534632e+02 -1.079716409875624947e+02
-1.080191743459240001e+02 -1.080446171444456809e+02
-9.422896782651162084e+01 -9.423726448471232686e+01
-1.080524589701548450e+02 -1.080466774473126321e+02
-1.053446733517187397e+02 -1.053536984101892102e+02
-9.711268817313315083e+01 -9.711202595493357137e+01
-1.053851608326949645e+02 -1.053757429332536191e+02
-1.052473753457447856e+02 -1.052581343531481082e+02
-9.688981729358755501e+01 -9.687498864820425126e+01
-1.026082898555361993e+02 -1.026195995206889933e+02
-1.081254681882478081e+02 -1.081230858477115362e+02
-9.723460177887551481e+01 -9.723289186123878380e+01
-1.107964328593638044e+02 -1.107733286945472599e+02
-1.052602675256275688e+02 -1.052583801628468620e+02
-1.026536746068037900e+02 -1.026764330822440456e+02
-1.027063589733762825e+02 -1.027207119431150204e+02
-9.919877797459774627e+01 -9.911271243993132884e+01
-9.727950652148004451e+01 -9.717305213661259700e+01
-9.166603517079305163e+01 -9.163289331711199281e+01
-1.081188836632909442e+02 -1.080999041853575733e+02
-1.053311168845529977e+02 -1.053236157800948405e+02
-1.025138936956494717e+02 -1.025142158928705385e+02
-9.976510686419815954e+01 -9.979219808500202760e+01
-9.708398566581760747e+01 -9.710994677205954417e+01
-1.025076841990641299e+02 -1.025203886230830506e+02
-1.053229774154465872e+02 -1.053187165616854344e+02
-9.700989531627101314e+01 -9.695191181850762518e+01
-1.052044682149256971e+02 -1.052267929800673016e+02
-1.052218841710921282e+02 -1.052347481314044444e+02
-1.045878384703869699e+02 -1.045524077451423324e+02
-1.106984005074563271e+02 -1.107137300117744587e+02
-1.058206075766781566e+02 -1.057936745730141297e+02
-1.053628195414674451e+02 -1.053606490634486477e+02
-1.080644255909614913e+02 -1.080682852812347505e+02
-1.080321878032836764e+02 -1.080221730813056382e+02
-1.079508562091504871e+02 -1.079691599336889425e+02
-1.054189018188197338e+02 -1.054290888505743879e+02
-1.107811029297169654e+02 -1.107733466007765344e+02
-9.711018663737718271e+01 -9.711832217064970507e+01
-1.080529380301622524e+02 -1.080522844446163191e+02
-1.081270259829052662e+02 -1.081237883077881463e+02
-1.025920136157302238e+02 -1.025997682590418805e+02
-1.005052029151511874e+02 -1.004985082017203837e+02
-1.052593493479340196e+02 -1.052466400601679908e+02
-1.013385871688896316e+02 -1.014177403511404236e+02
-1.107743906033230132e+02 -1.107741100666302998e+02
-1.080508490182599246e+02 -1.080533381925001208e+02
-1.079577954322326576e+02 -1.079600474111260127e+02
-1.053909850374239312e+02 -1.054020207127375102e+02
-1.026795324760800128e+02 -1.026784453319060191e+02
-9.730507111836928402e+01 -9.722760279629748936e+01
-1.052494704974298543e+02 -1.052467085830020039e+02
-1.024776761429813376e+02 -1.024812239853085885e+02
-1.081308784856026648e+02 -1.081268757772158153e+02
-1.042460250555625407e+02 -1.041665232998807795e+02
-1.053310683424106742e+02 -1.053320451984926507e+02
-1.081228098776054196e+02 -1.081237193521768205e+02
-1.107289425851743943e+02 -1.107152404681586830e+02
-1.107758186829995140e+02 -1.107742860802103024e+02
-1.053515124746997031e+02 -1.053585541300374757e+02
-1.080518230695278419e+02 -1.080542148385472956e+02
-1.026412370402247376e+02 -1.026190321965377308e+02
-1.053975762644355854e+02 -1.053849297837105610e+02
-1.080547070361368895e+02 -1.080562138733256887e+02
-9.721675678575256541e+01 -9.722925131446380931e+01
-1.052692339754857755e+02 -1.052759959267050363e+02
-9.923063634550753420e+01 -9.913248801128438004e+01
-9.728797233171047765e+01 -9.729230456337651844e+01
-1.080689282328212499e+02 -1.080704791037755257e+02
-1.053189056931578307e+02 -1.053231775704289532e+02
-9.922961708157201599e+01 -9.918532038501577119e+01
-9.701384922213976836e+01 -9.701224522249238191e+01
-9.423294249778834342e+01 -9.424464414477772323e+01
-1.033138529447800238e+02 -1.032627020985602257e+02
-9.995595867330443696e+01 -9.995986745906461124e+01
-1.053110712260042590e+02 -1.053115760895051807e+02
-1.005942372322012659e+02 -1.006069984231837964e+02
-1.052644223738856084e+02 -1.052681996566979734e+02
-1.053805533990747563e+02 -1.053819395061903066e+02
-9.978506456235938060e+01 -9.980702727448475287e+01
-1.053788532200125303e+02 -1.053797972152313065e+02
-1.052878503743522032e+02 -1.052803850945352906e+02
-1.052358066627415241e+02 -1.052375632382682511e+02
-9.440021058694739509e+01 -9.440261894620824989e+01
-1.079936846247032349e+02 -1.079972401667669004e+02
-9.153478841988031434e+01 -9.145803562624513461e+01
-1.054068616451447014e+02 -1.054038928597647953e+02
-1.079788532132339611e+02 -1.079774841580882878e+02
-9.863913135273654120e+01 -9.864383684425898480e+01
-1.000825670297391525e+02 -1.000146148326091691e+02
-1.052869456269673236e+02 -1.052920893036194627e+02
-9.443019299120753374e+01 -9.438985885654921049e+01
-1.044698156567146867e+02 -1.044142747578194985e+02
-9.973831624488954617e+01 -9.974237727457797575e+01
-1.054297836953915208e+02 -1.054270065808965455e+02
-9.988113314826199485e+01 -9.988851460510697677e+01
-1.025478909635692446e+02 -1.025600692163013861e+02
-1.081020429309518107e+02 -1.080994397241980209e+02
-1.026150879859839478e+02 -1.026190752681095404e+02
-1.053965018752960816e+02 -1.053966692421401063e+02
-1.042704745100026429e+02 -1.042852330102127212e+02
-1.026356416893493133e+02 -1.026379587866192082e+02
-1.053791566535335562e+02 -1.053823622460521960e+02
-1.035494741474332443e+02 -1.035764668421573020e+02
-1.053777640178302590e+02 -1.053765219538541089e+02
-1.079949447204393920e+02 -1.079965735165987866e+02
-1.080802751293675215e+02 -1.080812397006636161e+02
-1.068334394911267111e+02 -1.068423079640012645e+02
-1.053681204598984209e+02 -1.053666522045115670e+02
-1.080755859749428254e+02 -1.080759943492780479e+02
-1.053113207080424161e+02 -1.053073286265278625e+02
-1.052391598784995779e+02 -1.052407156078877648e+02
-1.052986621081384584e+02 -1.053017672366574544e+02
-9.974324183202935501e+01 -9.974201563202963428e+01
-1.052863935739277395e+02 -1.052896648092003460e+02
-1.045098688543371281e+02 -1.045269686481294684e+02
-1.107257047632047744e+02 -1.107234530221984414e+02
-1.018854785805927037e+02 -1.018879144567786454e+02
-1.053224996668454878e+02 -1.053235530428996611e+02
-1.080780168964506913e+02 -1.080787370474108542e+02
-1.079998283471627616e+02 -1.080020254927809873e+02
-1.053330557485167560e+02 -1.053349515218588408e+02
-1.080544901564186517e+02 -1.080553852968971142e+02
-1.107784832149411329e+02 -1.107769968498892865e+02
-1.079673070613638828e+02 -1.079680341062584290e+02
-1.080544982103825760e+02 -1.080542447562673090e+02
-1.081284104981292273e+02 -1.081221230707750038e+02
-1.080821393845885865e+02 -1.080787203657199171e+02
-9.989517634772791155e+01 -9.989811437846816489e+01
-1.025832246262284571e+02 -1.025806513342308648e+02
-1.002338071446161081e+02 -1.002874758904614509e+02
-1.107187992001076111e+02 -1.107216994633108982e+02
-1.080530917244550011e+02 -1.080534812009790500e+02
-1.053404043851895722e+02 -1.053378407731591437e+02
-1.025375517010060662e+02 -1.025385428135630974e+02
-1.080267900771126932e+02 -1.080249659216103026e+02
-1.024317083886046618e+02 -1.024319061185329787e+02
-9.702471047879173227e+01 -9.703340925392082283e+01
-1.025899974630432467e+02 -1.025876213775719492e+02
-1.053433197600517275e+02 -1.053434739306375860e+02
-1.014572927432318608e+02 -1.014523338004472777e+02
-9.971837210790576478e+01 -9.971797581091416873e+01
-1.080766610247792130e+02 -1.080763223875112971e+02
-9.991460280675809713e+01 -9.991244293175856228e+01
-1.106892656304747078e+02 -1.106924684011378588e+02
-9.709476611711032490e+01 -9.709508054486984463e+01
-9.470306749846619709e+01 -9.471417694199834614e+01
-1.026467262752484970e+02 -1.026423095748819208e+02
-1.052976431388208312e+02 -1.052987855324544881e+02
-1.053296500143185312e+02 -1.053319084050196039e+02
-1.080227592056374277e+02 -1.080231360362787285e+02
-1.025353615950354111e+02 -1.025401790369358821e+02
-9.705981828939073353e+01 -9.705470305955556398e+01
-1.026414229137042042e+02 -1.026447800229576615e+02
-1.052747162184009824e+02 -1.052777968637284687e+02
-9.711626516885105787e+01 -9.712337311945138651e+01
-9.803253870028198946e+01 -9.802610138292209285e+01
-1.080397639776281125e+02 -1.080342857602773279e+02
-1.017602703548018468e+02 -1.017739939014237649e+02
-1.027129626872636692e+02 -1.027082631080094188e+02
-1.053016295456216227e+02 -1.053027547548447416e+02
-1.107798645201756500e+02 -1.107737561912816346e+02
-1.079686860919330655e+02 -1.079704129870758891e+02
-1.081207459163370430e+02 -1.081198523835865615e+02
-1.052759803265840901e+02 -1.052757152474274136e+02
-1.080494372065058570e+02 -1.080482175527659052e+02
-1.052345941457226814e+02 -1.052311320448170875e+02
-9.993484264612631307e+01 -9.993072530566668377e+01
-1.016181295060756611e+02 -1.016155198778268698e+02
-1.053308027997025960e+02 -1.053302722925106849e+02
-1.080580482126168675e+02 -1.080564407898344825e+02
-1.017529848046580554e+02 -1.017599588205194578e+02
-1.026375869566056451e+02 -1.026385161388325997e+02
-1.004881915121681288e+02 -1.004533057623442147e+02
-1.043445007121901540e+02 -1.043479534189980598e+02
-1.025628899543036425e+02 -1.025594843159008462e+02
-1.045280299968028572e+02 -1.045322574539138571e+02
-1.053516779298236230e+02 -1.053487738472243507e+02
-1.080560872640689070e+02 -1.080543236049795155e+02
-1.081223087638121854e+02 -1.081192905421555679e+02
-1.053408930060542161e+02 -1.053401120787642924e+02
-1.008319378773328054e+02 -1.008178855434961321e+02
-1.080833233564230369e+02 -1.080798863862599717e+02
-1.053850318193610889e+02 -1.053813995888175583e+02
-1.015224228803947994e+02 -1.015289039226688033e+02
-1.026213184307222832e+02 -1.026197562023805290e+02
-1.079840287028362695e+02 -1.079827001854661859e+02
-1.011036685313737138e+02 -1.011164790355629748e+02
-1.080366089313700115e+02 -1.080356244234550758e+02
-1.025478709486726956e+02 -1.025480013915152426e+02
-1.026240511967512532e+02 -1.026284114994192294e+02
-1.080556298263745560e+02 -1.080545129412498682e+02
-1.107169442864964424e+02 -1.107179888023815266e+02
-1.018108084994399718e+02 -1.018442089543953841e+02
-1.080537055856224526e+02 -1.080535855127413072e+02
-1.025429339720450059e+02 -1.025433222658074186e+02
-1.017673158880697741e+02 -1.017695974323685277e+02
-1.081259170076526175e+02 -1.081251296948395719e+02
-9.688083582926202553e+01 -9.688239913867445807e+01
-1.107264694522024655e+02 -1.107272783066447062e+02
-1.024453263642457728e+02 -1.024451777866910049e+02
-9.999213922880142036e+01 -9.999862175661220931e+01
-1.081209678748232932e+02 -1.081204874601769603e+02
-1.053074386694588753e+02 -1.053057013725119191e+02
-1.080773995407828068e+02 -1.080764778036465543e+02
-1.107795548247710684e+02 -1.107762577564757862e+02
-1.079694048639800883e+02 -1.079707191363736030e+02
-1.080262663600735209e+02 -1.080231691804283827e+02
-1.068708400153633988e+02 -1.068675556890132299e+02
-1.009381659142540002e+02 -1.009376428004598694e+02
-1.107171372707075676e+02 -1.107181294720965212e+02
-9.993862540227034685e+01 -9.993514368220802169e+01
-1.107701176420698772e+02 -1.107737776231766276e+02
-1.053790977198326004e+02 -1.053776175239488424e+02
-1.080739479454785794e+02 -1.080716275642129318e+02
-9.991243335147227356e+01 -9.991275591252036747e+01
-1.053110500036631976e+02 -1.053106219498171328e+02
-9.911456494823980279e+01 -9.911544493649513754e+01
-1.081287322638838333e+02 -1.081259514108175495e+02
-1.053339204708467349e+02 -1.053345951130964124e+02
-1.052169096625079874e+02 -1.052159063488312967e+02
-1.080045718838961193e+02 -1.080032993670139945e+02
-1.079747041158021972e+02 -1.079741537274884280e+02
-9.705145413388478914e+01 -9.705052958404729679e+01
-1.107699630226196206e+02 -1.107713885694019922e+02
-1.081034749530827526e+02 -1.081010254846359118e+02
-1.053361368937159170e+02 -1.053357768059868249e+02
-1.022175820049302786e+02 -1.022012421804668065e+02
-1.052947043563889622e+02 -1.052946071586354861e+02
-9.982675855525468478e+01 -9.982957211153328103e+01
-1.054114754083165195e+02 -1.054120052855021754e+02
-1.107744621926607067e+02 -1.107747723258907513e+02
-1.080756816874569637e+02 -1.080764349967668494e+02
-9.972791903862042773e+01 -9.972665110039383762e+01
-1.052792800204559001e+02 -1.052804188862362906e+02
-1.106755776054930180e+02 -1.106680397004291621e+02
-9.898573718918576958e+01 -9.899224318078721296e+01
-1.080569378266643668e+02 -1.080548185948020574e+02
-1.025365054049827336e+02 -1.025376053527238156e+02
-1.025404978257827935e+02 -1.025378830991913190e+02
-1.024697418154767803e+02 -1.024691609333937095e+02
-1.080561953517701426e+02 -1.080559191037693267e+02
-1.079644543526587199e+02 -1.079649869409328033e+02
-1.053414469386053156e+02 -1.053412229614762907e+02
-1.053298924107574948e+02 -1.053290790881417820e+02
-9.985929153515067469e+01 -9.985835744758790611e+01
-1.005913163846745562e+02 -1.005968931053438240e+02
-1.026874373159721188e+02 -1.026875484940745054e+02
-1.062491175506849146e+02 -1.062570842683212931e+02
-9.717220729679988267e+01 -9.717456271990707251e+01
-9.867763671991909291e+01 -9.867452340417214884e+01
-9.712661862086341102e+01 -9.712461105855054200e+01
-9.907729169539607028e+01 -9.907896539497920685e+01
-9.987822734279086490e+01 -9.987776128629758432e+01
-1.015102610413536581e+02 -1.015009965476531022e+02
-9.441203160290118035e+01 -9.441909653900268040e+01
-1.080794984004515982e+02 -1.080752600216688535e+02
-1.051653361877035593e+02 -1.051894758041120213e+02
-1.080569131617606047e+02 -1.080551103746396677e+02
-1.080721429235007065e+02 -1.080708331360076926e+02
-9.873765755223274709e+01 -9.873976306077527454e+01
-1.054385003297096830e+02 -1.054364722268720413e+02
-1.080367433682490770e+02 -1.080363709548339131e+02
-1.107175781787827731e+02 -1.107189802592031924e+02
-1.025459600159829279e+02 -1.025443850258115077e+02
-1.080018432104699571e+02 -1.080014303467815751e+02
-1.079895827000594721e+02 -1.079900978150092783e+02
-1.053551239281541001e+02 -1.053561001981112497e+02
-1.080016732178905556e+02 -1.080013595220956972e+02
-1.107239513204581272e+02 -1.107246008074971968e+02
-1.080559331150292195e+02 -1.080566637274788491e+02
-1.106914851325879710e+02 -1.106923784390266974e+02
-1.080526593602457268e+02 -1.080518866376936700e+02
-1.011093775062878706e+02 -1.011079692797554230e+02
-1.062123787818817959e+02 -1.062161637599960926e+02
-1.080807106279513334e+02 -1.080795589683045677e+02
-1.023231916396167804e+02 -1.023041943009861114e+02
-1.025771913298610798e+02 -1.025761828240480895e+02
-1.052100716894689043e+02 -1.052075491201554200e+02
-1.054048905778180654e+02 -1.054037859847715026e+02
-1.080775084335134864e+02 -1.080763067376574753e+02
-1.025390440422305431e+02 -1.025390391946995976e+02
-1.080671323441649889e+02 -1.080672215899455750e+02
-1.080600001632168699e+02 -1.080592872098314245e+02
-1.026921706184274967e+02 -1.026901076074508126e+02
-1.080749656566238173e+02 -1.080747556114937709e+02
-9.971406449485841961e+01 -9.971042036439287415e+01
-1.080750226961416303e+02 -1.080747150070617408e+02
-9.967379148730307747e+01 -9.966977121960965746e+01
-1.081053674816019310e+02 -1.081042245862852837e+02
-1.027536672576304113e+02 -1.027485303659556166e+02
-1.025377165273439033e+02 -1.025354441734115341e+02
-1.081006072689976492e+02 -1.080986293317233446e+02
-1.106680428481523393e+02 -1.106684949403641127e+02
-1.107787959038572154e+02 -1.107746132878558285e+02
-1.080492921511531961e+02 -1.080477531420874158e+02
-1.080739791179382649e+02 -1.080726443000903316e+02
-1.052136634569242375e+02 -1.052113913464714017e+02
-1.041299962384464521e+02 -1.041153781809014163e+02
-1.037669163507900976e+02 -1.037659378625944555e+02
-1.080077373586801883e+02 -1.080082468086269500e+02
-1.080264965125832646e+02 -1.080274593953484725e+02
-1.081043202386853324e+02 -1.081019547295522187e+02
-1.107772976898083783e+02 -1.107764291718426222e+02
-1.107502791399343209e+02 -1.107494215802716866e+02
-1.054063313982397005e+02 -1.054058689210982607e+02
-9.716350443058986741e+01 -9.716424052628408958e+01
-1.079726603321577727e+02 -1.079734600077837428e+02
-1.053325847969252038e+02 -1.053320304592347014e+02
-1.027428744319857543e+02 -1.027382365495274144e+02
-1.025308934091940927e+02 -1.025307144153017305e+02
-1.107771530551501939e+02 -1.107770146290683471e+02
-1.053121708789723385e+02 -1.053109489276236275e+02
-1.053776499801013529e+02 -1.053746152089612451e+02
-9.690160212664379458e+01 -9.689971544267578452e+01
-1.026569174718264748e+02 -1.026599298208255817e+02
-1.022487970384018183e+02 -1.022300668712323386e+02
-1.025355890495638391e+02 -1.025335070955448202e+02
-1.068603930742921335e+02 -1.068513569015844524e+02
-1.080591073145385366e+02 -1.080580095019437721e+02
-1.014429773065752585e+02 -1.014404936895078748e+02
-1.054821589979996190e+02 -1.054784520077696754e+02
-9.720101355605643789e+01 -9.719717588619917592e+01
-1.024919225628332384e+02 -1.024903067687160245e+02
-1.052582699662873580e+02 -1.052564350505194000e+02
-1.026352460847803059e+02 -1.026347978020751839e+02
-1.080371094915568193e+02 -1.080361113667134276e+02
-1.106923033203015763e+02 -1.106922044250027142e+02
-1.008704828415864796e+02 -1.008894807680170089e+02
-1.106922416791055639e+02 -1.106922352918741979e+02
-1.080512837931350418e+02 -1.080510067996445542e+02
-1.053469860260002804e+02 -1.053472710754196697e+02
-9.982977875106719523e+01 -9.982862183964229530e+01
-1.037456276992152624e+02 -1.037486286935620967e+02
-1.106924989167874429e+02 -1.106921361541597975e+02
-1.054068809895611309e+02 -1.054053388945127949e+02
-1.014611651960407244e+02 -1.014624232609838685e+02
-1.003522696321169860e+02 -1.003639522496079906e+02
-1.061323889874592226e+02 -1.061455612736978082e+02
-1.053067245119651432e+02 -1.053059086934094779e+02
-1.053245255848648156e+02 -1.053220640305271019e+02
-1.052002553208695588e+02 -1.051992131965653812e+02
-9.706266304638687359e+01 -9.706153157401244869e+01
-1.053319574194444925e+02 -1.053316370161336977e+02
-1.080542337840591784e+02 -1.080546141746043105e+02
-1.080600653113794749e+02 -1.080602580541256117e+02
-1.052864809665038166e+02 -1.052855777267065776e+02
-1.080760220706043526e+02 -1.080768015497238537e+02
-1.052852181792035822e+02 -1.052844557665264489e+02
-1.026393455005928956e+02 -1.026391134911268637e+02
-1.014385473169715368e+02 -1.014397251418347281e+02
-1.080587988816228204e+02 -1.080579761310534650e+02
-1.068450923093620730e+02 -1.068430214151472768e+02
-1.080542821042473776e+02 -1.080544690558197090e+02
-9.984511617137260941e+01 -9.984542665692251262e+01
-1.052321322552227798e+02 -1.052301068766369667e+02
-1.107264815764136330e+02 -1.107275839371798298e+02
-1.080499506792007907e+02 -1.080499887965072503e+02
-1.035649868372650815e+02 -1.035383096111202121e+02
-9.995135292483917056e+01 -9.995476428557473980e+01
-1.053383759034687017e+02 -1.053377402915346863e+02
-1.024933901914054957e+02 -1.024908728361487533e+02
-9.977810471960152938e+01 -9.977701620168944885e+01
-1.053356572080487155e+02 -1.053359209801024434e+02
-1.012549701551774604e+02 -1.012591839929234823e+02
-1.079993492070547205e+02 -1.079994861719972619e+02
-1.081039563797091887e+02 -1.081045991854922903e+02
-1.015702231479211690e+02 -1.015651085380049352e+02
