0.000000000000000000e+00 0.000000000000000000e+00
-1.000740097657858740e+02 -9.985462077298423367e+01
-1.052432635392753895e+02 -1.048275251260477177e+02
-1.054880213283676937e+02 -1.054013077212342324e+02
-1.078760632233096146e+02 -1.081176100975980177e+02
-1.082468051860517448e+02 -1.081220354517086548e+02
-1.027710107150457617e+02 -1.026771059539452011e+02
-1.053745620422248379e+02 -1.053236460622733688e+02
-1.081609677608082904e+02 -1.080661957998758993e+02
-1.107198615640406985e+02 -1.107667169819126229e+02
-1.080161289765718635e+02 -1.080185590728485892e+02
-1.053797209173769431e+02 -1.053704608145056909e+02
-1.027902780123786357e+02 -1.027196087818343955e+02
-1.080445124967649093e+02 -1.080285299825408032e+02
-9.968266236739303565e+01 -9.920778932547007400e+01
-1.052629742837306424e+02 -1.052498535218582276e+02
-1.052577608955063653e+02 -1.052315092631171609e+02
-9.715354713009153897e+01 -9.710469703637652117e+01
-1.053696206998855445e+02 -1.053303720046039729e+02
-9.974889312133552721e+01 -9.974363666307371545e+01
-1.025122761808729450e+02 -1.024919168822661675e+02
-9.710233590271332105e+01 -9.709056783127083179e+01
-1.080416650550482274e+02 -1.080597228899361397e+02
-9.986196956328896590e+01 -9.980955666526045889e+01
-9.221888727743822756e+01 -9.189120524895663777e+01
-1.080197509051454148e+02 -1.080673620528063879e+02
-1.025086928972919509e+02 -1.025153256696999904e+02
-9.712250632493972091e+01 -9.711853599023932304e+01
-1.080373308379048893e+02 -1.080516409470386066e+02
-1.052595531197427761e+02 -1.052659365782979819e+02
-9.975941920261335838e+01 -9.975218176398496439e+01
-1.052353979601122660e+02 -1.052421486068310372e+02
-9.990254187086956961e+01 -9.990265270539588016e+01
-9.965697010320235449e+01 -9.968945401341568413e+01
-1.080493068559574397e+02 -1.080413310480781917e+02
-1.079974070760140989e+02 -1.080020085001619208e+02
-9.929497086063582856e+01 -9.925533673700002169e+01
-1.053085938586239934e+02 -1.053060072086068857e+02
-1.053076584394998179e+02 -1.052953630708025514e+02
-9.987760869846145795e+01 -9.986906334299709442e+01
-1.107197465886670500e+02 -1.107184095765076819e+02
-1.080405484653185653e+02 -1.080253931497688882e+02
-1.080475904509612377e+02 -1.080640125546995165e+02
-1.053031190417360818e+02 -1.053253849520744012e+02
-9.710791689737477839e+01 -9.711270670906057489e+01
-1.052940975976333249e+02 -1.052944377993756433e+02
-1.052383637602098219e+02 -1.052336435667517804e+02
-1.079970339823155285e+02 -1.079966823099666016e+02
-1.025563731810454584e+02 -1.025543545453450491e+02
-1.018140290881738821e+02 -1.018226269205480321e+02
-1.053679748966497698e+02 -1.053829273479853867e+02
-1.053938427567944984e+02 -1.053701171299246084e+02
-1.019241465222176117e+02 -1.018969931861548588e+02
-1.080727908511493780e+02 -1.080716265853937728e+02
-1.053342001363993319e+02 -1.053386605301109853e+02
-9.938332061338481083e+01 -9.938177781844220249e+01
-1.025673556259398538e+02 -1.025647499372470577e+02
-1.026159729705565411e+02 -1.026248109640244337e+02
-1.052875250829302445e+02 -1.052942884238987773e+02
-1.052797099305802249e+02 -1.052962043665631313e+02
-1.080848269896461744e+02 -1.080985050998997963e+02
-1.024312350638060281e+02 -1.024467309318209800e+02
-1.051800462655568680e+02 -1.051702019934103447e+02
-1.042133714204096862e+02 -1.042259295976150639e+02
-1.107519276991368855e+02 -1.107699530021266980e+02
-1.080421553105124417e+02 -1.080512081860472335e+02
-1.053223628357955732e+02 -1.053306938702209834e+02
-1.025683758424068799e+02 -1.025811143610467013e+02
-1.024721781823337068e+02 -1.024673108821482401e+02
-1.052923327645885649e+02 -1.052951080864649356e+02
-9.971448180057137733e+01 -9.971020087619643846e+01
-1.025524522206260514e+02 -1.025421726085155427e+02
-1.024908189855822229e+02 -1.024930533227829130e+02
-9.722148183037569424e+01 -9.720975158816035844e+01
-1.052314888633594023e+02 -1.052432831116789060e+02
-9.434059993406251010e+01 -9.432005364879513820e+01
-9.871695205005109131e+01 -9.868377417409136854e+01
-1.015556092686037459e+02 -1.015547705573338106e+02
-1.064469993338044986e+02 -1.063734639410130143e+02
-1.080654421451740177e+02 -1.080635211818028125e+02
-1.025759482106744827e+02 -1.025728341061605846e+02
-1.107643286703750505e+02 -1.107744796343347531e+02
-1.025365514143568788e+02 -1.025375811839562061e+02
-1.027043602257909782e+02 -1.027091365637671743e+02
-9.988618464685480092e+01 -9.978310705960072369e+01
-1.107112924579003703e+02 -1.107219332769152516e+02
-9.994269378965205419e+01 -9.992988976325713679e+01
-1.053039702796002501e+02 -1.053056489158520463e+02
-1.026155990092661909e+02 -1.026150746554384057e+02
-1.053987191143377657e+02 -1.053997911513566521e+02
-1.043190066621965144e+02 -1.043833731961986331e+02
-1.053928757597270476e+02 -1.053773932011521168e+02
-1.052788574064673668e+02 -1.052715216248763141e+02
-9.994167980268458962e+01 -9.992617572550803118e+01
-9.985528963900171107e+01 -9.985239649632659109e+01
-1.080518859743285418e+02 -1.080512753958685863e+02
-1.053962724877271597e+02 -1.053988868884530490e+02
-1.052893526497172445e+02 -1.052942651539633374e+02
-1.080588472399771547e+02 -1.080700438462426405e+02
-1.079572600968956095e+02 -1.079705100490939174e+02
-9.713950718501199333e+01 -9.713780887675459041e+01
-1.054020871800742896e+02 -1.054028829579231825e+02
-1.035958425412200228e+02 -1.035943088878169789e+02
-1.027261382843203279e+02 -1.027309016524085479e+02
-1.080982879589524828e+02 -1.080992902337394241e+02
-1.054044371502912867e+02 -1.054086243064141115e+02
-1.053258994511562321e+02 -1.053250212782207313e+02
-1.079715016062670969e+02 -1.079740878081046844e+02
-1.080628114215943469e+02 -1.080751648079958045e+02
-9.934998203932462957e+01 -9.933738846187651461e+01
-1.024816527818009888e+02 -1.024857108181963952e+02
-1.052829979076660862e+02 -1.052829464318092931e+02
-1.026230738318633229e+02 -1.026200668348242999e+02
-9.935909139901362153e+01 -9.933363531078981623e+01
-1.054044927338436111e+02 -1.054043048406626326e+02
-1.080930954071470751e+02 -1.081016600017636478e+02
-9.929659083331431191e+01 -9.927276856151652851e+01
-1.025632218637963291e+02 -1.025614548578300997e+02
-1.026479807970822549e+02 -1.026414795852321475e+02
-1.026063349487991303e+02 -1.026105170292829030e+02
-1.010698701929978540e+02 -1.010514525347309984e+02
-1.107671179674674704e+02 -1.107756269084832894e+02
-1.080810485731429793e+02 -1.080756043618149391e+02
-9.609110351217827883e+01 -9.610010942140620216e+01
-1.023963649843981329e+02 -1.024061147163427563e+02
-1.107204873290595657e+02 -1.107223599549987370e+02
-1.080618901815018376e+02 -1.080595969381126906e+02
-1.027531393186849584e+02 -1.027630581806557046e+02
-1.053342290204434164e+02 -1.053391261814801396e+02
-1.107220709142237638e+02 -1.107170157770289620e+02
-1.025533368212310990e+02 -1.025511109119769486e+02
-1.080008123033375540e+02 -1.079960648345352183e+02
-1.026044632734942041e+02 -1.025920489950130445e+02
-1.053074467600037281e+02 -1.053060168142380206e+02
-1.052682447145020319e+02 -1.052689233360603538e+02
-1.080955801839054544e+02 -1.081021578391104185e+02
-1.079073568708924995e+02 -1.079113039953390967e+02
-9.992225249006861532e+01 -9.991514117921543914e+01
-1.068651018547655553e+02 -1.068867829779648417e+02
-1.107246608893047153e+02 -1.107189585973432884e+02
-9.930467502327273621e+01 -9.928763726093315256e+01
-1.079924222049596949e+02 -1.079910031632115306e+02
-1.080507553640326250e+02 -1.080533655884937758e+02
-1.053402943413175450e+02 -1.053363713338442977e+02
-9.447058690342331033e+01 -9.448682451622747180e+01
-1.080472214376906095e+02 -1.080500933894859656e+02
-1.014881841932976982e+02 -1.014832646721743288e+02
-1.052456892971870417e+02 -1.052360493411143807e+02
-1.080320491534598091e+02 -1.080300940758822321e+02
-1.014799944991702887e+02 -1.015298759624329250e+02
-1.053408408798145643e+02 -1.053432313283499866e+02
-1.017857650707210269e+02 -1.017862990801917817e+02
-1.080014789017690617e+02 -1.079986829526476129e+02
-1.052448821283793592e+02 -1.052458876457798880e+02
-1.017501291544033251e+02 -1.017348794280562174e+02
-1.025601105999090805e+02 -1.025521116384450693e+02
-1.067707753771089472e+02 -1.067888883685180730e+02
-9.918428693819670627e+01 -9.917620316700838146e+01
-1.024449632797744130e+02 -1.024469534477292569e+02
-1.080737167043900513e+02 -1.080721431963901153e+02
-1.049462470537487633e+02 -1.050151204300470198e+02
-1.026178437223855724e+02 -1.026247706210898656e+02
-1.035614138913490052e+02 -1.035682066386729474e+02
-1.026203488130562960e+02 -1.026227909505951885e+02
-1.018499230089937129e+02 -1.018281242360918100e+02
-9.988837954723527446e+01 -9.989136531761364779e+01
-1.052600119032746306e+02 -1.052566147524423883e+02
-1.088341767849032919e+02 -1.088095925324826538e+02
-1.053073258870256836e+02 -1.053006749627561192e+02
-1.053135094915034244e+02 -1.053112634217567916e+02
-1.013630578756451541e+02 -1.013883325002703515e+02
-1.080747369137122291e+02 -1.080753012865873615e+02
-1.031917939303589833e+02 -1.031796890741250508e+02
-1.006987537583672889e+02 -1.007000820979811806e+02
-1.080586304406745057e+02 -1.080543211511019024e+02
-1.000016772214768395e+02 -1.000118873604811540e+02
-1.026229813272388043e+02 -1.026269964694206323e+02
-1.033170774504240654e+02 -1.032763999962526498e+02
-1.053143198404434884e+02 -1.053135775253861084e+02
-1.107013212853995725e+02 -1.106963444696829839e+02
-1.026117219253603992e+02 -1.026141991959767950e+02
-1.017714775962781033e+02 -1.017659168923466524e+02
-1.080779335877301293e+02 -1.080753878574462306e+02
-1.053107862730009856e+02 -1.053059189096767625e+02
-1.080272797202568000e+02 -1.080218140495682491e+02
-1.024418839524924181e+02 -1.024524797724676120e+02
-1.052885490859018063e+02 -1.052856130695655565e+02
-1.052650763301224544e+02 -1.052625244181890167e+02
-1.025654883543402036e+02 -1.025617311330080526e+02
-1.081064278639112075e+02 -1.081041505953152750e+02
-1.081064933243298611e+02 -1.081051814719409094e+02
-1.025731138458612719e+02 -1.025748350811040268e+02
-1.052702683000205184e+02 -1.052690855314089333e+02
-1.053810426766279704e+02 -1.053814817523084031e+02
-1.053171241091722123e+02 -1.053208557073038349e+02
-9.698114372716098330e+01 -9.698800391751292693e+01
-1.080688976103228214e+02 -1.080678300686821558e+02
-1.054048263349314851e+02 -1.054073338836267197e+02
-1.080223637932695624e+02 -1.080189577503655016e+02
-1.026193366277657333e+02 -1.026186347177245182e+02
-1.024626927978763433e+02 -1.024659836708675869e+02
-1.026450600064286078e+02 -1.026456738160776609e+02
-1.052144849300650691e+02 -1.052125463317351546e+02
-1.080316823318244275e+02 -1.080300869174049865e+02
-1.080599992766495490e+02 -1.080586690104826886e+02
-1.080800120703848535e+02 -1.080798919325021785e+02
-1.019219258407535023e+02 -1.019182890656107645e+02
-1.080569366031178902e+02 -1.080564458634957532e+02
-1.014826196204321178e+02 -1.014846969412732562e+02
-1.080498690967930173e+02 -1.080502073210193146e+02
-9.923610584927963885e+01 -9.923249066604509494e+01
-1.053220780649298831e+02 -1.053208511528789018e+02
-9.972687916494501792e+01 -9.973564906714133826e+01
-1.079782869179975648e+02 -1.079749032964910356e+02
-1.107244906277072971e+02 -1.107233345186162410e+02
-1.025905893491728875e+02 -1.025902235562056006e+02
-1.052860637832266661e+02 -1.052862328269156649e+02
-1.080831104694220244e+02 -1.080804651107803522e+02
-1.053633088188674662e+02 -1.053620249698054891e+02
-1.035378549684960916e+02 -1.035359678755755084e+02
-1.052855268786998835e+02 -1.052885989260816615e+02
-1.081045158185168873e+02 -1.081006247762159518e+02
-1.041120071046565272e+02 -1.041197442808031894e+02
-1.008135867094249818e+02 -1.008112307836578623e+02
-1.053053967613408304e+02 -1.053012693594347127e+02
-9.907583830441645034e+01 -9.909167795189360106e+01
-1.053111798868754931e+02 -1.053124525661142172e+02
-1.025690444779424126e+02 -1.025691615009983479e+02
-1.016182988173370774e+02 -1.016076358757065634e+02
-1.052380135207350520e+02 -1.052388118519898512e+02
-1.010747928646423048e+02 -1.010772869999412649e+02
-1.107770714621837698e+02 -1.107767358096729993e+02
-1.053819844791428011e+02 -1.053793706188104125e+02
-1.026194801219319004e+02 -1.026186558516192520e+02
-1.054117064661491696e+02 -1.053964157867325184e+02
-1.080280530858783408e+02 -1.080266756840907334e+02
-1.010455787530104033e+02 -1.010589430466999943e+02
-1.026359650495858915e+02 -1.026294859312870642e+02
-1.035081842438123232e+02 -1.035143523267937269e+02
-1.052582627494247305e+02 -1.052582471511288418e+02
-1.018376084175838088e+02 -1.018371810227377381e+02
-1.044314147579934087e+02 -1.044307907682901657e+02
-1.053864104695267230e+02 -1.053862860354670801e+02
-9.974742712610832029e+01 -9.974799849373499683e+01
-1.080557655667248724e+02 -1.080537187682877232e+02
-1.080365019185778550e+02 -1.080363877858915203e+02
-1.080591699272929560e+02 -1.080577811067606291e+02
-1.053378125233136728e+02 -1.053371939293185164e+02
-1.052543780920581611e+02 -1.052527079169998672e+02
-1.024944423258393158e+02 -1.025095973631676856e+02
-1.026133718502377690e+02 -1.026134966897009235e+02
-1.036067341736032859e+02 -1.036020015733712398e+02
-1.107761237008262896e+02 -1.107768059662604827e+02
-1.054320240851964741e+02 -1.054328616878539435e+02
-1.052819607263896557e+02 -1.052830295124555136e+02
-1.080566349945782747e+02 -1.080566333812132314e+02
-9.914930572213611981e+01 -9.913616023231183760e+01
-9.465003091586947903e+01 -9.464071248533430492e+01
-1.054379152207253298e+02 -1.054365617426751669e+02
-1.010960842543975389e+02 -1.011022904825587858e+02
-1.080806969897986960e+02 -1.080796870901609168e+02
-1.053821824871299668e+02 -1.053821009397660760e+02
-1.080680526394998822e+02 -1.080681477193689801e+02
-1.025852520837910333e+02 -1.025846575885883709e+02
-1.026360391963663687e+02 -1.026326720196269378e+02
-1.052642103716222692e+02 -1.052633733035490451e+02
-1.035479120666724384e+02 -1.035466416337561100e+02
-1.079980570413366792e+02 -1.079951713761036558e+02
-1.051827128983103137e+02 -1.051881909470044860e+02
-1.106928707322038292e+02 -1.106921984103232290e+02
-1.052654978527875329e+02 -1.052643373430854439e+02
-1.080605083226963217e+02 -1.080582720028312309e+02
-1.003877895311969013e+02 -1.003986249260580763e+02
-1.053309047833704000e+02 -1.053295329276873673e+02
-1.024952190165492283e+02 -1.024995313923308942e+02
-9.983933228381323488e+01 -9.983850131634261516e+01
-9.889671272454576467e+01 -9.888637284293402274e+01
-1.026295160716702810e+02 -1.026288612051844211e+02
-1.053451884315996949e+02 -1.053450864761423702e+02
-1.025122800056160202e+02 -1.025114586272572268e+02
-1.024883203881167049e+02 -1.024876864518274289e+02
-1.079855310546130909e+02 -1.079853822736992299e+02
-1.010751478892036204e+02 -1.010786778886207316e+02
-9.921910156569438755e+01 -9.922360126007521330e+01
-1.025233575487946354e+02 -1.025233704040657017e+02
-1.016554446334719302e+02 -1.016500009632783019e+02
-1.053066310565113781e+02 -1.053039932088074551e+02
-1.053338748499904369e+02 -1.053333164709665652e+02
-9.980111008473325285e+01 -9.979981662458916958e+01
-9.933770483736512347e+01 -9.933524871323642458e+01
-1.079928815350961884e+02 -1.079904667851721882e+02
-1.042212320483437935e+02 -1.042163885807530903e+02
-1.026404000505126817e+02 -1.026553029484373951e+02
-1.053808554510626578e+02 -1.053794794798289445e+02
-9.842915593478127789e+01 -9.843133786010155006e+01
-1.080767887764055502e+02 -1.080745139710376748e+02
-9.983665759850889287e+01 -9.983615592377985593e+01
-1.025804402826434227e+02 -1.025770368361746421e+02
-1.025648747284081708e+02 -1.025641210705542932e+02
-9.596721644188573919e+01 -9.598506099248952239e+01
-1.052097227313366261e+02 -1.052108709672689315e+02
-1.053103404528738878e+02 -1.053099709013467873e+02
-1.061948308907936536e+02 -1.061819553351346599e+02
-1.024602946447822660e+02 -1.024622446239142590e+02
-9.745034951764752407e+01 -9.744349000680122685e+01
-1.053625565280279943e+02 -1.053614274369335391e+02
-1.080246361508070549e+02 -1.080237930540481983e+02
-9.730869266748921120e+01 -9.731565099340660652e+01
-1.052574567951835434e+02 -1.052568698818032402e+02
-1.025525970047104778e+02 -1.025523132812431868e+02
-1.025638356888271829e+02 -1.025639090440090229e+02
-1.079982390398156014e+02 -1.079968898558117587e+02
-1.080358986905733332e+02 -1.080358899990605437e+02
-1.033673437575464362e+02 -1.033686421559917648e+02
-1.052033891274192854e+02 -1.052030122949929449e+02
-9.691737316995970275e+01 -9.691813030738748580e+01
-1.024768863389284377e+02 -1.024753547062581589e+02
-1.079705990776884192e+02 -1.079710190569262664e+02
-1.011944901755763624e+02 -1.011895273470153995e+02
-1.052587317148848172e+02 -1.052582470812135114e+02
-1.024905210233163473e+02 -1.024915641057248763e+02
-1.000601531364886370e+02 -1.000454415165326907e+02
-1.025288095946857396e+02 -1.025286970687380261e+02
-1.052620967637428606e+02 -1.052617116556354802e+02
-1.017731100876914070e+02 -1.017756507712116161e+02
-9.974094420495650581e+01 -9.974162189487215358e+01
-1.080001097907408365e+02 -1.079990000250020472e+02
-1.053631215520153717e+02 -1.053627315015367998e+02
-1.106965698499243160e+02 -1.106978178752934241e+02
-1.106630364926386960e+02 -1.106648448624016368e+02
-1.052036493115518709e+02 -1.052017117649733251e+02
-9.718192214688295394e+01 -9.718295184584704316e+01
-1.025151304514780577e+02 -1.025151249772400632e+02
-1.009216763197373865e+02 -1.009233771840315086e+02
-1.080588789671938912e+02 -1.080578452395894260e+02
-1.052439816175488545e+02 -1.052448933140181140e+02
-1.053627044765376723e+02 -1.053617929129778190e+02
-1.062561460369505113e+02 -1.062517097845700249e+02
-1.052556726613235014e+02 -1.052546421597502331e+02
-1.018424887440733926e+02 -1.018474465774782516e+02
-1.026257999864869674e+02 -1.026258766334270121e+02
-1.053110864236034416e+02 -1.053106044653231663e+02
-9.987811786704993722e+01 -9.987807640503227447e+01
-1.052870905153907160e+02 -1.052864848528004416e+02
-1.026330051006705304e+02 -1.026317637014733180e+02
-9.903600372082881620e+01 -9.904440537019694091e+01
-1.052715472713774432e+02 -1.052702649708760134e+02
-1.052884298475108267e+02 -1.052890205792718916e+02
-1.079916913182989475e+02 -1.079908083894919315e+02
-1.053649985225201107e+02 -1.053649354146968591e+02
-9.880840756764035859e+01 -9.880486504226823286e+01
-1.026260103564466135e+02 -1.026267066195606503e+02
-1.080575565712484405e+02 -1.080568098178292047e+02
-1.080362424897305402e+02 -1.080364683936520152e+02
-1.053576523945915682e+02 -1.053566823896472044e+02
-1.053155964115272099e+02 -1.053168699238857329e+02
-1.080493665879994580e+02 -1.080476353376056977e+02
-9.985021111988045561e+01 -9.985135319781682028e+01
-1.009509248540864093e+02 -1.009567578696317582e+02
-1.017846389185315417e+02 -1.017846901199223311e+02
-1.043583727124232041e+02 -1.043744970355451471e+02
-1.053809872370406282e+02 -1.053801228776662668e+02
-9.995781273350992535e+01 -9.995087831189442795e+01
-1.107760113901665164e+02 -1.107768474509381775e+02
-1.014361526229024122e+02 -1.014356445344884605e+02
-1.024882918920915102e+02 -1.024879397946205017e+02
-1.107499721461890516e+02 -1.107499199514726769e+02
-1.052732790256014255e+02 -1.052724080092506398e+02
-1.079683302667691862e+02 -1.079680672866273028e+02
-1.080539352082028444e+02 -1.080524791611419033e+02
-1.052589100010655869e+02 -1.052574779467893364e+02
-1.027201823006611789e+02 -1.027275516921122573e+02
-9.980267859869753977e+01 -9.980460305962031953e+01
-9.981897880542932455e+01 -9.982169990289759198e+01
-1.053140873235265076e+02 -1.053151103107054638e+02
-1.025617116764161381e+02 -1.025601349321157159e+02
-1.068559209055942603e+02 -1.068561932914812473e+02
-1.080813593765362555e+02 -1.080809160521242092e+02
-1.025844538622136923e+02 -1.025816186937722136e+02
-1.052175911774298243e+02 -1.052196620181852040e+02
-1.081001834142341522e+02 -1.080990619426610806e+02
-1.079757344306454172e+02 -1.079755844762958077e+02
-9.981612776034151580e+01 -9.981645115740103336e+01
-1.053650065501107207e+02 -1.053649949404710071e+02
-9.921415261460403201e+01 -9.921019964666365354e+01
-1.080570964507839307e+02 -1.080567426771062571e+02
-1.080263565663168208e+02 -1.080252649383275099e+02
-9.991748775268357008e+01 -9.991898921734144778e+01
-1.039395412802455354e+02 -1.039355663147363344e+02
-1.106964074380985608e+02 -1.106977871568165739e+02
-1.024970646028098855e+02 -1.024992929098907553e+02
-1.001082339326427189e+02 -1.001043217266263525e+02
-1.079749148422827290e+02 -1.079742543292985602e+02
-1.066698076718717090e+02 -1.066743663234939135e+02
-1.024754102915853764e+02 -1.024752552539857362e+02
-1.002809834284163486e+02 -1.002727277866015783e+02
-1.053661086227806862e+02 -1.053670940790827473e+02
-1.079779651563104466e+02 -1.079775436316416801e+02
-1.080071554731487566e+02 -1.080081568264226917e+02
-1.053638408858837749e+02 -1.053639076985026577e+02
